Time Stamp, Foundation Total Heat Transfer Rate [W], Foundation Average Heat Flux [W/m2], Wall Total Heat Transfer Rate [W], Wall Average Heat Flux [W/m2], Slab Total Heat Transfer Rate [W], Slab Average Heat Flux [W/m2]
2100-Jan-01 00:00:00, 1095.5057988974531, 1.8623029552499968, null, null, 1095.5057988974531, 1.8623029552499968
2100-Jan-01 01:00:00, 1098.6460311225449, 1.8676411869223852, null, null, 1098.6460311225449, 1.8676411869223852
2100-Jan-01 02:00:00, 1102.2332369270071, 1.8737392504629555, null, null, 1102.2332369270071, 1.8737392504629555
2100-Jan-01 03:00:00, 1106.21064591766, 1.880500639152076, null, null, 1106.21064591766, 1.880500639152076
2100-Jan-01 04:00:00, 1110.5748706985607, 1.8879195945925915, null, null, 1110.5748706985607, 1.8879195945925915
2100-Jan-01 05:00:00, 1115.3337804680468, 1.8960094940129337, null, null, 1115.3337804680468, 1.8960094940129337
2100-Jan-01 06:00:00, 1120.3795849571152, 1.9045870995546506, null, null, 1120.3795849571152, 1.9045870995546506
2100-Jan-01 07:00:00, 1125.5995702995804, 1.9134608034998219, null, null, 1125.5995702995804, 1.9134608034998219
2100-Jan-01 08:00:00, 1130.4683094350291, 1.9217374071375326, null, null, 1130.4683094350291, 1.9217374071375326
2100-Jan-01 09:00:00, 1133.8958433648636, 1.9275640367849287, null, null, 1133.8958433648636, 1.9275640367849287
2100-Jan-01 10:00:00, 1135.1017977260258, 1.929614096559098, null, null, 1135.1017977260258, 1.929614096559098
2100-Jan-01 11:00:00, 1133.3296063270454, 1.9266014632321806, null, null, 1133.3296063270454, 1.9266014632321806
2100-Jan-01 12:00:00, 1128.8044277419062, 1.9189088946847388, null, null, 1128.8044277419062, 1.9189088946847388
2100-Jan-01 13:00:00, 1122.2443292545581, 1.9077570680015621, null, null, 1122.2443292545581, 1.9077570680015621
2100-Jan-01 14:00:00, 1114.5065669319245, 1.8946032739687368, null, null, 1114.5065669319245, 1.8946032739687368
2100-Jan-01 15:00:00, 1106.6783954426346, 1.8812957890486384, null, null, 1106.6783954426346, 1.8812957890486384
2100-Jan-01 16:00:00, 1099.6733790719047, 1.8693876250736834, null, null, 1099.6733790719047, 1.8693876250736834
2100-Jan-01 17:00:00, 1094.1711393351761, 1.8600341033191512, null, null, 1094.1711393351761, 1.8600341033191512
2100-Jan-01 18:00:00, 1090.4858567279985, 1.8537693143082801, null, null, 1090.4858567279985, 1.8537693143082801
2100-Jan-01 19:00:00, 1088.5445520161975, 1.8504691971336689, null, null, 1088.5445520161975, 1.8504691971336689
2100-Jan-01 20:00:00, 1087.9912852861862, 1.8495286724304874, null, null, 1087.9912852861862, 1.8495286724304874
2100-Jan-01 21:00:00, 1088.4688285754112, 1.8503404712175668, null, null, 1088.4688285754112, 1.8503404712175668
2100-Jan-01 22:00:00, 1089.6874642274954, 1.8524120885276107, null, null, 1089.6874642274954, 1.8524120885276107
2100-Jan-01 23:00:00, 1091.531676553921, 1.8555471536902666, null, null, 1091.531676553921, 1.8555471536902666
2100-Jan-02 00:00:00, 1094.031725477475, 1.8597971070025083, null, null, 1094.031725477475, 1.8597971070025083
2100-Jan-02 01:00:00, 1097.1943167168447, 1.865173347837795, null, null, 1097.1943167168447, 1.865173347837795
2100-Jan-02 02:00:00, 1100.9519950030174, 1.8715612057425739, null, null, 1100.9519950030174, 1.8715612057425739
2100-Jan-02 03:00:00, 1105.2614881081495, 1.8788871201771613, null, null, 1105.2614881081495, 1.8788871201771613
2100-Jan-02 04:00:00, 1110.0649470572237, 1.8870527508888251, null, null, 1110.0649470572237, 1.8870527508888251
2100-Jan-02 05:00:00, 1115.280145521908, 1.8959183173904097, null, null, 1115.280145521908, 1.8959183173904097
2100-Jan-02 06:00:00, 1120.9050825569223, 1.9054804181788718, null, null, 1120.9050825569223, 1.9054804181788718
2100-Jan-02 07:00:00, 1126.7967510050801, 1.9154959485150873, null, null, 1126.7967510050801, 1.9154959485150873
2100-Jan-02 08:00:00, 1132.4061528889724, 1.9250316403535708, null, null, 1132.4061528889724, 1.9250316403535708
2100-Jan-02 09:00:00, 1136.7778777500782, 1.9324633455408651, null, null, 1136.7778777500782, 1.9324633455408651
2100-Jan-02 10:00:00, 1139.1467447997215, 1.9364902964813211, null, null, 1139.1467447997215, 1.9364902964813211
2100-Jan-02 11:00:00, 1138.4943301903593, 1.9353812255331924, null, null, 1138.4943301903593, 1.9353812255331924
2100-Jan-02 12:00:00, 1135.2245935676967, 1.9298228431116644, null, null, 1135.2245935676967, 1.9298228431116644
2100-Jan-02 13:00:00, 1129.9111862271964, 1.9207903266223683, null, null, 1129.9111862271964, 1.9207903266223683
2100-Jan-02 14:00:00, 1121.575528440577, 1.9066201413567154, null, null, 1121.575528440577, 1.9066201413567154
2100-Jan-02 15:00:00, 1111.4492521555746, 1.889405997652303, null, null, 1111.4492521555746, 1.889405997652303
2100-Jan-02 16:00:00, 1101.8836828677991, 1.8731450267188752, null, null, 1101.8836828677991, 1.8731450267188752
2100-Jan-02 17:00:00, 1094.3074750119545, 1.8602658668881125, null, null, 1094.3074750119545, 1.8602658668881125
2100-Jan-02 18:00:00, 1089.1494255840894, 1.8514974507806796, null, null, 1089.1494255840894, 1.8514974507806796
2100-Jan-02 19:00:00, 1086.3411175420376, 1.8467234729786188, null, null, 1086.3411175420376, 1.8467234729786188
2100-Jan-02 20:00:00, 1085.5116280583889, 1.8453133839418445, null, null, 1085.5116280583889, 1.8453133839418445
2100-Jan-02 21:00:00, 1086.2508262975166, 1.8465699825528501, null, null, 1086.2508262975166, 1.8465699825528501
2100-Jan-02 22:00:00, 1088.1740071712097, 1.8498392901440683, null, null, 1088.1740071712097, 1.8498392901440683
2100-Jan-02 23:00:00, 1090.9873622077387, 1.8546218475745888, null, null, 1090.9873622077387, 1.8546218475745888
2100-Jan-03 00:00:00, 1094.4670500916734, 1.8605371362349694, null, null, 1094.4670500916734, 1.8605371362349694
2100-Jan-03 01:00:00, 1098.4189641024248, 1.8672551847825198, null, null, 1098.4189641024248, 1.8672551847825198
2100-Jan-03 02:00:00, 1102.712958909676, 1.8745547529157238, null, null, 1102.712958909676, 1.8745547529157238
2100-Jan-03 03:00:00, 1107.2723271778052, 1.8823054421483647, null, null, 1107.2723271778052, 1.8823054421483647
2100-Jan-03 04:00:00, 1112.0541872416061, 1.8904343558769556, null, null, 1112.0541872416061, 1.8904343558769556
2100-Jan-03 05:00:00, 1117.0323844828433, 1.8988970326090222, null, null, 1117.0323844828433, 1.8988970326090222
2100-Jan-03 06:00:00, 1122.1996650623832, 1.9076811411948169, null, null, 1122.1996650623832, 1.9076811411948169
2100-Jan-03 07:00:00, 1127.4979404670362, 1.9166879341791572, null, null, 1127.4979404670362, 1.9166879341791572
2100-Jan-03 08:00:00, 1132.5784359717859, 1.9253245126456078, null, null, 1132.5784359717859, 1.9253245126456078
2100-Jan-03 09:00:00, 1136.7650425908175, 1.9324415264368071, null, null, 1136.7650425908175, 1.9324415264368071
2100-Jan-03 10:00:00, 1139.3838263519028, 1.9368933228055147, null, null, 1139.3838263519028, 1.9368933228055147
2100-Jan-03 11:00:00, 1140.0018250797596, 1.9379438885427172, null, null, 1140.0018250797596, 1.9379438885427172
2100-Jan-03 12:00:00, 1138.3417561858648, 1.9351218576505664, null, null, 1138.3417561858648, 1.9351218576505664
2100-Jan-03 13:00:00, 1134.3618820548645, 1.9283562783509003, null, null, 1134.3618820548645, 1.9283562783509003
2100-Jan-03 14:00:00, 1128.3398964458484, 1.9181192156101732, null, null, 1128.3398964458484, 1.9181192156101732
2100-Jan-03 15:00:00, 1121.0508900564212, 1.9057282833544718, null, null, 1121.0508900564212, 1.9057282833544718
2100-Jan-03 16:00:00, 1113.5943448700493, 1.893052543846282, null, null, 1113.5943448700493, 1.893052543846282
2100-Jan-03 17:00:00, 1107.1969057998551, 1.8821772297233947, null, null, 1107.1969057998551, 1.8821772297233947
2100-Jan-03 18:00:00, 1102.5312558189578, 1.8742458670995437, null, null, 1102.5312558189578, 1.8742458670995437
2100-Jan-03 19:00:00, 1099.7106705963777, 1.8694510187282873, null, null, 1099.7106705963777, 1.8694510187282873
2100-Jan-03 20:00:00, 1098.5466853859607, 1.8674723043304189, null, null, 1098.5466853859607, 1.8674723043304189
2100-Jan-03 21:00:00, 1098.806436065141, 1.8679138669930286, null, null, 1098.806436065141, 1.8679138669930286
2100-Jan-03 22:00:00, 1100.3409536198019, 1.8705224671298823, null, null, 1100.3409536198019, 1.8705224671298823
2100-Jan-03 23:00:00, 1102.9374494558415, 1.874936375183694, null, null, 1102.9374494558415, 1.874936375183694
2100-Jan-04 00:00:00, 1106.2901201453265, 1.8806357412110504, null, null, 1106.2901201453265, 1.8806357412110504
2100-Jan-04 01:00:00, 1110.1751137377835, 1.8872400285234876, null, null, 1110.1751137377835, 1.8872400285234876
2100-Jan-04 02:00:00, 1114.5009151257093, 1.8945936661917377, null, null, 1114.5009151257093, 1.8945936661917377
2100-Jan-04 03:00:00, 1119.1298083767188, 1.9024625442840013, null, null, 1119.1298083767188, 1.9024625442840013
2100-Jan-04 04:00:00, 1123.9596944598097, 1.9106730997508126, null, null, 1123.9596944598097, 1.9106730997508126
2100-Jan-04 05:00:00, 1128.9443920952433, 1.9191468268153689, null, null, 1128.9443920952433, 1.9191468268153689
2100-Jan-04 06:00:00, 1134.0942645142911, 1.9279013424325435, null, null, 1134.0942645142911, 1.9279013424325435
2100-Jan-04 07:00:00, 1139.2461106470894, 1.9366592132605751, null, null, 1139.2461106470894, 1.9366592132605751
2100-Jan-04 08:00:00, 1144.3559996868566, 1.9453457592097938, null, null, 1144.3559996868566, 1.9453457592097938
2100-Jan-04 09:00:00, 1149.0764910908995, 1.9533703494044132, null, null, 1149.0764910908995, 1.9533703494044132
2100-Jan-04 10:00:00, 1152.9491196408972, 1.959953616786936, null, null, 1152.9491196408972, 1.959953616786936
2100-Jan-04 11:00:00, 1155.1185185706079, 1.9636414822843002, null, null, 1155.1185185706079, 1.9636414822843002
2100-Jan-04 12:00:00, 1155.5441974498387, 1.9643651142683363, null, null, 1155.5441974498387, 1.9643651142683363
2100-Jan-04 13:00:00, 1154.6030194602756, 1.9627651605728436, null, null, 1154.6030194602756, 1.9627651605728436
2100-Jan-04 14:00:00, 1152.7136415912548, 1.9595533163337693, null, null, 1152.7136415912548, 1.9595533163337693
2100-Jan-04 15:00:00, 1150.3302436882291, 1.9555016636973261, null, null, 1150.3302436882291, 1.9555016636973261
2100-Jan-04 16:00:00, 1147.989135918398, 1.9515219020906756, null, null, 1147.989135918398, 1.9515219020906756
2100-Jan-04 17:00:00, 1146.213529413425, 1.9485034632609586, null, null, 1146.213529413425, 1.9485034632609586
2100-Jan-04 18:00:00, 1145.179521464381, 1.9467457034561317, null, null, 1145.179521464381, 1.9467457034561317
2100-Jan-04 19:00:00, 1144.8970147588705, 1.9462654567307565, null, null, 1144.8970147588705, 1.9462654567307565
2100-Jan-04 20:00:00, 1145.3710726059589, 1.9470713304472449, null, null, 1145.3710726059589, 1.9470713304472449
2100-Jan-04 21:00:00, 1146.5371927357069, 1.9490536740970839, null, null, 1146.5371927357069, 1.9490536740970839
2100-Jan-04 22:00:00, 1148.3117187439864, 1.9520702761385453, null, null, 1148.3117187439864, 1.9520702761385453
2100-Jan-04 23:00:00, 1150.5357304741972, 1.9558509805600561, null, null, 1150.5357304741972, 1.9558509805600561
2100-Jan-05 00:00:00, 1153.0033612665379, 1.9600458247331012, null, null, 1153.0033612665379, 1.9600458247331012
2100-Jan-05 01:00:00, 1155.6188724531955, 1.964492057895266, null, null, 1155.6188724531955, 1.964492057895266
2100-Jan-05 02:00:00, 1158.4165019075488, 1.9692478826529076, null, null, 1158.4165019075488, 1.9692478826529076
2100-Jan-05 03:00:00, 1161.3332987114318, 1.9742062857149472, null, null, 1161.3332987114318, 1.9742062857149472
2100-Jan-05 04:00:00, 1164.3928463610926, 1.9794073578000295, null, null, 1164.3928463610926, 1.9794073578000295
2100-Jan-05 05:00:00, 1167.6353452697288, 1.984919437522497, null, null, 1167.6353452697288, 1.984919437522497
2100-Jan-05 06:00:00, 1171.0083593717302, 1.9906533862944515, null, null, 1171.0083593717302, 1.9906533862944515
2100-Jan-05 07:00:00, 1174.4786216786849, 1.9965526519635504, null, null, 1174.4786216786849, 1.9965526519635504
2100-Jan-05 08:00:00, 1177.8880284872373, 2.0023484664463278, null, null, 1177.8880284872373, 2.0023484664463278
2100-Jan-05 09:00:00, 1180.5684207602508, 2.0069049940852377, null, null, 1180.5684207602508, 2.0069049940852377
2100-Jan-05 10:00:00, 1181.4938436759564, 2.0084781649735244, null, null, 1181.4938436759564, 2.0084781649735244
2100-Jan-05 11:00:00, 1180.0776201782628, 2.0060706585890729, null, null, 1180.0776201782628, 2.0060706585890729
2100-Jan-05 12:00:00, 1176.7573686686985, 2.0004264034836612, null, null, 1176.7573686686985, 2.0004264034836612
2100-Jan-05 13:00:00, 1172.2031513174516, 1.9926844705421709, null, null, 1172.2031513174516, 1.9926844705421709
2100-Jan-05 14:00:00, 1166.5088360734092, 1.9830044304020109, null, null, 1166.5088360734092, 1.9830044304020109
2100-Jan-05 15:00:00, 1160.2120838466049, 1.972300278683, null, null, 1160.2120838466049, 1.972300278683
2100-Jan-05 16:00:00, 1154.0086011008302, 1.9617546802371264, null, null, 1154.0086011008302, 1.9617546802371264
2100-Jan-05 17:00:00, 1148.5952117336819, 1.9525521994958055, null, null, 1148.5952117336819, 1.9525521994958055
2100-Jan-05 18:00:00, 1144.350580494857, 1.9453365468648787, null, null, 1144.350580494857, 1.9453365468648787
2100-Jan-05 19:00:00, 1141.3953010131456, 1.9403127252494021, null, null, 1141.3953010131456, 1.9403127252494021
2100-Jan-05 20:00:00, 1139.6909004749684, 1.9374153328646502, null, null, 1139.6909004749684, 1.9374153328646502
2100-Jan-05 21:00:00, 1139.1058157645725, 1.9364207192475078, null, null, 1139.1058157645725, 1.9364207192475078
2100-Jan-05 22:00:00, 1139.4855857143405, 1.9370663084360633, null, null, 1139.4855857143405, 1.9370663084360633
2100-Jan-05 23:00:00, 1140.6966309754155, 1.9391250224756524, null, null, 1140.6966309754155, 1.9391250224756524
2100-Jan-06 00:00:00, 1142.6063816792205, 1.942371499475652, null, null, 1142.6063816792205, 1.942371499475652
2100-Jan-06 01:00:00, 1145.1137408222428, 1.9466338797812817, null, null, 1145.1137408222428, 1.9466338797812817
2100-Jan-06 02:00:00, 1148.1257416482003, 1.9517541247357506, null, null, 1148.1257416482003, 1.9517541247357506
2100-Jan-06 03:00:00, 1151.5314228129178, 1.9575436058175264, null, null, 1151.5314228129178, 1.9575436058175264
2100-Jan-06 04:00:00, 1155.2773286082984, 1.9639114510994466, null, null, 1155.2773286082984, 1.9639114510994466
2100-Jan-06 05:00:00, 1159.3273775711934, 1.9707963239683055, null, null, 1159.3273775711934, 1.9707963239683055
2100-Jan-06 06:00:00, 1163.6196699661593, 1.9780929980890514, null, null, 1163.6196699661593, 1.9780929980890514
2100-Jan-06 07:00:00, 1168.1001576751128, 1.9857095944683156, null, null, 1168.1001576751128, 1.9857095944683156
2100-Jan-06 08:00:00, 1172.6688363329661, 1.9934761108798862, null, null, 1172.6688363329661, 1.9934761108798862
2100-Jan-06 09:00:00, 1177.1626693883127, 2.0011153936548336, null, null, 1177.1626693883127, 2.0011153936548336
2100-Jan-06 10:00:00, 1181.2862755908495, 2.0081253100103655, null, null, 1181.2862755908495, 2.0081253100103655
2100-Jan-06 11:00:00, 1184.2113775927789, 2.0130978314776944, null, null, 1184.2113775927789, 2.0130978314776944
2100-Jan-06 12:00:00, 1185.0631673573496, 2.0145458298337124, null, null, 1185.0631673573496, 2.0145458298337124
2100-Jan-06 13:00:00, 1183.8316135822042, 2.0124522523854589, null, null, 1183.8316135822042, 2.0124522523854589
2100-Jan-06 14:00:00, 1180.5922734236169, 2.0069455423740026, null, null, 1180.5922734236169, 2.0069455423740026
2100-Jan-06 15:00:00, 1176.0599888200111, 1.999240893964269, null, null, 1176.0599888200111, 1.999240893964269
2100-Jan-06 16:00:00, 1171.4962714952183, 1.9914828115611991, null, null, 1171.4962714952183, 1.9914828115611991
2100-Jan-06 17:00:00, 1167.9401055655287, 1.9854375141954661, null, null, 1167.9401055655287, 1.9854375141954661
2100-Jan-06 18:00:00, 1165.8727761474743, 1.9819231615662123, null, null, 1165.8727761474743, 1.9819231615662123
2100-Jan-06 19:00:00, 1165.2268879486267, 1.9808251851769629, null, null, 1165.2268879486267, 1.9808251851769629
2100-Jan-06 20:00:00, 1165.765470645197, 1.9817407477860143, null, null, 1165.765470645197, 1.9817407477860143
2100-Jan-06 21:00:00, 1167.2709091666165, 1.9842999150767839, null, null, 1167.2709091666165, 1.9842999150767839
2100-Jan-06 22:00:00, 1169.5231690917833, 1.9881286399624492, null, null, 1169.5231690917833, 1.9881286399624492
2100-Jan-06 23:00:00, 1172.3998901434488, 1.9930189163273377, null, null, 1172.3998901434488, 1.9930189163273377
2100-Jan-07 00:00:00, 1175.780850468032, 1.9987663732649377, null, null, 1175.780850468032, 1.9987663732649377
2100-Jan-07 01:00:00, 1179.5631759714026, 2.0051961301587249, null, null, 1179.5631759714026, 2.0051961301587249
2100-Jan-07 02:00:00, 1183.7217955311899, 2.0122655674029151, null, null, 1183.7217955311899, 2.0122655674029151
2100-Jan-07 03:00:00, 1188.3411664663975, 2.0201182580529244, null, null, 1188.3411664663975, 2.0201182580529244
2100-Jan-07 04:00:00, 1193.2853283784902, 2.028523076493312, null, null, 1193.2853283784902, 2.028523076493312
2100-Jan-07 05:00:00, 1198.4143501742458, 2.0372421471339153, null, null, 1198.4143501742458, 2.0372421471339153
2100-Jan-07 06:00:00, 1203.607597923816, 2.046070398559972, null, null, 1203.607597923816, 2.046070398559972
2100-Jan-07 07:00:00, 1208.7136078456797, 2.0547503502102442, null, null, 1208.7136078456797, 2.0547503502102442
2100-Jan-07 08:00:00, 1213.4696218795682, 2.0628353270304811, null, null, 1213.4696218795682, 2.0628353270304811
2100-Jan-07 09:00:00, 1217.4486727840967, 2.0695995068879052, null, null, 1217.4486727840967, 2.0695995068879052
2100-Jan-07 10:00:00, 1220.1153378171648, 2.0741326989319298, null, null, 1220.1153378171648, 2.0741326989319298
2100-Jan-07 11:00:00, 1220.6440146065809, 2.0750314220133523, null, null, 1220.6440146065809, 2.0750314220133523
2100-Jan-07 12:00:00, 1218.9200574285123, 2.0721007843565982, null, null, 1218.9200574285123, 2.0721007843565982
2100-Jan-07 13:00:00, 1215.6192480783159, 2.0664895799122456, null, null, 1215.6192480783159, 2.0664895799122456
2100-Jan-07 14:00:00, 1211.6939710785798, 2.0598168128998386, null, null, 1211.6939710785798, 2.0598168128998386
2100-Jan-07 15:00:00, 1207.9188549594262, 2.0533993115847498, null, null, 1207.9188549594262, 2.0533993115847498
2100-Jan-07 16:00:00, 1204.8418978847305, 2.0481686443813905, null, null, 1204.8418978847305, 2.0481686443813905
2100-Jan-07 17:00:00, 1202.6855938406959, 2.0445030395094994, null, null, 1202.6855938406959, 2.0445030395094994
2100-Jan-07 18:00:00, 1201.4757553272032, 2.0424463768781194, null, null, 1201.4757553272032, 2.0424463768781194
2100-Jan-07 19:00:00, 1201.1160615656752, 2.0418349161667724, null, null, 1201.1160615656752, 2.0418349161667724
2100-Jan-07 20:00:00, 1201.4386241439538, 2.0423832557952672, null, null, 1201.4386241439538, 2.0423832557952672
2100-Jan-07 21:00:00, 1202.2920340539461, 2.0438340083143478, null, null, 1202.2920340539461, 2.0438340083143478
2100-Jan-07 22:00:00, 1203.6799499830909, 2.0461933933026213, null, null, 1203.6799499830909, 2.0461933933026213
2100-Jan-07 23:00:00, 1205.5893208766677, 2.0494392246449609, null, null, 1205.5893208766677, 2.0494392246449609
2100-Jan-08 00:00:00, 1207.9087974701993, 2.0533822143754712, null, null, 1207.9087974701993, 2.0533822143754712
2100-Jan-08 01:00:00, 1210.4658048561703, 2.0577289941152794, null, null, 1210.4658048561703, 2.0577289941152794
2100-Jan-08 02:00:00, 1213.1855048670227, 2.0623523428667889, null, null, 1213.1855048670227, 2.0623523428667889
2100-Jan-08 03:00:00, 1216.1160275665654, 2.0673340792384982, null, null, 1216.1160275665654, 2.0673340792384982
2100-Jan-08 04:00:00, 1219.2358792747166, 2.0726376650906944, null, null, 1219.2358792747166, 2.0726376650906944
2100-Jan-08 05:00:00, 1222.48118829229, 2.078154521852392, null, null, 1222.48118829229, 2.078154521852392
2100-Jan-08 06:00:00, 1225.8245337004716, 2.0838380353859076, null, null, 1225.8245337004716, 2.0838380353859076
2100-Jan-08 07:00:00, 1229.260484248266, 2.0896789728466585, null, null, 1229.260484248266, 2.0896789728466585
2100-Jan-08 08:00:00, 1232.6080903347363, 2.095369729311956, null, null, 1232.6080903347363, 2.095369729311956
2100-Jan-08 09:00:00, 1235.3501118250094, 2.100031023419056, null, null, 1235.3501118250094, 2.100031023419056
2100-Jan-08 10:00:00, 1236.7881966011382, 2.1024756928413266, null, null, 1236.7881966011382, 2.1024756928413266
2100-Jan-08 11:00:00, 1236.61935644666, 2.1021886733486266, null, null, 1236.61935644666, 2.1021886733486266
2100-Jan-08 12:00:00, 1234.7807046355456, 2.0990630607731746, null, null, 1234.7807046355456, 2.0990630607731746
2100-Jan-08 13:00:00, 1231.2859259373042, 2.0931221185123214, null, null, 1231.2859259373042, 2.0931221185123214
2100-Jan-08 14:00:00, 1225.7663199883489, 2.0837390750990412, null, null, 1225.7663199883489, 2.0837390750990412
2100-Jan-08 15:00:00, 1218.793096510926, 2.0718849573913185, null, null, 1218.793096510926, 2.0718849573913185
2100-Jan-08 16:00:00, 1211.5926869885327, 2.0596446352076674, null, null, 1211.5926869885327, 2.0596446352076674
2100-Jan-08 17:00:00, 1205.2709590612785, 2.0488980260951819, null, null, 1205.2709590612785, 2.0488980260951819
2100-Jan-08 18:00:00, 1200.4263469626078, 2.0406624371667852, null, null, 1200.4263469626078, 2.0406624371667852
2100-Jan-08 19:00:00, 1197.0921645040899, 2.0349945001717553, null, null, 1197.0921645040899, 2.0349945001717553
2100-Jan-08 20:00:00, 1195.3074757033082, 2.0319606219109168, null, null, 1195.3074757033082, 2.0319606219109168
2100-Jan-08 21:00:00, 1194.9247597918902, 2.0313100247405758, null, null, 1194.9247597918902, 2.0313100247405758
2100-Jan-08 22:00:00, 1195.5915212024613, 2.0324434845055563, null, null, 1195.5915212024613, 2.0324434845055563
2100-Jan-08 23:00:00, 1197.0582319261898, 2.0349368165518547, null, null, 1197.0582319261898, 2.0349368165518547
2100-Jan-09 00:00:00, 1199.267261309983, 2.0386920517626699, null, null, 1199.267261309983, 2.0386920517626699
2100-Jan-09 01:00:00, 1202.154900370743, 2.0436008881759147, null, null, 1202.154900370743, 2.0436008881759147
2100-Jan-09 02:00:00, 1205.581330752957, 2.0494256418496768, null, null, 1205.581330752957, 2.0494256418496768
2100-Jan-09 03:00:00, 1209.3557118474789, 2.0558418936610701, null, null, 1209.3557118474789, 2.0558418936610701
2100-Jan-09 04:00:00, 1213.3774160347539, 2.0626785818836622, null, null, 1213.3774160347539, 2.0626785818836622
2100-Jan-09 05:00:00, 1217.6366143865646, 2.0699189978500185, null, null, 1217.6366143865646, 2.0699189978500185
2100-Jan-09 06:00:00, 1222.0530211653268, 2.0774266599764557, null, null, 1222.0530211653268, 2.0774266599764557
2100-Jan-09 07:00:00, 1226.518044835173, 2.0850169682924724, null, null, 1226.518044835173, 2.0850169682924724
2100-Jan-09 08:00:00, 1230.6987914523293, 2.0921240203848646, null, null, 1230.6987914523293, 2.0921240203848646
2100-Jan-09 09:00:00, 1233.8394087516897, 2.097462906663508, null, null, 1233.8394087516897, 2.097462906663508
2100-Jan-09 10:00:00, 1235.4277855207349, 2.1001630646672544, null, null, 1235.4277855207349, 2.1001630646672544
2100-Jan-09 11:00:00, 1235.3420434079571, 2.1000173075291579, null, null, 1235.3420434079571, 2.1000173075291579
2100-Jan-09 12:00:00, 1233.7044216170125, 2.0972334355460727, null, null, 1233.7044216170125, 2.0972334355460727
2100-Jan-09 13:00:00, 1230.7370802181633, 2.0921891092979834, null, null, 1230.7370802181633, 2.0921891092979834
2100-Jan-09 14:00:00, 1226.5588812817605, 2.0850863881305401, null, null, 1226.5588812817605, 2.0850863881305401
2100-Jan-09 15:00:00, 1221.1293212091409, 2.0758564180298587, null, null, 1221.1293212091409, 2.0758564180298587
2100-Jan-09 16:00:00, 1214.9519927085676, 2.0653552804423208, null, null, 1214.9519927085676, 2.0653552804423208
2100-Jan-09 17:00:00, 1209.1387814681316, 2.055473123284, null, null, 1209.1387814681316, 2.055473123284
2100-Jan-09 18:00:00, 1204.4492696513144, 2.0475011967785193, null, null, 1204.4492696513144, 2.0475011967785193
2100-Jan-09 19:00:00, 1201.1552450224663, 2.0419015260080458, null, null, 1201.1552450224663, 2.0419015260080458
2100-Jan-09 20:00:00, 1199.0940163632997, 2.0383975443520153, null, null, 1199.0940163632997, 2.0383975443520153
2100-Jan-09 21:00:00, 1197.9407851386791, 2.0364371111714159, null, null, 1197.9407851386791, 2.0364371111714159
2100-Jan-09 22:00:00, 1197.4681383604991, 2.0356336361987779, null, null, 1197.4681383604991, 2.0356336361987779
2100-Jan-09 23:00:00, 1197.5378530828661, 2.0357521476056726, null, null, 1197.5378530828661, 2.0357521476056726
2100-Jan-10 00:00:00, 1198.1120705836302, 2.0367282875309063, null, null, 1198.1120705836302, 2.0367282875309063
2100-Jan-10 01:00:00, 1199.1569668068735, 2.0385045568363123, null, null, 1199.1569668068735, 2.0385045568363123
2100-Jan-10 02:00:00, 1200.7315840391241, 2.0411813243422068, null, null, 1200.7315840391241, 2.0411813243422068
2100-Jan-10 03:00:00, 1202.9046939485131, 2.0448754983122681, null, null, 1202.9046939485131, 2.0448754983122681
2100-Jan-10 04:00:00, 1205.6862967195657, 2.0496040785407583, null, null, 1205.6862967195657, 2.0496040785407583
2100-Jan-10 05:00:00, 1208.9942448153745, 2.0552274184818509, null, null, 1208.9942448153745, 2.0552274184818509
2100-Jan-10 06:00:00, 1212.7572077595266, 2.0616242600306984, null, null, 1212.7572077595266, 2.0616242600306984
2100-Jan-10 07:00:00, 1216.8769769471835, 2.0686276536602373, null, null, 1216.8769769471835, 2.0686276536602373
2100-Jan-10 08:00:00, 1221.1337845127771, 2.075864005414207, null, null, 1221.1337845127771, 2.075864005414207
2100-Jan-10 09:00:00, 1224.9780419455024, 2.082399043371022, null, null, 1224.9780419455024, 2.082399043371022
2100-Jan-10 10:00:00, 1227.7131805486024, 2.0870486369274395, null, null, 1227.7131805486024, 2.0870486369274395
2100-Jan-10 11:00:00, 1229.1678345677342, 2.0895214732021739, null, null, 1229.1678345677342, 2.0895214732021739
2100-Jan-10 12:00:00, 1229.5092889995381, 2.090101928000379, null, null, 1229.5092889995381, 2.090101928000379
2100-Jan-10 13:00:00, 1228.4564182000113, 2.0883121023295077, null, null, 1228.4564182000113, 2.0883121023295077
2100-Jan-10 14:00:00, 1225.5135809166234, 2.0833094318049072, null, null, 1225.5135809166234, 2.0833094318049072
2100-Jan-10 15:00:00, 1221.0375003477407, 2.0757003273348471, null, null, 1221.0375003477407, 2.0757003273348471
2100-Jan-10 16:00:00, 1216.0819685895488, 2.0672761807466644, null, null, 1216.0819685895488, 2.0672761807466644
2100-Jan-10 17:00:00, 1211.7557161395023, 2.0599217762962385, null, null, 1211.7557161395023, 2.0599217762962385
2100-Jan-10 18:00:00, 1208.6786491298715, 2.0546909222091996, null, null, 1208.6786491298715, 2.0546909222091996
2100-Jan-10 19:00:00, 1207.0935955133996, 2.0519964133922164, null, null, 1207.0935955133996, 2.0519964133922164
2100-Jan-10 20:00:00, 1206.7928725979593, 2.0514852000561485, null, null, 1206.7928725979593, 2.0514852000561485
2100-Jan-10 21:00:00, 1207.5554836465149, 2.052781599227071, null, null, 1207.5554836465149, 2.052781599227071
2100-Jan-10 22:00:00, 1209.2004435702299, 2.0555779456547079, null, null, 1209.2004435702299, 2.0555779456547079
2100-Jan-10 23:00:00, 1211.5753305652258, 2.0596151301895746, null, null, 1211.5753305652258, 2.0596151301895746
2100-Jan-11 00:00:00, 1214.2834235711584, 2.0642187476356129, null, null, 1214.2834235711584, 2.0642187476356129
2100-Jan-11 01:00:00, 1216.9378569007156, 2.068731146419009, null, null, 1216.9378569007156, 2.068731146419009
2100-Jan-11 02:00:00, 1219.4479238003289, 2.0729981297701965, null, null, 1219.4479238003289, 2.0729981297701965
2100-Jan-11 03:00:00, 1221.8380868069823, 2.077061282731413, null, null, 1221.8380868069823, 2.077061282731413
2100-Jan-11 04:00:00, 1224.1668384692448, 2.0810200395969991, null, null, 1224.1668384692448, 2.0810200395969991
2100-Jan-11 05:00:00, 1226.4933079497218, 2.0849749168720915, null, null, 1226.4933079497218, 2.0849749168720915
2100-Jan-11 06:00:00, 1228.8703064256365, 2.0890156908148452, null, null, 1228.8703064256365, 2.0890156908148452
2100-Jan-11 07:00:00, 1231.3204658815193, 2.0931808346234098, null, null, 1231.3204658815193, 2.0931808346234098
2100-Jan-11 08:00:00, 1233.7409918350256, 2.097295603017161, null, null, 1233.7409918350256, 2.097295603017161
2100-Jan-11 09:00:00, 1235.9316772040809, 2.1010196543557482, null, null, 1235.9316772040809, 2.1010196543557482
2100-Jan-11 10:00:00, 1237.6290721403589, 2.1039051375811573, null, null, 1237.6290721403589, 2.1039051375811573
2100-Jan-11 11:00:00, 1238.4610496597115, 2.1053194561493944, null, null, 1238.4610496597115, 2.1053194561493944
2100-Jan-11 12:00:00, 1238.5380778627139, 2.1054504000934915, null, null, 1238.5380778627139, 2.1054504000934915
2100-Jan-11 13:00:00, 1238.1209857563601, 2.1047413651773317, null, null, 1238.1209857563601, 2.1047413651773317
2100-Jan-11 14:00:00, 1237.3398856655194, 2.1034135355948842, null, null, 1237.3398856655194, 2.1034135355948842
2100-Jan-11 15:00:00, 1236.3491567660983, 2.1017293479264114, null, null, 1236.3491567660983, 2.1017293479264114
2100-Jan-11 16:00:00, 1235.4977050541695, 2.1002819242423256, null, null, 1235.4977050541695, 2.1002819242423256
2100-Jan-11 17:00:00, 1235.1272304746064, 2.0996521367002972, null, null, 1235.1272304746064, 2.0996521367002972
2100-Jan-11 18:00:00, 1235.3950059802858, 2.1001073411511291, null, null, 1235.3950059802858, 2.1001073411511291
2100-Jan-11 19:00:00, 1236.2925611171718, 2.1016331382629332, null, null, 1236.2925611171718, 2.1016331382629332
2100-Jan-11 20:00:00, 1237.7452665823635, 2.1041026620971817, null, null, 1237.7452665823635, 2.1041026620971817
2100-Jan-11 21:00:00, 1239.6395104585649, 2.1073227782957122, null, null, 1239.6395104585649, 2.1073227782957122
2100-Jan-11 22:00:00, 1241.941449951589, 2.1112359558662739, null, null, 1241.941449951589, 2.1112359558662739
2100-Jan-11 23:00:00, 1244.5800053641499, 2.1157213630155085, null, null, 1244.5800053641499, 2.1157213630155085
2100-Jan-12 00:00:00, 1247.4354405977631, 2.1205754545953384, null, null, 1247.4354405977631, 2.1205754545953384
2100-Jan-12 01:00:00, 1250.3940498395202, 2.1256049366299381, null, null, 1250.3940498395202, 2.1256049366299381
2100-Jan-12 02:00:00, 1253.4422255959801, 2.1307866770872588, null, null, 1253.4422255959801, 2.1307866770872588
2100-Jan-12 03:00:00, 1256.6025465047967, 2.136159058478531, null, null, 1256.6025465047967, 2.136159058478531
2100-Jan-12 04:00:00, 1259.8691203217679, 2.1417120642946665, null, null, 1259.8691203217679, 2.1417120642946665
2100-Jan-12 05:00:00, 1263.2339929711268, 2.1474321730200132, null, null, 1263.2339929711268, 2.1474321730200132
2100-Jan-12 06:00:00, 1266.7384733255658, 2.1533896075924779, null, null, 1266.7384733255658, 2.1533896075924779
2100-Jan-12 07:00:00, 1270.3647837513095, 2.1595541469580501, null, null, 1270.3647837513095, 2.1595541469580501
2100-Jan-12 08:00:00, 1273.9149196784292, 2.1655891936326257, null, null, 1273.9149196784292, 2.1655891936326257
2100-Jan-12 09:00:00, 1276.9420510552884, 2.1707351597377151, null, null, 1276.9420510552884, 2.1707351597377151
2100-Jan-12 10:00:00, 1278.9847879368956, 2.1742077063323966, null, null, 1278.9847879368956, 2.1742077063323966
2100-Jan-12 11:00:00, 1279.6412693260115, 2.1753236905948694, null, null, 1279.6412693260115, 2.1753236905948694
2100-Jan-12 12:00:00, 1278.7384485488492, 2.1737889421681036, null, null, 1278.7384485488492, 2.1737889421681036
2100-Jan-12 13:00:00, 1276.4786658264475, 2.1699474289178888, null, null, 1276.4786658264475, 2.1699474289178888
2100-Jan-12 14:00:00, 1273.6090624884489, 2.1650692522965254, null, null, 1273.6090624884489, 2.1650692522965254
2100-Jan-12 15:00:00, 1270.7610803521993, 2.1602278305950842, null, null, 1270.7610803521993, 2.1602278305950842
2100-Jan-12 16:00:00, 1268.3518865046412, 2.1561323261928318, null, null, 1268.3518865046412, 2.1561323261928318
2100-Jan-12 17:00:00, 1266.5966822238972, 2.1531485700845692, null, null, 1266.5966822238972, 2.1531485700845692
2100-Jan-12 18:00:00, 1265.6079762139032, 2.1514678212230494, null, null, 1265.6079762139032, 2.1514678212230494
2100-Jan-12 19:00:00, 1265.3923652826302, 2.1511012938391705, null, null, 1265.3923652826302, 2.1511012938391705
2100-Jan-12 20:00:00, 1265.7948571349034, 2.1517855090817615, null, null, 1265.7948571349034, 2.1517855090817615
2100-Jan-12 21:00:00, 1266.6564070423665, 2.1532500991737344, null, null, 1266.6564070423665, 2.1532500991737344
2100-Jan-12 22:00:00, 1267.9158988138099, 2.155391169764536, null, null, 1267.9158988138099, 2.155391169764536
2100-Jan-12 23:00:00, 1269.5293141412099, 2.15813389201693, null, null, 1269.5293141412099, 2.15813389201693
2100-Jan-13 00:00:00, 1271.4796946572251, 2.1614494375872892, null, null, 1271.4796946572251, 2.1614494375872892
2100-Jan-13 01:00:00, 1273.6697149313948, 2.1651723582991176, null, null, 1273.6697149313948, 2.1651723582991176
2100-Jan-13 02:00:00, 1275.9996371562374, 2.1691331050602889, null, null, 1275.9996371562374, 2.1691331050602889
2100-Jan-13 03:00:00, 1278.4102914153184, 2.1732310920862732, null, null, 1278.4102914153184, 2.1732310920862732
2100-Jan-13 04:00:00, 1280.8590845799663, 2.1773939132707065, null, null, 1280.8590845799663, 2.1773939132707065
2100-Jan-13 05:00:00, 1283.3412322234633, 2.1816134353366814, null, null, 1283.3412322234633, 2.1816134353366814
2100-Jan-13 06:00:00, 1285.8530296158553, 2.1858833604357075, null, null, 1285.8530296158553, 2.1858833604357075
2100-Jan-13 07:00:00, 1288.3970096497205, 2.1902079943536039, null, null, 1288.3970096497205, 2.1902079943536039
2100-Jan-13 08:00:00, 1290.865519215929, 2.1944043323965787, null, null, 1290.865519215929, 2.1944043323965787
2100-Jan-13 09:00:00, 1292.7310143593586, 2.1975755772426671, null, null, 1292.7310143593586, 2.1975755772426671
2100-Jan-13 10:00:00, 1292.8927196764516, 2.1978504678824109, null, null, 1292.8927196764516, 2.1978504678824109
2100-Jan-13 11:00:00, 1290.407600673851, 2.1936258946602982, null, null, 1290.407600673851, 2.1936258946602982
2100-Jan-13 12:00:00, 1285.8815971842582, 2.1859319238181327, null, null, 1285.8815971842582, 2.1859319238181327
2100-Jan-13 13:00:00, 1280.3529761232351, 2.1765335551826013, null, null, 1280.3529761232351, 2.1765335551826013
2100-Jan-13 14:00:00, 1273.9110741564709, 2.1655826564450411, null, null, 1273.9110741564709, 2.1655826564450411
2100-Jan-13 15:00:00, 1266.7657170465193, 2.1534359205030027, null, null, 1266.7657170465193, 2.1534359205030027
2100-Jan-13 16:00:00, 1259.4808742766359, 2.1410520661842583, null, null, 1259.4808742766359, 2.1410520661842583
2100-Jan-13 17:00:00, 1253.1570834201207, 2.1303019501991822, null, null, 1253.1570834201207, 2.1303019501991822
2100-Jan-13 18:00:00, 1248.5985147716397, 2.1225526202784093, null, null, 1248.5985147716397, 2.1225526202784093
2100-Jan-13 19:00:00, 1245.9820855665839, 2.1181048265326514, null, null, 1245.9820855665839, 2.1181048265326514
2100-Jan-13 20:00:00, 1245.0904058726396, 2.116589017368665, null, null, 1245.0904058726396, 2.116589017368665
2100-Jan-13 21:00:00, 1245.5323641498496, 2.1173403234836794, null, null, 1245.5323641498496, 2.1173403234836794
2100-Jan-13 22:00:00, 1246.8840466877127, 2.1196381135888123, null, null, 1246.8840466877127, 2.1196381135888123
2100-Jan-13 23:00:00, 1248.9536069752583, 2.123156258580325, null, null, 1248.9536069752583, 2.123156258580325
2100-Jan-14 00:00:00, 1251.5063503424881, 2.1274957897097555, null, null, 1251.5063503424881, 2.1274957897097555
2100-Jan-14 01:00:00, 1254.2597965055113, 2.1321765051671089, null, null, 1254.2597965055113, 2.1321765051671089
2100-Jan-14 02:00:00, 1257.0326749566964, 2.1368902545049839, null, null, 1257.0326749566964, 2.1368902545049839
2100-Jan-14 03:00:00, 1259.7798239762828, 2.1415602651455821, null, null, 1259.7798239762828, 2.1415602651455821
2100-Jan-14 04:00:00, 1262.7629378304516, 2.1466314037484602, null, null, 1262.7629378304516, 2.1466314037484602
2100-Jan-14 05:00:00, 1266.2512505879474, 2.1525613542459006, null, null, 1266.2512505879474, 2.1525613542459006
2100-Jan-14 06:00:00, 1270.2380645540736, 2.1593387309048109, null, null, 1270.2380645540736, 2.1593387309048109
2100-Jan-14 07:00:00, 1274.4594595415012, 2.1665148831153025, null, null, 1274.4594595415012, 2.1665148831153025
2100-Jan-14 08:00:00, 1278.49559070494, 2.1733760964480053, null, null, 1278.49559070494, 2.1733760964480053
2100-Jan-14 09:00:00, 1281.7565959068666, 2.1789196359078105, null, null, 1281.7565959068666, 2.1789196359078105
2100-Jan-14 10:00:00, 1283.3511385884356, 2.1816302756425765, null, null, 1283.3511385884356, 2.1816302756425765
2100-Jan-14 11:00:00, 1282.3485487579214, 2.1799259250073275, null, null, 1282.3485487579214, 2.1799259250073275
2100-Jan-14 12:00:00, 1278.2974523678304, 2.1730392715666409, null, null, 1278.2974523678304, 2.1730392715666409
2100-Jan-14 13:00:00, 1271.9220228763447, 2.1622013725843345, null, null, 1271.9220228763447, 2.1622013725843345
2100-Jan-14 14:00:00, 1264.148759389984, 2.148987228417178, null, null, 1264.148759389984, 2.148987228417178
2100-Jan-14 15:00:00, 1255.887593079332, 2.1349436747914261, null, null, 1255.887593079332, 2.1349436747914261
2100-Jan-14 16:00:00, 1247.8977080412635, 2.1213612852381458, null, null, 1247.8977080412635, 2.1213612852381458
2100-Jan-14 17:00:00, 1241.0829664720065, 2.1097765785424212, null, null, 1241.0829664720065, 2.1097765785424212
2100-Jan-14 18:00:00, 1236.0973990142488, 2.1013013728250947, null, null, 1236.0973990142488, 2.1013013728250947
2100-Jan-14 19:00:00, 1233.1411473478083, 2.0962758985460761, null, null, 1233.1411473478083, 2.0962758985460761
2100-Jan-14 20:00:00, 1231.9975448068894, 2.0943318336276353, null, null, 1231.9975448068894, 2.0943318336276353
2100-Jan-14 21:00:00, 1232.3072087745809, 2.0948582462881129, null, null, 1232.3072087745809, 2.0948582462881129
2100-Jan-14 22:00:00, 1233.6856787271875, 2.0972015736069149, null, null, 1233.6856787271875, 2.0972015736069149
2100-Jan-14 23:00:00, 1235.9247554085216, 2.1010078876628304, null, null, 1235.9247554085216, 2.1010078876628304
2100-Jan-15 00:00:00, 1238.9256282123004, 2.1061092155576082, null, null, 1238.9256282123004, 2.1061092155576082
2100-Jan-15 01:00:00, 1242.5225110254676, 2.1122237295103328, null, null, 1242.5225110254676, 2.1122237295103328
2100-Jan-15 02:00:00, 1246.6205137432005, 2.1191901212715973, null, null, 1246.6205137432005, 2.1191901212715973
2100-Jan-15 03:00:00, 1251.0750860598403, 2.126762662830028, null, null, 1251.0750860598403, 2.126762662830028
2100-Jan-15 04:00:00, 1255.8207955855962, 2.1348301225216777, null, null, 1255.8207955855962, 2.1348301225216777
2100-Jan-15 05:00:00, 1260.7814062838881, 2.143262903044219, null, null, 1260.7814062838881, 2.143262903044219
2100-Jan-15 06:00:00, 1265.9346596905045, 2.152023166164645, null, null, 1265.9346596905045, 2.152023166164645
2100-Jan-15 07:00:00, 1271.2654536767654, 2.161085239048635, null, null, 1271.2654536767654, 2.161085239048635
2100-Jan-15 08:00:00, 1276.512775705301, 2.170005413940201, null, null, 1276.512775705301, 2.170005413940201
2100-Jan-15 09:00:00, 1280.8130087479938, 2.1773155867496286, null, null, 1280.8130087479938, 2.1773155867496286
2100-Jan-15 10:00:00, 1283.3443855304079, 2.1816187957946975, null, null, 1283.3443855304079, 2.1816187957946975
2100-Jan-15 11:00:00, 1283.2359328125301, 2.1814344318075678, null, null, 1283.2359328125301, 2.1814344318075678
2100-Jan-15 12:00:00, 1280.5916800795485, 2.1769393395095484, null, null, 1280.5916800795485, 2.1769393395095484
2100-Jan-15 13:00:00, 1275.8217106204859, 2.1688306391913894, null, null, 1275.8217106204859, 2.1688306391913894
2100-Jan-15 14:00:00, 1269.117472802264, 2.1574337831326278, null, null, 1269.117472802264, 2.1574337831326278
2100-Jan-15 15:00:00, 1261.076536831026, 2.1437646096446521, null, null, 1261.076536831026, 2.1437646096446521
2100-Jan-15 16:00:00, 1252.9001926054943, 2.129865249157767, null, null, 1252.9001926054943, 2.129865249157767
2100-Jan-15 17:00:00, 1245.8309286042515, 2.1178478675480972, null, null, 1245.8309286042515, 2.1178478675480972
2100-Jan-15 18:00:00, 1240.5178704971149, 2.1088159447373793, null, null, 1240.5178704971149, 2.1088159447373793
2100-Jan-15 19:00:00, 1237.1392162177119, 2.1030724079568048, null, null, 1237.1392162177119, 2.1030724079568048
2100-Jan-15 20:00:00, 1235.5179902066932, 2.1003164079479624, null, null, 1235.5179902066932, 2.1003164079479624
2100-Jan-15 21:00:00, 1235.3814542589262, 2.1000843039287225, null, null, 1235.3814542589262, 2.1000843039287225
2100-Jan-15 22:00:00, 1236.3648252400881, 2.1017559835183404, null, null, 1236.3648252400881, 2.1017559835183404
2100-Jan-15 23:00:00, 1238.1338234625318, 2.1047631886110061, null, null, 1238.1338234625318, 2.1047631886110061
2100-Jan-16 00:00:00, 1240.5197083204137, 2.1088190689415267, null, null, 1240.5197083204137, 2.1088190689415267
2100-Jan-16 01:00:00, 1243.3647554035483, 2.1136555012051255, null, null, 1243.3647554035483, 2.1136555012051255
2100-Jan-16 02:00:00, 1246.4705202759046, 2.1189351401681704, null, null, 1246.4705202759046, 2.1189351401681704
2100-Jan-16 03:00:00, 1249.7223198154272, 2.1244630304800505, null, null, 1249.7223198154272, 2.1244630304800505
2100-Jan-16 04:00:00, 1253.059782450717, 2.1301365436052131, null, null, 1253.059782450717, 2.1301365436052131
2100-Jan-16 05:00:00, 1256.4105691795228, 2.1358327069972716, null, null, 1256.4105691795228, 2.1358327069972716
2100-Jan-16 06:00:00, 1259.6755772885122, 2.141383051191164, null, null, 1259.6755772885122, 2.141383051191164
2100-Jan-16 07:00:00, 1262.7527592948738, 2.1466141007666724, null, null, 1262.7527592948738, 2.1466141007666724
2100-Jan-16 08:00:00, 1265.5423556254864, 2.1513562696312123, null, null, 1265.5423556254864, 2.1513562696312123
2100-Jan-16 09:00:00, 1268.0039003262302, 2.1555407677646672, null, null, 1268.0039003262302, 2.1555407677646672
2100-Jan-16 10:00:00, 1270.0425585344794, 2.159006380826495, null, null, 1270.0425585344794, 2.159006380826495
2100-Jan-16 11:00:00, 1271.6079670533011, 2.1616674939978804, null, null, 1271.6079670533011, 2.1616674939978804
2100-Jan-16 12:00:00, 1272.5981366061021, 2.1633507308061524, null, null, 1272.5981366061021, 2.1633507308061524
2100-Jan-16 13:00:00, 1273.0461795540925, 2.164112380545443, null, null, 1273.0461795540925, 2.164112380545443
2100-Jan-16 14:00:00, 1273.1634109618437, 2.1643116678493741, null, null, 1273.1634109618437, 2.1643116678493741
2100-Jan-16 15:00:00, 1273.3548540079787, 2.1646371110838492, null, null, 1273.3548540079787, 2.1646371110838492
2100-Jan-16 16:00:00, 1273.9650837207455, 2.1656744698989376, null, null, 1273.9650837207455, 2.1656744698989376
2100-Jan-16 17:00:00, 1275.1807161266372, 2.1677409818464493, null, null, 1275.1807161266372, 2.1677409818464493
2100-Jan-16 18:00:00, 1277.0555757858751, 2.170928145882999, null, null, 1277.0555757858751, 2.170928145882999
2100-Jan-16 19:00:00, 1279.4867200345179, 2.1750609648269457, null, null, 1279.4867200345179, 2.1750609648269457
2100-Jan-16 20:00:00, 1282.3253524622587, 2.1798864925095653, null, null, 1282.3253524622587, 2.1798864925095653
2100-Jan-16 21:00:00, 1285.4711262903525, 2.1852341446192147, null, null, 1285.4711262903525, 2.1852341446192147
2100-Jan-16 22:00:00, 1288.842034630507, 2.1909645137054072, null, null, 1288.842034630507, 2.1909645137054072
2100-Jan-16 23:00:00, 1292.3891501788842, 2.196994425893005, null, null, 1292.3891501788842, 2.196994425893005
2100-Jan-17 00:00:00, 1296.0668213609438, 2.2032462758765292, null, null, 1296.0668213609438, 2.2032462758765292
2100-Jan-17 01:00:00, 1299.8575070517627, 2.2096902446547326, null, null, 1299.8575070517627, 2.2096902446547326
2100-Jan-17 02:00:00, 1303.7626595533116, 2.2163288010655298, null, null, 1303.7626595533116, 2.2163288010655298
2100-Jan-17 03:00:00, 1307.7638763333218, 2.2231306617599307, null, null, 1307.7638763333218, 2.2231306617599307
2100-Jan-17 04:00:00, 1311.8274913577525, 2.2300385962287503, null, null, 1311.8274913577525, 2.2300385962287503
2100-Jan-17 05:00:00, 1315.9187467536708, 2.2369935178934002, null, null, 1315.9187467536708, 2.2369935178934002
2100-Jan-17 06:00:00, 1320.008479440537, 2.243945851031754, null, null, 1320.008479440537, 2.243945851031754
2100-Jan-17 07:00:00, 1324.0913583431147, 2.2508865330928169, null, null, 1324.0913583431147, 2.2508865330928169
2100-Jan-17 08:00:00, 1328.147232284831, 2.2577813081231106, null, null, 1328.147232284831, 2.2577813081231106
2100-Jan-17 09:00:00, 1332.0441033158647, 2.2644057864641889, null, null, 1332.0441033158647, 2.2644057864641889
2100-Jan-17 10:00:00, 1335.6078440630133, 2.2704639606261505, null, null, 1335.6078440630133, 2.2704639606261505
2100-Jan-17 11:00:00, 1338.6568598245212, 2.2756471290484215, null, null, 1338.6568598245212, 2.2756471290484215
2100-Jan-17 12:00:00, 1341.1080399481484, 2.279814007939136, null, null, 1341.1080399481484, 2.279814007939136
2100-Jan-17 13:00:00, 1342.9216141626257, 2.2828969899028877, null, null, 1342.9216141626257, 2.2828969899028877
2100-Jan-17 14:00:00, 1344.0953809181908, 2.2848923324194339, null, null, 1344.0953809181908, 2.2848923324194339
2100-Jan-17 15:00:00, 1344.8096485558553, 2.2861065503028999, null, null, 1344.8096485558553, 2.2861065503028999
2100-Jan-17 16:00:00, 1345.3576049778694, 2.2870380477583145, null, null, 1345.3576049778694, 2.2870380477583145
2100-Jan-17 17:00:00, 1346.0760797482712, 2.288259417548907, null, null, 1346.0760797482712, 2.288259417548907
2100-Jan-17 18:00:00, 1347.1491755126196, 2.2900836246094478, null, null, 1347.1491755126196, 2.2900836246094478
2100-Jan-17 19:00:00, 1348.5899648117315, 2.2925328915803109, null, null, 1348.5899648117315, 2.2925328915803109
2100-Jan-17 20:00:00, 1350.3619382688378, 2.2955451544173626, null, null, 1350.3619382688378, 2.2955451544173626
2100-Jan-17 21:00:00, 1352.3726908277399, 2.2989633293247786, null, null, 1352.3726908277399, 2.2989633293247786
2100-Jan-17 22:00:00, 1354.5635236933074, 2.3026876313997757, null, null, 1354.5635236933074, 2.3026876313997757
2100-Jan-17 23:00:00, 1356.8610249776214, 2.30659326424606, null, null, 1356.8610249776214, 2.30659326424606
2100-Jan-18 00:00:00, 1359.2056178655132, 2.3105789503723893, null, null, 1359.2056178655132, 2.3105789503723893
2100-Jan-18 01:00:00, 1361.6177778997248, 2.3146794971378828, null, null, 1361.6177778997248, 2.3146794971378828
2100-Jan-18 02:00:00, 1364.1113714062637, 2.3189184765765067, null, null, 1364.1113714062637, 2.3189184765765067
2100-Jan-18 03:00:00, 1366.6735257684991, 2.3232740059086194, null, null, 1366.6735257684991, 2.3232740059086194
2100-Jan-18 04:00:00, 1369.3113739365997, 2.3277582107790078, null, null, 1369.3113739365997, 2.3277582107790078
2100-Jan-18 05:00:00, 1371.9907402312108, 2.3323129943079253, null, null, 1371.9907402312108, 2.3323129943079253
2100-Jan-18 06:00:00, 1374.7025760640649, 2.3369229743653195, null, null, 1374.7025760640649, 2.3369229743653195
2100-Jan-18 07:00:00, 1377.1681944178897, 2.3411143974974178, null, null, 1377.1681944178897, 2.3411143974974178
2100-Jan-18 08:00:00, 1379.3165623401908, 2.3447665113745804, null, null, 1379.3165623401908, 2.3447665113745804
2100-Jan-18 09:00:00, 1380.5560437828174, 2.346873565445772, null, null, 1380.5560437828174, 2.346873565445772
2100-Jan-18 10:00:00, 1380.7470535597299, 2.3471982721450737, null, null, 1380.7470535597299, 2.3471982721450737
2100-Jan-18 11:00:00, 1380.1903120318843, 2.3462518404660626, null, null, 1380.1903120318843, 2.3462518404660626
2100-Jan-18 12:00:00, 1379.1675733504007, 2.3445132378307387, null, null, 1379.1675733504007, 2.3445132378307387
2100-Jan-18 13:00:00, 1377.8712465071137, 2.3423095495310942, null, null, 1377.8712465071137, 2.3423095495310942
2100-Jan-18 14:00:00, 1376.3494121113986, 2.3397225101056582, null, null, 1376.3494121113986, 2.3397225101056582
2100-Jan-18 15:00:00, 1374.4743852427339, 2.3365350618217682, null, null, 1374.4743852427339, 2.3365350618217682
2100-Jan-18 16:00:00, 1371.9338602556249, 2.332216301303895, null, null, 1371.9338602556249, 2.332216301303895
2100-Jan-18 17:00:00, 1369.4514230329032, 2.3279962869682791, null, null, 1369.4514230329032, 2.3279962869682791
2100-Jan-18 18:00:00, 1367.770896927613, 2.325139479879347, null, null, 1367.770896927613, 2.325139479879347
2100-Jan-18 19:00:00, 1367.2090999061375, 2.3241844541237575, null, null, 1367.2090999061375, 2.3241844541237575
2100-Jan-18 20:00:00, 1367.7989479565108, 2.3251871651714437, null, null, 1367.7989479565108, 2.3251871651714437
2100-Jan-18 21:00:00, 1369.3819489458795, 2.3278781846289691, null, null, 1369.3819489458795, 2.3278781846289691
2100-Jan-18 22:00:00, 1371.7579005541777, 2.3319171789511515, null, null, 1371.7579005541777, 2.3319171789511515
2100-Jan-18 23:00:00, 1374.7307638084058, 2.3369708920665682, null, null, 1374.7307638084058, 2.3369708920665682
2100-Jan-19 00:00:00, 1378.1826077897163, 2.3428388475387583, null, null, 1378.1826077897163, 2.3428388475387583
2100-Jan-19 01:00:00, 1381.9543187426291, 2.3492505602481093, null, null, 1381.9543187426291, 2.3492505602481093
2100-Jan-19 02:00:00, 1385.9616812982456, 2.3560628684418163, null, null, 1385.9616812982456, 2.3560628684418163
2100-Jan-19 03:00:00, 1390.0082875943961, 2.362941888956029, null, null, 1390.0082875943961, 2.362941888956029
2100-Jan-19 04:00:00, 1393.8995370303276, 2.3695568108774312, null, null, 1393.8995370303276, 2.3695568108774312
2100-Jan-19 05:00:00, 1397.5604819488021, 2.3757802270816577, null, null, 1397.5604819488021, 2.3757802270816577
2100-Jan-19 06:00:00, 1401.0126351387446, 2.3816487081924613, null, null, 1401.0126351387446, 2.3816487081924613
2100-Jan-19 07:00:00, 1404.262580456041, 2.3871734464228691, null, null, 1404.262580456041, 2.3871734464228691
2100-Jan-19 08:00:00, 1406.4845116830736, 2.3909506140970427, null, null, 1406.4845116830736, 2.3909506140970427
2100-Jan-19 09:00:00, 1407.8169420424736, 2.3932156764987869, null, null, 1407.8169420424736, 2.3932156764987869
2100-Jan-19 10:00:00, 1408.6155133855607, 2.3945732063025593, null, null, 1408.6155133855607, 2.3945732063025593
2100-Jan-19 11:00:00, 1409.0269404493774, 2.3952726109406606, null, null, 1409.0269404493774, 2.3952726109406606
2100-Jan-19 12:00:00, 1408.0325145422855, 2.393582138551178, null, null, 1408.0325145422855, 2.393582138551178
2100-Jan-19 13:00:00, 1404.6805733721606, 2.3878840126688408, null, null, 1404.6805733721606, 2.3878840126688408
2100-Jan-19 14:00:00, 1399.1318179800458, 2.3784514167162731, null, null, 1399.1318179800458, 2.3784514167162731
2100-Jan-19 15:00:00, 1392.5446488706289, 2.3672535713816845, null, null, 1392.5446488706289, 2.3672535713816845
2100-Jan-19 16:00:00, 1386.291517618633, 2.3566235730540828, null, null, 1386.291517618633, 2.3566235730540828
2100-Jan-19 17:00:00, 1381.3225244259104, 2.3481765427264132, null, null, 1381.3225244259104, 2.3481765427264132
2100-Jan-19 18:00:00, 1378.0447631406962, 2.3426045187953655, null, null, 1378.0447631406962, 2.3426045187953655
2100-Jan-19 19:00:00, 1376.4541829300802, 2.3399006150554, null, null, 1376.4541829300802, 2.3399006150554
2100-Jan-19 20:00:00, 1376.3915858120927, 2.3397942032062473, null, null, 1376.3915858120927, 2.3397942032062473
2100-Jan-19 21:00:00, 1377.611989565027, 2.3418688261958978, null, null, 1377.611989565027, 2.3418688261958978
2100-Jan-19 22:00:00, 1379.7993502286918, 2.3455872257080137, null, null, 1379.7993502286918, 2.3455872257080137
2100-Jan-19 23:00:00, 1382.6952682674391, 2.3505101359538094, null, null, 1382.6952682674391, 2.3505101359538094
2100-Jan-20 00:00:00, 1386.0960890495498, 2.3562913546376123, null, null, 1386.0960890495498, 2.3562913546376123
2100-Jan-20 01:00:00, 1389.8881459510112, 2.3627376544026841, null, null, 1389.8881459510112, 2.3627376544026841
2100-Jan-20 02:00:00, 1394.0592287306165, 2.3698282784731997, null, null, 1394.0592287306165, 2.3698282784731997
2100-Jan-20 03:00:00, 1398.447574708141, 2.37728823869507, null, null, 1398.447574708141, 2.37728823869507
2100-Jan-20 04:00:00, 1402.8556164635759, 2.3847816807163476, null, null, 1402.8556164635759, 2.3847816807163476
2100-Jan-20 05:00:00, 1407.1492106605995, 2.3920805678329735, null, null, 1407.1492106605995, 2.3920805678329735
2100-Jan-20 06:00:00, 1411.2791804284711, 2.3991013019190377, null, null, 1411.2791804284711, 2.3991013019190377
2100-Jan-20 07:00:00, 1415.0603700677436, 2.4055291279028572, null, null, 1415.0603700677436, 2.4055291279028572
2100-Jan-20 08:00:00, 1418.3672237993187, 2.4111506074815958, null, null, 1418.3672237993187, 2.4111506074815958
2100-Jan-20 09:00:00, 1421.0611834708536, 2.4157301989932729, null, null, 1421.0611834708536, 2.4157301989932729
2100-Jan-20 10:00:00, 1422.188367530965, 2.4176463533471511, null, null, 1422.188367530965, 2.4176463533471511
2100-Jan-20 11:00:00, 1421.0931718067595, 2.4157845775027713, null, null, 1421.0931718067595, 2.4157845775027713
2100-Jan-20 12:00:00, 1417.5559630043851, 2.4097715062688008, null, null, 1417.5559630043851, 2.4097715062688008
2100-Jan-20 13:00:00, 1412.0175209797212, 2.4003564425052013, null, null, 1412.0175209797212, 2.4003564425052013
2100-Jan-20 14:00:00, 1405.4517144300712, 2.3891949124126004, null, null, 1405.4517144300712, 2.3891949124126004
2100-Jan-20 15:00:00, 1398.7818441901757, 2.3778564794518688, null, null, 1398.7818441901757, 2.3778564794518688
2100-Jan-20 16:00:00, 1392.6386645793887, 2.3674133932032024, null, null, 1392.6386645793887, 2.3674133932032024
2100-Jan-20 17:00:00, 1387.5550519940725, 2.3587715158616964, null, null, 1387.5550519940725, 2.3587715158616964
2100-Jan-20 18:00:00, 1383.9618186492048, 2.3526632058155199, null, null, 1383.9618186492048, 2.3526632058155199
2100-Jan-20 19:00:00, 1381.9016509844764, 2.3491610277949238, null, null, 1381.9016509844764, 2.3491610277949238
2100-Jan-20 20:00:00, 1381.2726562598582, 2.3480917694343821, null, null, 1381.2726562598582, 2.3480917694343821
2100-Jan-20 21:00:00, 1381.8227283496271, 2.3490268634150877, null, null, 1381.8227283496271, 2.3490268634150877
2100-Jan-20 22:00:00, 1383.1441802739762, 2.3512732630474886, null, null, 1383.1441802739762, 2.3512732630474886
2100-Jan-20 23:00:00, 1384.8812030618756, 2.3542261115623, null, null, 1384.8812030618756, 2.3542261115623
2100-Jan-21 00:00:00, 1386.7974512877358, 2.3574836340122984, null, null, 1386.7974512877358, 2.3574836340122984
2100-Jan-21 01:00:00, 1388.7693746049063, 2.360835801225643, null, null, 1388.7693746049063, 2.360835801225643
2100-Jan-21 02:00:00, 1390.797374026831, 2.3642832949043591, null, null, 1390.797374026831, 2.3642832949043591
2100-Jan-21 03:00:00, 1393.0000032271846, 2.3680276501357662, null, null, 1393.0000032271846, 2.3680276501357662
2100-Jan-21 04:00:00, 1395.537071386824, 2.3723405342264958, null, null, 1395.537071386824, 2.3723405342264958
2100-Jan-21 05:00:00, 1398.4733585941337, 2.3773320699619882, null, null, 1398.4733585941337, 2.3773320699619882
2100-Jan-21 06:00:00, 1401.7737017085014, 2.3829424818296494, null, null, 1401.7737017085014, 2.3829424818296494
2100-Jan-21 07:00:00, 1405.2255683134233, 2.388810475760804, null, null, 1405.2255683134233, 2.388810475760804
2100-Jan-21 08:00:00, 1408.4510208219438, 2.3942935774885004, null, null, 1408.4510208219438, 2.3942935774885004
2100-Jan-21 09:00:00, 1410.6326167447589, 2.3980021772406048, null, null, 1410.6326167447589, 2.3980021772406048
2100-Jan-21 10:00:00, 1410.8466519790059, 2.3983660260213844, null, null, 1410.8466519790059, 2.3983660260213844
2100-Jan-21 11:00:00, 1408.1086711322878, 2.3937116007984485, null, null, 1408.1086711322878, 2.3937116007984485
2100-Jan-21 12:00:00, 1402.5622073606141, 2.3842829004815989, null, null, 1402.5622073606141, 2.3842829004815989
2100-Jan-21 13:00:00, 1395.0345955508956, 2.3714863514050695, null, null, 1395.0345955508956, 2.3714863514050695
2100-Jan-21 14:00:00, 1386.0186532201601, 2.3561597177498297, null, null, 1386.0186532201601, 2.3561597177498297
2100-Jan-21 15:00:00, 1376.3892136939598, 2.3397901707286346, null, null, 1376.3892136939598, 2.3397901707286346
2100-Jan-21 16:00:00, 1366.884715887167, 2.3236330181406961, null, null, 1366.884715887167, 2.3236330181406961
2100-Jan-21 17:00:00, 1358.6490570876169, 2.3096328259589032, null, null, 1358.6490570876169, 2.3096328259589032
2100-Jan-21 18:00:00, 1352.4861692979798, 2.2991562368298761, null, null, 1352.4861692979798, 2.2991562368298761
2100-Jan-21 19:00:00, 1348.5822372686657, 2.2925197551584842, null, null, 1348.5822372686657, 2.2925197551584842
2100-Jan-21 20:00:00, 1346.7180149802045, 2.2893506740997274, null, null, 1346.7180149802045, 2.2893506740997274
2100-Jan-21 21:00:00, 1346.5209448464923, 2.2890156651086535, null, null, 1346.5209448464923, 2.2890156651086535
2100-Jan-21 22:00:00, 1347.6692155893841, 2.2909676657279716, null, null, 1347.6692155893841, 2.2909676657279716
2100-Jan-21 23:00:00, 1349.8586856496634, 2.2946896511047661, null, null, 1349.8586856496634, 2.2946896511047661
2100-Jan-22 00:00:00, 1352.7546316109751, 2.2996126088174709, null, null, 1352.7546316109751, 2.2996126088174709
2100-Jan-22 01:00:00, 1356.0683722569102, 2.3052457957929007, null, null, 1356.0683722569102, 2.3052457957929007
2100-Jan-22 02:00:00, 1359.6911801067663, 2.3114043809613953, null, null, 1359.6911801067663, 2.3114043809613953
2100-Jan-22 03:00:00, 1363.6149574601152, 2.318074598652839, null, null, 1363.6149574601152, 2.318074598652839
2100-Jan-22 04:00:00, 1367.8592804921079, 2.3252897273481601, null, null, 1367.8592804921079, 2.3252897273481601
2100-Jan-22 05:00:00, 1372.3940485851381, 2.3329985975609171, null, null, 1372.3940485851381, 2.3329985975609171
2100-Jan-22 06:00:00, 1377.1474143799551, 2.3410790725122879, null, null, 1377.1474143799551, 2.3410790725122879
2100-Jan-22 07:00:00, 1381.9997760914359, 2.3493278353799307, null, null, 1381.9997760914359, 2.3493278353799307
2100-Jan-22 08:00:00, 1386.5652111572088, 2.3570888378534431, null, null, 1386.5652111572088, 2.3570888378534431
2100-Jan-22 09:00:00, 1390.3605245076733, 2.363540673412674, null, null, 1390.3605245076733, 2.363540673412674
2100-Jan-22 10:00:00, 1392.8224788570803, 2.3677258679275779, null, null, 1392.8224788570803, 2.3677258679275779
2100-Jan-22 11:00:00, 1393.1901232679395, 2.3683508443298145, null, null, 1393.1901232679395, 2.3683508443298145
2100-Jan-22 12:00:00, 1390.6034279962591, 2.3639535967263519, null, null, 1390.6034279962591, 2.3639535967263519
2100-Jan-22 13:00:00, 1384.8834913376711, 2.3542300015122946, null, null, 1384.8834913376711, 2.3542300015122946
2100-Jan-22 14:00:00, 1376.3557861186528, 2.3397333455869109, null, null, 1376.3557861186528, 2.3397333455869109
2100-Jan-22 15:00:00, 1366.0806756415641, 2.3222661914867126, null, null, 1366.0806756415641, 2.3222661914867126
2100-Jan-22 16:00:00, 1355.4870533153282, 2.3042575837871402, null, null, 1355.4870533153282, 2.3042575837871402
2100-Jan-22 17:00:00, 1346.1544759012349, 2.2883926869368842, null, null, 1346.1544759012349, 2.2883926869368842
2100-Jan-22 18:00:00, 1339.0017645194525, 2.2762334491147294, null, null, 1339.0017645194525, 2.2762334491147294
2100-Jan-22 19:00:00, 1334.2175389340421, 2.2681005141222723, null, null, 1334.2175389340421, 2.2681005141222723
2100-Jan-22 20:00:00, 1331.4347920327418, 2.2633699889317898, null, null, 1331.4347920327418, 2.2633699889317898
2100-Jan-22 21:00:00, 1330.3277026052174, 2.2614879944095518, null, null, 1330.3277026052174, 2.2614879944095518
2100-Jan-22 22:00:00, 1330.578549699756, 2.2619144214407418, null, null, 1330.578549699756, 2.2619144214407418
2100-Jan-22 23:00:00, 1331.8931539007619, 2.2641491802991442, null, null, 1331.8931539007619, 2.2641491802991442
2100-Jan-23 00:00:00, 1333.9614934318133, 2.2676652500680254, null, null, 1333.9614934318133, 2.2676652500680254
2100-Jan-23 01:00:00, 1336.6517188888186, 2.272238493608965, null, null, 1336.6517188888186, 2.272238493608965
2100-Jan-23 02:00:00, 1339.8945310886079, 2.2777511059101201, null, null, 1339.8945310886079, 2.2777511059101201
2100-Jan-23 03:00:00, 1343.5838510861252, 2.2840227582748578, null, null, 1343.5838510861252, 2.2840227582748578
2100-Jan-23 04:00:00, 1347.559197591064, 2.2907806408453939, null, null, 1347.559197591064, 2.2907806408453939
2100-Jan-23 05:00:00, 1351.8362643397165, 2.298051432158259, null, null, 1351.8362643397165, 2.298051432158259
2100-Jan-23 06:00:00, 1356.3417246044855, 2.3057104805852826, null, null, 1356.3417246044855, 2.3057104805852826
2100-Jan-23 07:00:00, 1360.8876305112231, 2.313438284502821, null, null, 1360.8876305112231, 2.313438284502821
2100-Jan-23 08:00:00, 1363.7622358368167, 2.3183249642432826, null, null, 1363.7622358368167, 2.3183249642432826
2100-Jan-23 09:00:00, 1364.5145592188458, 2.3196038749154733, null, null, 1364.5145592188458, 2.3196038749154733
2100-Jan-23 10:00:00, 1363.0746167136081, 2.317156047450212, null, null, 1363.0746167136081, 2.317156047450212
2100-Jan-23 11:00:00, 1358.8637400662283, 2.3099977758714569, null, null, 1358.8637400662283, 2.3099977758714569
2100-Jan-23 12:00:00, 1351.5113669629714, 2.2974991234936457, null, null, 1351.5113669629714, 2.2974991234936457
2100-Jan-23 13:00:00, 1340.9366077980674, 2.2795225821885445, null, null, 1340.9366077980674, 2.2795225821885445
2100-Jan-23 14:00:00, 1327.7661252890578, 2.257133446025795, null, null, 1327.7661252890578, 2.257133446025795
2100-Jan-23 15:00:00, 1313.651350153337, 2.2331390614461819, null, null, 1313.651350153337, 2.2331390614461819
2100-Jan-23 16:00:00, 1300.5554165274714, 2.2108766545125511, null, null, 1300.5554165274714, 2.2108766545125511
2100-Jan-23 17:00:00, 1289.7742248390746, 2.1925491886400517, null, null, 1289.7742248390746, 2.1925491886400517
2100-Jan-23 18:00:00, 1281.703886973077, 2.1788300334581812, null, null, 1281.703886973077, 2.1788300334581812
2100-Jan-23 19:00:00, 1276.260035739125, 2.1695757691255473, null, null, 1276.260035739125, 2.1695757691255473
2100-Jan-23 20:00:00, 1273.121615789212, 2.1642406182268292, null, null, 1273.121615789212, 2.1642406182268292
2100-Jan-23 21:00:00, 1271.9936479464754, 2.1623231314831997, null, null, 1271.9936479464754, 2.1623231314831997
2100-Jan-23 22:00:00, 1272.4774558514803, 2.1631455797917076, null, null, 1272.4774558514803, 2.1631455797917076
2100-Jan-23 23:00:00, 1274.1195879133224, 2.1659371190010459, null, null, 1274.1195879133224, 2.1659371190010459
2100-Jan-24 00:00:00, 1276.5505189110229, 2.170069575429467, null, null, 1276.5505189110229, 2.170069575429467
2100-Jan-24 01:00:00, 1279.5395166702076, 2.1751507163652497, null, null, 1279.5395166702076, 2.1751507163652497
2100-Jan-24 02:00:00, 1282.9245677309259, 2.1809051273417981, null, null, 1282.9245677309259, 2.1809051273417981
2100-Jan-24 03:00:00, 1286.6832801198773, 2.1872947431675871, null, null, 1286.6832801198773, 2.1872947431675871
2100-Jan-24 04:00:00, 1290.8087343292493, 2.1943078010387498, null, null, 1290.8087343292493, 2.1943078010387498
2100-Jan-24 05:00:00, 1295.239963879571, 2.2018406611069121, null, null, 1295.239963879571, 2.2018406611069121
2100-Jan-24 06:00:00, 1299.9137529245443, 2.209785859716932, null, null, 1299.9137529245443, 2.209785859716932
2100-Jan-24 07:00:00, 1304.7706134931695, 2.2180422704080405, null, null, 1304.7706134931695, 2.2180422704080405
2100-Jan-24 08:00:00, 1309.4147250834937, 2.2259370188866665, null, null, 1309.4147250834937, 2.2259370188866665
2100-Jan-24 09:00:00, 1313.1605131636034, 2.2323046640587401, null, null, 1313.1605131636034, 2.2323046640587401
2100-Jan-24 10:00:00, 1314.9400718818201, 2.2353298214456854, null, null, 1314.9400718818201, 2.2353298214456854
2100-Jan-24 11:00:00, 1313.9801740371504, 2.2336980449688602, null, null, 1313.9801740371504, 2.2336980449688602
2100-Jan-24 12:00:00, 1310.2125508483816, 2.2272932812462272, null, null, 1310.2125508483816, 2.2272932812462272
2100-Jan-24 13:00:00, 1304.5411285381285, 2.2176521579044022, null, null, 1304.5411285381285, 2.2176521579044022
2100-Jan-24 14:00:00, 1297.9456026497387, 2.206440106479628, null, null, 1297.9456026497387, 2.206440106479628
2100-Jan-24 15:00:00, 1291.3189328489191, 2.195175112021404, null, null, 1291.3189328489191, 2.195175112021404
2100-Jan-24 16:00:00, 1285.3091264624663, 2.1849587533264199, null, null, 1285.3091264624663, 2.1849587533264199
2100-Jan-24 17:00:00, 1280.3387511284395, 2.1765093734303247, null, null, 1280.3387511284395, 2.1765093734303247
2100-Jan-24 18:00:00, 1276.5562213537294, 2.1700792692858708, null, null, 1276.5562213537294, 2.1700792692858708
2100-Jan-24 19:00:00, 1273.9943226362257, 2.165724174536523, null, null, 1273.9943226362257, 2.165724174536523
2100-Jan-24 20:00:00, 1272.5633418533919, 2.1632915815338576, null, null, 1272.5633418533919, 2.1632915815338576
2100-Jan-24 21:00:00, 1272.2846595471199, 2.1628178360885406, null, null, 1272.2846595471199, 2.1628178360885406
2100-Jan-24 22:00:00, 1273.1127458784683, 2.1642255398392871, null, null, 1273.1127458784683, 2.1642255398392871
2100-Jan-24 23:00:00, 1274.9758544185061, 2.1673927275835743, null, null, 1274.9758544185061, 2.1673927275835743
2100-Jan-25 00:00:00, 1277.7441889799484, 2.1720987525449056, null, null, 1277.7441889799484, 2.1720987525449056
2100-Jan-25 01:00:00, 1281.2538343610213, 2.1780649673943659, null, null, 1281.2538343610213, 2.1780649673943659
2100-Jan-25 02:00:00, 1285.3542503148487, 2.1850354615316423, null, null, 1285.3542503148487, 2.1850354615316423
2100-Jan-25 03:00:00, 1289.8431118418184, 2.1926662929665803, null, null, 1289.8431118418184, 2.1926662929665803
2100-Jan-25 04:00:00, 1294.6038632712407, 2.2007593231131546, null, null, 1294.6038632712407, 2.2007593231131546
2100-Jan-25 05:00:00, 1299.5585735524226, 2.2091820732330891, null, null, 1299.5585735524226, 2.2091820732330891
2100-Jan-25 06:00:00, 1304.6599333141742, 2.2178541198527095, null, null, 1304.6599333141742, 2.2178541198527095
2100-Jan-25 07:00:00, 1309.7762879118322, 2.2265516569145078, null, null, 1309.7762879118322, 2.2265516569145078
2100-Jan-25 08:00:00, 1314.5902706245274, 2.2347351774777011, null, null, 1314.5902706245274, 2.2347351774777011
2100-Jan-25 09:00:00, 1318.5150449718822, 2.2414070900071685, null, null, 1318.5150449718822, 2.2414070900071685
2100-Jan-25 10:00:00, 1320.5320870583093, 2.2448359567846858, null, null, 1320.5320870583093, 2.2448359567846858
2100-Jan-25 11:00:00, 1319.8336467058161, 2.2436486444639083, null, null, 1319.8336467058161, 2.2436486444639083
2100-Jan-25 12:00:00, 1316.3260564112131, 2.2376859231547015, null, null, 1316.3260564112131, 2.2376859231547015
2100-Jan-25 13:00:00, 1310.335826537746, 2.227502843514948, null, null, 1310.335826537746, 2.227502843514948
2100-Jan-25 14:00:00, 1302.8464571379473, 2.2147713045488913, null, null, 1302.8464571379473, 2.2147713045488913
2100-Jan-25 15:00:00, 1294.7825524357663, 2.2010630854113571, null, null, 1294.7825524357663, 2.2010630854113571
2100-Jan-25 16:00:00, 1286.972829650892, 2.1877869623305002, null, null, 1286.972829650892, 2.1877869623305002
2100-Jan-25 17:00:00, 1280.3568315089035, 2.1765401091379806, null, null, 1280.3568315089035, 2.1765401091379806
2100-Jan-25 18:00:00, 1275.4904709909713, 2.1682675490264978, null, null, 1275.4904709909713, 2.1682675490264978
2100-Jan-25 19:00:00, 1272.4938866715434, 2.1631735113323636, null, null, 1272.4938866715434, 2.1631735113323636
2100-Jan-25 20:00:00, 1271.1976308467517, 2.1609699437604721, null, null, 1271.1976308467517, 2.1609699437604721
2100-Jan-25 21:00:00, 1271.4170815837688, 2.1613429986146682, null, null, 1271.4170815837688, 2.1613429986146682
2100-Jan-25 22:00:00, 1272.9525193930797, 2.1639531631366271, null, null, 1272.9525193930797, 2.1639531631366271
2100-Jan-25 23:00:00, 1275.5707962523543, 2.1684040977985859, null, null, 1275.5707962523543, 2.1684040977985859
2100-Jan-26 00:00:00, 1279.0592036968135, 2.1743342092589457, null, null, 1279.0592036968135, 2.1743342092589457
2100-Jan-26 01:00:00, 1283.1290959189187, 2.1812528146377614, null, null, 1283.1290959189187, 2.1812528146377614
2100-Jan-26 02:00:00, 1287.6501125694163, 2.1889383081124922, null, null, 1287.6501125694163, 2.1889383081124922
2100-Jan-26 03:00:00, 1292.5391639346951, 2.1972494414858539, null, null, 1292.5391639346951, 2.1972494414858539
2100-Jan-26 04:00:00, 1297.8783615458501, 2.2063258000956618, null, null, 1297.8783615458501, 2.2063258000956618
2100-Jan-26 05:00:00, 1303.578196399229, 2.2160152232849937, null, null, 1303.578196399229, 2.2160152232849937
2100-Jan-26 06:00:00, 1309.4610000750115, 2.226015683968626, null, null, 1309.4610000750115, 2.226015683968626
2100-Jan-26 07:00:00, 1315.3669212949699, 2.2360554432765838, null, null, 1315.3669212949699, 2.2360554432765838
2100-Jan-26 08:00:00, 1320.7486782046701, 2.2452041504832994, null, null, 1320.7486782046701, 2.2452041504832994
2100-Jan-26 09:00:00, 1324.4876636151594, 2.2515602314703633, null, null, 1324.4876636151594, 2.2515602314703633
2100-Jan-26 10:00:00, 1325.452514832396, 2.2532004284232641, null, null, 1325.452514832396, 2.2532004284232641
2100-Jan-26 11:00:00, 1321.752196817291, 2.2469100799998869, null, null, 1321.752196817291, 2.2469100799998869
2100-Jan-26 12:00:00, 1314.4258960507993, 2.2344557492403245, null, null, 1314.4258960507993, 2.2344557492403245
2100-Jan-26 13:00:00, 1305.1401952083866, 2.2186705401270577, null, null, 1305.1401952083866, 2.2186705401270577
2100-Jan-26 14:00:00, 1295.1555322286315, 2.2016971316858727, null, null, 1295.1555322286315, 2.2016971316858727
2100-Jan-26 15:00:00, 1285.2218821429233, 2.1848104425148502, null, null, 1285.2218821429233, 2.1848104425148502
2100-Jan-26 16:00:00, 1276.1687086836844, 2.1694205178750177, null, null, 1276.1687086836844, 2.1694205178750177
2100-Jan-26 17:00:00, 1268.7892466095104, 2.1568758156537053, null, null, 1268.7892466095104, 2.1568758156537053
2100-Jan-26 18:00:00, 1263.5319217423071, 2.1479386364559723, null, null, 1263.5319217423071, 2.1479386364559723
2100-Jan-26 19:00:00, 1260.34674854851, 2.1425240074711134, null, null, 1260.34674854851, 2.1425240074711134
2100-Jan-26 20:00:00, 1258.9313464610188, 2.1401178974413404, null, null, 1258.9313464610188, 2.1401178974413404
2100-Jan-26 21:00:00, 1259.0085927328521, 2.1402492120911227, null, null, 1259.0085927328521, 2.1402492120911227
2100-Jan-26 22:00:00, 1260.3067644326245, 2.1424560365509673, null, null, 1260.3067644326245, 2.1424560365509673
2100-Jan-26 23:00:00, 1262.4904423680664, 2.1461681756163928, null, null, 1262.4904423680664, 2.1461681756163928
2100-Jan-27 00:00:00, 1265.2950774784993, 2.1509359096254812, null, null, 1265.2950774784993, 2.1509359096254812
2100-Jan-27 01:00:00, 1268.5863973329126, 2.1565309824199073, null, null, 1268.5863973329126, 2.1565309824199073
2100-Jan-27 02:00:00, 1272.1935095030667, 2.1626628857481753, null, null, 1272.1935095030667, 2.1626628857481753
2100-Jan-27 03:00:00, 1276.1034702582585, 2.1693096159404148, null, null, 1276.1034702582585, 2.1693096159404148
2100-Jan-27 04:00:00, 1280.3324689143535, 2.17649869399269, null, null, 1280.3324689143535, 2.17649869399269
2100-Jan-27 05:00:00, 1284.9240428120722, 2.1843041311228051, null, null, 1284.9240428120722, 2.1843041311228051
2100-Jan-27 06:00:00, 1289.9358818738956, 2.1928239972024408, null, null, 1289.9358818738956, 2.1928239972024408
2100-Jan-27 07:00:00, 1295.2895548437439, 2.2019249631701472, null, null, 1295.2895548437439, 2.2019249631701472
2100-Jan-27 08:00:00, 1300.4076823324731, 2.2106255140546787, null, null, 1300.4076823324731, 2.2106255140546787
2100-Jan-27 09:00:00, 1302.7223741618773, 2.214560369934703, null, null, 1302.7223741618773, 2.214560369934703
2100-Jan-27 10:00:00, 1300.6331638653839, 2.211008820948642, null, null, 1300.6331638653839, 2.211008820948642
2100-Jan-27 11:00:00, 1294.7958392951555, 2.2010856723821712, null, null, 1294.7958392951555, 2.2010856723821712
2100-Jan-27 12:00:00, 1286.2423494675052, 2.1865451839614201, null, null, 1286.2423494675052, 2.1865451839614201
2100-Jan-27 13:00:00, 1276.6840260212396, 2.1702965305821951, null, null, 1276.6840260212396, 2.1702965305821951
2100-Jan-27 14:00:00, 1267.2982597365938, 2.1543412154147417, null, null, 1267.2982597365938, 2.1543412154147417
2100-Jan-27 15:00:00, 1258.9088560314153, 2.1400796648792144, null, null, 1258.9088560314153, 2.1400796648792144
2100-Jan-27 16:00:00, 1251.9556750214913, 2.1282596183251918, null, null, 1251.9556750214913, 2.1282596183251918
2100-Jan-27 17:00:00, 1246.7028749912852, 2.1193301311153245, null, null, 1246.7028749912852, 2.1193301311153245
2100-Jan-27 18:00:00, 1243.3115794515886, 2.1135651048488646, null, null, 1243.3115794515886, 2.1135651048488646
2100-Jan-27 19:00:00, 1241.7341122834191, 2.1108834925999393, null, null, 1241.7341122834191, 2.1108834925999393
2100-Jan-27 20:00:00, 1241.7988830576426, 2.1109935995517892, null, null, 1241.7988830576426, 2.1109935995517892
2100-Jan-27 21:00:00, 1243.2086759133147, 2.113390174178825, null, null, 1243.2086759133147, 2.113390174178825
2100-Jan-27 22:00:00, 1245.6563461211799, 2.1175510863950566, null, null, 1245.6563461211799, 2.1175510863950566
2100-Jan-27 23:00:00, 1248.8669146066502, 2.1230088860566751, null, null, 1248.8669146066502, 2.1230088860566751
2100-Jan-28 00:00:00, 1252.7192221938485, 2.1295576088579526, null, null, 1252.7192221938485, 2.1295576088579526
2100-Jan-28 01:00:00, 1257.0991270748941, 2.1370032196542574, null, null, 1257.0991270748941, 2.1370032196542574
2100-Jan-28 02:00:00, 1261.8932843652374, 2.1451530380292265, null, null, 1261.8932843652374, 2.1451530380292265
2100-Jan-28 03:00:00, 1267.0168366095932, 2.1538628107165496, null, null, 1267.0168366095932, 2.1538628107165496
2100-Jan-28 04:00:00, 1272.381104544728, 2.1629817875749184, null, null, 1272.381104544728, 2.1629817875749184
2100-Jan-28 05:00:00, 1277.9223559501393, 2.172401627139863, null, null, 1277.9223559501393, 2.172401627139863
2100-Jan-28 06:00:00, 1283.5252317923355, 2.1819262250464395, null, null, 1283.5252317923355, 2.1819262250464395
2100-Jan-28 07:00:00, 1289.1597024063481, 2.1915045324240046, null, null, 1289.1597024063481, 2.1915045324240046
2100-Jan-28 08:00:00, 1294.5097425414745, 2.2005993227613807, null, null, 1294.5097425414745, 2.2005993227613807
2100-Jan-28 09:00:00, 1299.147108377832, 2.2084826038086516, null, null, 1299.147108377832, 2.2084826038086516
2100-Jan-28 10:00:00, 1302.807859191716, 2.2147056900451565, null, null, 1302.807859191716, 2.2147056900451565
2100-Jan-28 11:00:00, 1305.3838785224611, 2.2190847891035603, null, null, 1305.3838785224611, 2.2190847891035603
2100-Jan-28 12:00:00, 1306.8712786558233, 2.2216132920715843, null, null, 1306.8712786558233, 2.2216132920715843
2100-Jan-28 13:00:00, 1307.1455628492224, 2.2220795609534649, null, null, 1307.1455628492224, 2.2220795609534649
2100-Jan-28 14:00:00, 1306.1131644248692, 2.2203245372570102, null, null, 1306.1131644248692, 2.2203245372570102
2100-Jan-28 15:00:00, 1304.3056143188051, 2.217251795964656, null, null, 1304.3056143188051, 2.217251795964656
2100-Jan-28 16:00:00, 1302.3450816638181, 2.2139189922853686, null, null, 1302.3450816638181, 2.2139189922853686
2100-Jan-28 17:00:00, 1300.6577842242018, 2.2110506742797993, null, null, 1300.6577842242018, 2.2110506742797993
2100-Jan-28 18:00:00, 1299.5255727881633, 2.2091259736479776, null, null, 1299.5255727881633, 2.2091259736479776
2100-Jan-28 19:00:00, 1299.0026342790475, 2.2082370053450067, null, null, 1299.0026342790475, 2.2082370053450067
2100-Jan-28 20:00:00, 1299.0823062981613, 2.2083724436391678, null, null, 1299.0823062981613, 2.2083724436391678
2100-Jan-28 21:00:00, 1299.7187365529794, 2.2094543420148325, null, null, 1299.7187365529794, 2.2094543420148325
2100-Jan-28 22:00:00, 1300.8371450029842, 2.2113555782873533, null, null, 1300.8371450029842, 2.2113555782873533
2100-Jan-28 23:00:00, 1302.3910421881305, 2.2139971227894133, null, null, 1302.3910421881305, 2.2139971227894133
2100-Jan-29 00:00:00, 1304.3331602407663, 2.2172986226011973, null, null, 1304.3331602407663, 2.2172986226011973
2100-Jan-29 01:00:00, 1306.6710542534263, 2.2212729209875861, null, null, 1306.6710542534263, 2.2212729209875861
2100-Jan-29 02:00:00, 1309.340166296862, 2.2258102728221325, null, null, 1309.340166296862, 2.2258102728221325
2100-Jan-29 03:00:00, 1312.409954490324, 2.2310287532997619, null, null, 1312.409954490324, 2.2310287532997619
2100-Jan-29 04:00:00, 1315.8685408374977, 2.2369081704437068, null, null, 1315.8685408374977, 2.2369081704437068
2100-Jan-29 05:00:00, 1319.5765204896456, 2.2432115432520949, null, null, 1319.5765204896456, 2.2432115432520949
2100-Jan-29 06:00:00, 1323.3005236448091, 2.2495421551833155, null, null, 1323.3005236448091, 2.2495421551833155
2100-Jan-29 07:00:00, 1326.9994281147353, 2.255830100653311, null, null, 1326.9994281147353, 2.255830100653311
2100-Jan-29 08:00:00, 1330.5635146424158, 2.261888862624216, null, null, 1330.5635146424158, 2.261888862624216
2100-Jan-29 09:00:00, 1333.5215916765467, 2.2669174399334948, null, null, 1333.5215916765467, 2.2669174399334948
2100-Jan-29 10:00:00, 1335.0385663386726, 2.2694962180642539, null, null, 1335.0385663386726, 2.2694962180642539
2100-Jan-29 11:00:00, 1334.1387198385721, 2.2679665257540034, null, null, 1334.1387198385721, 2.2679665257540034
2100-Jan-29 12:00:00, 1330.7970123452183, 2.2622857965906182, null, null, 1330.7970123452183, 2.2622857965906182
2100-Jan-29 13:00:00, 1325.0117414088663, 2.2524511364979625, null, null, 1325.0117414088663, 2.2524511364979625
2100-Jan-29 14:00:00, 1317.4972093339081, 2.2396768222911367, null, null, 1317.4972093339081, 2.2396768222911367
2100-Jan-29 15:00:00, 1309.9070512743031, 2.2267739478385842, null, null, 1309.9070512743031, 2.2267739478385842
2100-Jan-29 16:00:00, 1302.8412549800785, 2.2147624611507255, null, null, 1302.8412549800785, 2.2147624611507255
2100-Jan-29 17:00:00, 1296.8105890006841, 2.2045106422312317, null, null, 1296.8105890006841, 2.2045106422312317
2100-Jan-29 18:00:00, 1292.3212783828822, 2.1968790473652056, null, null, 1292.3212783828822, 2.1968790473652056
2100-Jan-29 19:00:00, 1289.5883441526512, 2.192233201128166, null, null, 1289.5883441526512, 2.192233201128166
2100-Jan-29 20:00:00, 1288.5085569811965, 2.19039761902311, null, null, 1288.5085569811965, 2.19039761902311
2100-Jan-29 21:00:00, 1288.8408573900447, 2.1909625124577694, null, null, 1288.8408573900447, 2.1909625124577694
2100-Jan-29 22:00:00, 1290.2858099759101, 2.1934188567998638, null, null, 1290.2858099759101, 2.1934188567998638
2100-Jan-29 23:00:00, 1292.5246737351627, 2.1972248088992998, null, null, 1292.5246737351627, 2.1972248088992998
2100-Jan-30 00:00:00, 1295.3566947288703, 2.2020390974874751, null, null, 1295.3566947288703, 2.2020390974874751
2100-Jan-30 01:00:00, 1298.685633348435, 2.2076981202286605, null, null, 1298.685633348435, 2.2076981202286605
2100-Jan-30 02:00:00, 1302.4101181061976, 2.214029550859284, null, null, 1302.4101181061976, 2.214029550859284
2100-Jan-30 03:00:00, 1306.4985253869208, 2.2209796308760392, null, null, 1306.4985253869208, 2.2209796308760392
2100-Jan-30 04:00:00, 1310.9782376208439, 2.2285949089880313, null, null, 1310.9782376208439, 2.2285949089880313
2100-Jan-30 05:00:00, 1315.8187522112767, 2.236823532365257, null, null, 1315.8187522112767, 2.236823532365257
2100-Jan-30 06:00:00, 1321.0125338548276, 2.2456526913833494, null, null, 1321.0125338548276, 2.2456526913833494
2100-Jan-30 07:00:00, 1326.3397940117136, 2.254708756940957, null, null, 1326.3397940117136, 2.254708756940957
2100-Jan-30 08:00:00, 1331.413972894758, 2.263334597478607, null, null, 1331.413972894758, 2.263334597478607
2100-Jan-30 09:00:00, 1335.1945693324285, 2.2697614150505152, null, null, 1335.1945693324285, 2.2697614150505152
2100-Jan-30 10:00:00, 1336.6150658583638, 2.2721761853610274, null, null, 1336.6150658583638, 2.2721761853610274
2100-Jan-30 11:00:00, 1335.2597539880762, 2.2698722255792885, null, null, 1335.2597539880762, 2.2698722255792885
2100-Jan-30 12:00:00, 1331.7724670746506, 2.2639440189634827, null, null, 1331.7724670746506, 2.2639440189634827
2100-Jan-30 13:00:00, 1327.139337733696, 2.2560679397383443, null, null, 1327.139337733696, 2.2560679397383443
2100-Jan-30 14:00:00, 1322.0728817030747, 2.2474552276486719, null, null, 1322.0728817030747, 2.2474552276486719
2100-Jan-30 15:00:00, 1317.0175739175011, 2.238861466996517, null, null, 1317.0175739175011, 2.238861466996517
2100-Jan-30 16:00:00, 1312.3861112010411, 2.2309882209464513, null, null, 1312.3861112010411, 2.2309882209464513
2100-Jan-30 17:00:00, 1308.3629035847707, 2.2241489769726583, null, null, 1308.3629035847707, 2.2241489769726583
2100-Jan-30 18:00:00, 1305.0003492507726, 2.2184328092630072, null, null, 1305.0003492507726, 2.2184328092630072
2100-Jan-30 19:00:00, 1302.3219732928937, 2.2138797092550946, null, null, 1302.3219732928937, 2.2138797092550946
2100-Jan-30 20:00:00, 1300.3435858138344, 2.210516553302301, null, null, 1300.3435858138344, 2.210516553302301
2100-Jan-30 21:00:00, 1299.0724195819173, 2.2083556367350901, null, null, 1299.0724195819173, 2.2083556367350901
2100-Jan-30 22:00:00, 1298.5467188402959, 2.2074619727803357, null, null, 1298.5467188402959, 2.2074619727803357
2100-Jan-30 23:00:00, 1298.7051596492452, 2.2077313139258008, null, null, 1298.7051596492452, 2.2077313139258008
2100-Jan-31 00:00:00, 1299.4919843241701, 2.2090688750038443, null, null, 1299.4919843241701, 2.2090688750038443
2100-Jan-31 01:00:00, 1300.8685191123395, 2.2114089126436198, null, null, 1300.8685191123395, 2.2114089126436198
2100-Jan-31 02:00:00, 1302.829227266104, 2.2147420146617134, null, null, 1302.829227266104, 2.2147420146617134
2100-Jan-31 03:00:00, 1305.3369182775868, 2.219004959126488, null, null, 1305.3369182775868, 2.219004959126488
2100-Jan-31 04:00:00, 1308.2683036434721, 2.2239881619861706, null, null, 1308.2683036434721, 2.2239881619861706
2100-Jan-31 05:00:00, 1311.518699198271, 2.2295136655969463, null, null, 1311.518699198271, 2.2295136655969463
2100-Jan-31 06:00:00, 1315.1090058226919, 2.2356170003703832, null, null, 1315.1090058226919, 2.2356170003703832
2100-Jan-31 07:00:00, 1319.0753522061991, 2.2423595832019707, null, null, 1319.0753522061991, 2.2423595832019707
2100-Jan-31 08:00:00, 1323.2797123434846, 2.2495067770520465, null, null, 1323.2797123434846, 2.2495067770520465
2100-Jan-31 09:00:00, 1327.4683064084422, 2.2566271693980875, null, null, 1327.4683064084422, 2.2566271693980875
2100-Jan-31 10:00:00, 1331.2074249314501, 2.2629834766695196, null, null, 1331.2074249314501, 2.2629834766695196
2100-Jan-31 11:00:00, 1334.0696638439347, 2.2678491341500333, null, null, 1334.0696638439347, 2.2678491341500333
2100-Jan-31 12:00:00, 1336.0222795656784, 2.2711684794540297, null, null, 1336.0222795656784, 2.2711684794540297
2100-Jan-31 13:00:00, 1337.1044181133386, 2.2730080587764991, null, null, 1337.1044181133386, 2.2730080587764991
2100-Jan-31 14:00:00, 1337.4623797483293, 2.2736165749627033, null, null, 1337.4623797483293, 2.2736165749627033
2100-Jan-31 15:00:00, 1337.4705677850357, 2.2736304941998, null, null, 1337.4705677850357, 2.2736304941998
2100-Jan-31 16:00:00, 1337.3649300815111, 2.2734509155908529, null, null, 1337.3649300815111, 2.2734509155908529
2100-Jan-31 17:00:00, 1337.4300480577624, 2.2735616127681153, null, null, 1337.4300480577624, 2.2735616127681153
2100-Jan-31 18:00:00, 1337.9312634626349, 2.2744136529222163, null, null, 1337.9312634626349, 2.2744136529222163
2100-Jan-31 19:00:00, 1339.0168909398233, 2.2762591632436617, null, null, 1339.0168909398233, 2.2762591632436617
2100-Jan-31 20:00:00, 1340.6968911365473, 2.2791150763153483, null, null, 1340.6968911365473, 2.2791150763153483
2100-Jan-31 21:00:00, 1342.880221462038, 2.2828266244619124, null, null, 1342.880221462038, 2.2828266244619124
2100-Jan-31 22:00:00, 1345.4824629299051, 2.2872502997913906, null, null, 1345.4824629299051, 2.2872502997913906
2100-Jan-31 23:00:00, 1348.4520548333207, 2.2922984517803471, null, null, 1348.4520548333207, 2.2922984517803471
2100-Feb-01 00:00:00, 1351.7637460368946, 2.2979281548102151, null, null, 1351.7637460368946, 2.2979281548102151
2100-Feb-01 01:00:00, 1355.4056184425503, 2.3041191487333164, null, null, 1355.4056184425503, 2.3041191487333164
2100-Feb-01 02:00:00, 1359.3714036216627, 2.3108607775465826, null, null, 1359.3714036216627, 2.3108607775465826
2100-Feb-01 03:00:00, 1363.6516023192203, 2.3181368930099064, null, null, 1363.6516023192203, 2.3181368930099064
2100-Feb-01 04:00:00, 1368.2428407175039, 2.325941759808408, null, null, 1368.2428407175039, 2.325941759808408
2100-Feb-01 05:00:00, 1372.9610504661591, 2.3339624713073825, null, null, 1372.9610504661591, 2.3339624713073825
2100-Feb-01 06:00:00, 1377.6754576695473, 2.3419767186769151, null, null, 1377.6754576695473, 2.3419767186769151
2100-Feb-01 07:00:00, 1381.9803543437558, 2.3492948194176808, null, null, 1381.9803543437558, 2.3492948194176808
2100-Feb-01 08:00:00, 1384.9444454996326, 2.3543336204215417, null, null, 1384.9444454996326, 2.3543336204215417
2100-Feb-01 09:00:00, 1385.3607883322452, 2.3550413816112603, null, null, 1385.3607883322452, 2.3550413816112603
2100-Feb-01 10:00:00, 1383.9544737067208, 2.3526507197948088, null, null, 1383.9544737067208, 2.3526507197948088
2100-Feb-01 11:00:00, 1381.3851176114058, 2.3482829478905338, null, null, 1381.3851176114058, 2.3482829478905338
2100-Feb-01 12:00:00, 1377.5300744837768, 2.3417295748126139, null, null, 1377.5300744837768, 2.3417295748126139
2100-Feb-01 13:00:00, 1372.6895749329922, 2.333500977002009, null, null, 1372.6895749329922, 2.333500977002009
2100-Feb-01 14:00:00, 1367.102486189028, 2.3240032163424122, null, null, 1367.102486189028, 2.3240032163424122
2100-Feb-01 15:00:00, 1361.259856820812, 2.3140710498949049, null, null, 1361.259856820812, 2.3140710498949049
2100-Feb-01 16:00:00, 1356.0348518742981, 2.3051888128835794, null, null, 1356.0348518742981, 2.3051888128835794
2100-Feb-01 17:00:00, 1352.0764209245262, 2.2984596858781976, null, null, 1352.0764209245262, 2.2984596858781976
2100-Feb-01 18:00:00, 1349.6289727698381, 2.2942991511408333, null, null, 1349.6289727698381, 2.2942991511408333
2100-Feb-01 19:00:00, 1348.5683844708742, 2.2924962061217817, null, null, 1348.5683844708742, 2.2924962061217817
2100-Feb-01 20:00:00, 1348.6107390734605, 2.2925682067461914, null, null, 1348.6107390734605, 2.2925682067461914
2100-Feb-01 21:00:00, 1349.4953662346884, 2.2940720269708832, null, null, 1349.4953662346884, 2.2940720269708832
2100-Feb-01 22:00:00, 1351.0821727916109, 2.2967695156955807, null, null, 1351.0821727916109, 2.2967695156955807
2100-Feb-01 23:00:00, 1353.2373171421561, 2.3004331491487768, null, null, 1353.2373171421561, 2.3004331491487768
2100-Feb-02 00:00:00, 1355.8162145801894, 2.3048171408400755, null, null, 1355.8162145801894, 2.3048171408400755
2100-Feb-02 01:00:00, 1358.8212185524765, 2.309925491506736, null, null, 1358.8212185524765, 2.309925491506736
2100-Feb-02 02:00:00, 1362.2604750067032, 2.3157720488367066, null, null, 1362.2604750067032, 2.3157720488367066
2100-Feb-02 03:00:00, 1365.9869464740846, 2.3221068567704877, null, null, 1365.9869464740846, 2.3221068567704877
2100-Feb-02 04:00:00, 1369.8841545071771, 2.3287319079975619, null, null, 1369.8841545071771, 2.3287319079975619
2100-Feb-02 05:00:00, 1373.9344355091473, 2.3356171753207957, null, null, 1373.9344355091473, 2.3356171753207957
2100-Feb-02 06:00:00, 1378.1432102176273, 2.3427718737126, null, null, 1378.1432102176273, 2.3427718737126
2100-Feb-02 07:00:00, 1382.3607122275478, 2.3499414080635384, null, null, 1382.3607122275478, 2.3499414080635384
2100-Feb-02 08:00:00, 1386.2096185966061, 2.3564843489706444, null, null, 1386.2096185966061, 2.3564843489706444
2100-Feb-02 09:00:00, 1389.1757602047551, 2.3615266356368632, null, null, 1389.1757602047551, 2.3615266356368632
2100-Feb-02 10:00:00, 1390.6725234736004, 2.3640710554488673, null, null, 1390.6725234736004, 2.3640710554488673
2100-Feb-02 11:00:00, 1390.5391091791123, 2.3638442580780565, null, null, 1390.5391091791123, 2.3638442580780565
2100-Feb-02 12:00:00, 1389.2072938902477, 2.3615802412642743, null, null, 1389.2072938902477, 2.3615802412642743
2100-Feb-02 13:00:00, 1387.1229867602783, 2.3580370274066236, null, null, 1387.1229867602783, 2.3580370274066236
2100-Feb-02 14:00:00, 1384.5449514960014, 2.3536545013659276, null, null, 1384.5449514960014, 2.3536545013659276
2100-Feb-02 15:00:00, 1381.6455306197859, 2.3487256364783806, null, null, 1381.6455306197859, 2.3487256364783806
2100-Feb-02 16:00:00, 1378.6283874509036, 2.3435966498080436, null, null, 1378.6283874509036, 2.3435966498080436
2100-Feb-02 17:00:00, 1375.9896922404794, 2.3391110050097024, null, null, 1375.9896922404794, 2.3391110050097024
2100-Feb-02 18:00:00, 1374.1574088085142, 2.3359962183480172, null, null, 1374.1574088085142, 2.3359962183480172
2100-Feb-02 19:00:00, 1373.2700824739279, 2.3344878096688171, null, null, 1373.2700824739279, 2.3344878096688171
2100-Feb-02 20:00:00, 1373.263430779735, 2.334476502134192, null, null, 1373.263430779735, 2.334476502134192
2100-Feb-02 21:00:00, 1373.9984274346364, 2.3357259582702521, null, null, 1373.9984274346364, 2.3357259582702521
2100-Feb-02 22:00:00, 1375.338924846136, 2.338004734241546, null, null, 1375.338924846136, 2.338004734241546
2100-Feb-02 23:00:00, 1377.1459385029796, 2.3410765635980897, null, null, 1377.1459385029796, 2.3410765635980897
2100-Feb-03 00:00:00, 1379.3442932352098, 2.3448136524557115, null, null, 1379.3442932352098, 2.3448136524557115
2100-Feb-03 01:00:00, 1381.9141186178824, 2.349182222124119, null, null, 1381.9141186178824, 2.349182222124119
2100-Feb-03 02:00:00, 1384.8045458057284, 2.3540957982085886, null, null, 1384.8045458057284, 2.3540957982085886
2100-Feb-03 03:00:00, 1387.9379513872511, 2.3594224249415001, null, null, 1387.9379513872511, 2.3594224249415001
2100-Feb-03 04:00:00, 1391.2673926464129, 2.3650823021438923, null, null, 1391.2673926464129, 2.3650823021438923
2100-Feb-03 05:00:00, 1394.7708056647903, 2.3710379223004923, null, null, 1394.7708056647903, 2.3710379223004923
2100-Feb-03 06:00:00, 1398.3883391942152, 2.3771875413982131, null, null, 1398.3883391942152, 2.3771875413982131
2100-Feb-03 07:00:00, 1402.0013364397914, 2.3833294490490156, null, null, 1402.0013364397914, 2.3833294490490156
2100-Feb-03 08:00:00, 1405.4476809478738, 2.3891880557023724, null, null, 1405.4476809478738, 2.3891880557023724
2100-Feb-03 09:00:00, 1408.4010601428874, 2.3942086469291675, null, null, 1408.4010601428874, 2.3942086469291675
2100-Feb-03 10:00:00, 1410.4435596854826, 2.3976807900598565, null, null, 1410.4435596854826, 2.3976807900598565
2100-Feb-03 11:00:00, 1410.9025402002051, 2.3984610330944713, null, null, 1410.9025402002051, 2.3984610330944713
2100-Feb-03 12:00:00, 1409.5030342763123, 2.396081945717135, null, null, 1409.5030342763123, 2.396081945717135
2100-Feb-03 13:00:00, 1406.822951339117, 2.3915259439330487, null, null, 1406.822951339117, 2.3915259439330487
2100-Feb-03 14:00:00, 1403.5406833436464, 2.3859462588286529, null, null, 1403.5406833436464, 2.3859462588286529
2100-Feb-03 15:00:00, 1400.0938384986496, 2.3800868016285301, null, null, 1400.0938384986496, 2.3800868016285301
2100-Feb-03 16:00:00, 1396.8335246308702, 2.374544437400866, null, null, 1396.8335246308702, 2.374544437400866
2100-Feb-03 17:00:00, 1394.2275683662147, 2.3701144471098017, null, null, 1394.2275683662147, 2.3701144471098017
2100-Feb-03 18:00:00, 1392.634172333366, 2.3674057566183007, null, null, 1392.634172333366, 2.3674057566183007
2100-Feb-03 19:00:00, 1392.1094379414521, 2.3665137354078554, null, null, 1392.1094379414521, 2.3665137354078554
2100-Feb-03 20:00:00, 1392.5547104597397, 2.3672706755605528, null, null, 1392.5547104597397, 2.3672706755605528
2100-Feb-03 21:00:00, 1393.7891002955373, 2.3693690741646041, null, null, 1393.7891002955373, 2.3693690741646041
2100-Feb-03 22:00:00, 1395.645003718402, 2.3725240135839463, null, null, 1395.645003718402, 2.3725240135839463
2100-Feb-03 23:00:00, 1397.9931178410925, 2.3765156856265333, null, null, 1397.9931178410925, 2.3765156856265333
2100-Feb-04 00:00:00, 1400.7941112360729, 2.3812772289085107, null, null, 1400.7941112360729, 2.3812772289085107
2100-Feb-04 01:00:00, 1403.9895975348588, 2.3867093896361666, null, null, 1403.9895975348588, 2.3867093896361666
2100-Feb-04 02:00:00, 1407.4879457376667, 2.3926563998693751, null, null, 1407.4879457376667, 2.3926563998693751
2100-Feb-04 03:00:00, 1411.1966694946445, 2.3989610376173238, null, null, 1411.1966694946445, 2.3989610376173238
2100-Feb-04 04:00:00, 1415.123345959254, 2.4056361836473243, null, null, 1415.123345959254, 2.4056361836473243
2100-Feb-04 05:00:00, 1419.2839201961046, 2.4127089437409928, null, null, 1419.2839201961046, 2.4127089437409928
2100-Feb-04 06:00:00, 1423.6774058720359, 2.4201776411831877, null, null, 1423.6774058720359, 2.4201776411831877
2100-Feb-04 07:00:00, 1428.2399141513324, 2.4279336682717143, null, null, 1428.2399141513324, 2.4279336682717143
2100-Feb-04 08:00:00, 1432.7181832489339, 2.4355464931269193, null, null, 1432.7181832489339, 2.4355464931269193
2100-Feb-04 09:00:00, 1436.6466111456004, 2.442224616500444, null, null, 1436.6466111456004, 2.442224616500444
2100-Feb-04 10:00:00, 1439.1740029350169, 2.4465210512644058, null, null, 1439.1740029350169, 2.4465210512644058
2100-Feb-04 11:00:00, 1439.6814128927927, 2.4473836218366838, null, null, 1439.6814128927927, 2.4473836218366838
2100-Feb-04 12:00:00, 1437.8236945064625, 2.4442255970737237, null, null, 1437.8236945064625, 2.4442255970737237
2100-Feb-04 13:00:00, 1433.6859089368015, 2.4371915765305863, null, null, 1433.6859089368015, 2.4371915765305863
2100-Feb-04 14:00:00, 1427.0873569121131, 2.4259743808312888, null, null, 1427.0873569121131, 2.4259743808312888
2100-Feb-04 15:00:00, 1418.9399536844267, 2.412124218537484, null, null, 1418.9399536844267, 2.412124218537484
2100-Feb-04 16:00:00, 1409.4486912747502, 2.3959895654371692, null, null, 1409.4486912747502, 2.3959895654371692
2100-Feb-04 17:00:00, 1400.4014024334731, 2.3806096443422122, null, null, 1400.4014024334731, 2.3806096443422122
2100-Feb-04 18:00:00, 1393.3442315490238, 2.3686128204029497, null, null, 1393.3442315490238, 2.3686128204029497
2100-Feb-04 19:00:00, 1388.7218493896464, 2.3607550108282611, null, null, 1388.7218493896464, 2.3607550108282611
2100-Feb-04 20:00:00, 1386.33186929763, 2.3566921688124265, null, null, 1386.33186929763, 2.3566921688124265
2100-Feb-04 21:00:00, 1385.7589757054579, 2.3557182794630322, null, null, 1385.7589757054579, 2.3557182794630322
2100-Feb-04 22:00:00, 1386.5602618590206, 2.3570804243036005, null, null, 1386.5602618590206, 2.3570804243036005
2100-Feb-04 23:00:00, 1388.2661764027102, 2.359980390419083, null, null, 1388.2661764027102, 2.359980390419083
2100-Feb-05 00:00:00, 1390.5779165441029, 2.3639102285828044, null, null, 1390.5779165441029, 2.3639102285828044
2100-Feb-05 01:00:00, 1393.3625616326071, 2.368643980592938, null, null, 1393.3625616326071, 2.368643980592938
2100-Feb-05 02:00:00, 1396.5460707956552, 2.3740557808119571, null, null, 1396.5460707956552, 2.3740557808119571
2100-Feb-05 03:00:00, 1400.0430855231793, 2.380000524206447, null, null, 1400.0430855231793, 2.380000524206447
2100-Feb-05 04:00:00, 1403.7326278553981, 2.3862725545286287, null, null, 1403.7326278553981, 2.3862725545286287
2100-Feb-05 05:00:00, 1407.5993898173426, 2.3928458490161844, null, null, 1407.5993898173426, 2.3928458490161844
2100-Feb-05 06:00:00, 1411.7371622163691, 2.399879847169927, null, null, 1411.7371622163691, 2.399879847169927
2100-Feb-05 07:00:00, 1416.1757838496781, 2.4074252733952073, null, null, 1416.1757838496781, 2.4074252733952073
2100-Feb-05 08:00:00, 1420.80628379022, 2.4152968827762211, null, null, 1420.80628379022, 2.4152968827762211
2100-Feb-05 09:00:00, 1425.315534604902, 2.4229623749412079, null, null, 1425.315534604902, 2.4229623749412079
2100-Feb-05 10:00:00, 1429.2527367944901, 2.4296554141569437, null, null, 1429.2527367944901, 2.4296554141569437
2100-Feb-05 11:00:00, 1432.0869160199738, 2.434473371627035, null, null, 1432.0869160199738, 2.434473371627035
2100-Feb-05 12:00:00, 1433.8028344562294, 2.4373903438402564, null, null, 1433.8028344562294, 2.4373903438402564
2100-Feb-05 13:00:00, 1434.7466754285208, 2.4389948244680664, null, null, 1434.7466754285208, 2.4389948244680664
2100-Feb-05 14:00:00, 1435.1688268812482, 2.4397124600102682, null, null, 1435.1688268812482, 2.4397124600102682
2100-Feb-05 15:00:00, 1435.2142620466909, 2.439789697431523, null, null, 1435.2142620466909, 2.439789697431523
2100-Feb-05 16:00:00, 1434.713717669317, 2.4389387979893153, null, null, 1434.713717669317, 2.4389387979893153
2100-Feb-05 17:00:00, 1433.9964337639453, 2.4377194526074182, null, null, 1433.9964337639453, 2.4377194526074182
2100-Feb-05 18:00:00, 1433.5620672205503, 2.4369810520455584, null, null, 1433.5620672205503, 2.4369810520455584
2100-Feb-05 19:00:00, 1433.7300334346403, 2.4372665858849931, null, null, 1433.7300334346403, 2.4372665858849931
2100-Feb-05 20:00:00, 1434.575716754365, 2.4387042036019544, null, null, 1434.575716754365, 2.4387042036019544
2100-Feb-05 21:00:00, 1436.0385325541388, 2.44119091447984, null, null, 1436.0385325541388, 2.44119091447984
2100-Feb-05 22:00:00, 1438.05031912304, 2.4446108471505461, null, null, 1438.05031912304, 2.4446108471505461
2100-Feb-05 23:00:00, 1440.5422830983689, 2.4488470564707541, null, null, 1440.5422830983689, 2.4488470564707541
2100-Feb-06 00:00:00, 1443.4426972857132, 2.4537776099356252, null, null, 1443.4426972857132, 2.4537776099356252
2100-Feb-06 01:00:00, 1446.6627285347081, 2.4592514958037199, null, null, 1446.6627285347081, 2.4592514958037199
2100-Feb-06 02:00:00, 1450.1404927698804, 2.465163514361123, null, null, 1450.1404927698804, 2.465163514361123
2100-Feb-06 03:00:00, 1453.815139613225, 2.4714102231259218, null, null, 1453.815139613225, 2.4714102231259218
2100-Feb-06 04:00:00, 1457.5935344443474, 2.477833298081054, null, null, 1457.5935344443474, 2.477833298081054
2100-Feb-06 05:00:00, 1461.4025514714217, 2.4843084291787236, null, null, 1461.4025514714217, 2.4843084291787236
2100-Feb-06 06:00:00, 1465.1995655266048, 2.4907631558476373, null, null, 1465.1995655266048, 2.4907631558476373
2100-Feb-06 07:00:00, 1468.9890406907139, 2.4972050667933114, null, null, 1468.9890406907139, 2.4972050667933114
2100-Feb-06 08:00:00, 1472.6225635519845, 2.5033818669246508, null, null, 1472.6225635519845, 2.5033818669246508
2100-Feb-06 09:00:00, 1475.6303375893733, 2.5084949265581011, null, null, 1475.6303375893733, 2.5084949265581011
2100-Feb-06 10:00:00, 1477.1800173978047, 2.5111293017388054, null, null, 1477.1800173978047, 2.5111293017388054
2100-Feb-06 11:00:00, 1476.2129880295761, 2.509485402042356, null, null, 1476.2129880295761, 2.509485402042356
2100-Feb-06 12:00:00, 1472.6078575010481, 2.503356867401922, null, null, 1472.6078575010481, 2.503356867401922
2100-Feb-06 13:00:00, 1466.7029204818014, 2.4933187811840529, null, null, 1466.7029204818014, 2.4933187811840529
2100-Feb-06 14:00:00, 1459.4556975389251, 2.4809988786171679, null, null, 1459.4556975389251, 2.4809988786171679
2100-Feb-06 15:00:00, 1451.8870651601283, 2.4681325967039003, null, null, 1451.8870651601283, 2.4681325967039003
2100-Feb-06 16:00:00, 1444.8626717472589, 2.4561914927637924, null, null, 1444.8626717472589, 2.4561914927637924
2100-Feb-06 17:00:00, 1439.1216412793938, 2.446432039169621, null, null, 1439.1216412793938, 2.446432039169621
2100-Feb-06 18:00:00, 1435.0152859213147, 2.4394514483536218, null, null, 1435.0152859213147, 2.4394514483536218
2100-Feb-06 19:00:00, 1432.5295876353398, 2.4352258903798623, null, null, 1432.5295876353398, 2.4352258903798623
2100-Feb-06 20:00:00, 1431.4717782790397, 2.4334276694189954, null, null, 1431.4717782790397, 2.4334276694189954
2100-Feb-06 21:00:00, 1431.5805296871431, 2.4336125411639942, null, null, 1431.5805296871431, 2.4336125411639942
2100-Feb-06 22:00:00, 1432.6081252015808, 2.4353594001630658, null, null, 1432.6081252015808, 2.4353594001630658
2100-Feb-06 23:00:00, 1434.3503403482616, 2.4383210754181035, null, null, 1434.3503403482616, 2.4383210754181035
2100-Feb-07 00:00:00, 1436.6548159904487, 2.4422385643105091, null, null, 1436.6548159904487, 2.4422385643105091
2100-Feb-07 01:00:00, 1439.4062129238503, 2.4469157961839469, null, null, 1439.4062129238503, 2.4469157961839469
2100-Feb-07 02:00:00, 1442.5257057895035, 2.4522187720225359, null, null, 1442.5257057895035, 2.4522187720225359
2100-Feb-07 03:00:00, 1445.9295238197778, 2.458005085872534, null, null, 1445.9295238197778, 2.458005085872534
2100-Feb-07 04:00:00, 1449.5026950060276, 2.4640792912911307, null, null, 1449.5026950060276, 2.4640792912911307
2100-Feb-07 05:00:00, 1453.2086734256702, 2.4703792621082079, null, null, 1453.2086734256702, 2.4703792621082079
2100-Feb-07 06:00:00, 1456.9995608273657, 2.4768235737844244, null, null, 1456.9995608273657, 2.4768235737844244
2100-Feb-07 07:00:00, 1460.7796197292269, 2.4832494775733771, null, null, 1460.7796197292269, 2.4832494775733771
2100-Feb-07 08:00:00, 1464.1014989351372, 2.4888964996780309, null, null, 1464.1014989351372, 2.4888964996780309
2100-Feb-07 09:00:00, 1466.291088245463, 2.4926186877737102, null, null, 1466.291088245463, 2.4926186877737102
2100-Feb-07 10:00:00, 1466.7469452594501, 2.4933936210193162, null, null, 1466.7469452594501, 2.4933936210193162
2100-Feb-07 11:00:00, 1465.2494412092792, 2.490847941917536, null, null, 1465.2494412092792, 2.490847941917536
2100-Feb-07 12:00:00, 1461.9149462330815, 2.4851794736586834, null, null, 1461.9149462330815, 2.4851794736586834
2100-Feb-07 13:00:00, 1457.0010304514756, 2.4768260720690756, null, null, 1457.0010304514756, 2.4768260720690756
2100-Feb-07 14:00:00, 1450.9590357743512, 2.4665549949518777, null, null, 1450.9590357743512, 2.4665549949518777
2100-Feb-07 15:00:00, 1444.5440720683619, 2.4556498898584049, null, null, 1444.5440720683619, 2.4556498898584049
2100-Feb-07 16:00:00, 1438.3982371826542, 2.4452022897802941, null, null, 1438.3982371826542, 2.4452022897802941
2100-Feb-07 17:00:00, 1433.1043066721784, 2.4362028828903721, null, null, 1433.1043066721784, 2.4362028828903721
2100-Feb-07 18:00:00, 1428.8738362092035, 2.4290113028428499, null, null, 1428.8738362092035, 2.4290113028428499
2100-Feb-07 19:00:00, 1425.8287058126559, 2.4238347393391972, null, null, 1425.8287058126559, 2.4238347393391972
2100-Feb-07 20:00:00, 1423.9788733490934, 2.4206901202353306, null, null, 1423.9788733490934, 2.4206901202353306
2100-Feb-07 21:00:00, 1423.1657883670596, 2.4193079179992174, null, null, 1423.1657883670596, 2.4193079179992174
2100-Feb-07 22:00:00, 1423.1865646242895, 2.4193432365573457, null, null, 1423.1865646242895, 2.4193432365573457
2100-Feb-07 23:00:00, 1423.8146692445409, 2.4204109817866981, null, null, 1423.8146692445409, 2.4204109817866981
2100-Feb-08 00:00:00, 1424.8850901029177, 2.4222306416460273, null, null, 1424.8850901029177, 2.4222306416460273
2100-Feb-08 01:00:00, 1426.2740082263388, 2.424591730312514, null, null, 1426.2740082263388, 2.424591730312514
2100-Feb-08 02:00:00, 1427.8580541442486, 2.4272845260942839, null, null, 1427.8580541442486, 2.4272845260942839
2100-Feb-08 03:00:00, 1429.627718884007, 2.4302928642317636, null, null, 1429.627718884007, 2.4302928642317636
2100-Feb-08 04:00:00, 1431.5762186941683, 2.4336052126998591, null, null, 1431.5762186941683, 2.4336052126998591
2100-Feb-08 05:00:00, 1433.6676016233534, 2.437160455048645, null, null, 1433.6676016233534, 2.437160455048645
2100-Feb-08 06:00:00, 1435.8575416416434, 2.4408832393296467, null, null, 1435.8575416416434, 2.4408832393296467
2100-Feb-08 07:00:00, 1438.1251694198104, 2.4447380887671737, null, null, 1438.1251694198104, 2.4447380887671737
2100-Feb-08 08:00:00, 1440.123708859199, 2.4481355020057918, null, null, 1440.123708859199, 2.4481355020057918
2100-Feb-08 09:00:00, 1440.8229094529067, 2.4493241066971452, null, null, 1440.8229094529067, 2.4493241066971452
2100-Feb-08 10:00:00, 1439.3221749180948, 2.4467729359392738, null, null, 1439.3221749180948, 2.4467729359392738
2100-Feb-08 11:00:00, 1435.3691908282763, 2.4400530683128911, null, null, 1435.3691908282763, 2.4400530683128911
2100-Feb-08 12:00:00, 1427.1710960992993, 2.4261167330999158, null, null, 1427.1710960992993, 2.4261167330999158
2100-Feb-08 13:00:00, 1416.1905644789726, 2.4074503996972711, null, null, 1416.1905644789726, 2.4074503996972711
2100-Feb-08 14:00:00, 1404.5231492926066, 2.3876163999105371, null, null, 1404.5231492926066, 2.3876163999105371
2100-Feb-08 15:00:00, 1393.2803304123529, 2.3685041917897687, null, null, 1393.2803304123529, 2.3685041917897687
2100-Feb-08 16:00:00, 1383.0588074300792, 2.3511281336473089, null, null, 1383.0588074300792, 2.3511281336473089
2100-Feb-08 17:00:00, 1374.4873724576978, 2.3365571394126232, null, null, 1374.4873724576978, 2.3365571394126232
2100-Feb-08 18:00:00, 1367.9698521112193, 2.3254776933573269, null, null, 1367.9698521112193, 2.3254776933573269
2100-Feb-08 19:00:00, 1363.4945390049545, 2.3178698935338535, null, null, 1363.4945390049545, 2.3178698935338535
2100-Feb-08 20:00:00, 1360.7715164534761, 2.3132408966358597, null, null, 1360.7715164534761, 2.3132408966358597
2100-Feb-08 21:00:00, 1359.4741936646126, 2.3110355152804662, null, null, 1359.4741936646126, 2.3110355152804662
2100-Feb-08 22:00:00, 1359.4115665039837, 2.3109290523603838, null, null, 1359.4115665039837, 2.3109290523603838
2100-Feb-08 23:00:00, 1360.3973352762002, 2.3126048080702484, null, null, 1360.3973352762002, 2.3126048080702484
2100-Feb-09 00:00:00, 1362.2853474243186, 2.3158143306547267, null, null, 1362.2853474243186, 2.3158143306547267
2100-Feb-09 01:00:00, 1364.9274388848096, 2.3203057489017733, null, null, 1364.9274388848096, 2.3203057489017733
2100-Feb-09 02:00:00, 1368.1524825866345, 2.3257881556793216, null, null, 1368.1524825866345, 2.3257881556793216
2100-Feb-09 03:00:00, 1371.7955259614312, 2.3319811401891397, null, null, 1371.7955259614312, 2.3319811401891397
2100-Feb-09 04:00:00, 1375.7708887555925, 2.3387390504505081, null, null, 1375.7708887555925, 2.3387390504505081
2100-Feb-09 05:00:00, 1380.0340009189172, 2.3459861196931464, null, null, 1380.0340009189172, 2.3459861196931464
2100-Feb-09 06:00:00, 1384.6495519735709, 2.3538323167446267, null, null, 1384.6495519735709, 2.3538323167446267
2100-Feb-09 07:00:00, 1389.4946578741112, 2.3620687451105526, null, null, 1389.4946578741112, 2.3620687451105526
2100-Feb-09 08:00:00, 1392.7169107339789, 2.3675464076017358, null, null, 1392.7169107339789, 2.3675464076017358
2100-Feb-09 09:00:00, 1393.9076692710491, 2.3695706352642523, null, null, 1393.9076692710491, 2.3695706352642523
2100-Feb-09 10:00:00, 1392.7046931064181, 2.367525638269492, null, null, 1392.7046931064181, 2.367525638269492
2100-Feb-09 11:00:00, 1388.6436861260356, 2.3606221373400871, null, null, 1388.6436861260356, 2.3606221373400871
2100-Feb-09 12:00:00, 1381.9302849118017, 2.3492097039840703, null, null, 1381.9302849118017, 2.3492097039840703
2100-Feb-09 13:00:00, 1373.0904977927362, 2.3341825250387971, null, null, 1373.0904977927362, 2.3341825250387971
2100-Feb-09 14:00:00, 1362.9627843020178, 2.3169659381593188, null, null, 1362.9627843020178, 2.3169659381593188
2100-Feb-09 15:00:00, 1352.4548487627708, 2.2991029935468754, null, null, 1352.4548487627708, 2.2991029935468754
2100-Feb-09 16:00:00, 1342.1613579192178, 2.2816045937784026, null, null, 1342.1613579192178, 2.2816045937784026
2100-Feb-09 17:00:00, 1333.1427371459079, 2.2662734069099102, null, null, 1333.1427371459079, 2.2662734069099102
2100-Feb-09 18:00:00, 1326.1535768395124, 2.2543921974207266, null, null, 1326.1535768395124, 2.2543921974207266
2100-Feb-09 19:00:00, 1321.3357889961219, 2.2462022083329978, null, null, 1321.3357889961219, 2.2462022083329978
2100-Feb-09 20:00:00, 1318.4583754475009, 2.2413107547592546, null, null, 1318.4583754475009, 2.2413107547592546
2100-Feb-09 21:00:00, 1317.1548286619704, 2.2390947929328151, null, null, 1317.1548286619704, 2.2390947929328151
2100-Feb-09 22:00:00, 1317.1026559654676, 2.23900610205872, null, null, 1317.1026559654676, 2.23900610205872
2100-Feb-09 23:00:00, 1318.0610875543387, 2.2406353859768475, null, null, 1318.0610875543387, 2.2406353859768475
2100-Feb-10 00:00:00, 1319.8554015416642, 2.2436856265548579, null, null, 1319.8554015416642, 2.2436856265548579
2100-Feb-10 01:00:00, 1322.3599381903268, 2.2479432087666824, null, null, 1322.3599381903268, 2.2479432087666824
2100-Feb-10 02:00:00, 1325.4538661983277, 2.253202725675155, null, null, 1325.4538661983277, 2.253202725675155
2100-Feb-10 03:00:00, 1328.9978437362342, 2.2592273034079478, null, null, 1328.9978437362342, 2.2592273034079478
2100-Feb-10 04:00:00, 1332.8860456843811, 2.2658370447584093, null, null, 1332.8860456843811, 2.2658370447584093
2100-Feb-10 05:00:00, 1337.0524393979704, 2.272919697660257, null, null, 1337.0524393979704, 2.272919697660257
2100-Feb-10 06:00:00, 1341.4503216199109, 2.2803958690023021, null, null, 1341.4503216199109, 2.2803958690023021
2100-Feb-10 07:00:00, 1346.0061864065801, 2.288140602498439, null, null, 1346.0061864065801, 2.288140602498439
2100-Feb-10 08:00:00, 1350.3452591416785, 2.2955168007675408, null, null, 1350.3452591416785, 2.2955168007675408
2100-Feb-10 09:00:00, 1353.8321060565791, 2.3014442594087083, null, null, 1353.8321060565791, 2.3014442594087083
2100-Feb-10 10:00:00, 1355.3615934154677, 2.3040443084740283, null, null, 1355.3615934154677, 2.3040443084740283
2100-Feb-10 11:00:00, 1354.6570871958645, 2.3028466844942379, null, null, 1354.6570871958645, 2.3028466844942379
2100-Feb-10 12:00:00, 1351.7057835529961, 2.297829621598281, null, null, 1351.7057835529961, 2.297829621598281
2100-Feb-10 13:00:00, 1346.4631118444954, 2.2889173520092267, null, null, 1346.4631118444954, 2.2889173520092267
2100-Feb-10 14:00:00, 1339.0401368339494, 2.2762986800562355, null, null, 1339.0401368339494, 2.2762986800562355
2100-Feb-10 15:00:00, 1329.8484135280173, 2.2606732278735948, null, null, 1329.8484135280173, 2.2606732278735948
2100-Feb-10 16:00:00, 1319.2496684328144, 2.2426559117328653, null, null, 1319.2496684328144, 2.2426559117328653
2100-Feb-10 17:00:00, 1308.9646210583023, 2.2251718654231909, null, null, 1308.9646210583023, 2.2251718654231909
2100-Feb-10 18:00:00, 1300.5205003025387, 2.2108172987437875, null, null, 1300.5205003025387, 2.2108172987437875
2100-Feb-10 19:00:00, 1294.457312756228, 2.2005101948497749, null, null, 1294.457312756228, 2.2005101948497749
2100-Feb-10 20:00:00, 1290.6693017539822, 2.1940707729032169, null, null, 1290.6693017539822, 2.1940707729032169
2100-Feb-10 21:00:00, 1288.7789875795575, 2.1908573369935893, null, null, 1288.7789875795575, 2.1908573369935893
2100-Feb-10 22:00:00, 1288.4269158581928, 2.1902588333546156, null, null, 1288.4269158581928, 2.1902588333546156
2100-Feb-10 23:00:00, 1289.3508653252652, 2.1918294994567593, null, null, 1289.3508653252652, 2.1918294994567593
2100-Feb-11 00:00:00, 1291.3617692998225, 2.1952479317629243, null, null, 1291.3617692998225, 2.1952479317629243
2100-Feb-11 01:00:00, 1294.4028801901679, 2.2004176623148148, null, null, 1294.4028801901679, 2.2004176623148148
2100-Feb-11 02:00:00, 1298.1819089915523, 2.2068418149864626, null, null, 1298.1819089915523, 2.2068418149864626
2100-Feb-11 03:00:00, 1302.4780190946076, 2.2141449790126608, null, null, 1302.4780190946076, 2.2141449790126608
2100-Feb-11 04:00:00, 1307.1954711024532, 2.2221644023916176, null, null, 1307.1954711024532, 2.2221644023916176
2100-Feb-11 05:00:00, 1312.2735606582319, 2.2307968908697875, null, null, 1312.2735606582319, 2.2307968908697875
2100-Feb-11 06:00:00, 1317.6758602937746, 2.2399805196434031, null, null, 1317.6758602937746, 2.2399805196434031
2100-Feb-11 07:00:00, 1323.2773516398877, 2.2495027639785516, null, null, 1323.2773516398877, 2.2495027639785516
2100-Feb-11 08:00:00, 1328.5687717867736, 2.2584979033807642, null, null, 1328.5687717867736, 2.2584979033807642
2100-Feb-11 09:00:00, 1332.6781758374716, 2.2654836768158599, null, null, 1332.6781758374716, 2.2654836768158599
2100-Feb-11 10:00:00, 1335.1124085757644, 2.2696217460317891, null, null, 1335.1124085757644, 2.2696217460317891
2100-Feb-11 11:00:00, 1335.1878533357074, 2.2697499982049325, null, null, 1335.1878533357074, 2.2697499982049325
2100-Feb-11 12:00:00, 1332.4985477584175, 2.2651783184117287, null, null, 1332.4985477584175, 2.2651783184117287
2100-Feb-11 13:00:00, 1327.3599947939692, 2.2564430452794166, null, null, 1327.3599947939692, 2.2564430452794166
2100-Feb-11 14:00:00, 1320.604045224793, 2.2449582819300495, null, null, 1320.604045224793, 2.2449582819300495
2100-Feb-11 15:00:00, 1312.1925389459561, 2.2306591581673572, null, null, 1312.1925389459561, 2.2306591581673572
2100-Feb-11 16:00:00, 1302.8799469821472, 2.2148282355444984, null, null, 1302.8799469821472, 2.2148282355444984
2100-Feb-11 17:00:00, 1294.1611964856897, 2.2000068125707619, null, null, 1294.1611964856897, 2.2000068125707619
2100-Feb-11 18:00:00, 1287.1485032928142, 2.1880855983969094, null, null, 1287.1485032928142, 2.1880855983969094
2100-Feb-11 19:00:00, 1282.1486615603731, 2.1795861271540566, null, null, 1282.1486615603731, 2.1795861271540566
2100-Feb-11 20:00:00, 1279.081117884793, 2.1743714622402419, null, null, 1279.081117884793, 2.1743714622402419
2100-Feb-11 21:00:00, 1277.7733954900978, 2.1721484020951123, null, null, 1277.7733954900978, 2.1721484020951123
2100-Feb-11 22:00:00, 1278.0162573249213, 2.1725612545995574, null, null, 1278.0162573249213, 2.1725612545995574
2100-Feb-11 23:00:00, 1279.434305187573, 2.1749718623096768, null, null, 1279.434305187573, 2.1749718623096768
2100-Feb-12 00:00:00, 1281.7683736896699, 2.1789396575268136, null, null, 1281.7683736896699, 2.1789396575268136
2100-Feb-12 01:00:00, 1284.7848442146139, 2.184067500737394, null, null, 1284.7848442146139, 2.184067500737394
2100-Feb-12 02:00:00, 1288.3053029638324, 2.1900520977510323, null, null, 1288.3053029638324, 2.1900520977510323
2100-Feb-12 03:00:00, 1292.1592742010466, 2.1966036486709233, null, null, 1292.1592742010466, 2.1966036486709233
2100-Feb-12 04:00:00, 1296.3230843766414, 2.2036819096923748, null, null, 1296.3230843766414, 2.2036819096923748
2100-Feb-12 05:00:00, 1300.6879550785693, 2.2111019631650861, null, null, 1300.6879550785693, 2.2111019631650861
2100-Feb-12 06:00:00, 1305.1900464531666, 2.2187552846538052, null, null, 1305.1900464531666, 2.2187552846538052
2100-Feb-12 07:00:00, 1309.8000986643533, 2.2265921339570132, null, null, 1309.8000986643533, 2.2265921339570132
2100-Feb-12 08:00:00, 1314.1910359333929, 2.2340564992398622, null, null, 1314.1910359333929, 2.2340564992398622
2100-Feb-12 09:00:00, 1317.6192125386324, 2.2398842214020647, null, null, 1317.6192125386324, 2.2398842214020647
2100-Feb-12 10:00:00, 1318.7601075082362, 2.2418236835899066, null, null, 1318.7601075082362, 2.2418236835899066
2100-Feb-12 11:00:00, 1317.124676180835, 2.239043535281068, null, null, 1317.124676180835, 2.239043535281068
2100-Feb-12 12:00:00, 1312.258549874, 2.2307713733162853, null, null, 1312.258549874, 2.2307713733162853
2100-Feb-12 13:00:00, 1304.7181701939135, 2.2179531195233202, null, null, 1304.7181701939135, 2.2179531195233202
2100-Feb-12 14:00:00, 1295.2676831569629, 2.2018877824386811, null, null, 1295.2676831569629, 2.2018877824386811
2100-Feb-12 15:00:00, 1285.0893465176034, 2.1845851388359856, null, null, 1285.0893465176034, 2.1845851388359856
2100-Feb-12 16:00:00, 1275.1804383989618, 2.1677405097238269, null, null, 1275.1804383989618, 2.1677405097238269
2100-Feb-12 17:00:00, 1266.5957591805891, 2.1531470009588904, null, null, 1266.5957591805891, 2.1531470009588904
2100-Feb-12 18:00:00, 1259.8913298052378, 2.1417498192629583, null, null, 1259.8913298052378, 2.1417498192629583
2100-Feb-12 19:00:00, 1255.1307531344696, 2.1336570861970188, null, null, 1255.1307531344696, 2.1336570861970188
2100-Feb-12 20:00:00, 1252.0774060995348, 2.1284665548348976, null, null, 1252.0774060995348, 2.1284665548348976
2100-Feb-12 21:00:00, 1250.454935646572, 2.1257084393393892, null, null, 1250.454935646572, 2.1257084393393892
2100-Feb-12 22:00:00, 1250.038227654838, 2.1250000573981311, null, null, 1250.038227654838, 2.1250000573981311
2100-Feb-12 23:00:00, 1250.709027918411, 2.1261403830034284, null, null, 1250.709027918411, 2.1261403830034284
2100-Feb-13 00:00:00, 1252.3626275620684, 2.1289514165062018, null, null, 1252.3626275620684, 2.1289514165062018
2100-Feb-13 01:00:00, 1254.8609403861299, 2.1331984185394828, null, null, 1254.8609403861299, 2.1331984185394828
2100-Feb-13 02:00:00, 1258.0615190418328, 2.1386392360093898, null, null, 1258.0615190418328, 2.1386392360093898
2100-Feb-13 03:00:00, 1261.772554935789, 2.1449478042701045, null, null, 1261.772554935789, 2.1449478042701045
2100-Feb-13 04:00:00, 1265.843905424666, 2.1518688886266868, null, null, 1265.843905424666, 2.1518688886266868
2100-Feb-13 05:00:00, 1270.162453219848, 2.159210195564039, null, null, 1270.162453219848, 2.159210195564039
2100-Feb-13 06:00:00, 1274.6119900161059, 2.1667741769993767, null, null, 1274.6119900161059, 2.1667741769993767
2100-Feb-13 07:00:00, 1279.2422315362028, 2.1746453470790565, null, null, 1279.2422315362028, 2.1746453470790565
2100-Feb-13 08:00:00, 1283.5928757173117, 2.1820412162053313, null, null, 1283.5928757173117, 2.1820412162053313
2100-Feb-13 09:00:00, 1286.4672967729352, 2.186927582696415, null, null, 1286.4672967729352, 2.186927582696415
2100-Feb-13 10:00:00, 1286.6389895853856, 2.1872194515594949, null, null, 1286.6389895853856, 2.1872194515594949
2100-Feb-13 11:00:00, 1283.3645606387047, 2.1816530924308646, null, null, 1283.3645606387047, 2.1816530924308646
2100-Feb-13 12:00:00, 1277.3460970292062, 2.1714220169063774, null, null, 1277.3460970292062, 2.1714220169063774
2100-Feb-13 13:00:00, 1269.5368055653094, 2.158146627048779, null, null, 1269.5368055653094, 2.158146627048779
2100-Feb-13 14:00:00, 1260.4097049767179, 2.1426310301289773, null, null, 1260.4097049767179, 2.1426310301289773
2100-Feb-13 15:00:00, 1250.4717229763114, 2.125736976927977, null, null, 1250.4717229763114, 2.125736976927977
2100-Feb-13 16:00:00, 1240.2489494124493, 2.1083587928617744, null, null, 1240.2489494124493, 2.1083587928617744
2100-Feb-13 17:00:00, 1230.7993934197402, 2.0922950385039853, null, null, 1230.7993934197402, 2.0922950385039853
2100-Feb-13 18:00:00, 1223.0260083633927, 2.0790806876741663, null, null, 1223.0260083633927, 2.0790806876741663
2100-Feb-13 19:00:00, 1217.2213378166143, 2.0692130492514416, null, null, 1217.2213378166143, 2.0692130492514416
2100-Feb-13 20:00:00, 1213.2666496682107, 2.0624902848139768, null, null, 1213.2666496682107, 2.0624902848139768
2100-Feb-13 21:00:00, 1210.8877871210896, 2.0584463420469956, null, null, 1210.8877871210896, 2.0584463420469956
2100-Feb-13 22:00:00, 1209.9230242864039, 2.0568062953398414, null, null, 1209.9230242864039, 2.0568062953398414
2100-Feb-13 23:00:00, 1210.1442727835215, 2.0571824062928288, null, null, 1210.1442727835215, 2.0571824062928288
2100-Feb-14 00:00:00, 1211.2954505717994, 2.0591393487383054, null, null, 1211.2954505717994, 2.0591393487383054
2100-Feb-14 01:00:00, 1213.3428361651613, 2.062619797901506, null, null, 1213.3428361651613, 2.062619797901506
2100-Feb-14 02:00:00, 1216.2435802467708, 2.0675509121694926, null, null, 1216.2435802467708, 2.0675509121694926
2100-Feb-14 03:00:00, 1219.9765806437331, 2.0738968189444353, null, null, 1219.9765806437331, 2.0738968189444353
2100-Feb-14 04:00:00, 1224.3298008029697, 2.0812970670997251, null, null, 1224.3298008029697, 2.0812970670997251
2100-Feb-14 05:00:00, 1229.1365610067483, 2.0894683097729123, null, null, 1229.1365610067483, 2.0894683097729123
2100-Feb-14 06:00:00, 1234.3098456935859, 2.0982626250292471, null, null, 1234.3098456935859, 2.0982626250292471
2100-Feb-14 07:00:00, 1239.3197938859721, 2.1067792767290561, null, null, 1239.3197938859721, 2.1067792767290561
2100-Feb-14 08:00:00, 1243.4571281384783, 2.1138125300564723, null, null, 1243.4571281384783, 2.1138125300564723
2100-Feb-14 09:00:00, 1245.7870699294833, 2.117773310079103, null, null, 1245.7870699294833, 2.117773310079103
2100-Feb-14 10:00:00, 1245.4029176199749, 2.1171202711066175, null, null, 1245.4029176199749, 2.1171202711066175
2100-Feb-14 11:00:00, 1242.0184047624346, 2.1113667750475162, null, null, 1242.0184047624346, 2.1113667750475162
2100-Feb-14 12:00:00, 1235.7716228960669, 2.1007475703456819, null, null, 1235.7716228960669, 2.1007475703456819
2100-Feb-14 13:00:00, 1226.7680157774962, 2.0854419059104052, null, null, 1226.7680157774962, 2.0854419059104052
2100-Feb-14 14:00:00, 1216.3154430231255, 2.0676730751565917, null, null, 1216.3154430231255, 2.0676730751565917
2100-Feb-14 15:00:00, 1205.4338135554142, 2.0491748702762074, null, null, 1205.4338135554142, 2.0491748702762074
2100-Feb-14 16:00:00, 1195.0976203090552, 2.0316038786410173, null, null, 1195.0976203090552, 2.0316038786410173
2100-Feb-14 17:00:00, 1186.1339120696325, 2.0163660402278607, null, null, 1186.1339120696325, 2.0163660402278607
2100-Feb-14 18:00:00, 1179.0263922623371, 2.0042836257349883, null, null, 1179.0263922623371, 2.0042836257349883
2100-Feb-14 19:00:00, 1173.894245208689, 1.9955592423183004, null, null, 1173.894245208689, 1.9955592423183004
2100-Feb-14 20:00:00, 1170.6153690981218, 1.9899853232420588, null, null, 1170.6153690981218, 1.9899853232420588
2100-Feb-14 21:00:00, 1168.9286991428773, 1.9871180719273287, null, null, 1168.9286991428773, 1.9871180719273287
2100-Feb-14 22:00:00, 1168.4781067033773, 1.9863520881848977, null, null, 1168.4781067033773, 1.9863520881848977
2100-Feb-14 23:00:00, 1168.9233297123415, 1.9871089441743173, null, null, 1168.9233297123415, 1.9871089441743173
2100-Feb-15 00:00:00, 1170.0322444298758, 1.9889940415947627, null, null, 1170.0322444298758, 1.9889940415947627
2100-Feb-15 01:00:00, 1171.6540736384043, 1.9917510670080401, null, null, 1171.6540736384043, 1.9917510670080401
2100-Feb-15 02:00:00, 1173.6726604111773, 1.9951825596721111, null, null, 1173.6726604111773, 1.9951825596721111
2100-Feb-15 03:00:00, 1176.0165349143592, 1.9991670245817481, null, null, 1176.0165349143592, 1.9991670245817481
2100-Feb-15 04:00:00, 1178.6664359125814, 2.0036717186372939, null, null, 1178.6664359125814, 2.0036717186372939
2100-Feb-15 05:00:00, 1181.5502418344734, 2.0085740389135642, null, null, 1181.5502418344734, 2.0085740389135642
2100-Feb-15 06:00:00, 1184.6077348598878, 2.0137716182441494, null, null, 1184.6077348598878, 2.0137716182441494
2100-Feb-15 07:00:00, 1187.8169466441891, 2.0192271115842506, null, null, 1187.8169466441891, 2.0192271115842506
2100-Feb-15 08:00:00, 1191.0075827275923, 2.0246510271976863, null, null, 1191.0075827275923, 2.0246510271976863
2100-Feb-15 09:00:00, 1193.3619411304853, 2.0286533141922765, null, null, 1193.3619411304853, 2.0286533141922765
2100-Feb-15 10:00:00, 1194.1778394327248, 2.0300402989266093, null, null, 1194.1778394327248, 2.0300402989266093
2100-Feb-15 11:00:00, 1193.1916986719723, 2.0283639108555556, null, null, 1193.1916986719723, 2.0283639108555556
2100-Feb-15 12:00:00, 1190.4569816607211, 2.0237150339833829, null, null, 1190.4569816607211, 2.0237150339833829
2100-Feb-15 13:00:00, 1186.0264400556441, 2.0161833433864027, null, null, 1186.0264400556441, 2.0161833433864027
2100-Feb-15 14:00:00, 1180.0054155834412, 2.0059479145283348, null, null, 1180.0054155834412, 2.0059479145283348
2100-Feb-15 15:00:00, 1172.6922622073316, 1.9935159336495185, null, null, 1172.6922622073316, 1.9935159336495185
2100-Feb-15 16:00:00, 1165.0345128263634, 1.9804981574614839, null, null, 1165.0345128263634, 1.9804981574614839
2100-Feb-15 17:00:00, 1158.2115461387575, 1.9688994684917964, null, null, 1158.2115461387575, 1.9688994684917964
2100-Feb-15 18:00:00, 1153.0117251192621, 1.9600600428482962, null, null, 1153.0117251192621, 1.9600600428482962
2100-Feb-15 19:00:00, 1149.7023149513261, 1.9544342174605307, null, null, 1149.7023149513261, 1.9544342174605307
2100-Feb-15 20:00:00, 1148.0716078207511, 1.9516621000409118, null, null, 1148.0716078207511, 1.9516621000409118
2100-Feb-15 21:00:00, 1147.8438106928286, 1.9512748567557057, null, null, 1147.8438106928286, 1.9512748567557057
2100-Feb-15 22:00:00, 1148.7793415763751, 1.9528652106642927, null, null, 1148.7793415763751, 1.9528652106642927
2100-Feb-15 23:00:00, 1150.6577899512076, 1.9560584753309478, null, null, 1150.6577899512076, 1.9560584753309478
2100-Feb-16 00:00:00, 1153.2873660933981, 1.9605286181869552, null, null, 1153.2873660933981, 1.9605286181869552
2100-Feb-16 01:00:00, 1156.5357545806417, 1.966050709887138, null, null, 1156.5357545806417, 1.966050709887138
2100-Feb-16 02:00:00, 1160.3436536004117, 1.972523940430462, null, null, 1160.3436536004117, 1.972523940430462
2100-Feb-16 03:00:00, 1164.6484057867081, 1.9798417955492817, null, null, 1164.6484057867081, 1.9798417955492817
2100-Feb-16 04:00:00, 1169.4000189495864, 1.987919291117392, null, null, 1169.4000189495864, 1.987919291117392
2100-Feb-16 05:00:00, 1174.3833862349506, 1.9963907566559314, null, null, 1174.3833862349506, 1.9963907566559314
2100-Feb-16 06:00:00, 1179.5157433656409, 2.005115497192679, null, null, 1179.5157433656409, 2.005115497192679
2100-Feb-16 07:00:00, 1184.7502418961976, 2.0140138728037607, null, null, 1184.7502418961976, 2.0140138728037607
2100-Feb-16 08:00:00, 1190.0066991054337, 2.022949577028017, null, null, 1190.0066991054337, 2.022949577028017
2100-Feb-16 09:00:00, 1195.250877523074, 2.0318644079443473, null, null, 1195.250877523074, 2.0318644079443473
2100-Feb-16 10:00:00, 1200.4685901496678, 2.0407342483905868, null, null, 1200.4685901496678, 2.0407342483905868
2100-Feb-16 11:00:00, 1205.5468516412391, 2.049367029150674, null, null, 1205.5468516412391, 2.049367029150674
2100-Feb-16 12:00:00, 1210.4024648947584, 2.0576213194708903, null, null, 1210.4024648947584, 2.0576213194708903
2100-Feb-16 13:00:00, 1215.001906895722, 2.0654401319678355, null, null, 1215.001906895722, 2.0654401319678355
2100-Feb-16 14:00:00, 1219.4089638255311, 2.0729318998367035, null, null, 1219.4089638255311, 2.0729318998367035
2100-Feb-16 15:00:00, 1223.7197785901731, 2.0802600610238078, null, null, 1223.7197785901731, 2.0802600610238078
2100-Feb-16 16:00:00, 1228.0018126651421, 2.0875392965333979, null, null, 1228.0018126651421, 2.0875392965333979
2100-Feb-16 17:00:00, 1232.2674258938428, 2.0947906174572646, null, null, 1232.2674258938428, 2.0947906174572646
2100-Feb-16 18:00:00, 1236.5370958086255, 2.1020488345367583, null, null, 1236.5370958086255, 2.1020488345367583
2100-Feb-16 19:00:00, 1240.8126502857833, 2.1093170550666334, null, null, 1240.8126502857833, 2.1093170550666334
2100-Feb-16 20:00:00, 1245.0778009828937, 2.1165675897108214, null, null, 1245.0778009828937, 2.1165675897108214
2100-Feb-16 21:00:00, 1249.3127865654442, 2.1237668452270975, null, null, 1249.3127865654442, 2.1237668452270975
2100-Feb-16 22:00:00, 1253.5290045840072, 2.130934196859422, null, null, 1253.5290045840072, 2.130934196859422
2100-Feb-16 23:00:00, 1257.7025547080518, 2.1380290152873247, null, null, 1257.7025547080518, 2.1380290152873247
2100-Feb-17 00:00:00, 1261.8062526579909, 2.1450050886475172, null, null, 1261.8062526579909, 2.1450050886475172
2100-Feb-17 01:00:00, 1265.8269640141561, 2.1518400891087923, null, null, 1265.8269640141561, 2.1518400891087923
2100-Feb-17 02:00:00, 1269.7378162999487, 2.1584883348567452, null, null, 1269.7378162999487, 2.1584883348567452
2100-Feb-17 03:00:00, 1273.5236162391786, 2.1649239981110235, null, null, 1273.5236162391786, 2.1649239981110235
2100-Feb-17 04:00:00, 1277.1875330754158, 2.1711524664210788, null, null, 1277.1875330754158, 2.1711524664210788
2100-Feb-17 05:00:00, 1280.7409924496258, 2.1771931627830812, null, null, 1280.7409924496258, 2.1771931627830812
2100-Feb-17 06:00:00, 1284.1645862301132, 2.1830130943812471, null, null, 1284.1645862301132, 2.1830130943812471
2100-Feb-17 07:00:00, 1287.423844769678, 2.1885536646057626, null, null, 1287.423844769678, 2.1885536646057626
2100-Feb-17 08:00:00, 1290.2536885298071, 2.1933642520099443, null, null, 1290.2536885298071, 2.1933642520099443
2100-Feb-17 09:00:00, 1291.9773524409713, 2.1962943911281942, null, null, 1291.9773524409713, 2.1962943911281942
2100-Feb-17 10:00:00, 1291.8422289479806, 2.1960646882087085, null, null, 1291.8422289479806, 2.1960646882087085
2100-Feb-17 11:00:00, 1289.8684082642758, 2.1927092955708085, null, null, 1289.8684082642758, 2.1927092955708085
2100-Feb-17 12:00:00, 1286.393636139368, 2.1868023634454388, null, null, 1286.393636139368, 2.1868023634454388
2100-Feb-17 13:00:00, 1281.9950475507776, 2.1793249913167791, null, null, 1281.9950475507776, 2.1793249913167791
2100-Feb-17 14:00:00, 1276.953285916783, 2.1707542584186936, null, null, 1276.953285916783, 2.1707542584186936
2100-Feb-17 15:00:00, 1271.6279945622816, 2.161701539722876, null, null, 1271.6279945622816, 2.161701539722876
2100-Feb-17 16:00:00, 1266.4948664039644, 2.1529754884792114, null, null, 1266.4948664039644, 2.1529754884792114
2100-Feb-17 17:00:00, 1262.0862242069595, 2.1454810257384529, null, null, 1262.0862242069595, 2.1454810257384529
2100-Feb-17 18:00:00, 1258.7906520589756, 2.1398787242658299, null, null, 1258.7906520589756, 2.1398787242658299
2100-Feb-17 19:00:00, 1256.7165547223115, 2.1363528665264795, null, null, 1256.7165547223115, 2.1363528665264795
2100-Feb-17 20:00:00, 1255.7789506744339, 2.1347589883462144, null, null, 1255.7789506744339, 2.1347589883462144
2100-Feb-17 21:00:00, 1255.8357689946645, 2.1348555765393433, null, null, 1255.8357689946645, 2.1348555765393433
2100-Feb-17 22:00:00, 1256.7495872427733, 2.1364090200954862, null, null, 1256.7495872427733, 2.1364090200954862
2100-Feb-17 23:00:00, 1258.3530538856146, 2.1391348301008857, null, null, 1258.3530538856146, 2.1391348301008857
2100-Feb-18 00:00:00, 1260.5500920215495, 2.1428696808131926, null, null, 1260.5500920215495, 2.1428696808131926
2100-Feb-18 01:00:00, 1263.3179752915637, 2.1475749386025376, null, null, 1263.3179752915637, 2.1475749386025376
2100-Feb-18 02:00:00, 1266.5840387608794, 2.153127076854167, null, null, 1266.5840387608794, 2.153127076854167
2100-Feb-18 03:00:00, 1270.2626692279723, 2.1593805575724203, null, null, 1270.2626692279723, 2.1593805575724203
2100-Feb-18 04:00:00, 1274.2810399714654, 2.1662115791137291, null, null, 1274.2810399714654, 2.1662115791137291
2100-Feb-18 05:00:00, 1278.5857003455706, 2.1735292781565931, null, null, 1278.5857003455706, 2.1735292781565931
2100-Feb-18 06:00:00, 1283.1333850431961, 2.1812601059262469, null, null, 1283.1333850431961, 2.1812601059262469
2100-Feb-18 07:00:00, 1287.8243724898111, 2.1892345409257365, null, null, 1287.8243724898111, 2.1892345409257365
2100-Feb-18 08:00:00, 1292.3417721683491, 2.1969138857360089, null, null, 1292.3417721683491, 2.1969138857360089
2100-Feb-18 09:00:00, 1295.9318531036208, 2.2030168368496152, null, null, 1295.9318531036208, 2.2030168368496152
2100-Feb-18 10:00:00, 1297.5035536551879, 2.2056886461498464, null, null, 1297.5035536551879, 2.2056886461498464
2100-Feb-18 11:00:00, 1296.3080240613281, 2.2036563079386067, null, null, 1296.3080240613281, 2.2036563079386067
2100-Feb-18 12:00:00, 1291.7978102925547, 2.1959891788016828, null, null, 1291.7978102925547, 2.1959891788016828
2100-Feb-18 13:00:00, 1284.3865354397449, 2.1833903965091119, null, null, 1284.3865354397449, 2.1833903965091119
2100-Feb-18 14:00:00, 1275.1629556554492, 2.1677107899679458, null, null, 1275.1629556554492, 2.1677107899679458
2100-Feb-18 15:00:00, 1265.686569500833, 2.1516014257285296, null, null, 1265.686569500833, 2.1516014257285296
2100-Feb-18 16:00:00, 1256.8846096320517, 2.1366385511439123, null, null, 1256.8846096320517, 2.1366385511439123
2100-Feb-18 17:00:00, 1249.4910838336782, 2.1240699413219604, null, null, 1249.4910838336782, 2.1240699413219604
2100-Feb-18 18:00:00, 1243.9260680781761, 2.1146097035962312, null, null, 1243.9260680781761, 2.1146097035962312
2100-Feb-18 19:00:00, 1240.1729837890111, 2.1082296552477438, null, null, 1240.1729837890111, 2.1082296552477438
2100-Feb-18 20:00:00, 1238.1421115399983, 2.1047772779121989, null, null, 1238.1421115399983, 2.1047772779121989
2100-Feb-18 21:00:00, 1237.6166586537402, 2.1038840352986883, null, null, 1237.6166586537402, 2.1038840352986883
2100-Feb-18 22:00:00, 1238.2693151866233, 2.1049935175042362, null, null, 1238.2693151866233, 2.1049935175042362
2100-Feb-18 23:00:00, 1239.8244596007391, 2.1076371822307611, null, null, 1239.8244596007391, 2.1076371822307611
2100-Feb-19 00:00:00, 1242.1800433497672, 2.1116415522501337, null, null, 1242.1800433497672, 2.1116415522501337
2100-Feb-19 01:00:00, 1245.1687352166641, 2.116722173184916, null, null, 1245.1687352166641, 2.116722173184916
2100-Feb-19 02:00:00, 1248.6650713774504, 2.1226657630511978, null, null, 1248.6650713774504, 2.1226657630511978
2100-Feb-19 03:00:00, 1252.5438199122671, 2.1292594340900277, null, null, 1252.5438199122671, 2.1292594340900277
2100-Feb-19 04:00:00, 1256.6815370355457, 2.1362933382778699, null, null, 1256.6815370355457, 2.1362933382778699
2100-Feb-19 05:00:00, 1260.9798226404387, 2.1436002005441921, null, null, 1260.9798226404387, 2.1436002005441921
2100-Feb-19 06:00:00, 1265.3919578116811, 2.151100601159722, null, null, 1265.3919578116811, 2.151100601159722
2100-Feb-19 07:00:00, 1269.8781620486275, 2.158726915339646, null, null, 1269.8781620486275, 2.158726915339646
2100-Feb-19 08:00:00, 1273.9232766642569, 2.1656034000744535, null, null, 1273.9232766642569, 2.1656034000744535
2100-Feb-19 09:00:00, 1276.5205829312902, 2.1700186858188588, null, null, 1276.5205829312902, 2.1700186858188588
2100-Feb-19 10:00:00, 1276.557880761997, 2.1700820901937328, null, null, 1276.557880761997, 2.1700820901937328
2100-Feb-19 11:00:00, 1273.6368851000598, 2.1651165492910986, null, null, 1273.6368851000598, 2.1651165492910986
2100-Feb-19 12:00:00, 1268.4971141940305, 2.1563792057213615, null, null, 1268.4971141940305, 2.1563792057213615
2100-Feb-19 13:00:00, 1262.2638991700605, 2.1457830639469133, null, null, 1262.2638991700605, 2.1457830639469133
2100-Feb-19 14:00:00, 1255.7350093405882, 2.1346842903610819, null, null, 1255.7350093405882, 2.1346842903610819
2100-Feb-19 15:00:00, 1249.4817867105296, 2.1240541366955199, null, null, 1249.4817867105296, 2.1240541366955199
2100-Feb-19 16:00:00, 1243.9701305451238, 2.1146846075013452, null, null, 1243.9701305451238, 2.1146846075013452
2100-Feb-19 17:00:00, 1239.4507358137278, 2.1070018712048415, null, null, 1239.4507358137278, 2.1070018712048415
2100-Feb-19 18:00:00, 1235.9571626353238, 2.1010629782650945, null, null, 1235.9571626353238, 2.1010629782650945
2100-Feb-19 19:00:00, 1233.3687959337767, 2.0966628893176757, null, null, 1233.3687959337767, 2.0966628893176757
2100-Feb-19 20:00:00, 1231.5318411911778, 2.0935401616705511, null, null, 1231.5318411911778, 2.0935401616705511
2100-Feb-19 21:00:00, 1230.353973676958, 2.0915378480772939, null, null, 1230.353973676958, 2.0915378480772939
2100-Feb-19 22:00:00, 1229.8490744707296, 2.0906795456522325, null, null, 1229.8490744707296, 2.0906795456522325
2100-Feb-19 23:00:00, 1229.9379618316138, 2.0908306495487392, null, null, 1229.9379618316138, 2.0908306495487392
2100-Feb-20 00:00:00, 1230.502671400134, 2.0917906264830206, null, null, 1230.502671400134, 2.0917906264830206
2100-Feb-20 01:00:00, 1231.4538544588631, 2.0934075882764112, null, null, 1231.4538544588631, 2.0934075882764112
2100-Feb-20 02:00:00, 1232.7833394742759, 2.0956676437463644, null, null, 1232.7833394742759, 2.0956676437463644
2100-Feb-20 03:00:00, 1234.4798947223865, 2.0985516995455038, null, null, 1234.4798947223865, 2.0985516995455038
2100-Feb-20 04:00:00, 1236.5156880594861, 2.1020124424751851, null, null, 1236.5156880594861, 2.1020124424751851
2100-Feb-20 05:00:00, 1238.8311066979227, 2.1059485338928123, null, null, 1238.8311066979227, 2.1059485338928123
2100-Feb-20 06:00:00, 1241.3774760103272, 2.1102772294601215, null, null, 1241.3774760103272, 2.1102772294601215
2100-Feb-20 07:00:00, 1244.0760247569872, 2.1148646221611451, null, null, 1244.0760247569872, 2.1148646221611451
2100-Feb-20 08:00:00, 1246.7011302590081, 2.1193271651610788, null, null, 1246.7011302590081, 2.1193271651610788
2100-Feb-20 09:00:00, 1248.8526261672837, 2.1229845964519241, null, null, 1248.8526261672837, 2.1229845964519241
2100-Feb-20 10:00:00, 1250.2459697586094, 2.1253532081839803, null, null, 1250.2459697586094, 2.1253532081839803
2100-Feb-20 11:00:00, 1250.489014547132, 2.1257663717002111, null, null, 1250.489014547132, 2.1257663717002111
2100-Feb-20 12:00:00, 1249.5989540716637, 2.1242533151235286, null, null, 1249.5989540716637, 2.1242533151235286
2100-Feb-20 13:00:00, 1247.8726290243139, 2.1213186522119885, null, null, 1247.8726290243139, 2.1213186522119885
2100-Feb-20 14:00:00, 1245.4501489799422, 2.1172005619652658, null, null, 1245.4501489799422, 2.1172005619652658
2100-Feb-20 15:00:00, 1242.4613158298794, 2.1121197008564399, null, null, 1242.4613158298794, 2.1121197008564399
2100-Feb-20 16:00:00, 1239.3544944302273, 2.1068382658518705, null, null, 1239.3544944302273, 2.1068382658518705
2100-Feb-20 17:00:00, 1236.7060070589582, 2.1023359748887183, null, null, 1236.7060070589582, 2.1023359748887183
2100-Feb-20 18:00:00, 1234.8936245918169, 2.0992550188335359, null, null, 1234.8936245918169, 2.0992550188335359
2100-Feb-20 19:00:00, 1234.0164781151632, 2.0977639153840579, null, null, 1234.0164781151632, 2.0977639153840579
2100-Feb-20 20:00:00, 1234.0195465684697, 2.0977691315952969, null, null, 1234.0195465684697, 2.0977691315952969
2100-Feb-20 21:00:00, 1234.7738594646628, 2.0990514243382266, null, null, 1234.7738594646628, 2.0990514243382266
2100-Feb-20 22:00:00, 1236.2225519025787, 2.1015141262345511, null, null, 1236.2225519025787, 2.1015141262345511
2100-Feb-20 23:00:00, 1238.3662616342137, 2.1051583214295375, null, null, 1238.3662616342137, 2.1051583214295375
2100-Feb-21 00:00:00, 1241.055285656128, 2.1097295225932275, null, null, 1241.055285656128, 2.1097295225932275
2100-Feb-21 01:00:00, 1244.0814725410248, 2.1148738831110396, null, null, 1244.0814725410248, 2.1148738831110396
2100-Feb-21 02:00:00, 1247.3182668981435, 2.1203762653922338, null, null, 1247.3182668981435, 2.1203762653922338
2100-Feb-21 03:00:00, 1250.6900708613096, 2.1261081569910254, null, null, 1250.6900708613096, 2.1261081569910254
2100-Feb-21 04:00:00, 1254.1969254475096, 2.1320696276341611, null, null, 1254.1969254475096, 2.1320696276341611
2100-Feb-21 05:00:00, 1257.8027393154157, 2.1381993239160439, null, null, 1257.8027393154157, 2.1381993239160439
2100-Feb-21 06:00:00, 1261.4061062386031, 2.1443248605190046, null, null, 1261.4061062386031, 2.1443248605190046
2100-Feb-21 07:00:00, 1264.8914947958124, 2.1502498400278469, null, null, 1264.8914947958124, 2.1502498400278469
2100-Feb-21 08:00:00, 1268.158617664528, 2.1558037792034295, null, null, 1268.158617664528, 2.1558037792034295
2100-Feb-21 09:00:00, 1271.1243291079672, 2.1608453346119849, null, null, 1271.1243291079672, 2.1608453346119849
2100-Feb-21 10:00:00, 1273.6767116388821, 2.1651842523384226, null, null, 1273.6767116388821, 2.1651842523384226
2100-Feb-21 11:00:00, 1275.6772621336174, 2.1685850842666716, null, null, 1275.6772621336174, 2.1685850842666716
2100-Feb-21 12:00:00, 1276.7995094892688, 2.1704928464793904, null, null, 1276.7995094892688, 2.1704928464793904
2100-Feb-21 13:00:00, 1276.8612892718752, 2.1705978689008494, null, null, 1276.8612892718752, 2.1705978689008494
2100-Feb-21 14:00:00, 1276.154914136165, 2.1693970678607526, null, null, 1276.154914136165, 2.1693970678607526
2100-Feb-21 15:00:00, 1275.0216217239608, 2.1674705296255974, null, null, 1275.0216217239608, 2.1674705296255974
2100-Feb-21 16:00:00, 1273.614798549145, 2.1650790033017655, null, null, 1273.614798549145, 2.1650790033017655
2100-Feb-21 17:00:00, 1272.0804054456842, 2.1624706147254877, null, null, 1272.0804054456842, 2.1624706147254877
2100-Feb-21 18:00:00, 1270.5780538047227, 2.1599166949711575, null, null, 1270.5780538047227, 2.1599166949711575
2100-Feb-21 19:00:00, 1269.4323474097207, 2.1579690536100546, null, null, 1269.4323474097207, 2.1579690536100546
2100-Feb-21 20:00:00, 1268.7983987121349, 2.1568913737527877, null, null, 1268.7983987121349, 2.1568913737527877
2100-Feb-21 21:00:00, 1268.8376209137509, 2.1569580494582512, null, null, 1268.8376209137509, 2.1569580494582512
2100-Feb-21 22:00:00, 1269.6777660753653, 2.1583862525940885, null, null, 1269.6777660753653, 2.1583862525940885
2100-Feb-21 23:00:00, 1271.2807724718336, 2.1611112802045604, null, null, 1271.2807724718336, 2.1611112802045604
2100-Feb-22 00:00:00, 1273.5066540319624, 2.1648951632398088, null, null, 1273.5066540319624, 2.1648951632398088
2100-Feb-22 01:00:00, 1276.198336544365, 2.1694708836992413, null, null, 1276.198336544365, 2.1694708836992413
2100-Feb-22 02:00:00, 1279.2519364866212, 2.1746618449906725, null, null, 1279.2519364866212, 2.1746618449906725
2100-Feb-22 03:00:00, 1282.567741235194, 2.1802985408333724, null, null, 1282.567741235194, 2.1802985408333724
2100-Feb-22 04:00:00, 1286.054134419302, 2.1862252281557604, null, null, 1286.054134419302, 2.1862252281557604
2100-Feb-22 05:00:00, 1289.6416981451669, 2.1923239001441237, null, null, 1289.6416981451669, 2.1923239001441237
2100-Feb-22 06:00:00, 1293.2796562275191, 2.198508239920927, null, null, 1293.2796562275191, 2.198508239920927
2100-Feb-22 07:00:00, 1296.9138199261295, 2.2046861294424573, null, null, 1296.9138199261295, 2.2046861294424573
2100-Feb-22 08:00:00, 1300.4855663805599, 2.2107579128909651, null, null, 1300.4855663805599, 2.2107579128909651
2100-Feb-22 09:00:00, 1303.9058517009216, 2.2165722202787657, null, null, 1303.9058517009216, 2.2165722202787657
2100-Feb-22 10:00:00, 1306.7292920272159, 2.2213719221780361, null, null, 1306.7292920272159, 2.2213719221780361
2100-Feb-22 11:00:00, 1308.7804743177435, 2.2248588255292097, null, null, 1308.7804743177435, 2.2248588255292097
2100-Feb-22 12:00:00, 1310.07766106189, 2.2270639756156507, null, null, 1310.07766106189, 2.2270639756156507
2100-Feb-22 13:00:00, 1310.52701206037, 2.2278278489728307, null, null, 1310.52701206037, 2.2278278489728307
2100-Feb-22 14:00:00, 1310.1727037468188, 2.2272255432433128, null, null, 1310.1727037468188, 2.2272255432433128
2100-Feb-22 15:00:00, 1309.2376981519214, 2.2256360822981445, null, null, 1309.2376981519214, 2.2256360822981445
2100-Feb-22 16:00:00, 1307.9315836168628, 2.2234157554308815, null, null, 1307.9315836168628, 2.2234157554308815
2100-Feb-22 17:00:00, 1306.5933678561385, 2.2211408581473915, null, null, 1306.5933678561385, 2.2211408581473915
2100-Feb-22 18:00:00, 1305.5640237377759, 2.2193910266124739, null, null, 1305.5640237377759, 2.2193910266124739
2100-Feb-22 19:00:00, 1305.0537952012444, 2.218523664602714, null, null, 1305.0537952012444, 2.218523664602714
2100-Feb-22 20:00:00, 1305.1330017307864, 2.2186583115887819, null, null, 1305.1330017307864, 2.2186583115887819
2100-Feb-22 21:00:00, 1305.8313486232844, 2.2198454650324217, null, null, 1305.8313486232844, 2.2198454650324217
2100-Feb-22 22:00:00, 1307.0325955815108, 2.2218875224661128, null, null, 1307.0325955815108, 2.2218875224661128
2100-Feb-22 23:00:00, 1308.5858683283136, 2.2245280054554235, null, null, 1308.5858683283136, 2.2245280054554235
2100-Feb-23 00:00:00, 1310.4516391384718, 2.2276997189206318, null, null, 1310.4516391384718, 2.2276997189206318
2100-Feb-23 01:00:00, 1312.6243136274165, 2.2313931526985544, null, null, 1312.6243136274165, 2.2313931526985544
2100-Feb-23 02:00:00, 1315.115067777047, 2.2356273053779163, null, null, 1315.115067777047, 2.2356273053779163
2100-Feb-23 03:00:00, 1317.9450155678151, 2.2404380696287807, null, null, 1317.9450155678151, 2.2404380696287807
2100-Feb-23 04:00:00, 1321.0161828021719, 2.2456588944043006, null, null, 1321.0161828021719, 2.2456588944043006
2100-Feb-23 05:00:00, 1324.2612524292269, 2.2511753442145515, null, null, 1324.2612524292269, 2.2511753442145515
2100-Feb-23 06:00:00, 1327.7407555605764, 2.2570903188051337, null, null, 1327.7407555605764, 2.2570903188051337
2100-Feb-23 07:00:00, 1331.4305319781843, 2.2633627470603184, null, null, 1331.4305319781843, 2.2633627470603184
2100-Feb-23 08:00:00, 1334.9807194598645, 2.2693978813749687, null, null, 1334.9807194598645, 2.2693978813749687
2100-Feb-23 09:00:00, 1337.9873133657857, 2.2745089348462226, null, null, 1337.9873133657857, 2.2745089348462226
2100-Feb-23 10:00:00, 1339.6825541333835, 2.2773907560967674, null, null, 1339.6825541333835, 2.2773907560967674
2100-Feb-23 11:00:00, 1339.6896642628044, 2.2774028429474678, null, null, 1339.6896642628044, 2.2774028429474678
2100-Feb-23 12:00:00, 1338.0438209561617, 2.2746049948147387, null, null, 1338.0438209561617, 2.2746049948147387
2100-Feb-23 13:00:00, 1335.1520089169417, 2.2696890645548651, null, null, 1335.1520089169417, 2.2696890645548651
2100-Feb-23 14:00:00, 1331.4603383332803, 2.2634134163157769, null, null, 1331.4603383332803, 2.2634134163157769
2100-Feb-23 15:00:00, 1327.6026979167709, 2.2568556279816687, null, null, 1327.6026979167709, 2.2568556279816687
2100-Feb-23 16:00:00, 1324.1799681316611, 2.251037165130767, null, null, 1324.1799681316611, 2.251037165130767
2100-Feb-23 17:00:00, 1321.5189804506535, 2.2465136242903521, null, null, 1321.5189804506535, 2.2465136242903521
2100-Feb-23 18:00:00, 1319.8097190770322, 2.2436079687378272, null, null, 1319.8097190770322, 2.2436079687378272
2100-Feb-23 19:00:00, 1319.1835499277518, 2.242543513708593, null, null, 1319.1835499277518, 2.242543513708593
2100-Feb-23 20:00:00, 1319.5955660419261, 2.2432439197017056, null, null, 1319.5955660419261, 2.2432439197017056
2100-Feb-23 21:00:00, 1320.8649185468664, 2.2454017530272652, null, null, 1320.8649185468664, 2.2454017530272652
2100-Feb-23 22:00:00, 1322.7791055684163, 2.2486557715369995, null, null, 1322.7791055684163, 2.2486557715369995
2100-Feb-23 23:00:00, 1325.1280823365453, 2.2526489100320242, null, null, 1325.1280823365453, 2.2526489100320242
2100-Feb-24 00:00:00, 1327.7758234985815, 2.25714993247824, null, null, 1327.7758234985815, 2.25714993247824
2100-Feb-24 01:00:00, 1330.6589055228385, 2.2620510221661316, null, null, 1330.6589055228385, 2.2620510221661316
2100-Feb-24 02:00:00, 1333.7524041879381, 2.2673098092139727, null, null, 1333.7524041879381, 2.2673098092139727
2100-Feb-24 03:00:00, 1337.01839766946, 2.2728618284899884, null, null, 1337.01839766946, 2.2728618284899884
2100-Feb-24 04:00:00, 1340.4293883715598, 2.2786603355095258, null, null, 1340.4293883715598, 2.2786603355095258
2100-Feb-24 05:00:00, 1343.952348221871, 2.2846491842651093, null, null, 1343.952348221871, 2.2846491842651093
2100-Feb-24 06:00:00, 1347.5196601471428, 2.290713429244386, null, null, 1347.5196601471428, 2.290713429244386
2100-Feb-24 07:00:00, 1351.0796029643602, 2.2967651471227368, null, null, 1351.0796029643602, 2.2967651471227368
2100-Feb-24 08:00:00, 1354.3800208662822, 2.3023756861253557, null, null, 1354.3800208662822, 2.3023756861253557
2100-Feb-24 09:00:00, 1356.8937124378153, 2.3066488312305342, null, null, 1356.8937124378153, 2.3066488312305342
2100-Feb-24 10:00:00, 1358.365922221466, 2.3091515113930674, null, null, 1358.365922221466, 2.3091515113930674
2100-Feb-24 11:00:00, 1358.6489627083913, 2.3096326655191222, null, null, 1358.6489627083913, 2.3096326655191222
2100-Feb-24 12:00:00, 1357.9381712947181, 2.3084243570358787, null, null, 1357.9381712947181, 2.3084243570358787
2100-Feb-24 13:00:00, 1356.4849615228254, 2.3059539759064336, null, null, 1356.4849615228254, 2.3059539759064336
2100-Feb-24 14:00:00, 1354.4736653849973, 2.3025348769430782, null, null, 1354.4736653849973, 2.3025348769430782
2100-Feb-24 15:00:00, 1352.1119335189755, 2.2985200554441625, null, null, 1352.1119335189755, 2.2985200554441625
2100-Feb-24 16:00:00, 1349.6491673053708, 2.2943334808022922, null, null, 1349.6491673053708, 2.2943334808022922
2100-Feb-24 17:00:00, 1347.3951831745576, 2.2905018248565869, null, null, 1347.3951831745576, 2.2905018248565869
2100-Feb-24 18:00:00, 1345.7056771421894, 2.2876297523580584, null, null, 1345.7056771421894, 2.2876297523580584
2100-Feb-24 19:00:00, 1344.7819927927314, 2.286059536942088, null, null, 1344.7819927927314, 2.286059536942088
2100-Feb-24 20:00:00, 1344.6552672198118, 2.2858441100505171, null, null, 1344.6552672198118, 2.2858441100505171
2100-Feb-24 21:00:00, 1345.2471146501716, 2.2868502199403284, null, null, 1345.2471146501716, 2.2868502199403284
2100-Feb-24 22:00:00, 1346.4171006308575, 2.2888391353359614, null, null, 1346.4171006308575, 2.2888391353359614
2100-Feb-24 23:00:00, 1348.0176906479021, 2.2915600552269249, null, null, 1348.0176906479021, 2.2915600552269249
2100-Feb-25 00:00:00, 1350.0888823505979, 2.295080973539454, null, null, 1350.0888823505979, 2.295080973539454
2100-Feb-25 01:00:00, 1352.6563218579231, 2.2994454873436978, null, null, 1352.6563218579231, 2.2994454873436978
2100-Feb-25 02:00:00, 1355.6528938912438, 2.3045395041520882, null, null, 1355.6528938912438, 2.3045395041520882
2100-Feb-25 03:00:00, 1358.9208153511704, 2.3100948008912483, null, null, 1358.9208153511704, 2.3100948008912483
2100-Feb-25 04:00:00, 1362.3288414412675, 2.3158882682243691, null, null, 1362.3288414412675, 2.3158882682243691
2100-Feb-25 05:00:00, 1365.7741048083931, 2.3217450369942561, null, null, 1365.7741048083931, 2.3217450369942561
2100-Feb-25 06:00:00, 1369.2470809570236, 2.3276489160532412, null, null, 1369.2470809570236, 2.3276489160532412
2100-Feb-25 07:00:00, 1372.7028351159547, 2.3335235186242835, null, null, 1372.7028351159547, 2.3335235186242835
2100-Feb-25 08:00:00, 1375.9105662460152, 2.3389764949290837, null, null, 1375.9105662460152, 2.3389764949290837
2100-Feb-25 09:00:00, 1378.3687378290101, 2.3431552589375721, null, null, 1378.3687378290101, 2.3431552589375721
2100-Feb-25 10:00:00, 1379.2180568225961, 2.3445990571112532, null, null, 1379.2180568225961, 2.3445990571112532
2100-Feb-25 11:00:00, 1377.4717877170256, 2.3416304903366743, null, null, 1377.4717877170256, 2.3416304903366743
2100-Feb-25 12:00:00, 1372.7182672497352, 2.333549752450133, null, null, 1372.7182672497352, 2.333549752450133
2100-Feb-25 13:00:00, 1365.2108855530885, 2.3207875935150311, null, null, 1365.2108855530885, 2.3207875935150311
2100-Feb-25 14:00:00, 1355.6074054095056, 2.3044621760959005, null, null, 1355.6074054095056, 2.3044621760959005
2100-Feb-25 15:00:00, 1344.9948440090498, 2.2864213729538889, null, null, 1344.9948440090498, 2.2864213729538889
2100-Feb-25 16:00:00, 1334.3658190076899, 2.2683525825454947, null, null, 1334.3658190076899, 2.2683525825454947
2100-Feb-25 17:00:00, 1324.8905517255268, 2.2522451203311324, null, null, 1324.8905517255268, 2.2522451203311324
2100-Feb-25 18:00:00, 1317.3309989615238, 2.2393942732913996, null, null, 1317.3309989615238, 2.2393942732913996
2100-Feb-25 19:00:00, 1311.8222865958605, 2.2300297484038802, null, null, 1311.8222865958605, 2.2300297484038802
2100-Feb-25 20:00:00, 1308.2670796326383, 2.223986081231331, null, null, 1308.2670796326383, 2.223986081231331
2100-Feb-25 21:00:00, 1306.4232178120651, 2.220851611910418, null, null, 1306.4232178120651, 2.220851611910418
2100-Feb-25 22:00:00, 1305.921063984018, 2.2199979764856641, null, null, 1305.921063984018, 2.2199979764856641
2100-Feb-25 23:00:00, 1306.4863475584607, 2.220958929200199, null, null, 1306.4863475584607, 2.220958929200199
2100-Feb-26 00:00:00, 1307.9057834254286, 2.2233718964455593, null, null, 1307.9057834254286, 2.2233718964455593
2100-Feb-26 01:00:00, 1310.0252289118123, 2.2269748436839549, null, null, 1310.0252289118123, 2.2269748436839549
2100-Feb-26 02:00:00, 1312.721279514918, 2.2315579896706947, null, null, 1312.721279514918, 2.2315579896706947
2100-Feb-26 03:00:00, 1315.8932104165233, 2.2369501074466602, null, null, 1315.8932104165233, 2.2369501074466602
2100-Feb-26 04:00:00, 1319.4574823294802, 2.2430091845629061, null, null, 1319.4574823294802, 2.2430091845629061
2100-Feb-26 05:00:00, 1323.3217333921791, 2.2495782106521656, null, null, 1323.3217333921791, 2.2495782106521656
2100-Feb-26 06:00:00, 1327.361325256373, 2.2564453069963961, null, null, 1327.361325256373, 2.2564453069963961
2100-Feb-26 07:00:00, 1331.423327852684, 2.2633505004211654, null, null, 1331.423327852684, 2.2633505004211654
2100-Feb-26 08:00:00, 1335.3000212571187, 2.2699406778450939, null, null, 1335.3000212571187, 2.2699406778450939
2100-Feb-26 09:00:00, 1338.8228667105363, 2.2759293321319003, null, null, 1338.8228667105363, 2.2759293321319003
2100-Feb-26 10:00:00, 1341.6097700340674, 2.280666923024282, null, null, 1341.6097700340674, 2.280666923024282
2100-Feb-26 11:00:00, 1343.060579125704, 2.2831332231219883, null, null, 1343.060579125704, 2.2831332231219883
2100-Feb-26 12:00:00, 1339.7747006956456, 2.2775474004663265, null, null, 1339.7747006956456, 2.2775474004663265
2100-Feb-26 13:00:00, 1332.8727949809274, 2.2658145192508075, null, null, 1332.8727949809274, 2.2658145192508075
2100-Feb-26 14:00:00, 1324.9091222201534, 2.2522766892074069, null, null, 1324.9091222201534, 2.2522766892074069
2100-Feb-26 15:00:00, 1317.4639637694504, 2.2396203065584031, null, null, 1317.4639637694504, 2.2396203065584031
2100-Feb-26 16:00:00, 1311.2128057248881, 2.2289936625809457, null, null, 1311.2128057248881, 2.2289936625809457
2100-Feb-26 17:00:00, 1306.3333086617602, 2.2206987710249702, null, null, 1306.3333086617602, 2.2206987710249702
2100-Feb-26 18:00:00, 1302.7148049963266, 2.2145475027464254, null, null, 1302.7148049963266, 2.2145475027464254
2100-Feb-26 19:00:00, 1300.1639619592963, 2.210211202079627, null, null, 1300.1639619592963, 2.210211202079627
2100-Feb-26 20:00:00, 1298.5892783796637, 2.2075343217866292, null, null, 1298.5892783796637, 2.2075343217866292
2100-Feb-26 21:00:00, 1297.898211406053, 2.2063595438269634, null, null, 1297.898211406053, 2.2063595438269634
2100-Feb-26 22:00:00, 1298.0636822646393, 2.2066408356916556, null, null, 1298.0636822646393, 2.2066408356916556
2100-Feb-26 23:00:00, 1299.0327655002843, 2.2082882268560304, null, null, 1299.0327655002843, 2.2082882268560304
2100-Feb-27 00:00:00, 1300.7547458996387, 2.2112155040916486, null, null, 1300.7547458996387, 2.2112155040916486
2100-Feb-27 01:00:00, 1303.1937273882845, 2.2153616459365173, null, null, 1303.1937273882845, 2.2153616459365173
2100-Feb-27 02:00:00, 1306.1658288855756, 2.2204140641047081, null, null, 1306.1658288855756, 2.2204140641047081
2100-Feb-27 03:00:00, 1309.4244187867937, 2.2259534976787649, null, null, 1309.4244187867937, 2.2259534976787649
2100-Feb-27 04:00:00, 1312.8520392196065, 2.2317802743767312, null, null, 1312.8520392196065, 2.2317802743767312
2100-Feb-27 05:00:00, 1316.3641731995767, 2.2377507197150535, null, null, 1316.3641731995767, 2.2377507197150535
2100-Feb-27 06:00:00, 1319.9406629944451, 2.2438305665959266, null, null, 1319.9406629944451, 2.2438305665959266
2100-Feb-27 07:00:00, 1323.4931332226454, 2.2498695814610903, null, null, 1323.4931332226454, 2.2498695814610903
2100-Feb-27 08:00:00, 1326.6354058395677, 2.2552112816936085, null, null, 1326.6354058395677, 2.2552112816936085
2100-Feb-27 09:00:00, 1328.9195941091807, 2.2590942831064069, null, null, 1328.9195941091807, 2.2590942831064069
2100-Feb-27 10:00:00, 1330.2583043246566, 2.2613700209372913, null, null, 1330.2583043246566, 2.2613700209372913
2100-Feb-27 11:00:00, 1330.7089941088918, 2.2621361701607157, null, null, 1330.7089941088918, 2.2621361701607157
2100-Feb-27 12:00:00, 1330.3744204615161, 2.261567412338636, null, null, 1330.3744204615161, 2.261567412338636
2100-Feb-27 13:00:00, 1329.296036602213, 2.2597342157913469, null, null, 1329.296036602213, 2.2597342157913469
2100-Feb-27 14:00:00, 1327.5811511374998, 2.256818999576093, null, null, 1327.5811511374998, 2.256818999576093
2100-Feb-27 15:00:00, 1325.4445924503366, 2.2531869607852681, null, null, 1325.4445924503366, 2.2531869607852681
2100-Feb-27 16:00:00, 1323.2268230093227, 2.2494168679311546, null, null, 1323.2268230093227, 2.2494168679311546
2100-Feb-27 17:00:00, 1321.1945405532813, 2.2459620933169098, null, null, 1321.1945405532813, 2.2459620933169098
2100-Feb-27 18:00:00, 1319.6087032900184, 2.2432662523410865, null, null, 1319.6087032900184, 2.2432662523410865
2100-Feb-27 19:00:00, 1318.6085588430626, 2.2415660587308679, null, null, 1318.6085588430626, 2.2415660587308679
2100-Feb-27 20:00:00, 1318.2219842786192, 2.2409089020508102, null, null, 1318.2219842786192, 2.2409089020508102
2100-Feb-27 21:00:00, 1318.3750983291832, 2.241169187983703, null, null, 1318.3750983291832, 2.241169187983703
2100-Feb-27 22:00:00, 1318.9798583406114, 2.2421972485906241, null, null, 1318.9798583406114, 2.2421972485906241
2100-Feb-27 23:00:00, 1320.0792500401362, 2.2440661573750988, null, null, 1320.0792500401362, 2.2440661573750988
2100-Feb-28 00:00:00, 1321.6627618424832, 2.2467580451881544, null, null, 1321.6627618424832, 2.2467580451881544
2100-Feb-28 01:00:00, 1323.6994705370118, 2.2502203441779192, null, null, 1323.6994705370118, 2.2502203441779192
2100-Feb-28 02:00:00, 1326.2016299222873, 2.2544738851654658, null, null, 1326.2016299222873, 2.2544738851654658
2100-Feb-28 03:00:00, 1329.1498556380009, 2.2594857157451331, null, null, 1329.1498556380009, 2.2594857157451331
2100-Feb-28 04:00:00, 1332.4956742081272, 2.2651734335254932, null, null, 1332.4956742081272, 2.2651734335254932
2100-Feb-28 05:00:00, 1336.234951214637, 2.2715300102106464, null, null, 1336.234951214637, 2.2715300102106464
2100-Feb-28 06:00:00, 1340.2459815230793, 2.2783485533936463, null, null, 1340.2459815230793, 2.2783485533936463
2100-Feb-28 07:00:00, 1343.647072858502, 2.2841302320040269, null, null, 1343.647072858502, 2.2841302320040269
2100-Feb-28 08:00:00, 1345.8338342493578, 2.2878476127834948, null, null, 1345.8338342493578, 2.2878476127834948
2100-Feb-28 09:00:00, 1346.5022253444104, 2.2889838429274447, null, null, 1346.5022253444104, 2.2889838429274447
2100-Feb-28 10:00:00, 1343.435600635232, 2.2837707402087797, null, null, 1343.435600635232, 2.2837707402087797
2100-Feb-28 11:00:00, 1336.8843485100592, 2.2726339518818026, null, null, 1336.8843485100592, 2.2726339518818026
2100-Feb-28 12:00:00, 1328.8127854669806, 2.2589127139625322, null, null, 1328.8127854669806, 2.2589127139625322
2100-Feb-28 13:00:00, 1320.1185835753977, 2.2441330223419764, null, null, 1320.1185835753977, 2.2441330223419764
2100-Feb-28 14:00:00, 1310.957554107508, 2.2285597480897055, null, null, 1310.957554107508, 2.2285597480897055
2100-Feb-28 15:00:00, 1301.8379766046601, 2.2130569400249032, null, null, 1301.8379766046601, 2.2130569400249032
2100-Feb-28 16:00:00, 1293.5501625844811, 2.1989680866770933, null, null, 1293.5501625844811, 2.1989680866770933
2100-Feb-28 17:00:00, 1286.6578357617561, 2.1872514890804147, null, null, 1286.6578357617561, 2.1872514890804147
2100-Feb-28 18:00:00, 1281.4430195190369, 2.1783865723363172, null, null, 1281.4430195190369, 2.1783865723363172
2100-Feb-28 19:00:00, 1277.9671330002498, 2.1724777457992368, null, null, 1277.9671330002498, 2.1724777457992368
2100-Feb-28 20:00:00, 1276.0983385681602, 2.1693008923337986, null, null, 1276.0983385681602, 2.1693008923337986
2100-Feb-28 21:00:00, 1275.6510071289947, 2.1685404521225529, null, null, 1275.6510071289947, 2.1685404521225529
2100-Feb-28 22:00:00, 1276.3579008790539, 2.1697421347801051, null, null, 1276.3579008790539, 2.1697421347801051
2100-Feb-28 23:00:00, 1277.9434505096769, 2.1724374867953813, null, null, 1277.9434505096769, 2.1724374867953813
2100-Mar-01 00:00:00, 1280.1973127829199, 2.1762689355895466, null, null, 1280.1973127829199, 2.1762689355895466
2100-Mar-01 01:00:00, 1282.9794200907381, 2.1809983735043317, null, null, 1282.9794200907381, 2.1809983735043317
2100-Mar-01 02:00:00, 1286.2001224949704, 2.1864734003014688, null, null, 1286.2001224949704, 2.1864734003014688
2100-Mar-01 03:00:00, 1289.8014700569724, 2.192595504095304, null, null, 1289.8014700569724, 2.192595504095304
2100-Mar-01 04:00:00, 1293.7450545819588, 2.1992993929497051, null, null, 1293.7450545819588, 2.1992993929497051
2100-Mar-01 05:00:00, 1297.9374544672155, 2.2064262549925724, null, null, 1297.9374544672155, 2.2064262549925724
2100-Mar-01 06:00:00, 1302.2138780887271, 2.2136959530227034, null, null, 1302.2138780887271, 2.2136959530227034
2100-Mar-01 07:00:00, 1306.4000504570056, 2.2208122286101784, null, null, 1306.4000504570056, 2.2208122286101784
2100-Mar-01 08:00:00, 1309.9803289402964, 2.2268985160645767, null, null, 1309.9803289402964, 2.2268985160645767
2100-Mar-01 09:00:00, 1312.3665695431523, 2.2309550011430752, null, null, 1312.3665695431523, 2.2309550011430752
2100-Mar-01 10:00:00, 1312.8774023165897, 2.2318233903241902, null, null, 1312.8774023165897, 2.2318233903241902
2100-Mar-01 11:00:00, 1311.647560193479, 2.2297327225954886, null, null, 1311.647560193479, 2.2297327225954886
2100-Mar-01 12:00:00, 1309.349132947508, 2.2258255156624842, null, null, 1309.349132947508, 2.2258255156624842
2100-Mar-01 13:00:00, 1306.5299734587302, 2.2210330909646361, null, null, 1306.5299734587302, 2.2210330909646361
2100-Mar-01 14:00:00, 1303.4645781686725, 2.2158220781946176, null, null, 1303.4645781686725, 2.2158220781946176
2100-Mar-01 15:00:00, 1300.420061104473, 2.210646557324099, null, null, 1300.420061104473, 2.210646557324099
2100-Mar-01 16:00:00, 1297.3037933315936, 2.2053490639757074, null, null, 1297.3037933315936, 2.2053490639757074
2100-Mar-01 17:00:00, 1294.1950770349088, 2.2000644077446072, null, null, 1294.1950770349088, 2.2000644077446072
2100-Mar-01 18:00:00, 1291.3755764104328, 2.1952714031337917, null, null, 1291.3755764104328, 2.1952714031337917
2100-Mar-01 19:00:00, 1289.079042311756, 2.191367414452853, null, null, 1289.079042311756, 2.191367414452853
2100-Mar-01 20:00:00, 1287.3685556015696, 2.188459675891814, null, null, 1287.3685556015696, 2.188459675891814
2100-Mar-01 21:00:00, 1286.1810142973384, 2.1864409173580142, null, null, 1286.1810142973384, 2.1864409173580142
2100-Mar-01 22:00:00, 1285.4335394101217, 2.1851702488751639, null, null, 1285.4335394101217, 2.1851702488751639
2100-Mar-01 23:00:00, 1285.06927978156, 2.1845510264270205, null, null, 1285.06927978156, 2.1845510264270205
2100-Mar-02 00:00:00, 1285.0677928693947, 2.1845484987535726, null, null, 1285.0677928693947, 2.1845484987535726
2100-Mar-02 01:00:00, 1285.3831393811467, 2.1850845714437899, null, null, 1285.3831393811467, 2.1850845714437899
2100-Mar-02 02:00:00, 1286.0021142140579, 2.186136796508884, null, null, 1286.0021142140579, 2.186136796508884
2100-Mar-02 03:00:00, 1286.9680683784736, 2.1877788684146995, null, null, 1286.9680683784736, 2.1877788684146995
2100-Mar-02 04:00:00, 1288.2982173704027, 2.1900400526102421, null, null, 1288.2982173704027, 2.1900400526102421
2100-Mar-02 05:00:00, 1289.9750887773578, 2.1928906469018377, null, null, 1289.9750887773578, 2.1928906469018377
2100-Mar-02 06:00:00, 1291.9609469488032, 2.1962665026436441, null, null, 1291.9609469488032, 2.1962665026436441
2100-Mar-02 07:00:00, 1294.088190991904, 2.1998827070233848, null, null, 1294.088190991904, 2.1998827070233848
2100-Mar-02 08:00:00, 1295.874561962497, 2.2029194448855272, null, null, 1295.874561962497, 2.2029194448855272
2100-Mar-02 09:00:00, 1296.8959538206313, 2.2046557579911137, null, null, 1296.8959538206313, 2.2046557579911137
2100-Mar-02 10:00:00, 1297.0753035188625, 2.2049606431623063, null, null, 1297.0753035188625, 2.2049606431623063
2100-Mar-02 11:00:00, 1296.4056997449331, 2.203822351527255, null, null, 1296.4056997449331, 2.203822351527255
2100-Mar-02 12:00:00, 1295.0475559784766, 2.201513577669123, null, null, 1295.0475559784766, 2.201513577669123
2100-Mar-02 13:00:00, 1293.4391342661447, 2.1987793443029657, null, null, 1293.4391342661447, 2.1987793443029657
2100-Mar-02 14:00:00, 1292.0268225771938, 2.1963784877901893, null, null, 1292.0268225771938, 2.1963784877901893
2100-Mar-02 15:00:00, 1290.9532856689452, 2.1945535308079323, null, null, 1290.9532856689452, 2.1945535308079323
2100-Mar-02 16:00:00, 1290.134044205691, 2.1931608628735249, null, null, 1290.134044205691, 2.1931608628735249
2100-Mar-02 17:00:00, 1289.5954791808711, 2.1922453303055311, null, null, 1289.5954791808711, 2.1922453303055311
2100-Mar-02 18:00:00, 1289.4403842969309, 2.1919816770587874, null, null, 1289.4403842969309, 2.1919816770587874
2100-Mar-02 19:00:00, 1289.7341343450898, 2.1924810368826622, null, null, 1289.7341343450898, 2.1924810368826622
2100-Mar-02 20:00:00, 1290.5278834215007, 2.1938303690835639, null, null, 1290.5278834215007, 2.1938303690835639
2100-Mar-02 21:00:00, 1291.7587230510517, 2.1959227325214012, null, null, 1291.7587230510517, 2.1959227325214012
2100-Mar-02 22:00:00, 1293.346208325542, 2.1986213750307102, null, null, 1293.346208325542, 2.1986213750307102
2100-Mar-02 23:00:00, 1295.2330622106672, 2.2018289286282631, null, null, 1295.2330622106672, 2.2018289286282631
2100-Mar-03 00:00:00, 1297.3572449952323, 2.2054399290275017, null, null, 1297.3572449952323, 2.2054399290275017
2100-Mar-03 01:00:00, 1299.6549210398805, 2.2093458589572763, null, null, 1299.6549210398805, 2.2093458589572763
2100-Mar-03 02:00:00, 1302.1213592931917, 2.2135386758759141, null, null, 1302.1213592931917, 2.2135386758759141
2100-Mar-03 03:00:00, 1304.6621879124168, 2.2178579525526136, null, null, 1304.6621879124168, 2.2178579525526136
2100-Mar-03 04:00:00, 1307.1929833106703, 2.222160173274808, null, null, 1307.1929833106703, 2.222160173274808
2100-Mar-03 05:00:00, 1309.6728023967407, 2.2263757369141075, null, null, 1309.6728023967407, 2.2263757369141075
2100-Mar-03 06:00:00, 1312.0858764816905, 2.2304778375183782, null, null, 1312.0858764816905, 2.2304778375183782
2100-Mar-03 07:00:00, 1314.476920646217, 2.2345424884022096, null, null, 1314.476920646217, 2.2345424884022096
2100-Mar-03 08:00:00, 1316.7603407156278, 2.238424183914566, null, null, 1316.7603407156278, 2.238424183914566
2100-Mar-03 09:00:00, 1318.6768418339132, 2.241682136268552, null, null, 1318.6768418339132, 2.241682136268552
2100-Mar-03 10:00:00, 1320.105312233293, 2.2441104617497403, null, null, 1320.105312233293, 2.2441104617497403
2100-Mar-03 11:00:00, 1320.8966328756501, 2.2454556657388882, null, null, 1320.8966328756501, 2.2454556657388882
2100-Mar-03 12:00:00, 1320.813528341235, 2.2453143923470069, null, null, 1320.813528341235, 2.2453143923470069
2100-Mar-03 13:00:00, 1319.6365938596621, 2.2433136648607857, null, null, 1319.6365938596621, 2.2433136648607857
2100-Mar-03 14:00:00, 1317.2364972077526, 2.2392336252186085, null, null, 1317.2364972077526, 2.2392336252186085
2100-Mar-03 15:00:00, 1314.0825340713834, 2.2338720517102608, null, null, 1314.0825340713834, 2.2338720517102608
2100-Mar-03 16:00:00, 1310.8787779550155, 2.2284258327222672, null, null, 1310.8787779550155, 2.2284258327222672
2100-Mar-03 17:00:00, 1308.1488456599657, 2.2237850896191089, null, null, 1308.1488456599657, 2.2237850896191089
2100-Mar-03 18:00:00, 1306.1614741033097, 2.2204066612010527, null, null, 1306.1614741033097, 2.2204066612010527
2100-Mar-03 19:00:00, 1305.031463428395, 2.2184857017488295, null, null, 1305.031463428395, 2.2184857017488295
2100-Mar-03 20:00:00, 1304.7777300465809, 2.2180543681791911, null, null, 1304.7777300465809, 2.2180543681791911
2100-Mar-03 21:00:00, 1305.3201825223405, 2.2189765092118594, null, null, 1305.3201825223405, 2.2189765092118594
2100-Mar-03 22:00:00, 1306.5603221401841, 2.2210846821467332, null, null, 1306.5603221401841, 2.2210846821467332
2100-Mar-03 23:00:00, 1308.3909616539981, 2.22419667423295, null, null, 1308.3909616539981, 2.22419667423295
2100-Mar-04 00:00:00, 1310.6843089511922, 2.2280952455168967, null, null, 1310.6843089511922, 2.2280952455168967
2100-Mar-04 01:00:00, 1313.3443490436737, 2.2326171755060376, null, null, 1313.3443490436737, 2.2326171755060376
2100-Mar-04 02:00:00, 1316.337185856652, 2.2377048426338608, null, null, 1316.337185856652, 2.2377048426338608
2100-Mar-04 03:00:00, 1319.6415064476191, 2.2433220160051426, null, null, 1319.6415064476191, 2.2433220160051426
2100-Mar-04 04:00:00, 1323.228052111336, 2.249418957340735, null, null, 1323.228052111336, 2.249418957340735
2100-Mar-04 05:00:00, 1327.0406335836767, 2.2559001478102125, null, null, 1327.0406335836767, 2.2559001478102125
2100-Mar-04 06:00:00, 1331.0403507579535, 2.2626994592527594, null, null, 1331.0403507579535, 2.2626994592527594
2100-Mar-04 07:00:00, 1335.1309176320424, 2.2696532104660623, null, null, 1335.1309176320424, 2.2696532104660623
2100-Mar-04 08:00:00, 1339.0002548364989, 2.2762308827321243, null, null, 1339.0002548364989, 2.2762308827321243
2100-Mar-04 09:00:00, 1342.2472842171592, 2.2817506640217102, null, null, 1342.2472842171592, 2.2817506640217102
2100-Mar-04 10:00:00, 1344.500732958817, 2.2855814098336609, null, null, 1344.500732958817, 2.2855814098336609
2100-Mar-04 11:00:00, 1345.2764751178238, 2.2869001312102926, null, null, 1345.2764751178238, 2.2869001312102926
2100-Mar-04 12:00:00, 1344.4895957988235, 2.2855624772401595, null, null, 1344.4895957988235, 2.2855624772401595
2100-Mar-04 13:00:00, 1342.1176140631499, 2.281530231495235, null, null, 1342.1176140631499, 2.281530231495235
2100-Mar-04 14:00:00, 1338.2803188381195, 2.2750070289298696, null, null, 1338.2803188381195, 2.2750070289298696
2100-Mar-04 15:00:00, 1333.3167064228762, 2.2665691456444264, null, null, 1333.3167064228762, 2.2665691456444264
2100-Mar-04 16:00:00, 1327.8195170083475, 2.2572242091753094, null, null, 1327.8195170083475, 2.2572242091753094
2100-Mar-04 17:00:00, 1322.5583760817826, 2.248280542874876, null, null, 1322.5583760817826, 2.248280542874876
2100-Mar-04 18:00:00, 1318.2165297777358, 2.2408996296826267, null, null, 1318.2165297777358, 2.2408996296826267
2100-Mar-04 19:00:00, 1315.1368792430762, 2.2356643837372325, null, null, 1315.1368792430762, 2.2356643837372325
2100-Mar-04 20:00:00, 1313.3620272734011, 2.2326472275783296, null, null, 1313.3620272734011, 2.2326472275783296
2100-Mar-04 21:00:00, 1312.772199235947, 2.2316445505515667, null, null, 1312.772199235947, 2.2316445505515667
2100-Mar-04 22:00:00, 1313.2274269696536, 2.2324184140533818, null, null, 1313.2274269696536, 2.2324184140533818
2100-Mar-04 23:00:00, 1314.6973896188376, 2.2349172742040424, null, null, 1314.6973896188376, 2.2349172742040424
2100-Mar-05 00:00:00, 1316.9590157936614, 2.238761921227622, null, null, 1316.9590157936614, 2.238761921227622
2100-Mar-05 01:00:00, 1319.8585381251146, 2.243690958583803, null, null, 1319.8585381251146, 2.243690958583803
2100-Mar-05 02:00:00, 1323.2176505253003, 2.2494012751847547, null, null, 1323.2176505253003, 2.2494012751847547
2100-Mar-05 03:00:00, 1326.8744489569947, 2.2556176425768322, null, null, 1326.8744489569947, 2.2556176425768322
2100-Mar-05 04:00:00, 1330.738833769434, 2.2621868960337026, null, null, 1330.738833769434, 2.2621868960337026
2100-Mar-05 05:00:00, 1334.7772068152717, 2.2690519204500359, null, null, 1334.7772068152717, 2.2690519204500359
2100-Mar-05 06:00:00, 1339.0155861737992, 2.2762569452091928, null, null, 1339.0155861737992, 2.2762569452091928
2100-Mar-05 07:00:00, 1343.333782065504, 2.2835976539289127, null, null, 1343.333782065504, 2.2835976539289127
2100-Mar-05 08:00:00, 1347.2881114066718, 2.2903198084127139, null, null, 1347.2881114066718, 2.2903198084127139
2100-Mar-05 09:00:00, 1350.3669674356631, 2.2955537037397402, null, null, 1350.3669674356631, 2.2955537037397402
2100-Mar-05 10:00:00, 1351.7957394621972, 2.2979825419714235, null, null, 1351.7957394621972, 2.2979825419714235
2100-Mar-05 11:00:00, 1351.3915801036371, 2.2972954920547588, null, null, 1351.3915801036371, 2.2972954920547588
2100-Mar-05 12:00:00, 1349.227499666689, 2.2936166677188372, null, null, 1349.227499666689, 2.2936166677188372
2100-Mar-05 13:00:00, 1344.7515020215214, 2.2860077042147857, null, null, 1344.7515020215214, 2.2860077042147857
2100-Mar-05 14:00:00, 1337.5026335635839, 2.2736850043577683, null, null, 1337.5026335635839, 2.2736850043577683
2100-Mar-05 15:00:00, 1328.537325352411, 2.258444446075742, null, null, 1328.537325352411, 2.258444446075742
2100-Mar-05 16:00:00, 1319.3549809992833, 2.2428349376257062, null, null, 1319.3549809992833, 2.2428349376257062
2100-Mar-05 17:00:00, 1311.1103184984406, 2.2288194396193872, null, null, 1311.1103184984406, 2.2288194396193872
2100-Mar-05 18:00:00, 1304.4357019246136, 2.2174729381375067, null, null, 1304.4357019246136, 2.2174729381375067
2100-Mar-05 19:00:00, 1299.5686346297796, 2.2091991765420023, null, null, 1299.5686346297796, 2.2091991765420023
2100-Mar-05 20:00:00, 1296.4436669389979, 2.2038868937850689, null, null, 1296.4436669389979, 2.2038868937850689
2100-Mar-05 21:00:00, 1294.7796522335141, 2.2010581552181705, null, null, 1294.7796522335141, 2.2010581552181705
2100-Mar-05 22:00:00, 1294.2338430503426, 2.2001303079572563, null, null, 1294.2338430503426, 2.2001303079572563
2100-Mar-05 23:00:00, 1294.6625137999799, 2.2008590259655794, null, null, 1294.6625137999799, 2.2008590259655794
2100-Mar-06 00:00:00, 1295.9513681227063, 2.2030500113684095, null, null, 1295.9513681227063, 2.2030500113684095
2100-Mar-06 01:00:00, 1297.9875902903866, 2.206511483287803, null, null, 1297.9875902903866, 2.206511483287803
2100-Mar-06 02:00:00, 1300.7325996401773, 2.2111778566008873, null, null, 1300.7325996401773, 2.2111778566008873
2100-Mar-06 03:00:00, 1303.9900089117302, 2.2167152831658377, null, null, 1303.9900089117302, 2.2167152831658377
2100-Mar-06 04:00:00, 1307.5784540667494, 2.2228154535379803, null, null, 1307.5784540667494, 2.2228154535379803
2100-Mar-06 05:00:00, 1311.4036270447966, 2.2293180489131297, null, null, 1311.4036270447966, 2.2293180489131297
2100-Mar-06 06:00:00, 1315.5508307451769, 2.2363680797892918, null, null, 1315.5508307451769, 2.2363680797892918
2100-Mar-06 07:00:00, 1319.8214563225681, 2.2436279214455808, null, null, 1319.8214563225681, 2.2436279214455808
2100-Mar-06 08:00:00, 1323.8192608375018, 2.2504239814665921, null, null, 1323.8192608375018, 2.2504239814665921
2100-Mar-06 09:00:00, 1326.9016428900629, 2.2556638708505381, null, null, 1326.9016428900629, 2.2556638708505381
2100-Mar-06 10:00:00, 1328.4864531052785, 2.2583579658980284, null, null, 1328.4864531052785, 2.2583579658980284
2100-Mar-06 11:00:00, 1328.1738783262617, 2.2578266050094911, null, null, 1328.1738783262617, 2.2578266050094911
2100-Mar-06 12:00:00, 1325.6070496202772, 2.2534631295357999, null, null, 1325.6070496202772, 2.2534631295357999
2100-Mar-06 13:00:00, 1320.3482414755749, 2.2445234288433635, null, null, 1320.3482414755749, 2.2445234288433635
2100-Mar-06 14:00:00, 1312.9121075648648, 2.2318823874435938, null, null, 1312.9121075648648, 2.2318823874435938
2100-Mar-06 15:00:00, 1304.4886259118191, 2.2175629061667728, null, null, 1304.4886259118191, 2.2175629061667728
2100-Mar-06 16:00:00, 1296.0431204988115, 2.203205985641977, null, null, 1296.0431204988115, 2.203205985641977
2100-Mar-06 17:00:00, 1288.3361943618104, 2.1901046115230307, null, null, 1288.3361943618104, 2.1901046115230307
2100-Mar-06 18:00:00, 1281.89087966694, 2.1791479113249546, null, null, 1281.89087966694, 2.1791479113249546
2100-Mar-06 19:00:00, 1276.943463301018, 2.1707375604821002, null, null, 1276.943463301018, 2.1707375604821002
2100-Mar-06 20:00:00, 1273.4780452997618, 2.1648465298810655, null, null, 1273.4780452997618, 2.1648465298810655
2100-Mar-06 21:00:00, 1271.3290929137459, 2.1611934224459457, null, null, 1271.3290929137459, 2.1611934224459457
2100-Mar-06 22:00:00, 1270.2402035130331, 2.1593423670239402, null, null, 1270.2402035130331, 2.1593423670239402
2100-Mar-06 23:00:00, 1270.0032624699936, 2.1589395795579893, null, null, 1270.0032624699936, 2.1589395795579893
2100-Mar-07 00:00:00, 1270.507842594207, 2.1597973395601988, null, null, 1270.507842594207, 2.1597973395601988
2100-Mar-07 01:00:00, 1271.6561722732638, 2.1617494403679363, null, null, 1271.6561722732638, 2.1617494403679363
2100-Mar-07 02:00:00, 1273.3471769241253, 2.1646240604400622, null, null, 1273.3471769241253, 2.1646240604400622
2100-Mar-07 03:00:00, 1275.5156823240286, 2.1683104069831658, null, null, 1275.5156823240286, 2.1683104069831658
2100-Mar-07 04:00:00, 1278.1560005592228, 2.1727988108393124, null, null, 1278.1560005592228, 2.1727988108393124
2100-Mar-07 05:00:00, 1281.2434676835608, 2.1780473445811501, null, null, 1281.2434676835608, 2.1780473445811501
2100-Mar-07 06:00:00, 1284.7316701142377, 2.1839771075287286, null, null, 1284.7316701142377, 2.1839771075287286
2100-Mar-07 07:00:00, 1288.4295212816617, 2.1902632624391813, null, null, 1288.4295212816617, 2.1902632624391813
2100-Mar-07 08:00:00, 1291.8251413695245, 2.196035640212898, null, null, 1291.8251413695245, 2.196035640212898
2100-Mar-07 09:00:00, 1293.9123723563619, 2.1995838244753529, null, null, 1293.9123723563619, 2.1995838244753529
2100-Mar-07 10:00:00, 1294.1823071830008, 2.2000426996596567, null, null, 1294.1823071830008, 2.2000426996596567
2100-Mar-07 11:00:00, 1292.6408802723199, 2.1974223539764552, null, null, 1292.6408802723199, 2.1974223539764552
2100-Mar-07 12:00:00, 1288.8675232363603, 2.1910078430114259, null, null, 1288.8675232363603, 2.1910078430114259
2100-Mar-07 13:00:00, 1282.9395622863708, 2.1809306173072054, null, null, 1282.9395622863708, 2.1809306173072054
2100-Mar-07 14:00:00, 1275.1221414017268, 2.1676414078565962, null, null, 1275.1221414017268, 2.1676414078565962
2100-Mar-07 15:00:00, 1266.1637835274282, 2.1524126647862412, null, null, 1266.1637835274282, 2.1524126647862412
2100-Mar-07 16:00:00, 1257.0772455737092, 2.136966022238814, null, null, 1257.0772455737092, 2.136966022238814
2100-Mar-07 17:00:00, 1248.69534891013, 2.122717233284074, null, null, 1248.69534891013, 2.122717233284074
2100-Mar-07 18:00:00, 1241.5354920134309, 2.1105458484577144, null, null, 1241.5354920134309, 2.1105458484577144
2100-Mar-07 19:00:00, 1235.821654290633, 2.1008326211177084, null, null, 1235.821654290633, 2.1008326211177084
2100-Mar-07 20:00:00, 1231.5348942892567, 2.093545351778701, null, null, 1231.5348942892567, 2.093545351778701
2100-Mar-07 21:00:00, 1228.5232493511846, 2.0884257118151517, null, null, 1228.5232493511846, 2.0884257118151517
2100-Mar-07 22:00:00, 1226.794332383831, 2.0854866427742347, null, null, 1226.794332383831, 2.0854866427742347
2100-Mar-07 23:00:00, 1226.3344264796676, 2.0847048266256372, null, null, 1226.3344264796676, 2.0847048266256372
2100-Mar-08 00:00:00, 1226.8814278427601, 2.0856347005304929, null, null, 1226.8814278427601, 2.0856347005304929
2100-Mar-08 01:00:00, 1228.1188013148237, 2.0877381711612197, null, null, 1228.1188013148237, 2.0877381711612197
2100-Mar-08 02:00:00, 1229.8893134788364, 2.0907479498759152, null, null, 1229.8893134788364, 2.0907479498759152
2100-Mar-08 03:00:00, 1232.1450717136022, 2.0945826217061891, null, null, 1232.1450717136022, 2.0945826217061891
2100-Mar-08 04:00:00, 1234.8620416138938, 2.099201329411553, null, null, 1234.8620416138938, 2.099201329411553
2100-Mar-08 05:00:00, 1237.9397711817444, 2.1044333098131509, null, null, 1237.9397711817444, 2.1044333098131509
2100-Mar-08 06:00:00, 1241.4022137920081, 2.1103192824040464, null, null, 1241.4022137920081, 2.1103192824040464
2100-Mar-08 07:00:00, 1244.6551092286279, 2.1158490356840685, null, null, 1244.6551092286279, 2.1158490356840685
2100-Mar-08 08:00:00, 1246.9086666424325, 2.1196799662330239, null, null, 1246.9086666424325, 2.1196799662330239
2100-Mar-08 09:00:00, 1247.4914740503777, 2.1206707085542882, null, null, 1247.4914740503777, 2.1206707085542882
2100-Mar-08 10:00:00, 1246.2259305498696, 2.1185193503384157, null, null, 1246.2259305498696, 2.1185193503384157
2100-Mar-08 11:00:00, 1243.0017984501699, 2.1130384932371298, null, null, 1243.0017984501699, 2.1130384932371298
2100-Mar-08 12:00:00, 1237.592565415843, 2.1038430780457165, null, null, 1237.592565415843, 2.1038430780457165
2100-Mar-08 13:00:00, 1230.0371343207996, 2.0909992376291271, null, null, 1230.0371343207996, 2.0909992376291271
2100-Mar-08 14:00:00, 1221.0850487278308, 2.0757811571112375, null, null, 1221.0850487278308, 2.0757811571112375
2100-Mar-08 15:00:00, 1211.9603338309173, 2.0602696157433709, null, null, 1211.9603338309173, 2.0602696157433709
2100-Mar-08 16:00:00, 1203.3830690672467, 2.0456887111663051, null, null, 1203.3830690672467, 2.0456887111663051
2100-Mar-08 17:00:00, 1195.7768423160917, 2.0327585207727594, null, null, 1195.7768423160917, 2.0327585207727594
2100-Mar-08 18:00:00, 1189.3815750644828, 2.0218868986286584, null, null, 1189.3815750644828, 2.0218868986286584
2100-Mar-08 19:00:00, 1184.2820053310247, 2.0132178949641588, null, null, 1184.2820053310247, 2.0132178949641588
2100-Mar-08 20:00:00, 1180.402844258552, 2.0066235226327418, null, null, 1180.402844258552, 2.0066235226327418
2100-Mar-08 21:00:00, 1177.7962793146132, 2.0021924976185121, null, null, 1177.7962793146132, 2.0021924976185121
2100-Mar-08 22:00:00, 1176.3151041932967, 1.9996745768476256, null, null, 1176.3151041932967, 1.9996745768476256
2100-Mar-08 23:00:00, 1175.9389533936192, 1.9990351400262374, null, null, 1175.9389533936192, 1.9990351400262374
2100-Mar-09 00:00:00, 1176.569563024678, 2.0001071436438469, null, null, 1176.569563024678, 2.0001071436438469
2100-Mar-09 01:00:00, 1178.1632297786557, 2.002816294347205, null, null, 1178.1632297786557, 2.002816294347205
2100-Mar-09 02:00:00, 1180.6027777198065, 2.0069633991319096, null, null, 1180.6027777198065, 2.0069633991319096
2100-Mar-09 03:00:00, 1183.7809775758067, 2.012366173804724, null, null, 1183.7809775758067, 2.012366173804724
2100-Mar-09 04:00:00, 1187.5365710082547, 2.0187504875664626, null, null, 1187.5365710082547, 2.0187504875664626
2100-Mar-09 05:00:00, 1191.6786524771492, 2.0257918109151585, null, null, 1191.6786524771492, 2.0257918109151585
2100-Mar-09 06:00:00, 1195.9924482708066, 2.0331250396967482, null, null, 1195.9924482708066, 2.0331250396967482
2100-Mar-09 07:00:00, 1200.2748342730799, 2.0404048734644755, null, null, 1200.2748342730799, 2.0404048734644755
2100-Mar-09 08:00:00, 1204.0829279993802, 2.0468784349987872, null, null, 1204.0829279993802, 2.0468784349987872
2100-Mar-09 09:00:00, 1206.8769403957922, 2.0516281109458063, null, null, 1206.8769403957922, 2.0516281109458063
2100-Mar-09 10:00:00, 1207.8986733552406, 2.0533650039059093, null, null, 1207.8986733552406, 2.0533650039059093
2100-Mar-09 11:00:00, 1207.1710214690227, 2.0521280334951086, null, null, 1207.1710214690227, 2.0521280334951086
2100-Mar-09 12:00:00, 1204.6875603406827, 2.0479062785731257, null, null, 1204.6875603406827, 2.0479062785731257
2100-Mar-09 13:00:00, 1200.7789878784881, 2.0412619084068706, null, null, 1200.7789878784881, 2.0412619084068706
2100-Mar-09 14:00:00, 1196.2095625314855, 2.0334941226625309, null, null, 1196.2095625314855, 2.0334941226625309
2100-Mar-09 15:00:00, 1191.4047756101822, 2.0253262344670553, null, null, 1191.4047756101822, 2.0253262344670553
2100-Mar-09 16:00:00, 1186.8680377543799, 2.0176140157598987, null, null, 1186.8680377543799, 2.0176140157598987
2100-Mar-09 17:00:00, 1182.9910380319416, 2.0110233176112748, null, null, 1182.9910380319416, 2.0110233176112748
2100-Mar-09 18:00:00, 1179.9903564050576, 2.0059223147072878, null, null, 1179.9903564050576, 2.0059223147072878
2100-Mar-09 19:00:00, 1177.9431343063202, 2.0024421434764568, null, null, 1177.9431343063202, 2.0024421434764568
2100-Mar-09 20:00:00, 1176.8618389988808, 2.0006039976185623, null, null, 1176.8618389988808, 2.0006039976185623
2100-Mar-09 21:00:00, 1176.7364948866039, 2.0003909191383284, null, null, 1176.7364948866039, 2.0003909191383284
2100-Mar-09 22:00:00, 1177.531989714158, 2.0017432190254958, null, null, 1177.531989714158, 2.0017432190254958
2100-Mar-09 23:00:00, 1179.2011059666859, 2.0045806299573838, null, null, 1179.2011059666859, 2.0045806299573838
2100-Mar-10 00:00:00, 1181.6902891970497, 2.0088121121555891, null, null, 1181.6902891970497, 2.0088121121555891
2100-Mar-10 01:00:00, 1184.9238420941033, 2.014308984123041, null, null, 1184.9238420941033, 2.014308984123041
2100-Mar-10 02:00:00, 1188.8190088329522, 2.02093056525593, null, null, 1188.8190088329522, 2.02093056525593
2100-Mar-10 03:00:00, 1193.277664219612, 2.0285100478213116, null, null, 1193.277664219612, 2.0285100478213116
2100-Mar-10 04:00:00, 1198.1722188402402, 2.0368305364429165, null, null, 1198.1722188402402, 2.0368305364429165
2100-Mar-10 05:00:00, 1203.4257785149232, 2.0457613150089369, null, null, 1203.4257785149232, 2.0457613150089369
2100-Mar-10 06:00:00, 1208.9631931415702, 2.0551746322492725, null, null, 1208.9631931415702, 2.0551746322492725
2100-Mar-10 07:00:00, 1214.6196424871423, 2.0647903023288676, null, null, 1214.6196424871423, 2.0647903023288676
2100-Mar-10 08:00:00, 1220.0060205814498, 2.0739468653093813, null, null, 1220.0060205814498, 2.0739468653093813
2100-Mar-10 09:00:00, 1224.6402367064072, 2.0818247920108752, null, null, 1224.6402367064072, 2.0818247920108752
2100-Mar-10 10:00:00, 1227.7181698698503, 2.0870571185144051, null, null, 1227.7181698698503, 2.0870571185144051
2100-Mar-10 11:00:00, 1228.1931444386032, 2.087864550610107, null, null, 1228.1931444386032, 2.087864550610107
2100-Mar-10 12:00:00, 1226.2438222454057, 2.0845508041335661, null, null, 1226.2438222454057, 2.0845508041335661
2100-Mar-10 13:00:00, 1222.2655735651892, 2.0777879880158032, null, null, 1222.2655735651892, 2.0777879880158032
2100-Mar-10 14:00:00, 1216.9416785294522, 2.0687376429893578, null, null, 1216.9416785294522, 2.0687376429893578
2100-Mar-10 15:00:00, 1211.2013400302189, 2.0589793657059179, null, null, 1211.2013400302189, 2.0589793657059179
2100-Mar-10 16:00:00, 1205.7178453871722, 2.0496577096369855, null, null, 1205.7178453871722, 2.0496577096369855
2100-Mar-10 17:00:00, 1200.965964977664, 2.0415797597634859, null, null, 1200.965964977664, 2.0415797597634859
2100-Mar-10 18:00:00, 1197.31720556134, 2.0353770582799746, null, null, 1197.31720556134, 2.0353770582799746
2100-Mar-10 19:00:00, 1194.9684894910358, 2.0313843629577106, null, null, 1194.9684894910358, 2.0313843629577106
2100-Mar-10 20:00:00, 1193.8828547691528, 2.0295388403206607, null, null, 1193.8828547691528, 2.0295388403206607
2100-Mar-10 21:00:00, 1193.9347617730214, 2.0296270795310782, null, null, 1193.9347617730214, 2.0296270795310782
2100-Mar-10 22:00:00, 1194.94448967887, 2.0313435645236297, null, null, 1194.94448967887, 2.0313435645236297
2100-Mar-10 23:00:00, 1196.8860840106486, 2.0346441740371595, null, null, 1196.8860840106486, 2.0346441740371595
2100-Mar-11 00:00:00, 1199.7373662567586, 2.0394912057539485, null, null, 1199.7373662567586, 2.0394912057539485
2100-Mar-11 01:00:00, 1203.3443281521468, 2.0456228536229202, null, null, 1203.3443281521468, 2.0456228536229202
2100-Mar-11 02:00:00, 1207.5294633390429, 2.0527373660559181, null, null, 1207.5294633390429, 2.0527373660559181
2100-Mar-11 03:00:00, 1212.1269130678465, 2.0605527917936746, null, null, 1212.1269130678465, 2.0605527917936746
2100-Mar-11 04:00:00, 1216.9732098448314, 2.0687912445876995, null, null, 1216.9732098448314, 2.0687912445876995
2100-Mar-11 05:00:00, 1221.9495788057138, 2.0772508133381278, null, null, 1221.9495788057138, 2.0772508133381278
2100-Mar-11 06:00:00, 1227.0168736557771, 2.0858649513772813, null, null, 1227.0168736557771, 2.0858649513772813
2100-Mar-11 07:00:00, 1232.1329826658841, 2.0945620709529993, null, null, 1232.1329826658841, 2.0945620709529993
2100-Mar-11 08:00:00, 1236.9824534625884, 2.1028059194156818, null, null, 1236.9824534625884, 2.1028059194156818
2100-Mar-11 09:00:00, 1240.9346217670288, 2.1095244002492954, null, null, 1240.9346217670288, 2.1095244002492954
2100-Mar-11 10:00:00, 1242.7641810791213, 2.1126345560486932, null, null, 1242.7641810791213, 2.1126345560486932
2100-Mar-11 11:00:00, 1241.234636468605, 2.1100344096585801, null, null, 1241.234636468605, 2.1100344096585801
2100-Mar-11 12:00:00, 1236.2743421980053, 2.1016021670466793, null, null, 1236.2743421980053, 2.1016021670466793
2100-Mar-11 13:00:00, 1228.6858485662838, 2.088702122035075, null, null, 1228.6858485662838, 2.088702122035075
2100-Mar-11 14:00:00, 1219.5208406323977, 2.07312208459726, null, null, 1219.5208406323977, 2.07312208459726
2100-Mar-11 15:00:00, 1209.4757006661735, 2.0560458684203793, null, null, 1209.4757006661735, 2.0560458684203793
2100-Mar-11 16:00:00, 1199.4836402782223, 2.0390598847694981, null, null, 1199.4836402782223, 2.0390598847694981
2100-Mar-11 17:00:00, 1190.4338541494226, 2.023675718415467, null, null, 1190.4338541494226, 2.023675718415467
2100-Mar-11 18:00:00, 1183.0393984487989, 2.0111055278079903, null, null, 1183.0393984487989, 2.0111055278079903
2100-Mar-11 19:00:00, 1177.6894544501013, 2.0020109008975497, null, null, 1177.6894544501013, 2.0020109008975497
2100-Mar-11 20:00:00, 1174.434715688878, 1.996478014061448, null, null, 1174.434715688878, 1.996478014061448
2100-Mar-11 21:00:00, 1172.9385346457195, 1.9939345840028695, null, null, 1172.9385346457195, 1.9939345840028695
2100-Mar-11 22:00:00, 1172.7695698659095, 1.9936473526535785, null, null, 1172.7695698659095, 1.9936473526535785
2100-Mar-11 23:00:00, 1173.8316395180973, 1.9954528158961657, null, null, 1173.8316395180973, 1.9954528158961657
2100-Mar-12 00:00:00, 1175.9076743506746, 1.998981967277931, null, null, 1175.9076743506746, 1.998981967277931
2100-Mar-12 01:00:00, 1178.8002502190827, 2.0038991960077492, null, null, 1178.8002502190827, 2.0038991960077492
2100-Mar-12 02:00:00, 1182.3163979596413, 2.0098764645305889, null, null, 1182.3163979596413, 2.0098764645305889
2100-Mar-12 03:00:00, 1186.2714285316513, 2.0165998110703982, null, null, 1186.2714285316513, 2.0165998110703982
2100-Mar-12 04:00:00, 1190.5409678503531, 2.0238578061433379, null, null, 1190.5409678503531, 2.0238578061433379
2100-Mar-12 05:00:00, 1195.1258756292707, 2.0316519112177431, null, null, 1195.1258756292707, 2.0316519112177431
2100-Mar-12 06:00:00, 1199.9995032670943, 2.0399368250555714, null, null, 1199.9995032670943, 2.0399368250555714
2100-Mar-12 07:00:00, 1205.0126348583924, 2.0484588883681778, null, null, 1205.0126348583924, 2.0484588883681778
2100-Mar-12 08:00:00, 1209.4476535349861, 2.0559981897541877, null, null, 1209.4476535349861, 2.0559981897541877
2100-Mar-12 09:00:00, 1212.4667033128333, 2.0611304175607317, null, null, 1212.4667033128333, 2.0611304175607317
2100-Mar-12 10:00:00, 1213.4708848737382, 2.0628374740549673, null, null, 1213.4708848737382, 2.0628374740549673
2100-Mar-12 11:00:00, 1211.4540423904282, 2.0594089465923817, null, null, 1211.4540423904282, 2.0594089465923817
2100-Mar-12 12:00:00, 1206.7298904618397, 2.0513781336961698, null, null, 1206.7298904618397, 2.0513781336961698
2100-Mar-12 13:00:00, 1200.1525328103228, 2.0401969673303837, null, null, 1200.1525328103228, 2.0401969673303837
2100-Mar-12 14:00:00, 1191.7050011083504, 2.0258366022195973, null, null, 1191.7050011083504, 2.0258366022195973
2100-Mar-12 15:00:00, 1182.1499910100117, 2.0095935813597454, null, null, 1182.1499910100117, 2.0095935813597454
2100-Mar-12 16:00:00, 1172.4317542234785, 1.9930730836083008, null, null, 1172.4317542234785, 1.9930730836083008
2100-Mar-12 17:00:00, 1163.5749580088375, 1.9780169900840374, null, null, 1163.5749580088375, 1.9780169900840374
2100-Mar-12 18:00:00, 1156.2443540779716, 1.965555344168554, null, null, 1156.2443540779716, 1.965555344168554
2100-Mar-12 19:00:00, 1150.6983520486037, 1.9561274287896406, null, null, 1150.6983520486037, 1.9561274287896406
2100-Mar-12 20:00:00, 1146.9382948600721, 1.9497355268744168, null, null, 1146.9382948600721, 1.9497355268744168
2100-Mar-12 21:00:00, 1144.7998570019811, 1.9461002935906226, null, null, 1144.7998570019811, 1.9461002935906226
2100-Mar-12 22:00:00, 1143.9849957980744, 1.9447150718695863, null, null, 1143.9849957980744, 1.9447150718695863
2100-Mar-12 23:00:00, 1144.3299613728568, 1.9453014954284789, null, null, 1144.3299613728568, 1.9453014954284789
2100-Mar-13 00:00:00, 1145.8122921250338, 1.9478213807118023, null, null, 1145.8122921250338, 1.9478213807118023
2100-Mar-13 01:00:00, 1148.430133736985, 1.9522715754759192, null, null, 1148.430133736985, 1.9522715754759192
2100-Mar-13 02:00:00, 1152.0140765278134, 1.9583640920627998, null, null, 1152.0140765278134, 1.9583640920627998
2100-Mar-13 03:00:00, 1156.3231763541951, 1.9656893379439391, null, null, 1156.3231763541951, 1.9656893379439391
2100-Mar-13 04:00:00, 1161.1131325641159, 1.9738320147004029, null, null, 1161.1131325641159, 1.9738320147004029
2100-Mar-13 05:00:00, 1166.1528371210823, 1.9823992506743897, null, null, 1166.1528371210823, 1.9823992506743897
2100-Mar-13 06:00:00, 1171.3932196958865, 1.9913076288550624, null, null, 1171.3932196958865, 1.9913076288550624
2100-Mar-13 07:00:00, 1176.5654354878225, 2.0001001270455854, null, null, 1176.5654354878225, 2.0001001270455854
2100-Mar-13 08:00:00, 1181.1156237383279, 2.0078352107250952, null, null, 1181.1156237383279, 2.0078352107250952
2100-Mar-13 09:00:00, 1184.4480564126497, 2.0135001731778792, null, null, 1184.4480564126497, 2.0135001731778792
2100-Mar-13 10:00:00, 1185.9274040282819, 2.0160149872840267, null, null, 1185.9274040282819, 2.0160149872840267
2100-Mar-13 11:00:00, 1184.737884648481, 2.0139928661245041, null, null, 1184.737884648481, 2.0139928661245041
2100-Mar-13 12:00:00, 1180.4940236929788, 2.0067785229352153, null, null, 1180.4940236929788, 2.0067785229352153
2100-Mar-13 13:00:00, 1173.6472578917578, 1.9951393767085583, null, null, 1173.6472578917578, 1.9951393767085583
2100-Mar-13 14:00:00, 1164.8066361204637, 1.98011077889785, null, null, 1164.8066361204637, 1.98011077889785
2100-Mar-13 15:00:00, 1155.6267598208565, 1.9645054660106032, null, null, 1155.6267598208565, 1.9645054660106032
2100-Mar-13 16:00:00, 1147.44104848087, 1.9505901819156926, null, null, 1147.44104848087, 1.9505901819156926
2100-Mar-13 17:00:00, 1140.6844131032663, 1.9391042527276208, null, null, 1140.6844131032663, 1.9391042527276208
2100-Mar-13 18:00:00, 1135.4114307829943, 1.9301404566729523, null, null, 1135.4114307829943, 1.9301404566729523
2100-Mar-13 19:00:00, 1131.4911192527461, 1.923476130700758, null, null, 1131.4911192527461, 1.923476130700758
2100-Mar-13 20:00:00, 1128.7363987772958, 1.9187932489784685, null, null, 1128.7363987772958, 1.9187932489784685
2100-Mar-13 21:00:00, 1127.0830981094714, 1.9159827237190816, null, null, 1127.0830981094714, 1.9159827237190816
2100-Mar-13 22:00:00, 1126.383406461686, 1.9147932842613025, null, null, 1126.383406461686, 1.9147932842613025
2100-Mar-13 23:00:00, 1126.4123111151564, 1.9148424206708337, null, null, 1126.4123111151564, 1.9148424206708337
2100-Mar-14 00:00:00, 1127.0395550476828, 1.9159087027757593, null, null, 1127.0395550476828, 1.9159087027757593
2100-Mar-14 01:00:00, 1128.2321280446643, 1.9179360149258775, null, null, 1128.2321280446643, 1.9179360149258775
2100-Mar-14 02:00:00, 1129.9170716231465, 1.9208003314897835, null, null, 1129.9170716231465, 1.9208003314897835
2100-Mar-14 03:00:00, 1132.06474624673, 1.9244512667951377, null, null, 1132.06474624673, 1.9244512667951377
2100-Mar-14 04:00:00, 1134.6149521159959, 1.9287864843098323, null, null, 1134.6149521159959, 1.9287864843098323
2100-Mar-14 05:00:00, 1137.5273620536038, 1.9337374299270673, null, null, 1137.5273620536038, 1.9337374299270673
2100-Mar-14 06:00:00, 1140.7593224083371, 1.9392315946552943, null, null, 1140.7593224083371, 1.9392315946552943
2100-Mar-14 07:00:00, 1144.2379340219591, 1.9451450537120469, null, null, 1144.2379340219591, 1.9451450537120469
2100-Mar-14 08:00:00, 1147.7513035772022, 1.9511175994641548, null, null, 1147.7513035772022, 1.9511175994641548
2100-Mar-14 09:00:00, 1151.0355985029023, 1.956700730244658, null, null, 1151.0355985029023, 1.956700730244658
2100-Mar-14 10:00:00, 1153.7998615209358, 1.9613998337936789, null, null, 1153.7998615209358, 1.9613998337936789
2100-Mar-14 11:00:00, 1155.7188420224454, 1.9646620009703613, null, null, 1155.7188420224454, 1.9646620009703613
2100-Mar-14 12:00:00, 1156.4586758764783, 1.9659196800936904, null, null, 1156.4586758764783, 1.9659196800936904
2100-Mar-14 13:00:00, 1155.91535045149, 1.9649960550926757, null, null, 1155.91535045149, 1.9649960550926757
2100-Mar-14 14:00:00, 1154.2857628276217, 1.9622258407763089, null, null, 1154.2857628276217, 1.9622258407763089
2100-Mar-14 15:00:00, 1152.2099195001231, 1.9586970149432303, null, null, 1152.2099195001231, 1.9586970149432303
2100-Mar-14 16:00:00, 1150.2599552360357, 1.9553821769795274, null, null, 1150.2599552360357, 1.9553821769795274
2100-Mar-14 17:00:00, 1148.8892138917213, 1.9530519878933819, null, null, 1148.8892138917213, 1.9530519878933819
2100-Mar-14 18:00:00, 1148.3647294282537, 1.9521603915483132, null, null, 1148.3647294282537, 1.9521603915483132
2100-Mar-14 19:00:00, 1148.6876470395998, 1.9527093347145816, null, null, 1148.6876470395998, 1.9527093347145816
2100-Mar-14 20:00:00, 1149.7433486910438, 1.954503972686672, null, null, 1149.7433486910438, 1.954503972686672
2100-Mar-14 21:00:00, 1151.351680209201, 1.9572380527274169, null, null, 1151.351680209201, 1.9572380527274169
2100-Mar-14 22:00:00, 1153.3694302400406, 1.9606681229736631, null, null, 1153.3694302400406, 1.9606681229736631
2100-Mar-14 23:00:00, 1155.7591995201033, 1.9647306066201262, null, null, 1155.7591995201033, 1.9647306066201262
2100-Mar-15 00:00:00, 1158.4739769054358, 1.9693455871639434, null, null, 1158.4739769054358, 1.9693455871639434
2100-Mar-15 01:00:00, 1161.4718836416491, 1.9744418728979238, null, null, 1161.4718836416491, 1.9744418728979238
2100-Mar-15 02:00:00, 1164.6939254281413, 1.9799191765753323, null, null, 1164.6939254281413, 1.9799191765753323
2100-Mar-15 03:00:00, 1168.1548272246998, 1.9858025298629622, null, null, 1168.1548272246998, 1.9858025298629622
2100-Mar-15 04:00:00, 1171.8426972589994, 1.9920717173655442, null, null, 1171.8426972589994, 1.9920717173655442
2100-Mar-15 05:00:00, 1175.8118138052198, 1.9988190093298561, null, null, 1175.8118138052198, 1.9988190093298561
2100-Mar-15 06:00:00, 1180.0555394426556, 2.0060331224854604, null, null, 1180.0555394426556, 2.0060331224854604
2100-Mar-15 07:00:00, 1184.3543018071389, 2.0133407952183222, null, null, 1184.3543018071389, 2.0133407952183222
2100-Mar-15 08:00:00, 1188.1669266782983, 2.0198220594635372, null, null, 1188.1669266782983, 2.0198220594635372
2100-Mar-15 09:00:00, 1190.7286228567377, 2.0241768099069959, null, null, 1190.7286228567377, 2.0241768099069959
2100-Mar-15 10:00:00, 1191.3450978293297, 2.0252247853393954, null, null, 1191.3450978293297, 2.0252247853393954
2100-Mar-15 11:00:00, 1189.6328493575513, 2.0223140518751594, null, null, 1189.6328493575513, 2.0223140518751594
2100-Mar-15 12:00:00, 1185.3008412218035, 2.0149498630580034, null, null, 1185.3008412218035, 2.0149498630580034
2100-Mar-15 13:00:00, 1178.1542376736552, 2.0028010082357732, null, null, 1178.1542376736552, 2.0028010082357732
2100-Mar-15 14:00:00, 1169.288358634474, 1.9877294743815723, null, null, 1169.288358634474, 1.9877294743815723
2100-Mar-15 15:00:00, 1159.5617930607889, 1.9711948181245842, null, null, 1159.5617930607889, 1.9711948181245842
2100-Mar-15 16:00:00, 1149.678602419775, 1.9543939073885725, null, null, 1149.678602419775, 1.9543939073885725
2100-Mar-15 17:00:00, 1140.6405719958841, 1.9390297251222703, null, null, 1140.6405719958841, 1.9390297251222703
2100-Mar-15 18:00:00, 1133.221159378186, 1.9264171090520823, null, null, 1133.221159378186, 1.9264171090520823
2100-Mar-15 19:00:00, 1127.714537675156, 1.917056138182446, null, null, 1127.714537675156, 1.917056138182446
2100-Mar-15 20:00:00, 1123.983781268701, 1.9107140460748084, null, null, 1123.983781268701, 1.9107140460748084
2100-Mar-15 21:00:00, 1121.7921658825351, 1.9069884137554396, null, null, 1121.7921658825351, 1.9069884137554396
2100-Mar-15 22:00:00, 1120.878251008784, 1.9054348059407238, null, null, 1120.878251008784, 1.9054348059407238
2100-Mar-15 23:00:00, 1121.0428274128869, 1.9057145772792543, null, null, 1121.0428274128869, 1.9057145772792543
2100-Mar-16 00:00:00, 1122.0959452357631, 1.9075048228769886, null, null, 1122.0959452357631, 1.9075048228769886
2100-Mar-16 01:00:00, 1123.8619907295961, 1.9105070084843867, null, null, 1123.8619907295961, 1.9105070084843867
2100-Mar-16 02:00:00, 1126.1716423929017, 1.9144332963438404, null, null, 1126.1716423929017, 1.9144332963438404
2100-Mar-16 03:00:00, 1129.0040625888519, 1.9192482635550925, null, null, 1129.0040625888519, 1.9192482635550925
2100-Mar-16 04:00:00, 1132.3382013889907, 1.9249161263331456, null, null, 1132.3382013889907, 1.9249161263331456
2100-Mar-16 05:00:00, 1136.1422830445397, 1.9313828675555755, null, null, 1136.1422830445397, 1.9313828675555755
2100-Mar-16 06:00:00, 1140.3525447011857, 1.9385400936820267, null, null, 1140.3525447011857, 1.9385400936820267
2100-Mar-16 07:00:00, 1144.7529739614583, 1.9460205948569378, null, null, 1144.7529739614583, 1.9460205948569378
2100-Mar-16 08:00:00, 1149.0553876911183, 1.9533344747209402, null, null, 1149.0553876911183, 1.9533344747209402
2100-Mar-16 09:00:00, 1152.7976025868168, 1.9596960456651138, null, null, 1152.7976025868168, 1.9596960456651138
2100-Mar-16 10:00:00, 1155.2709398695213, 1.9639005905753701, null, null, 1155.2709398695213, 1.9639005905753701
2100-Mar-16 11:00:00, 1155.8873716536696, 1.9649484925896588, null, null, 1155.8873716536696, 1.9649484925896588
2100-Mar-16 12:00:00, 1154.7621452118321, 1.9630356660851636, null, null, 1154.7621452118321, 1.9630356660851636
2100-Mar-16 13:00:00, 1152.3171204872342, 1.9588792510530744, null, null, 1152.3171204872342, 1.9588792510530744
2100-Mar-16 14:00:00, 1149.0893838846341, 1.9533922664840833, null, null, 1149.0893838846341, 1.9533922664840833
2100-Mar-16 15:00:00, 1145.5950579737535, 1.9474520939382245, null, null, 1145.5950579737535, 1.9474520939382245
2100-Mar-16 16:00:00, 1142.2413582460215, 1.9417509785992988, null, null, 1142.2413582460215, 1.9417509785992988
2100-Mar-16 17:00:00, 1139.2296604223543, 1.9366312487329849, null, null, 1139.2296604223543, 1.9366312487329849
2100-Mar-16 18:00:00, 1136.6184207819583, 1.9321922769775914, null, null, 1136.6184207819583, 1.9321922769775914
2100-Mar-16 19:00:00, 1134.4580853461584, 1.9285198189490986, null, null, 1134.4580853461584, 1.9285198189490986
2100-Mar-16 20:00:00, 1132.8389982182325, 1.925767454930416, null, null, 1132.8389982182325, 1.925767454930416
2100-Mar-16 21:00:00, 1131.7122847200092, 1.9238521005073055, null, null, 1131.7122847200092, 1.9238521005073055
2100-Mar-16 22:00:00, 1131.1903230797998, 1.9229647928307352, null, null, 1131.1903230797998, 1.9229647928307352
2100-Mar-16 23:00:00, 1131.3344840491764, 1.9232098589906512, null, null, 1131.3344840491764, 1.9232098589906512
2100-Mar-17 00:00:00, 1132.0937203966841, 1.9245005213450814, null, null, 1132.0937203966841, 1.9245005213450814
2100-Mar-17 01:00:00, 1133.3992968037542, 1.9267199334227156, null, null, 1133.3992968037542, 1.9267199334227156
2100-Mar-17 02:00:00, 1135.1402555333891, 1.9296794728340363, null, null, 1135.1402555333891, 1.9296794728340363
2100-Mar-17 03:00:00, 1137.2162928543548, 1.9332086284459324, null, null, 1137.2162928543548, 1.9332086284459324
2100-Mar-17 04:00:00, 1139.5696137957261, 1.9372091518098236, null, null, 1139.5696137957261, 1.9372091518098236
2100-Mar-17 05:00:00, 1142.1415245241765, 1.9415812664577357, null, null, 1142.1415245241765, 1.9415812664577357
2100-Mar-17 06:00:00, 1144.9133878988314, 1.9462932902182346, null, null, 1144.9133878988314, 1.9462932902182346
2100-Mar-17 07:00:00, 1147.793317101728, 1.951189020273578, null, null, 1147.793317101728, 1.951189020273578
2100-Mar-17 08:00:00, 1150.3260380173303, 1.9554945142752498, null, null, 1150.3260380173303, 1.9554945142752498
2100-Mar-17 09:00:00, 1151.870659685027, 1.9581202908794355, null, null, 1151.870659685027, 1.9581202908794355
2100-Mar-17 10:00:00, 1152.1345168676385, 1.9585688343845777, null, null, 1152.1345168676385, 1.9585688343845777
2100-Mar-17 11:00:00, 1151.1726783170996, 1.9569337588085793, null, null, 1151.1726783170996, 1.9569337588085793
2100-Mar-17 12:00:00, 1149.2958941841348, 1.953743323266655, null, null, 1149.2958941841348, 1.953743323266655
2100-Mar-17 13:00:00, 1146.9644958934634, 1.9497800672702452, null, null, 1146.9644958934634, 1.9497800672702452
2100-Mar-17 14:00:00, 1144.5193941591581, 1.9456235213256536, null, null, 1144.5193941591581, 1.9456235213256536
2100-Mar-17 15:00:00, 1142.245032803509, 1.9417572251561634, null, null, 1142.245032803509, 1.9417572251561634
2100-Mar-17 16:00:00, 1140.6046188081509, 1.9389686065706082, null, null, 1140.6046188081509, 1.9389686065706082
2100-Mar-17 17:00:00, 1139.8082664766121, 1.9376148489712075, null, null, 1139.8082664766121, 1.9376148489712075
2100-Mar-17 18:00:00, 1139.9129686174679, 1.9377928371722128, null, null, 1139.9129686174679, 1.9377928371722128
2100-Mar-17 19:00:00, 1140.8604376980943, 1.9394034853957407, null, null, 1140.8604376980943, 1.9394034853957407
2100-Mar-17 20:00:00, 1142.6357486589354, 1.9424214218157847, null, null, 1142.6357486589354, 1.9424214218157847
2100-Mar-17 21:00:00, 1145.1499785101582, 1.9466954819684763, null, null, 1145.1499785101582, 1.9466954819684763
2100-Mar-17 22:00:00, 1148.2990455916797, 1.9520487324378941, null, null, 1148.2990455916797, 1.9520487324378941
2100-Mar-17 23:00:00, 1151.9532444792762, 1.9582606807400311, null, null, 1151.9532444792762, 1.9582606807400311
2100-Mar-18 00:00:00, 1155.9482746877311, 1.9650520245841316, null, null, 1155.9482746877311, 1.9650520245841316
2100-Mar-18 01:00:00, 1160.201254771461, 1.9722818698177405, null, null, 1160.201254771461, 1.9722818698177405
2100-Mar-18 02:00:00, 1164.6504687046436, 1.9798453024026199, null, null, 1164.6504687046436, 1.9798453024026199
2100-Mar-18 03:00:00, 1169.2313639152233, 1.9876325863192719, null, null, 1169.2313639152233, 1.9876325863192719
2100-Mar-18 04:00:00, 1173.9161693984515, 1.9955965123021082, null, null, 1173.9161693984515, 1.9955965123021082
2100-Mar-18 05:00:00, 1178.6910198130042, 2.0037135099910732, null, null, 1178.6910198130042, 2.0037135099910732
2100-Mar-18 06:00:00, 1183.4029330752808, 2.0117235177902564, null, null, 1183.4029330752808, 2.0117235177902564
2100-Mar-18 07:00:00, 1187.49496203338, 2.0186797544704334, null, null, 1187.49496203338, 2.0186797544704334
2100-Mar-18 08:00:00, 1190.6727133396496, 2.0240817666320039, null, null, 1190.6727133396496, 2.0240817666320039
2100-Mar-18 09:00:00, 1192.4395527411748, 2.0270853018412418, null, null, 1192.4395527411748, 2.0270853018412418
2100-Mar-18 10:00:00, 1192.4873121138378, 2.0271664902940465, null, null, 1192.4873121138378, 2.0271664902940465
2100-Mar-18 11:00:00, 1190.7718602521602, 2.0242503112333727, null, null, 1190.7718602521602, 2.0242503112333727
2100-Mar-18 12:00:00, 1187.564258358675, 2.018797554624038, null, null, 1187.564258358675, 2.018797554624038
2100-Mar-18 13:00:00, 1182.8338990085786, 2.0107561894336889, null, null, 1182.8338990085786, 2.0107561894336889
2100-Mar-18 14:00:00, 1177.1157084298829, 2.0010355624647538, null, null, 1177.1157084298829, 2.0010355624647538
2100-Mar-18 15:00:00, 1171.45204766147, 1.9914076333409061, null, null, 1171.45204766147, 1.9914076333409061
2100-Mar-18 16:00:00, 1166.4473930073409, 1.9828999803811771, null, null, 1166.4473930073409, 1.9828999803811771
2100-Mar-18 17:00:00, 1162.344695117836, 1.9759256070717774, null, null, 1162.344695117836, 1.9759256070717774
2100-Mar-18 18:00:00, 1159.375524187057, 1.9708781707144372, null, null, 1159.375524187057, 1.9708781707144372
2100-Mar-18 19:00:00, 1157.6142966007542, 1.9678841752995881, null, null, 1157.6142966007542, 1.9678841752995881
2100-Mar-18 20:00:00, 1156.9770477994884, 1.9668008854374797, null, null, 1156.9770477994884, 1.9668008854374797
2100-Mar-18 21:00:00, 1157.3160797100597, 1.9673772220754202, null, null, 1157.3160797100597, 1.9673772220754202
2100-Mar-18 22:00:00, 1158.5538766326968, 1.9694814125501272, null, null, 1158.5538766326968, 1.9694814125501272
2100-Mar-18 23:00:00, 1160.452984383599, 1.9727097970830094, null, null, 1160.452984383599, 1.9727097970830094
2100-Mar-19 00:00:00, 1162.7854810689748, 1.976674920293364, null, null, 1162.7854810689748, 1.976674920293364
2100-Mar-19 01:00:00, 1165.3703321686382, 1.9810690329001881, null, null, 1165.3703321686382, 1.9810690329001881
2100-Mar-19 02:00:00, 1168.1135171319361, 1.9857323048509969, null, null, 1168.1135171319361, 1.9857323048509969
2100-Mar-19 03:00:00, 1170.9863518907559, 1.9906159747199101, null, null, 1170.9863518907559, 1.9906159747199101
2100-Mar-19 04:00:00, 1174.0190157823847, 1.9957713458127371, null, null, 1174.0190157823847, 1.9957713458127371
2100-Mar-19 05:00:00, 1177.2344991458831, 2.0012375005117145, null, null, 1177.2344991458831, 2.0012375005117145
2100-Mar-19 06:00:00, 1180.6416407865497, 2.0070294643267439, null, null, 1180.6416407865497, 2.0070294643267439
2100-Mar-19 07:00:00, 1184.1160826118071, 2.0129358349598641, null, null, 1184.1160826118071, 2.0129358349598641
2100-Mar-19 08:00:00, 1187.2786223939668, 2.0183119883205665, null, null, 1187.2786223939668, 2.0183119883205665
2100-Mar-19 09:00:00, 1189.6100416055658, 2.0222752798814669, null, null, 1189.6100416055658, 2.0222752798814669
2100-Mar-19 10:00:00, 1190.8014294871496, 2.0243005773969664, null, null, 1190.8014294871496, 2.0243005773969664
2100-Mar-19 11:00:00, 1190.7759672962288, 2.0242572929949612, null, null, 1190.7759672962288, 2.0242572929949612
2100-Mar-19 12:00:00, 1189.7492016122058, 2.0225118446644914, null, null, 1189.7492016122058, 2.0225118446644914
2100-Mar-19 13:00:00, 1188.1403702607827, 2.0197769149331566, null, null, 1188.1403702607827, 2.0197769149331566
2100-Mar-19 14:00:00, 1186.2981175763348, 2.016645181060075, null, null, 1186.2981175763348, 2.016645181060075
2100-Mar-19 15:00:00, 1184.4322619345435, 2.0134733233854969, null, null, 1184.4322619345435, 2.0134733233854969
2100-Mar-19 16:00:00, 1182.6273342657989, 2.010405040100371, null, null, 1182.6273342657989, 2.010405040100371
2100-Mar-19 17:00:00, 1180.9914774516287, 2.0076241684861258, null, null, 1180.9914774516287, 2.0076241684861258
2100-Mar-19 18:00:00, 1179.6404794429229, 2.0053275420450043, null, null, 1179.6404794429229, 2.0053275420450043
2100-Mar-19 19:00:00, 1178.705073676914, 2.0037374008297326, null, null, 1178.705073676914, 2.0037374008297326
2100-Mar-19 20:00:00, 1178.2432584955122, 2.0029523390090014, null, null, 1178.2432584955122, 2.0029523390090014
2100-Mar-19 21:00:00, 1178.2143912705551, 2.0029032662259985, null, null, 1178.2143912705551, 2.0029032662259985
2100-Mar-19 22:00:00, 1178.5589428806231, 2.0034889860663787, null, null, 1178.5589428806231, 2.0034889860663787
2100-Mar-19 23:00:00, 1179.2076933005228, 2.0045918280827468, null, null, 1179.2076933005228, 2.0045918280827468
2100-Mar-20 00:00:00, 1180.0577692049499, 2.0060369129655422, null, null, 1180.0577692049499, 2.0060369129655422
2100-Mar-20 01:00:00, 1180.8282514215934, 2.007346692713369, null, null, 1180.8282514215934, 2.007346692713369
2100-Mar-20 02:00:00, 1181.5357702858701, 2.0085494380326212, null, null, 1181.5357702858701, 2.0085494380326212
2100-Mar-20 03:00:00, 1182.184137224082, 2.0096516281500389, null, null, 1182.184137224082, 2.0096516281500389
2100-Mar-20 04:00:00, 1182.8658342031601, 2.0108104776056965, null, null, 1182.8658342031601, 2.0108104776056965
2100-Mar-20 05:00:00, 1183.6975733852548, 2.0122243910129747, null, null, 1183.6975733852548, 2.0122243910129747
2100-Mar-20 06:00:00, 1184.735490482936, 2.0139887961674354, null, null, 1184.735490482936, 2.0139887961674354
2100-Mar-20 07:00:00, 1185.9316557274849, 2.0160222149518296, null, null, 1185.9316557274849, 2.0160222149518296
2100-Mar-20 08:00:00, 1187.2423654025611, 2.0182503533184413, null, null, 1187.2423654025611, 2.0182503533184413
2100-Mar-20 09:00:00, 1188.5028362279447, 2.0203930882500876, null, null, 1188.5028362279447, 2.0203930882500876
2100-Mar-20 10:00:00, 1189.4289532100063, 2.0219674390151279, null, null, 1189.4289532100063, 2.0219674390151279
2100-Mar-20 11:00:00, 1189.7359366072401, 2.0224892948450619, null, null, 1189.7359366072401, 2.0224892948450619
2100-Mar-20 12:00:00, 1189.2530944492869, 2.0216684882563789, null, null, 1189.2530944492869, 2.0216684882563789
2100-Mar-20 13:00:00, 1187.7224931499929, 2.0190665455502304, null, null, 1187.7224931499929, 2.0190665455502304
2100-Mar-20 14:00:00, 1185.3008109428308, 2.0149498115853226, null, null, 1185.3008109428308, 2.0149498115853226
2100-Mar-20 15:00:00, 1182.5634010592551, 2.0102963569700716, null, null, 1182.5634010592551, 2.0102963569700716
2100-Mar-20 16:00:00, 1180.016071914941, 2.0059660297383721, null, null, 1180.016071914941, 2.0059660297383721
2100-Mar-20 17:00:00, 1178.0039689321425, 2.0025455591804762, null, null, 1178.0039689321425, 2.0025455591804762
2100-Mar-20 18:00:00, 1176.6851921939253, 2.000303707225545, null, null, 1176.6851921939253, 2.000303707225545
2100-Mar-20 19:00:00, 1176.0032413396705, 1.9991444261952735, null, null, 1176.0032413396705, 1.9991444261952735
2100-Mar-20 20:00:00, 1175.8500489903579, 1.9988840071585749, null, null, 1175.8500489903579, 1.9988840071585749
2100-Mar-20 21:00:00, 1176.1613527101306, 1.9994132073124185, null, null, 1176.1613527101306, 1.9994132073124185
2100-Mar-20 22:00:00, 1176.8605561371496, 2.0006018168202542, null, null, 1176.8605561371496, 2.0006018168202542
2100-Mar-20 23:00:00, 1177.8071042608315, 2.0022108994648127, null, null, 1177.8071042608315, 2.0022108994648127
2100-Mar-21 00:00:00, 1178.8886987193189, 2.0040495538639496, null, null, 1178.8886987193189, 2.0040495538639496
2100-Mar-21 01:00:00, 1179.9799540793983, 2.0059046312939857, null, null, 1179.9799540793983, 2.0059046312939857
2100-Mar-21 02:00:00, 1180.9883380851443, 2.0076188317261674, null, null, 1180.9883380851443, 2.0076188317261674
2100-Mar-21 03:00:00, 1182.0583372071867, 2.0094377746556344, null, null, 1182.0583372071867, 2.0094377746556344
2100-Mar-21 04:00:00, 1183.2349955387203, 2.0114380327011325, null, null, 1183.2349955387203, 2.0114380327011325
2100-Mar-21 05:00:00, 1184.4033675094429, 2.013424204363663, null, null, 1184.4033675094429, 2.013424204363663
2100-Mar-21 06:00:00, 1185.4737137435736, 2.0152437373656502, null, null, 1185.4737137435736, 2.0152437373656502
2100-Mar-21 07:00:00, 1186.3619617636782, 2.0167537128623576, null, null, 1186.3619617636782, 2.0167537128623576
2100-Mar-21 08:00:00, 1186.9321138414809, 2.017722941779724, null, null, 1186.9321138414809, 2.017722941779724
2100-Mar-21 09:00:00, 1187.0295861450484, 2.0178886396328721, null, null, 1187.0295861450484, 2.0178886396328721
2100-Mar-21 10:00:00, 1186.6899277166137, 2.0173112379471063, null, null, 1186.6899277166137, 2.0173112379471063
2100-Mar-21 11:00:00, 1186.4824115779215, 2.0169584712901543, null, null, 1186.4824115779215, 2.0169584712901543
2100-Mar-21 12:00:00, 1186.6638779783416, 2.0172669547451219, null, null, 1186.6638779783416, 2.0172669547451219
2100-Mar-21 13:00:00, 1187.1506912852976, 2.01809451208084, null, null, 1187.1506912852976, 2.01809451208084
2100-Mar-21 14:00:00, 1187.6356306614086, 2.0189188838314576, null, null, 1187.6356306614086, 2.0189188838314576
2100-Mar-21 15:00:00, 1187.7643596384644, 2.0191377164059983, null, null, 1187.7643596384644, 2.0191377164059983
2100-Mar-21 16:00:00, 1187.3030821124153, 2.01835356857144, null, null, 1187.3030821124153, 2.01835356857144
2100-Mar-21 17:00:00, 1186.3662710561832, 2.0167610384357824, null, null, 1186.3662710561832, 2.0167610384357824
2100-Mar-21 18:00:00, 1185.4493411781846, 2.0152023052704511, null, null, 1185.4493411781846, 2.0152023052704511
2100-Mar-21 19:00:00, 1184.9961871842927, 2.0144319670186066, null, null, 1184.9961871842927, 2.0144319670186066
2100-Mar-21 20:00:00, 1185.0457420364089, 2.0145162076932213, null, null, 1185.0457420364089, 2.0145162076932213
2100-Mar-21 21:00:00, 1185.712950450586, 2.0156504273411135, null, null, 1185.712950450586, 2.0156504273411135
2100-Mar-21 22:00:00, 1187.0427947113888, 2.0179110935095701, null, null, 1187.0427947113888, 2.0179110935095701
2100-Mar-21 23:00:00, 1189.0341088626562, 2.0212962241336787, null, null, 1189.0341088626562, 2.0212962241336787
2100-Mar-22 00:00:00, 1191.5768890753807, 2.0256188184179571, null, null, 1191.5768890753807, 2.0256188184179571
2100-Mar-22 01:00:00, 1194.5247580248997, 2.030630042513625, null, null, 1194.5247580248997, 2.030630042513625
2100-Mar-22 02:00:00, 1197.7503852433049, 2.0361134412390509, null, null, 1197.7503852433049, 2.0361134412390509
2100-Mar-22 03:00:00, 1201.1848694831183, 2.0419518860523977, null, null, 1201.1848694831183, 2.0419518860523977
2100-Mar-22 04:00:00, 1204.7734662111277, 2.0480523140907505, null, null, 1204.7734662111277, 2.0480523140907505
2100-Mar-22 05:00:00, 1208.5168374144164, 2.0544158506977666, null, null, 1208.5168374144164, 2.0544158506977666
2100-Mar-22 06:00:00, 1212.3622538981344, 2.0609528589810662, null, null, 1212.3622538981344, 2.0609528589810662
2100-Mar-22 07:00:00, 1216.0871645716331, 2.0672850136463179, null, null, 1216.0871645716331, 2.0672850136463179
2100-Mar-22 08:00:00, 1219.3314799059935, 2.0728001811981676, null, null, 1219.3314799059935, 2.0728001811981676
2100-Mar-22 09:00:00, 1221.8242553239668, 2.0770377699287228, null, null, 1221.8242553239668, 2.0770377699287228
2100-Mar-22 10:00:00, 1223.5103330739189, 2.0799040145252166, null, null, 1223.5103330739189, 2.0799040145252166
2100-Mar-22 11:00:00, 1224.3558747950583, 2.0813413915319376, null, null, 1224.3558747950583, 2.0813413915319376
2100-Mar-22 12:00:00, 1224.4280800930073, 2.0814641367879561, null, null, 1224.4280800930073, 2.0814641367879561
2100-Mar-22 13:00:00, 1223.7248850621563, 2.0802687417609382, null, null, 1223.7248850621563, 2.0802687417609382
2100-Mar-22 14:00:00, 1222.3630410544818, 2.0779536776849343, null, null, 1222.3630410544818, 2.0779536776849343
2100-Mar-22 15:00:00, 1220.6915435010735, 2.0751122186652391, null, null, 1220.6915435010735, 2.0751122186652391
2100-Mar-22 16:00:00, 1219.0123108579403, 2.0722576103947885, null, null, 1219.0123108579403, 2.0722576103947885
2100-Mar-22 17:00:00, 1217.5203818586474, 2.0697214085899214, null, null, 1217.5203818586474, 2.0697214085899214
2100-Mar-22 18:00:00, 1216.3549215208802, 2.0677401865521787, null, null, 1216.3549215208802, 2.0677401865521787
2100-Mar-22 19:00:00, 1215.6302303671964, 2.066508249232899, null, null, 1215.6302303671964, 2.066508249232899
2100-Mar-22 20:00:00, 1215.3723817732471, 2.0660699200163837, null, null, 1215.3723817732471, 2.0660699200163837
2100-Mar-22 21:00:00, 1215.6098647165243, 2.0664736286845913, null, null, 1215.6098647165243, 2.0664736286845913
2100-Mar-22 22:00:00, 1216.3051380873142, 2.0676555573009727, null, null, 1216.3051380873142, 2.0676555573009727
2100-Mar-22 23:00:00, 1217.451282991058, 2.0696039441041596, null, null, 1217.451282991058, 2.0696039441041596
2100-Mar-23 00:00:00, 1219.0568200725727, 2.0723332737477613, null, null, 1219.0568200725727, 2.0723332737477613
2100-Mar-23 01:00:00, 1221.1234929536129, 2.0758465102981929, null, null, 1221.1234929536129, 2.0758465102981929
2100-Mar-23 02:00:00, 1223.7275019904073, 2.0802731904030365, null, null, 1223.7275019904073, 2.0802731904030365
2100-Mar-23 03:00:00, 1226.857437418799, 2.085593918055872, null, null, 1226.857437418799, 2.085593918055872
2100-Mar-23 04:00:00, 1230.3377498455809, 2.0915102684066529, null, null, 1230.3377498455809, 2.0915102684066529
2100-Mar-23 05:00:00, 1234.0266381886215, 2.0977811869812015, null, null, 1234.0266381886215, 2.0977811869812015
2100-Mar-23 06:00:00, 1237.7658139301325, 2.1041375915211162, null, null, 1237.7658139301325, 2.1041375915211162
2100-Mar-23 07:00:00, 1241.2845277677945, 2.1101192222757432, null, null, 1241.2845277677945, 2.1101192222757432
2100-Mar-23 08:00:00, 1244.0223903135989, 2.1147734463932708, null, null, 1244.0223903135989, 2.1147734463932708
2100-Mar-23 09:00:00, 1245.2293597592929, 2.1168252317584186, null, null, 1245.2293597592929, 2.1168252317584186
2100-Mar-23 10:00:00, 1244.2429226674349, 2.1151483399398776, null, null, 1244.2429226674349, 2.1151483399398776
2100-Mar-23 11:00:00, 1241.4017074105107, 2.1103184215818036, null, null, 1241.4017074105107, 2.1103184215818036
2100-Mar-23 12:00:00, 1237.224356862798, 2.1032171426310668, null, null, 1237.224356862798, 2.1032171426310668
2100-Mar-23 13:00:00, 1232.2335749808497, 2.0947330726634639, null, null, 1232.2335749808497, 2.0947330726634639
2100-Mar-23 14:00:00, 1226.8957652812994, 2.0856590734312928, null, null, 1226.8957652812994, 2.0856590734312928
2100-Mar-23 15:00:00, 1221.5584200585654, 2.0765858637855836, null, null, 1221.5584200585654, 2.0765858637855836
2100-Mar-23 16:00:00, 1216.425426393836, 2.0678600411740322, null, null, 1216.425426393836, 2.0678600411740322
2100-Mar-23 17:00:00, 1211.7564389933043, 2.0599230051101554, null, null, 1211.7564389933043, 2.0599230051101554
2100-Mar-23 18:00:00, 1207.8812651499891, 2.0533354108612007, null, null, 1207.8812651499891, 2.0533354108612007
2100-Mar-23 19:00:00, 1204.9649056557546, 2.0483777512028487, null, null, 1204.9649056557546, 2.0483777512028487
2100-Mar-23 20:00:00, 1203.0266721164592, 2.0450828548619739, null, null, 1203.0266721164592, 2.0450828548619739
2100-Mar-23 21:00:00, 1201.9743251122559, 2.0432939196159454, null, null, 1201.9743251122559, 2.0432939196159454
2100-Mar-23 22:00:00, 1201.6991176581953, 2.0428260812388963, null, null, 1201.6991176581953, 2.0428260812388963
2100-Mar-23 23:00:00, 1202.0559672612781, 2.043432707028618, null, null, 1202.0559672612781, 2.043432707028618
2100-Mar-24 00:00:00, 1202.9444322036836, 2.0449430512819697, null, null, 1202.9444322036836, 2.0449430512819697
2100-Mar-24 01:00:00, 1204.3173276394568, 2.0472769022117072, null, null, 1204.3173276394568, 2.0472769022117072
2100-Mar-24 02:00:00, 1206.1301459205533, 2.0503585991279762, null, null, 1206.1301459205533, 2.0503585991279762
2100-Mar-24 03:00:00, 1208.357408517358, 2.0541448298538394, null, null, 1208.357408517358, 2.0541448298538394
2100-Mar-24 04:00:00, 1210.9939490083179, 2.0586268117410125, null, null, 1210.9939490083179, 2.0586268117410125
2100-Mar-24 05:00:00, 1214.0120672761946, 2.0637574560289909, null, null, 1214.0120672761946, 2.0637574560289909
2100-Mar-24 06:00:00, 1217.4972167924809, 2.0696820291806803, null, null, 1217.4972167924809, 2.0696820291806803
2100-Mar-24 07:00:00, 1221.1210139409118, 2.0758422961053662, null, null, 1221.1210139409118, 2.0758422961053662
2100-Mar-24 08:00:00, 1224.254855826227, 2.0811696645320623, null, null, 1224.254855826227, 2.0811696645320623
2100-Mar-24 09:00:00, 1226.1659185200187, 2.0844183718468918, null, null, 1226.1659185200187, 2.0844183718468918
2100-Mar-24 10:00:00, 1226.4445260406046, 2.0848919901604273, null, null, 1226.4445260406046, 2.0848919901604273
2100-Mar-24 11:00:00, 1224.6205079849021, 2.0817912542090675, null, null, 1224.6205079849021, 2.0817912542090675
2100-Mar-24 12:00:00, 1220.1884855698747, 2.0742570463120886, null, null, 1220.1884855698747, 2.0742570463120886
2100-Mar-24 13:00:00, 1213.8224191711313, 2.063435064101105, null, null, 1213.8224191711313, 2.063435064101105
2100-Mar-24 14:00:00, 1206.5047926650016, 2.050995479133598, null, null, 1206.5047926650016, 2.050995479133598
2100-Mar-24 15:00:00, 1198.9803967345651, 2.0382043968848089, null, null, 1198.9803967345651, 2.0382043968848089
2100-Mar-24 16:00:00, 1191.7648260813542, 2.0259383015662684, null, null, 1191.7648260813542, 2.0259383015662684
2100-Mar-24 17:00:00, 1185.2645884113629, 2.0148882351633017, null, null, 1185.2645884113629, 2.0148882351633017
2100-Mar-24 18:00:00, 1179.8100051307201, 2.0056157269087387, null, null, 1179.8100051307201, 2.0056157269087387
2100-Mar-24 19:00:00, 1175.5736113031514, 1.9984140774490791, null, null, 1175.5736113031514, 1.9984140774490791
2100-Mar-24 20:00:00, 1172.5804163519826, 1.9933258015049342, null, null, 1172.5804163519826, 1.9933258015049342
2100-Mar-24 21:00:00, 1170.7325075396759, 1.9901844525082837, null, null, 1170.7325075396759, 1.9901844525082837
2100-Mar-24 22:00:00, 1169.8837862377075, 1.988741670379307, null, null, 1169.8837862377075, 1.988741670379307
2100-Mar-24 23:00:00, 1169.8936461136302, 1.988758431656233, null, null, 1169.8936461136302, 1.988758431656233
2100-Mar-25 00:00:00, 1170.6498386448266, 1.990043919681036, null, null, 1170.6498386448266, 1.990043919681036
2100-Mar-25 01:00:00, 1172.068273418791, 1.9924551851202899, null, null, 1172.068273418791, 1.9924551851202899
2100-Mar-25 02:00:00, 1174.1425832091011, 1.995981404019803, null, null, 1174.1425832091011, 1.995981404019803
2100-Mar-25 03:00:00, 1176.9578147964962, 2.0007671514893239, null, null, 1176.9578147964962, 2.0007671514893239
2100-Mar-25 04:00:00, 1180.4503690496558, 2.0067043123090804, null, null, 1180.4503690496558, 2.0067043123090804
2100-Mar-25 05:00:00, 1184.4422073841556, 2.0134902301332498, null, null, 1184.4422073841556, 2.0134902301332498
2100-Mar-25 06:00:00, 1188.854422274153, 2.0209907662665225, null, null, 1188.854422274153, 2.0209907662665225
2100-Mar-25 07:00:00, 1193.4512537124476, 2.028805140942529, null, null, 1193.4512537124476, 2.028805140942529
2100-Mar-25 08:00:00, 1197.4227352576086, 2.0355564532821968, null, null, 1197.4227352576086, 2.0355564532821968
2100-Mar-25 09:00:00, 1199.8062888776485, 2.0396083706294754, null, null, 1199.8062888776485, 2.0396083706294754
2100-Mar-25 10:00:00, 1200.0142242268691, 2.0399618499225514, null, null, 1200.0142242268691, 2.0399618499225514
2100-Mar-25 11:00:00, 1198.0621345801017, 2.036643398918689, null, null, 1198.0621345801017, 2.036643398918689
2100-Mar-25 12:00:00, 1194.3700625421704, 2.0303670682281942, null, null, 1194.3700625421704, 2.0303670682281942
2100-Mar-25 13:00:00, 1189.2693981580319, 2.0216962037143964, null, null, 1189.2693981580319, 2.0216962037143964
2100-Mar-25 14:00:00, 1183.1691182140266, 2.0113260446709602, null, null, 1183.1691182140266, 2.0113260446709602
2100-Mar-25 15:00:00, 1176.5151552263253, 2.0000146532127028, null, null, 1176.5151552263253, 2.0000146532127028
2100-Mar-25 16:00:00, 1169.9381707158241, 1.9888341211672611, null, null, 1169.9381707158241, 1.9888341211672611
2100-Mar-25 17:00:00, 1163.921764330144, 1.9786065428164086, null, null, 1163.921764330144, 1.9786065428164086
2100-Mar-25 18:00:00, 1158.7958321941921, 1.9698927244369884, null, null, 1158.7958321941921, 1.9698927244369884
2100-Mar-25 19:00:00, 1154.7388465499541, 1.9629960595701523, null, null, 1154.7388465499541, 1.9629960595701523
2100-Mar-25 20:00:00, 1151.8358016248344, 1.9580610339877089, null, null, 1151.8358016248344, 1.9580610339877089
2100-Mar-25 21:00:00, 1150.0212337148705, 1.9549763627932446, null, null, 1150.0212337148705, 1.9549763627932446
2100-Mar-25 22:00:00, 1149.1348978927733, 1.9534696379338266, null, null, 1149.1348978927733, 1.9534696379338266
2100-Mar-25 23:00:00, 1149.0894825906473, 1.9533924342791786, null, null, 1149.0894825906473, 1.9533924342791786
2100-Mar-26 00:00:00, 1149.7641973227639, 1.9545394142776744, null, null, 1149.7641973227639, 1.9545394142776744
2100-Mar-26 01:00:00, 1151.0990190272457, 1.9568085418418462, null, null, 1151.0990190272457, 1.9568085418418462
2100-Mar-26 02:00:00, 1153.1605650752863, 1.9603130630424768, null, null, 1153.1605650752863, 1.9603130630424768
2100-Mar-26 03:00:00, 1155.821130699107, 1.9648358864075968, null, null, 1155.821130699107, 1.9648358864075968
2100-Mar-26 04:00:00, 1159.0723362962672, 1.9703627670483113, null, null, 1159.0723362962672, 1.9703627670483113
2100-Mar-26 05:00:00, 1162.8980397090263, 1.9768662641349188, null, null, 1162.8980397090263, 1.9768662641349188
2100-Mar-26 06:00:00, 1167.1900840514506, 1.9841625165792285, null, null, 1167.1900840514506, 1.9841625165792285
2100-Mar-26 07:00:00, 1171.5542608124435, 1.991581390388395, null, null, 1171.5542608124435, 1.991581390388395
2100-Mar-26 08:00:00, 1175.3122768507199, 1.9979698224542064, null, null, 1175.3122768507199, 1.9979698224542064
2100-Mar-26 09:00:00, 1177.7122871309405, 2.0020497152689991, null, null, 1177.7122871309405, 2.0020497152689991
2100-Mar-26 10:00:00, 1178.267101995737, 2.002992871720902, null, null, 1178.267101995737, 2.002992871720902
2100-Mar-26 11:00:00, 1176.7145022126078, 2.0003535327348811, null, null, 1176.7145022126078, 2.0003535327348811
2100-Mar-26 12:00:00, 1173.1486010941026, 1.9942916860538273, null, null, 1173.1486010941026, 1.9942916860538273
2100-Mar-26 13:00:00, 1168.0306413229891, 1.9855914202805311, null, null, 1168.0306413229891, 1.9855914202805311
2100-Mar-26 14:00:00, 1161.7295016673004, 1.9748798101603089, null, null, 1161.7295016673004, 1.9748798101603089
2100-Mar-26 15:00:00, 1154.5284311866828, 1.9626383643820078, null, null, 1154.5284311866828, 1.9626383643820078
2100-Mar-26 16:00:00, 1147.2779853084339, 1.9503129829923953, null, null, 1147.2779853084339, 1.9503129829923953
2100-Mar-26 17:00:00, 1140.728356484414, 1.9391789541930602, null, null, 1140.728356484414, 1.9391789541930602
2100-Mar-26 18:00:00, 1135.2922033868524, 1.9299377762924328, null, null, 1135.2922033868524, 1.9299377762924328
2100-Mar-26 19:00:00, 1131.27658326606, 1.923111430666842, null, null, 1131.27658326606, 1.923111430666842
2100-Mar-26 20:00:00, 1128.6499641065975, 1.91864631452788, null, null, 1128.6499641065975, 1.91864631452788
2100-Mar-26 21:00:00, 1127.15685338711, 1.9161081038600629, null, null, 1127.15685338711, 1.9161081038600629
2100-Mar-26 22:00:00, 1126.7145966379885, 1.9153562903583023, null, null, 1126.7145966379885, 1.9153562903583023
2100-Mar-26 23:00:00, 1127.1305566902649, 1.9160634008413322, null, null, 1127.1305566902649, 1.9160634008413322
2100-Mar-27 00:00:00, 1128.1691457418381, 1.9178289482825064, null, null, 1128.1691457418381, 1.9178289482825064
2100-Mar-27 01:00:00, 1129.7209334242521, 1.9204669067394937, null, null, 1129.7209334242521, 1.9204669067394937
2100-Mar-27 02:00:00, 1131.7421361928552, 1.9239028464605954, null, null, 1131.7421361928552, 1.9239028464605954
2100-Mar-27 03:00:00, 1134.2152422684605, 1.9281069983307926, null, null, 1134.2152422684605, 1.9281069983307926
2100-Mar-27 04:00:00, 1137.1044793438205, 1.9330185512858531, null, null, 1137.1044793438205, 1.9330185512858531
2100-Mar-27 05:00:00, 1140.3136920389727, 1.9384740461743537, null, null, 1140.3136920389727, 1.9384740461743537
2100-Mar-27 06:00:00, 1143.7240323768972, 1.9442714476085741, null, null, 1143.7240323768972, 1.9442714476085741
2100-Mar-27 07:00:00, 1147.1328534821318, 1.9500662664261341, null, null, 1147.1328534821318, 1.9500662664261341
2100-Mar-27 08:00:00, 1150.2462121972876, 1.955358814527498, null, null, 1150.2462121972876, 1.955358814527498
2100-Mar-27 09:00:00, 1152.8134502727282, 1.9597229859080012, null, null, 1152.8134502727282, 1.9597229859080012
2100-Mar-27 10:00:00, 1154.5460896240152, 1.9626683828082563, null, null, 1154.5460896240152, 1.9626683828082563
2100-Mar-27 11:00:00, 1155.0837254818898, 1.9635823358407059, null, null, 1155.0837254818898, 1.9635823358407059
2100-Mar-27 12:00:00, 1154.3998552722248, 1.9624197920059325, null, null, 1154.3998552722248, 1.9624197920059325
2100-Mar-27 13:00:00, 1152.6503396249927, 1.959445706279161, null, null, 1152.6503396249927, 1.959445706279161
2100-Mar-27 14:00:00, 1150.055622417131, 1.955034821800866, null, null, 1150.055622417131, 1.955034821800866
2100-Mar-27 15:00:00, 1147.0177118263734, 1.9498705315920446, null, null, 1147.0177118263734, 1.9498705315920446
2100-Mar-27 16:00:00, 1143.8695061679932, 1.9445187454972228, null, null, 1143.8695061679932, 1.9445187454972228
2100-Mar-27 17:00:00, 1140.8468173175379, 1.9393803314562661, null, null, 1140.8468173175379, 1.9393803314562661
2100-Mar-27 18:00:00, 1138.2043386967541, 1.9348882550568318, null, null, 1138.2043386967541, 1.9348882550568318
2100-Mar-27 19:00:00, 1136.2827260285874, 1.9316216133335526, null, null, 1136.2827260285874, 1.9316216133335526
2100-Mar-27 20:00:00, 1135.1457480089464, 1.9296888097571929, null, null, 1135.1457480089464, 1.9296888097571929
2100-Mar-27 21:00:00, 1134.7418325895978, 1.9290021745245169, null, null, 1134.7418325895978, 1.9290021745245169
2100-Mar-27 22:00:00, 1135.0603571133502, 1.9295436496700622, null, null, 1135.0603571133502, 1.9295436496700622
2100-Mar-27 23:00:00, 1136.0536375408465, 1.9312321748037309, null, null, 1136.0536375408465, 1.9312321748037309
2100-Mar-28 00:00:00, 1137.5799658351714, 1.9338268536233809, null, null, 1137.5799658351714, 1.9338268536233809
2100-Mar-28 01:00:00, 1139.4335946519682, 1.9369779263305555, null, null, 1139.4335946519682, 1.9369779263305555
2100-Mar-28 02:00:00, 1141.5409949672203, 1.9405603974036787, null, null, 1141.5409949672203, 1.9405603974036787
2100-Mar-28 03:00:00, 1143.8867271914505, 1.944548020342604, null, null, 1143.8867271914505, 1.944548020342604
2100-Mar-28 04:00:00, 1146.3878064034998, 1.9487997250917721, null, null, 1146.3878064034998, 1.9487997250917721
2100-Mar-28 05:00:00, 1148.985992193903, 1.9532165059802222, null, null, 1148.985992193903, 1.9532165059802222
2100-Mar-28 06:00:00, 1151.5836939974272, 1.9576324641161171, null, null, 1151.5836939974272, 1.9576324641161171
2100-Mar-28 07:00:00, 1154.0396813789635, 1.9618075150955778, null, null, 1154.0396813789635, 1.9618075150955778
2100-Mar-28 08:00:00, 1156.2016726357499, 1.9654827879337411, null, null, 1156.2016726357499, 1.9654827879337411
2100-Mar-28 09:00:00, 1157.8788180900274, 1.96833384809155, null, null, 1157.8788180900274, 1.96833384809155
2100-Mar-28 10:00:00, 1158.8291942648336, 1.9699494382241829, null, null, 1158.8291942648336, 1.9699494382241829
2100-Mar-28 11:00:00, 1158.5894516591657, 1.9695418882472826, null, null, 1158.5894516591657, 1.9695418882472826
2100-Mar-28 12:00:00, 1157.0492148843973, 1.9669235657333144, null, null, 1157.0492148843973, 1.9669235657333144
2100-Mar-28 13:00:00, 1154.7091917571213, 1.9629456479626688, null, null, 1154.7091917571213, 1.9629456479626688
2100-Mar-28 14:00:00, 1152.2173320698626, 1.958709615926763, null, null, 1152.2173320698626, 1.958709615926763
2100-Mar-28 15:00:00, 1150.055884282252, 1.9550352669579698, null, null, 1150.055884282252, 1.9550352669579698
2100-Mar-28 16:00:00, 1148.5172298113232, 1.9524196342783409, null, null, 1148.5172298113232, 1.9524196342783409
2100-Mar-28 17:00:00, 1147.7163857683595, 1.9510582410028268, null, null, 1147.7163857683595, 1.9510582410028268
2100-Mar-28 18:00:00, 1147.6413721978729, 1.9509307218293621, null, null, 1147.6413721978729, 1.9509307218293621
2100-Mar-28 19:00:00, 1148.1858177698107, 1.9518562510220081, null, null, 1148.1858177698107, 1.9518562510220081
2100-Mar-28 20:00:00, 1149.1882576120902, 1.9535603466850491, null, null, 1149.1882576120902, 1.9535603466850491
2100-Mar-28 21:00:00, 1150.5528951795889, 1.9558801596676509, null, null, 1150.5528951795889, 1.9558801596676509
2100-Mar-28 22:00:00, 1152.2589052343153, 1.9587802881469349, null, null, 1152.2589052343153, 1.9587802881469349
2100-Mar-28 23:00:00, 1154.2617452939201, 1.9621850122165372, null, null, 1154.2617452939201, 1.9621850122165372
2100-Mar-29 00:00:00, 1156.5437930206099, 1.9660643748175506, null, null, 1156.5437930206099, 1.9660643748175506
2100-Mar-29 01:00:00, 1159.147134296895, 1.9704899197642132, null, null, 1159.147134296895, 1.9704899197642132
2100-Mar-29 02:00:00, 1162.0083122400413, 1.9753537736519606, null, null, 1162.0083122400413, 1.9753537736519606
2100-Mar-29 03:00:00, 1165.0089642460632, 1.9804547262020207, null, null, 1165.0089642460632, 1.9804547262020207
2100-Mar-29 04:00:00, 1168.0588771676669, 1.9856394197498541, null, null, 1168.0588771676669, 1.9856394197498541
2100-Mar-29 05:00:00, 1171.1091056889004, 1.9908246498006652, null, null, 1171.1091056889004, 1.9908246498006652
2100-Mar-29 06:00:00, 1174.117411571764, 1.9959386135437978, null, null, 1174.117411571764, 1.9959386135437978
2100-Mar-29 07:00:00, 1176.9399687906573, 2.0007368142063569, null, null, 1176.9399687906573, 2.0007368142063569
2100-Mar-29 08:00:00, 1179.1926937109779, 2.0045663295596308, null, null, 1179.1926937109779, 2.0045663295596308
2100-Mar-29 09:00:00, 1180.7660245504892, 2.0072409102646867, null, null, 1180.7660245504892, 2.0072409102646867
2100-Mar-29 10:00:00, 1181.7330319684818, 2.0088847726468746, null, null, 1181.7330319684818, 2.0088847726468746
2100-Mar-29 11:00:00, 1182.1111027079946, 2.0095274732662567, null, null, 1182.1111027079946, 2.0095274732662567
2100-Mar-29 12:00:00, 1181.8661348616517, 2.0091110406516193, null, null, 1181.8661348616517, 2.0091110406516193
2100-Mar-29 13:00:00, 1181.2232206355177, 2.0080181198615086, null, null, 1181.2232206355177, 2.0080181198615086
2100-Mar-29 14:00:00, 1180.2493133881744, 2.0063625281278159, null, null, 1180.2493133881744, 2.0063625281278159
2100-Mar-29 15:00:00, 1178.8389578059027, 2.0039649968947901, null, null, 1178.8389578059027, 2.0039649968947901
2100-Mar-29 16:00:00, 1177.103966054347, 2.0010156010362663, null, null, 1177.103966054347, 2.0010156010362663
2100-Mar-29 17:00:00, 1175.3428408654913, 1.9980217796917588, null, null, 1175.3428408654913, 1.9980217796917588
2100-Mar-29 18:00:00, 1173.9357468531532, 1.995629792958207, null, null, 1173.9357468531532, 1.995629792958207
2100-Mar-29 19:00:00, 1173.1875585888815, 1.9943579117714174, null, null, 1173.1875585888815, 1.9943579117714174
2100-Mar-29 20:00:00, 1173.2094942546391, 1.9943952012638206, null, null, 1173.2094942546391, 1.9943952012638206
2100-Mar-29 21:00:00, 1173.9504793377337, 1.9956548374167575, null, null, 1173.9504793377337, 1.9956548374167575
2100-Mar-29 22:00:00, 1175.3342213609774, 1.9980071269818003, null, null, 1175.3342213609774, 1.9980071269818003
2100-Mar-29 23:00:00, 1177.3052664586435, 2.0013578012676039, null, null, 1177.3052664586435, 2.0013578012676039
2100-Mar-30 00:00:00, 1179.8222078261792, 2.0056364708571857, null, null, 1179.8222078261792, 2.0056364708571857
2100-Mar-30 01:00:00, 1182.8990394217999, 2.0108669247526354, null, null, 1182.8990394217999, 2.0108669247526354
2100-Mar-30 02:00:00, 1186.5357461417213, 2.0170491372783048, null, null, 1186.5357461417213, 2.0170491372783048
2100-Mar-30 03:00:00, 1190.6328751780288, 2.0240140438265266, null, null, 1190.6328751780288, 2.0240140438265266
2100-Mar-30 04:00:00, 1195.0606425108911, 2.0315410183048428, null, null, 1195.0606425108911, 2.0315410183048428
2100-Mar-30 05:00:00, 1199.7066903906079, 2.0394390583748616, null, null, 1199.7066903906079, 2.0394390583748616
2100-Mar-30 06:00:00, 1204.5636584981009, 2.0476956518764591, null, null, 1204.5636584981009, 2.0476956518764591
2100-Mar-30 07:00:00, 1209.2589196316435, 2.0556773519217413, null, null, 1209.2589196316435, 2.0556773519217413
2100-Mar-30 08:00:00, 1213.2324857767048, 2.0624322079729613, null, null, 1213.2324857767048, 2.0624322079729613
2100-Mar-30 09:00:00, 1213.9007626564612, 2.0635682439568401, null, null, 1213.9007626564612, 2.0635682439568401
2100-Mar-30 10:00:00, 1211.3431999840454, 2.0592205202589189, null, null, 1211.3431999840454, 2.0592205202589189
2100-Mar-30 11:00:00, 1206.4165305612726, 2.0508454381417782, null, null, 1206.4165305612726, 2.0508454381417782
2100-Mar-30 12:00:00, 1199.5929395505575, 2.0392456878552339, null, null, 1199.5929395505575, 2.0392456878552339
2100-Mar-30 13:00:00, 1191.2062675782688, 2.024988781123727, null, null, 1191.2062675782688, 2.024988781123727
2100-Mar-30 14:00:00, 1182.0849294215375, 2.0094829800387752, null, null, 1182.0849294215375, 2.0094829800387752
2100-Mar-30 15:00:00, 1173.0375325184525, 1.9941028752443577, null, null, 1173.0375325184525, 1.9941028752443577
2100-Mar-30 16:00:00, 1164.6584986567927, 1.9798589529041808, null, null, 1164.6584986567927, 1.9798589529041808
2100-Mar-30 17:00:00, 1157.4199715262134, 1.9675538327665218, null, null, 1157.4199715262134, 1.9675538327665218
2100-Mar-30 18:00:00, 1151.6820284610915, 1.9577996275966476, null, null, 1151.6820284610915, 1.9577996275966476
2100-Mar-30 19:00:00, 1147.5624293682515, 1.9507965231194624, null, null, 1147.5624293682515, 1.9507965231194624
2100-Mar-30 20:00:00, 1144.8308942616864, 1.9461530553199811, null, null, 1144.8308942616864, 1.9461530553199811
2100-Mar-30 21:00:00, 1143.2556228136946, 1.9434751756813078, null, null, 1143.2556228136946, 1.9434751756813078
2100-Mar-30 22:00:00, 1142.6574012583415, 1.9424582301100934, null, null, 1142.6574012583415, 1.9424582301100934
2100-Mar-30 23:00:00, 1142.8101377758012, 1.9427178742563189, null, null, 1142.8101377758012, 1.9427178742563189
2100-Mar-31 00:00:00, 1143.5552154667014, 1.9439844676299467, null, null, 1143.5552154667014, 1.9439844676299467
2100-Mar-31 01:00:00, 1144.7869145376649, 1.946078292073544, null, null, 1144.7869145376649, 1.946078292073544
2100-Mar-31 02:00:00, 1146.4755217953048, 1.9489488367017187, null, null, 1146.4755217953048, 1.9489488367017187
2100-Mar-31 03:00:00, 1148.5615472530787, 1.9524949716273841, null, null, 1148.5615472530787, 1.9524949716273841
2100-Mar-31 04:00:00, 1151.1396783026134, 1.9568776604980431, null, null, 1151.1396783026134, 1.9568776604980431
2100-Mar-31 05:00:00, 1154.2837926065097, 1.9622224915027557, null, null, 1154.2837926065097, 1.9622224915027557
2100-Mar-31 06:00:00, 1157.8768392008592, 1.9683304840827516, null, null, 1157.8768392008592, 1.9683304840827516
2100-Mar-31 07:00:00, 1161.6131114465088, 1.974681952830516, null, null, 1161.6131114465088, 1.974681952830516
2100-Mar-31 08:00:00, 1164.8831280831735, 1.980240811261303, null, null, 1164.8831280831735, 1.980240811261303
2100-Mar-31 09:00:00, 1167.3100378826864, 1.9843664318616749, null, null, 1167.3100378826864, 1.9843664318616749
2100-Mar-31 10:00:00, 1168.9402106665666, 1.9871376409196677, null, null, 1168.9402106665666, 1.9871376409196677
2100-Mar-31 11:00:00, 1169.7348857577663, 1.9884885472976113, null, null, 1169.7348857577663, 1.9884885472976113
2100-Mar-31 12:00:00, 1169.7417307634194, 1.9885001834516776, null, null, 1169.7417307634194, 1.9885001834516776
2100-Mar-31 13:00:00, 1169.1203593815485, 1.9874438843778337, null, null, 1169.1203593815485, 1.9874438843778337
2100-Mar-31 14:00:00, 1168.0607191487466, 1.985642551022013, null, null, 1168.0607191487466, 1.985642551022013
2100-Mar-31 15:00:00, 1166.5879337179915, 1.983138892289303, null, null, 1166.5879337179915, 1.983138892289303
2100-Mar-31 16:00:00, 1164.8632579799662, 1.9802070331179458, null, null, 1164.8632579799662, 1.9802070331179458
2100-Mar-31 17:00:00, 1163.2106493269016, 1.9773976842477057, null, null, 1163.2106493269016, 1.9773976842477057
2100-Mar-31 18:00:00, 1161.9617763720325, 1.9752746650935167, null, null, 1161.9617763720325, 1.9752746650935167
2100-Mar-31 19:00:00, 1161.4014356228279, 1.974322114925146, null, null, 1161.4014356228279, 1.974322114925146
2100-Mar-31 20:00:00, 1161.6361002073188, 1.9747210325298084, null, null, 1161.6361002073188, 1.9747210325298084
2100-Mar-31 21:00:00, 1162.6454286218748, 1.9764368384079125, null, null, 1162.6454286218748, 1.9764368384079125
2100-Mar-31 22:00:00, 1164.2846572743706, 1.979223441972171, null, null, 1164.2846572743706, 1.979223441972171
2100-Mar-31 23:00:00, 1166.3522488187341, 1.9827382402025349, null, null, 1166.3522488187341, 1.9827382402025349
2100-Apr-01 00:00:00, 1168.6621746383285, 1.9866649941134391, null, null, 1168.6621746383285, 1.9866649941134391
2100-Apr-01 01:00:00, 1171.0705823422181, 1.9907591621122891, null, null, 1171.0705823422181, 1.9907591621122891
2100-Apr-01 02:00:00, 1173.4806568314546, 1.9948561635596522, null, null, 1173.4806568314546, 1.9948561635596522
2100-Apr-01 03:00:00, 1175.8434228786957, 1.9988727431129234, null, null, 1175.8434228786957, 1.9988727431129234
2100-Apr-01 04:00:00, 1178.1830232318116, 2.0028499421894566, null, null, 1178.1830232318116, 2.0028499421894566
2100-Apr-01 05:00:00, 1180.5643834050879, 2.0068981307911695, null, null, 1180.5643834050879, 2.0068981307911695
2100-Apr-01 06:00:00, 1183.0012062553001, 2.0110406030628254, null, null, 1183.0012062553001, 2.0110406030628254
2100-Apr-01 07:00:00, 1184.584399193915, 2.0137319488240992, null, null, 1184.584399193915, 2.0137319488240992
2100-Apr-01 08:00:00, 1184.7764204382256, 2.0140583749654399, null, null, 1184.7764204382256, 2.0140583749654399
2100-Apr-01 09:00:00, 1183.5236182543247, 2.0119286763259892, null, null, 1183.5236182543247, 2.0119286763259892
2100-Apr-01 10:00:00, 1180.4802219035153, 2.0067550606100215, null, null, 1180.4802219035153, 2.0067550606100215
2100-Apr-01 11:00:00, 1175.5049856735695, 1.9982974174433492, null, null, 1175.5049856735695, 1.9982974174433492
2100-Apr-01 12:00:00, 1168.8799764146768, 1.9870352458201488, null, null, 1168.8799764146768, 1.9870352458201488
2100-Apr-01 13:00:00, 1158.9735115709841, 1.9701947701484941, null, null, 1158.9735115709841, 1.9701947701484941
2100-Apr-01 14:00:00, 1146.2916600935548, 1.9486362813589073, null, null, 1146.2916600935548, 1.9486362813589073
2100-Apr-01 15:00:00, 1132.865264895057, 1.9258121069166709, null, null, 1132.865264895057, 1.9258121069166709
2100-Apr-01 16:00:00, 1120.2675849232346, 1.9043967053145709, null, null, 1120.2675849232346, 1.9043967053145709
2100-Apr-01 17:00:00, 1109.3020006075467, 1.8857557815534178, null, null, 1109.3020006075467, 1.8857557815534178
2100-Apr-01 18:00:00, 1100.2054091829207, 1.8702920486276475, null, null, 1100.2054091829207, 1.8702920486276475
2100-Apr-01 19:00:00, 1092.9496157441733, 1.8579575766629512, null, null, 1092.9496157441733, 1.8579575766629512
2100-Apr-01 20:00:00, 1087.3773324827553, 1.8484849845546549, null, null, 1087.3773324827553, 1.8484849845546549
2100-Apr-01 21:00:00, 1083.3236456222226, 1.841593927448772, null, null, 1083.3236456222226, 1.841593927448772
2100-Apr-01 22:00:00, 1080.7155200686598, 1.8371602494792429, null, null, 1080.7155200686598, 1.8371602494792429
2100-Apr-01 23:00:00, 1079.3508908453102, 1.8348404506812612, null, null, 1079.3508908453102, 1.8348404506812612
2100-Apr-02 00:00:00, 1079.001674057743, 1.8342468002814516, null, null, 1079.001674057743, 1.8342468002814516
2100-Apr-02 01:00:00, 1079.4494884592175, 1.835008061503536, null, null, 1079.4494884592175, 1.835008061503536
2100-Apr-02 02:00:00, 1080.5334097110456, 1.836850671330494, null, null, 1080.5334097110456, 1.836850671330494
2100-Apr-02 03:00:00, 1082.0914897359007, 1.8394993264427937, null, null, 1082.0914897359007, 1.8394993264427937
2100-Apr-02 04:00:00, 1084.1824864512248, 1.8430539122480767, null, null, 1084.1824864512248, 1.8430539122480767
2100-Apr-02 05:00:00, 1086.634727987913, 1.8472225954858628, null, null, 1086.634727987913, 1.8472225954858628
2100-Apr-02 06:00:00, 1088.9994419446546, 1.8512424863841062, null, null, 1088.9994419446546, 1.8512424863841062
2100-Apr-02 07:00:00, 1091.1377136778526, 1.8548774372642109, null, null, 1091.1377136778526, 1.8548774372642109
2100-Apr-02 08:00:00, 1092.6083969918666, 1.8573775225076496, null, null, 1092.6083969918666, 1.8573775225076496
2100-Apr-02 09:00:00, 1093.2750250388738, 1.8585107555614988, null, null, 1093.2750250388738, 1.8585107555614988
2100-Apr-02 10:00:00, 1093.053242851018, 1.8581337373619773, null, null, 1093.053242851018, 1.8581337373619773
2100-Apr-02 11:00:00, 1091.9718876456245, 1.8562954896806725, null, null, 1091.9718876456245, 1.8562954896806725
2100-Apr-02 12:00:00, 1090.1444519403688, 1.8531889439025924, null, null, 1090.1444519403688, 1.8531889439025924
2100-Apr-02 13:00:00, 1087.7087693030232, 1.8490484099335849, null, null, 1087.7087693030232, 1.8490484099335849
2100-Apr-02 14:00:00, 1084.9453296676884, 1.8443507060923834, null, null, 1084.9453296676884, 1.8443507060923834
2100-Apr-02 15:00:00, 1082.0768990803419, 1.8394745230862131, null, null, 1082.0768990803419, 1.8394745230862131
2100-Apr-02 16:00:00, 1079.2833555512195, 1.8347256441892323, null, null, 1079.2833555512195, 1.8347256441892323
2100-Apr-02 17:00:00, 1076.6744601286096, 1.8302906574823117, null, null, 1076.6744601286096, 1.8302906574823117
2100-Apr-02 18:00:00, 1074.3084264481354, 1.8262685231222719, null, null, 1074.3084264481354, 1.8262685231222719
2100-Apr-02 19:00:00, 1072.258095734272, 1.8227830674071945, null, null, 1072.258095734272, 1.8227830674071945
2100-Apr-02 20:00:00, 1070.5819246477522, 1.8199336636239631, null, null, 1070.5819246477522, 1.8199336636239631
2100-Apr-02 21:00:00, 1069.3158070806746, 1.8177813295247409, null, null, 1069.3158070806746, 1.8177813295247409
2100-Apr-02 22:00:00, 1068.5372147131382, 1.8164577629416543, null, null, 1068.5372147131382, 1.8164577629416543
2100-Apr-02 23:00:00, 1068.2693629170369, 1.8160024288010681, null, null, 1068.2693629170369, 1.8160024288010681
2100-Apr-03 00:00:00, 1068.5710448614007, 1.8165152724364915, null, null, 1068.5710448614007, 1.8165152724364915
2100-Apr-03 01:00:00, 1069.425185125999, 1.8179672665204667, null, null, 1069.425185125999, 1.8179672665204667
2100-Apr-03 02:00:00, 1070.8003519833151, 1.8203049787488446, null, null, 1070.8003519833151, 1.8203049787488446
2100-Apr-03 03:00:00, 1072.627536391841, 1.8234110973355369, null, null, 1072.627536391841, 1.8234110973355369
2100-Apr-03 04:00:00, 1074.941085988228, 1.827344011478762, null, null, 1074.941085988228, 1.827344011478762
2100-Apr-03 05:00:00, 1077.6380404460265, 1.8319286939715318, null, null, 1077.6380404460265, 1.8319286939715318
2100-Apr-03 06:00:00, 1080.638992851292, 1.8370301571847023, null, null, 1080.638992851292, 1.8370301571847023
2100-Apr-03 07:00:00, 1083.6357305464912, 1.8421244556096814, null, null, 1083.6357305464912, 1.8421244556096814
2100-Apr-03 08:00:00, 1086.2111668677881, 1.8465025635823058, null, null, 1086.2111668677881, 1.8465025635823058
2100-Apr-03 09:00:00, 1088.1099528860564, 1.849730401186422, null, null, 1088.1099528860564, 1.849730401186422
2100-Apr-03 10:00:00, 1089.077068975309, 1.8513744483041072, null, null, 1089.077068975309, 1.8513744483041072
2100-Apr-03 11:00:00, 1088.951709722274, 1.8511613440853711, null, null, 1088.951709722274, 1.8511613440853711
2100-Apr-03 12:00:00, 1087.4480113682575, 1.8486051349887989, null, null, 1087.4480113682575, 1.8486051349887989
2100-Apr-03 13:00:00, 1084.9264705548524, 1.844318646580144, null, null, 1084.9264705548524, 1.844318646580144
2100-Apr-03 14:00:00, 1081.8392389081412, 1.8390705131380409, null, null, 1081.8392389081412, 1.8390705131380409
2100-Apr-03 15:00:00, 1078.5252300631587, 1.8334368702381614, null, null, 1078.5252300631587, 1.8334368702381614
2100-Apr-03 16:00:00, 1075.2457553864397, 1.8278619336305524, null, null, 1075.2457553864397, 1.8278619336305524
2100-Apr-03 17:00:00, 1072.3016708019632, 1.8228571427588889, null, null, 1072.3016708019632, 1.8228571427588889
2100-Apr-03 18:00:00, 1069.9505968691929, 1.8188604391929051, null, null, 1069.9505968691929, 1.8188604391929051
2100-Apr-03 19:00:00, 1068.351614917309, 1.8161422529291886, null, null, 1068.351614917309, 1.8161422529291886
2100-Apr-03 20:00:00, 1067.5333714903863, 1.8147512816047049, null, null, 1067.5333714903863, 1.8147512816047049
2100-Apr-03 21:00:00, 1067.4490135084916, 1.814607877417215, null, null, 1067.4490135084916, 1.814607877417215
2100-Apr-03 22:00:00, 1068.0340762847632, 1.8156024537474853, null, null, 1068.0340762847632, 1.8156024537474853
2100-Apr-03 23:00:00, 1069.2292803637251, 1.8176342386003066, null, null, 1069.2292803637251, 1.8176342386003066
2100-Apr-04 00:00:00, 1070.9839886295279, 1.8206171515089327, null, null, 1070.9839886295279, 1.8206171515089327
2100-Apr-04 01:00:00, 1073.2605292288595, 1.8244871522794888, null, null, 1073.2605292288595, 1.8244871522794888
2100-Apr-04 02:00:00, 1076.033812811864, 1.8292015903204133, null, null, 1076.033812811864, 1.8292015903204133
2100-Apr-04 03:00:00, 1079.2280239349598, 1.8346315833156313, null, null, 1079.2280239349598, 1.8346315833156313
2100-Apr-04 04:00:00, 1082.7953542886823, 1.8406958596223169, null, null, 1082.7953542886823, 1.8406958596223169
2100-Apr-04 05:00:00, 1086.7259863654392, 1.8473777299875052, null, null, 1086.7259863654392, 1.8473777299875052
2100-Apr-04 06:00:00, 1090.9726432250379, 1.8545968260685326, null, null, 1090.9726432250379, 1.8545968260685326
2100-Apr-04 07:00:00, 1095.2936353312471, 1.8619422882076684, null, null, 1095.2936353312471, 1.8619422882076684
2100-Apr-04 08:00:00, 1099.1603280901584, 1.868515465053662, null, null, 1099.1603280901584, 1.868515465053662
2100-Apr-04 09:00:00, 1100.2915806213316, 1.8704385355970203, null, null, 1100.2915806213316, 1.8704385355970203
2100-Apr-04 10:00:00, 1098.2019840204989, 1.8668863299136478, null, null, 1098.2019840204989, 1.8668863299136478
2100-Apr-04 11:00:00, 1094.1100898146187, 1.8599303223052441, null, null, 1094.1100898146187, 1.8599303223052441
2100-Apr-04 12:00:00, 1086.7476051923306, 1.8474144808702933, null, null, 1086.7476051923306, 1.8474144808702933
2100-Apr-04 13:00:00, 1076.9142806377827, 1.8306983398911241, null, null, 1076.9142806377827, 1.8306983398911241
2100-Apr-04 14:00:00, 1066.8932418660845, 1.8136630944930712, null, null, 1066.8932418660845, 1.8136630944930712
2100-Apr-04 15:00:00, 1058.0306328916179, 1.7985971195790311, null, null, 1058.0306328916179, 1.7985971195790311
2100-Apr-04 16:00:00, 1050.6919352215969, 1.7861217147273898, null, null, 1050.6919352215969, 1.7861217147273898
2100-Apr-04 17:00:00, 1044.96664257559, 1.7763890146129218, null, null, 1044.96664257559, 1.7763890146129218
2100-Apr-04 18:00:00, 1040.8494723516253, 1.7693900390866641, null, null, 1040.8494723516253, 1.7693900390866641
2100-Apr-04 19:00:00, 1038.1860797042632, 1.7648624099283652, null, null, 1038.1860797042632, 1.7648624099283652
2100-Apr-04 20:00:00, 1036.7785968056296, 1.7624697621083105, null, null, 1036.7785968056296, 1.7624697621083105
2100-Apr-04 21:00:00, 1036.4350630258414, 1.7618857725265378, null, null, 1036.4350630258414, 1.7618857725265378
2100-Apr-04 22:00:00, 1036.9576123719344, 1.7627740792725837, null, null, 1036.9576123719344, 1.7627740792725837
2100-Apr-04 23:00:00, 1038.1869980980778, 1.7648639711501466, null, null, 1038.1869980980778, 1.7648639711501466
2100-Apr-05 00:00:00, 1040.1812898367975, 1.7682541635182623, null, null, 1040.1812898367975, 1.7682541635182623
2100-Apr-05 01:00:00, 1042.9174187047399, 1.7729054404734752, null, null, 1042.9174187047399, 1.7729054404734752
2100-Apr-05 02:00:00, 1046.3307724704837, 1.7787079645784647, null, null, 1046.3307724704837, 1.7787079645784647
2100-Apr-05 03:00:00, 1050.2630606053772, 1.7853926501564661, null, null, 1050.2630606053772, 1.7853926501564661
2100-Apr-05 04:00:00, 1054.5949359656984, 1.7927566132622936, null, null, 1054.5949359656984, 1.7927566132622936
2100-Apr-05 05:00:00, 1059.2459575180162, 1.8006631083173907, null, null, 1059.2459575180162, 1.8006631083173907
2100-Apr-05 06:00:00, 1064.0242701328732, 1.8087859915670388, null, null, 1064.0242701328732, 1.8087859915670388
2100-Apr-05 07:00:00, 1067.8830369012167, 1.8153456946407596, null, null, 1067.8830369012167, 1.8153456946407596
2100-Apr-05 08:00:00, 1070.4631918060097, 1.8197318239602345, null, null, 1070.4631918060097, 1.8197318239602345
2100-Apr-05 09:00:00, 1071.815183437117, 1.8220301395078273, null, null, 1071.815183437117, 1.8220301395078273
2100-Apr-05 10:00:00, 1072.140544458586, 1.8225832363443888, null, null, 1072.140544458586, 1.8225832363443888
2100-Apr-05 11:00:00, 1071.5999207779701, 1.821664204168473, null, null, 1071.5999207779701, 1.821664204168473
2100-Apr-05 12:00:00, 1070.3193760893132, 1.8194873447119413, null, null, 1070.3193760893132, 1.8194873447119413
2100-Apr-05 13:00:00, 1068.4462432982195, 1.8163031162615395, null, null, 1068.4462432982195, 1.8163031162615395
2100-Apr-05 14:00:00, 1066.2855824647768, 1.8126301050739555, null, null, 1066.2855824647768, 1.8126301050739555
2100-Apr-05 15:00:00, 1063.9651391302, 1.808685471933883, null, null, 1063.9651391302, 1.808685471933883
2100-Apr-05 16:00:00, 1061.5660726007629, 1.8046071834464021, null, null, 1061.5660726007629, 1.8046071834464021
2100-Apr-05 17:00:00, 1059.2964657834821, 1.8007489697451771, null, null, 1059.2964657834821, 1.8007489697451771
2100-Apr-05 18:00:00, 1057.4460687456337, 1.7976033908943494, null, null, 1057.4460687456337, 1.7976033908943494
2100-Apr-05 19:00:00, 1056.3309207029426, 1.7957076971449097, null, null, 1056.3309207029426, 1.7957076971449097
2100-Apr-05 20:00:00, 1056.1307176275964, 1.79536736231579, null, null, 1056.1307176275964, 1.79536736231579
2100-Apr-05 21:00:00, 1056.8523844580197, 1.7965941584426164, null, null, 1056.8523844580197, 1.7965941584426164
2100-Apr-05 22:00:00, 1058.4471933398472, 1.7993052507039951, null, null, 1058.4471933398472, 1.7993052507039951
2100-Apr-05 23:00:00, 1060.8621225379436, 1.8034105049042564, null, null, 1060.8621225379436, 1.8034105049042564
2100-Apr-06 00:00:00, 1063.9731335466745, 1.8086990620266428, null, null, 1063.9731335466745, 1.8086990620266428
2100-Apr-06 01:00:00, 1067.6722842514, 1.8149874260830072, null, null, 1067.6722842514, 1.8149874260830072
2100-Apr-06 02:00:00, 1071.8458691399135, 1.8220823036087015, null, null, 1071.8458691399135, 1.8220823036087015
2100-Apr-06 03:00:00, 1076.3825304147556, 1.8297943921322033, null, null, 1076.3825304147556, 1.8297943921322033
2100-Apr-06 04:00:00, 1081.2046887716592, 1.8379918108658906, null, null, 1081.2046887716592, 1.8379918108658906
2100-Apr-06 05:00:00, 1086.2369171840924, 1.8465463377824975, null, null, 1086.2369171840924, 1.8465463377824975
2100-Apr-06 06:00:00, 1091.4160542710017, 1.8553506018149684, null, null, 1091.4160542710017, 1.8553506018149684
2100-Apr-06 07:00:00, 1096.510091942421, 1.8640102012613489, null, null, 1096.510091942421, 1.8640102012613489
2100-Apr-06 08:00:00, 1100.9119384836113, 1.8714931117402034, null, null, 1100.9119384836113, 1.8714931117402034
2100-Apr-06 09:00:00, 1103.860223464648, 1.876505043067842, null, null, 1103.860223464648, 1.876505043067842
2100-Apr-06 10:00:00, 1104.4579548312404, 1.8775211553436244, null, null, 1104.4579548312404, 1.8775211553436244
2100-Apr-06 11:00:00, 1102.6904925242306, 1.8745165612274182, null, null, 1102.6904925242306, 1.8745165612274182
2100-Apr-06 12:00:00, 1099.5625318157877, 1.8691991904959242, null, null, 1099.5625318157877, 1.8691991904959242
2100-Apr-06 13:00:00, 1095.4649190731689, 1.8622334616720977, null, null, 1095.4649190731689, 1.8622334616720977
2100-Apr-06 14:00:00, 1090.7646059939289, 1.8542431735815386, null, null, 1090.7646059939289, 1.8542431735815386
2100-Apr-06 15:00:00, 1085.6786199780643, 1.8455972615313812, null, null, 1085.6786199780643, 1.8455972615313812
2100-Apr-06 16:00:00, 1080.9324498327433, 1.8375290188103965, null, null, 1080.9324498327433, 1.8375290188103965
2100-Apr-06 17:00:00, 1077.1289997360484, 1.8310633512052144, null, null, 1077.1289997360484, 1.8310633512052144
2100-Apr-06 18:00:00, 1074.5253884083991, 1.8266373471852597, null, null, 1074.5253884083991, 1.8266373471852597
2100-Apr-06 19:00:00, 1073.0724926235271, 1.8241674998174406, null, null, 1073.0724926235271, 1.8241674998174406
2100-Apr-06 20:00:00, 1072.6379606350501, 1.8234288180075353, null, null, 1072.6379606350501, 1.8234288180075353
2100-Apr-06 21:00:00, 1073.0611427043953, 1.8241482055444551, null, null, 1073.0611427043953, 1.8241482055444551
2100-Apr-06 22:00:00, 1074.1769178431191, 1.8260449653245778, null, null, 1074.1769178431191, 1.8260449653245778
2100-Apr-06 23:00:00, 1075.8732816692773, 1.8289286957163413, null, null, 1075.8732816692773, 1.8289286957163413
2100-Apr-07 00:00:00, 1078.0898512107879, 1.8326967488036245, null, null, 1078.0898512107879, 1.8326967488036245
2100-Apr-07 01:00:00, 1080.786653627825, 1.8372811728349971, null, null, 1080.786653627825, 1.8372811728349971
2100-Apr-07 02:00:00, 1083.9427182957493, 1.8426463188378306, null, null, 1083.9427182957493, 1.8426463188378306
2100-Apr-07 03:00:00, 1087.4950766865009, 1.8486851435851408, null, null, 1087.4950766865009, 1.8486851435851408
2100-Apr-07 04:00:00, 1091.3481114272531, 1.85523510250969, null, null, 1091.3481114272531, 1.85523510250969
2100-Apr-07 05:00:00, 1095.4107782974295, 1.8621414251655266, null, null, 1095.4107782974295, 1.8621414251655266
2100-Apr-07 06:00:00, 1099.5957483180109, 1.8692556568243688, null, null, 1099.5957483180109, 1.8692556568243688
2100-Apr-07 07:00:00, 1103.5641515364937, 1.8760017361685783, null, null, 1103.5641515364937, 1.8760017361685783
2100-Apr-07 08:00:00, 1106.7313095657862, 1.8813857403095253, null, null, 1106.7313095657862, 1.8813857403095253
2100-Apr-07 09:00:00, 1106.9477692724677, 1.8817537105675113, null, null, 1106.9477692724677, 1.8817537105675113
2100-Apr-07 10:00:00, 1104.2117952591921, 1.8771026968571882, null, null, 1104.2117952591921, 1.8771026968571882
2100-Apr-07 11:00:00, 1100.6400366764244, 1.8710308927911377, null, null, 1100.6400366764244, 1.8710308927911377
2100-Apr-07 12:00:00, 1097.4030762596603, 1.8655282282171719, null, null, 1097.4030762596603, 1.8655282282171719
2100-Apr-07 13:00:00, 1094.5383612128285, 1.8606583614368835, null, null, 1094.5383612128285, 1.8606583614368835
2100-Apr-07 14:00:00, 1092.110559617709, 1.8565312248303021, null, null, 1092.110559617709, 1.8565312248303021
2100-Apr-07 15:00:00, 1089.936094770796, 1.8528347475368283, null, null, 1089.936094770796, 1.8528347475368283
2100-Apr-07 16:00:00, 1087.8631790519514, 1.8493108984863955, null, null, 1087.8631790519514, 1.8493108984863955
2100-Apr-07 17:00:00, 1086.0829526180855, 1.8462846060175293, null, null, 1086.0829526180855, 1.8462846060175293
2100-Apr-07 18:00:00, 1084.9319220978482, 1.8443279139200723, null, null, 1084.9319220978482, 1.8443279139200723
2100-Apr-07 19:00:00, 1084.5660518673778, 1.8437059535323421, null, null, 1084.5660518673778, 1.8437059535323421
2100-Apr-07 20:00:00, 1084.932274095213, 1.844328512297309, null, null, 1084.932274095213, 1.844328512297309
2100-Apr-07 21:00:00, 1086.0539778642299, 1.8462353504409843, null, null, 1086.0539778642299, 1.8462353504409843
2100-Apr-07 22:00:00, 1087.9590679786268, 1.8494739046810711, null, null, 1087.9590679786268, 1.8494739046810711
2100-Apr-07 23:00:00, 1090.5615027368203, 1.8538979085940643, null, null, 1090.5615027368203, 1.8538979085940643
2100-Apr-08 00:00:00, 1093.73398450018, 1.8592909628063994, null, null, 1093.73398450018, 1.8592909628063994
2100-Apr-08 01:00:00, 1097.3381204087934, 1.8654178066446416, null, null, 1097.3381204087934, 1.8654178066446416
2100-Apr-08 02:00:00, 1101.2730962366977, 1.872107061161157, null, null, 1101.2730962366977, 1.872107061161157
2100-Apr-08 03:00:00, 1105.4496883538063, 1.8792070508192613, null, null, 1105.4496883538063, 1.8792070508192613
2100-Apr-08 04:00:00, 1109.8101158051957, 1.8866195509968489, null, null, 1109.8101158051957, 1.8866195509968489
2100-Apr-08 05:00:00, 1114.3003351109942, 1.8942526905852701, null, null, 1114.3003351109942, 1.8942526905852701
2100-Apr-08 06:00:00, 1118.8887853510917, 1.902052817659678, null, null, 1118.8887853510917, 1.902052817659678
2100-Apr-08 07:00:00, 1122.4574470307332, 1.9081193571512742, null, null, 1122.4574470307332, 1.9081193571512742
2100-Apr-08 08:00:00, 1124.818300392513, 1.91213268523861, null, null, 1124.818300392513, 1.91213268523861
2100-Apr-08 09:00:00, 1126.2266751521145, 1.9145268491759848, null, null, 1126.2266751521145, 1.9145268491759848
2100-Apr-08 10:00:00, 1125.9086205827873, 1.9139861729285521, null, null, 1125.9086205827873, 1.9139861729285521
2100-Apr-08 11:00:00, 1123.0592106410229, 1.9091423240318988, null, null, 1123.0592106410229, 1.9091423240318988
2100-Apr-08 12:00:00, 1116.3613069404921, 1.8977562356442044, null, null, 1116.3613069404921, 1.8977562356442044
2100-Apr-08 13:00:00, 1105.7469429062821, 1.8797123681184433, null, null, 1105.7469429062821, 1.8797123681184433
2100-Apr-08 14:00:00, 1093.4395386143804, 1.8587904200946788, null, null, 1093.4395386143804, 1.8587904200946788
2100-Apr-08 15:00:00, 1081.5036017009691, 1.8384999473195509, null, null, 1081.5036017009691, 1.8384999473195509
2100-Apr-08 16:00:00, 1070.8603998081162, 1.8204070569319963, null, null, 1070.8603998081162, 1.8204070569319963
2100-Apr-08 17:00:00, 1062.1063534142345, 1.8055256327659819, null, null, 1062.1063534142345, 1.8055256327659819
2100-Apr-08 18:00:00, 1055.5357703312543, 1.7943559828148226, null, null, 1055.5357703312543, 1.7943559828148226
2100-Apr-08 19:00:00, 1051.0580066067059, 1.7867440170675575, null, null, 1051.0580066067059, 1.7867440170675575
2100-Apr-08 20:00:00, 1048.3881742696303, 1.7822054407712367, null, null, 1048.3881742696303, 1.7822054407712367
2100-Apr-08 21:00:00, 1047.2465678822416, 1.7802647692101132, null, null, 1047.2465678822416, 1.7802647692101132
2100-Apr-08 22:00:00, 1047.2920741341043, 1.7803421274745892, null, null, 1047.2920741341043, 1.7803421274745892
2100-Apr-08 23:00:00, 1048.2259540905977, 1.7819296748929387, null, null, 1048.2259540905977, 1.7819296748929387
2100-Apr-09 00:00:00, 1049.8387655784061, 1.7846713706493915, null, null, 1049.8387655784061, 1.7846713706493915
2100-Apr-09 01:00:00, 1052.0108420229053, 1.7883637877828205, null, null, 1052.0108420229053, 1.7883637877828205
2100-Apr-09 02:00:00, 1054.6995147230543, 1.792934391717758, null, null, 1054.6995147230543, 1.792934391717758
2100-Apr-09 03:00:00, 1057.9311560583426, 1.798428014129499, null, null, 1057.9311560583426, 1.798428014129499
2100-Apr-09 04:00:00, 1061.6696528573941, 1.8047832645024988, null, null, 1061.6696528573941, 1.8047832645024988
2100-Apr-09 05:00:00, 1065.8339388150835, 1.8118623343287981, null, null, 1065.8339388150835, 1.8118623343287981
2100-Apr-09 06:00:00, 1070.0946615804912, 1.8191053417190881, null, null, 1070.0946615804912, 1.8191053417190881
2100-Apr-09 07:00:00, 1073.4397011632129, 1.8247917352613225, null, null, 1073.4397011632129, 1.8247917352613225
2100-Apr-09 08:00:00, 1074.6327840420784, 1.8268199141841592, null, null, 1074.6327840420784, 1.8268199141841592
2100-Apr-09 09:00:00, 1074.067975908986, 1.8258597696952248, null, null, 1074.067975908986, 1.8258597696952248
2100-Apr-09 10:00:00, 1072.4174063533496, 1.8230538871846977, null, null, 1072.4174063533496, 1.8230538871846977
2100-Apr-09 11:00:00, 1069.958842308675, 1.8188744560117391, null, null, 1069.958842308675, 1.8188744560117391
2100-Apr-09 12:00:00, 1066.714005111779, 1.8133584013206858, null, null, 1066.714005111779, 1.8133584013206858
2100-Apr-09 13:00:00, 1062.8389975033879, 1.8067710896624674, null, null, 1062.8389975033879, 1.8067710896624674
2100-Apr-09 14:00:00, 1058.4445752354488, 1.7993008000625077, null, null, 1058.4445752354488, 1.7993008000625077
2100-Apr-09 15:00:00, 1053.7593883613497, 1.791336225735001, null, null, 1053.7593883613497, 1.791336225735001
2100-Apr-09 16:00:00, 1049.2298763274212, 1.7836362905497056, null, null, 1049.2298763274212, 1.7836362905497056
2100-Apr-09 17:00:00, 1045.1878870291439, 1.7767651186920612, null, null, 1045.1878870291439, 1.7767651186920612
2100-Apr-09 18:00:00, 1041.8882061643824, 1.7711558326143317, null, null, 1041.8882061643824, 1.7711558326143317
2100-Apr-09 19:00:00, 1039.5002269889976, 1.7670963920528393, null, null, 1039.5002269889976, 1.7670963920528393
2100-Apr-09 20:00:00, 1038.0572132605287, 1.7646433436676108, null, null, 1038.0572132605287, 1.7646433436676108
2100-Apr-09 21:00:00, 1037.4966227490359, 1.7636903689163232, null, null, 1037.4966227490359, 1.7636903689163232
2100-Apr-09 22:00:00, 1037.6710237697109, 1.7639868415927151, null, null, 1037.6710237697109, 1.7639868415927151
2100-Apr-09 23:00:00, 1038.4831448085088, 1.7653674051753963, null, null, 1038.4831448085088, 1.7653674051753963
2100-Apr-10 00:00:00, 1039.8983278731414, 1.7677731428776864, null, null, 1039.8983278731414, 1.7677731428776864
2100-Apr-10 01:00:00, 1041.836157369725, 1.7710673523669382, null, null, 1041.836157369725, 1.7710673523669382
2100-Apr-10 02:00:00, 1044.1973583965782, 1.7750812714668402, null, null, 1044.1973583965782, 1.7750812714668402
2100-Apr-10 03:00:00, 1046.9311359050475, 1.7797285512330836, null, null, 1046.9311359050475, 1.7797285512330836
2100-Apr-10 04:00:00, 1049.954395065482, 1.7848679347713818, null, null, 1049.954395065482, 1.7848679347713818
2100-Apr-10 05:00:00, 1053.1934394431273, 1.7903741419706003, null, null, 1053.1934394431273, 1.7903741419706003
2100-Apr-10 06:00:00, 1056.4851649578115, 1.7959699043664159, null, null, 1056.4851649578115, 1.7959699043664159
2100-Apr-10 07:00:00, 1059.5978462044429, 1.8012613008064775, null, null, 1059.5978462044429, 1.8012613008064775
2100-Apr-10 08:00:00, 1061.8532670609995, 1.8050953991113199, null, null, 1061.8532670609995, 1.8050953991113199
2100-Apr-10 09:00:00, 1062.2872035427117, 1.805833068590657, null, null, 1062.2872035427117, 1.805833068590657
2100-Apr-10 10:00:00, 1060.4174042567574, 1.8026545069258428, null, null, 1060.4174042567574, 1.8026545069258428
2100-Apr-10 11:00:00, 1055.8349712382956, 1.7948646088156681, null, null, 1055.8349712382956, 1.7948646088156681
2100-Apr-10 12:00:00, 1048.881281770543, 1.7830436979097473, null, null, 1048.881281770543, 1.7830436979097473
2100-Apr-10 13:00:00, 1039.8379570968, 1.7676705156936912, null, null, 1039.8379570968, 1.7676705156936912
2100-Apr-10 14:00:00, 1029.3203581067646, 1.7497911437168472, null, null, 1029.3203581067646, 1.7497911437168472
2100-Apr-10 15:00:00, 1019.0573377490374, 1.7323445421915773, null, null, 1019.0573377490374, 1.7323445421915773
2100-Apr-10 16:00:00, 1010.2595144008587, 1.717388699477125, null, null, 1010.2595144008587, 1.717388699477125
2100-Apr-10 17:00:00, 1003.2671387957774, 1.7055020241471848, null, null, 1003.2671387957774, 1.7055020241471848
2100-Apr-10 18:00:00, 997.96386984701394, 1.6964867423972319, null, null, 997.96386984701394, 1.6964867423972319
2100-Apr-10 19:00:00, 994.12620743310208, 1.6899629156298404, null, null, 994.12620743310208, 1.6899629156298404
2100-Apr-10 20:00:00, 991.595642340871, 1.6856610864159216, null, null, 991.595642340871, 1.6856610864159216
2100-Apr-10 21:00:00, 990.18038752052223, 1.6832552267326413, null, null, 990.18038752052223, 1.6832552267326413
2100-Apr-10 22:00:00, 989.64537624575348, 1.6823457353551454, null, null, 989.64537624575348, 1.6823457353551454
2100-Apr-10 23:00:00, 989.79115989190575, 1.6825935599812949, null, null, 989.79115989190575, 1.6825935599812949
2100-Apr-11 00:00:00, 990.47126926423869, 1.6837497105879495, null, null, 990.47126926423869, 1.6837497105879495
2100-Apr-11 01:00:00, 991.57493028626754, 1.6856258769989234, null, null, 991.57493028626754, 1.6856258769989234
2100-Apr-11 02:00:00, 993.03886740656787, 1.6881144940634605, null, null, 993.03886740656787, 1.6881144940634605
2100-Apr-11 03:00:00, 994.86170189878339, 1.6912132180183688, null, null, 994.86170189878339, 1.6912132180183688
2100-Apr-11 04:00:00, 997.16487840295156, 1.6951284984436221, null, null, 997.16487840295156, 1.6951284984436221
2100-Apr-11 05:00:00, 999.95521759722794, 1.6998719301378047, null, null, 999.95521759722794, 1.6998719301378047
2100-Apr-11 06:00:00, 1003.0237555942253, 1.7050882853463818, null, null, 1003.0237555942253, 1.7050882853463818
2100-Apr-11 07:00:00, 1005.3225547705348, 1.708996124541643, null, null, 1005.3225547705348, 1.708996124541643
2100-Apr-11 08:00:00, 1006.2866657910026, 1.7106350631984837, null, null, 1006.2866657910026, 1.7106350631984837
2100-Apr-11 09:00:00, 1004.4161817623809, 1.7074553375067019, null, null, 1004.4161817623809, 1.7074553375067019
2100-Apr-11 10:00:00, 998.73192281348076, 1.6977923925459388, null, null, 998.73192281348076, 1.6977923925459388
2100-Apr-11 11:00:00, 990.08248596166356, 1.6830887991677943, null, null, 990.08248596166356, 1.6830887991677943
2100-Apr-11 12:00:00, 979.43006990248534, 1.6649802451760896, null, null, 979.43006990248534, 1.6649802451760896
2100-Apr-11 13:00:00, 968.23910510791177, 1.6459561863075671, null, null, 968.23910510791177, 1.6459561863075671
2100-Apr-11 14:00:00, 957.18288694102876, 1.627161189707095, null, null, 957.18288694102876, 1.627161189707095
2100-Apr-11 15:00:00, 946.79424813535809, 1.6095010433452077, null, null, 946.79424813535809, 1.6095010433452077
2100-Apr-11 16:00:00, 937.45454499627238, 1.5936240331325899, null, null, 937.45454499627238, 1.5936240331325899
2100-Apr-11 17:00:00, 929.43328823924151, 1.5799883132865866, null, null, 929.43328823924151, 1.5799883132865866
2100-Apr-11 18:00:00, 922.98969227985401, 1.5690345348495567, null, null, 922.98969227985401, 1.5690345348495567
2100-Apr-11 19:00:00, 918.19053955896391, 1.5608762245021313, null, null, 918.19053955896391, 1.5608762245021313
2100-Apr-11 20:00:00, 915.02962756665045, 1.5555028382996163, null, null, 915.02962756665045, 1.5555028382996163
2100-Apr-11 21:00:00, 913.27529824565283, 1.5525205695774758, null, null, 913.27529824565283, 1.5525205695774758
2100-Apr-11 22:00:00, 912.63273587382002, 1.5514282469214014, null, null, 912.63273587382002, 1.5514282469214014
2100-Apr-11 23:00:00, 912.90469028210157, 1.5518905552895959, null, null, 912.90469028210157, 1.5518905552895959
2100-Apr-12 00:00:00, 914.00692906115512, 1.553764303961386, null, null, 914.00692906115512, 1.553764303961386
2100-Apr-12 01:00:00, 915.77763383312731, 1.5567744100996082, null, null, 915.77763383312731, 1.5567744100996082
2100-Apr-12 02:00:00, 918.08906808645042, 1.5607037282695, null, null, 918.08906808645042, 1.5607037282695
2100-Apr-12 03:00:00, 920.82539544117628, 1.5653553426419351, null, null, 920.82539544117628, 1.5653553426419351
2100-Apr-12 04:00:00, 923.91976242684552, 1.5706156057896423, null, null, 923.91976242684552, 1.5706156057896423
2100-Apr-12 05:00:00, 927.3510780216684, 1.5764486640710913, null, null, 927.3510780216684, 1.5764486640710913
2100-Apr-12 06:00:00, 931.04067534208741, 1.5827207878703573, null, null, 931.04067534208741, 1.5827207878703573
2100-Apr-12 07:00:00, 934.70738803688721, 1.5889540089947465, null, null, 934.70738803688721, 1.5889540089947465
2100-Apr-12 08:00:00, 936.61189676682034, 1.592191574911443, null, null, 936.61189676682034, 1.592191574911443
2100-Apr-12 09:00:00, 936.37440919512574, 1.5917878583751663, null, null, 936.37440919512574, 1.5917878583751663
2100-Apr-12 10:00:00, 932.75922396153669, 1.5856422312583907, null, null, 932.75922396153669, 1.5856422312583907
2100-Apr-12 11:00:00, 926.3606491236759, 1.5747649863894644, null, null, 926.3606491236759, 1.5747649863894644
2100-Apr-12 12:00:00, 918.20301252795639, 1.5608974279015462, null, null, 918.20301252795639, 1.5608974279015462
2100-Apr-12 13:00:00, 909.40668214937261, 1.5459441231578575, null, null, 909.40668214937261, 1.5459441231578575
2100-Apr-12 14:00:00, 901.12632929317897, 1.5318679534012738, null, null, 901.12632929317897, 1.5318679534012738
2100-Apr-12 15:00:00, 893.97089684292098, 1.5197040899040488, null, null, 893.97089684292098, 1.5197040899040488
2100-Apr-12 16:00:00, 888.21227922661171, 1.5099147390710357, null, null, 888.21227922661171, 1.5099147390710357
2100-Apr-12 17:00:00, 883.720204028544, 1.5022784445621558, null, null, 883.720204028544, 1.5022784445621558
2100-Apr-12 18:00:00, 880.36852685425231, 1.4965807674590228, null, null, 880.36852685425231, 1.4965807674590228
2100-Apr-12 19:00:00, 878.1686783259197, 1.4928411392256176, null, null, 878.1686783259197, 1.4928411392256176
2100-Apr-12 20:00:00, 877.10303363256833, 1.4910295985987472, null, null, 877.10303363256833, 1.4910295985987472
2100-Apr-12 21:00:00, 877.06647844746885, 1.4909674566828313, null, null, 877.06647844746885, 1.4909674566828313
2100-Apr-12 22:00:00, 877.8401093641578, 1.4922825890571854, null, null, 877.8401093641578, 1.4922825890571854
2100-Apr-12 23:00:00, 879.15485594625818, 1.4945175899560528, null, null, 879.15485594625818, 1.4945175899560528
2100-Apr-13 00:00:00, 880.90242555194743, 1.4974883675132831, null, null, 880.90242555194743, 1.4974883675132831
2100-Apr-13 01:00:00, 883.06925787705552, 1.5011718699161378, null, null, 883.06925787705552, 1.5011718699161378
2100-Apr-13 02:00:00, 885.57561151549919, 1.5054325409162117, null, null, 885.57561151549919, 1.5054325409162117
2100-Apr-13 03:00:00, 888.40649228116422, 1.5102448911759403, null, null, 888.40649228116422, 1.5102448911759403
2100-Apr-13 04:00:00, 891.64548708284383, 1.5157510140985921, null, null, 891.64548708284383, 1.5157510140985921
2100-Apr-13 05:00:00, 895.22606996212244, 1.521837819010359, null, null, 895.22606996212244, 1.521837819010359
2100-Apr-13 06:00:00, 898.99586971075291, 1.5282462827717018, null, null, 898.99586971075291, 1.5282462827717018
2100-Apr-13 07:00:00, 901.98762610131757, 1.5333321132375415, null, null, 901.98762610131757, 1.5333321132375415
2100-Apr-13 08:00:00, 904.05132344271624, 1.5368402915251382, null, null, 904.05132344271624, 1.5368402915251382
2100-Apr-13 09:00:00, 904.97764332048507, 1.538414987202342, null, null, 904.97764332048507, 1.538414987202342
2100-Apr-13 10:00:00, 902.78771716960159, 1.5346922264952112, null, null, 902.78771716960159, 1.5346922264952112
2100-Apr-13 11:00:00, 897.2956381345557, 1.5253559774057712, null, null, 897.2956381345557, 1.5253559774057712
2100-Apr-13 12:00:00, 889.50312159011764, 1.5121091040399279, null, null, 889.50312159011764, 1.5121091040399279
2100-Apr-13 13:00:00, 880.75806060879859, 1.4972429546085488, null, null, 880.75806060879859, 1.4972429546085488
2100-Apr-13 14:00:00, 871.97906755093197, 1.4823191224095422, null, null, 871.97906755093197, 1.4823191224095422
2100-Apr-13 15:00:00, 863.67054347590602, 1.4681950630442162, null, null, 863.67054347590602, 1.4681950630442162
2100-Apr-13 16:00:00, 856.23564682322763, 1.4555561249188349, null, null, 856.23564682322763, 1.4555561249188349
2100-Apr-13 17:00:00, 849.99460641478731, 1.4449466803972537, null, null, 849.99460641478731, 1.4449466803972537
2100-Apr-13 18:00:00, 845.10028888239958, 1.4366265948133428, null, null, 845.10028888239958, 1.4366265948133428
2100-Apr-13 19:00:00, 841.60417634872954, 1.430683385101543, null, null, 841.60417634872954, 1.430683385101543
2100-Apr-13 20:00:00, 839.44590235411772, 1.4270144314159943, null, null, 839.44590235411772, 1.4270144314159943
2100-Apr-13 21:00:00, 838.34619672047495, 1.4251449889598256, null, null, 838.34619672047495, 1.4251449889598256
2100-Apr-13 22:00:00, 838.13182741916989, 1.4247805722823994, null, null, 838.13182741916989, 1.4247805722823994
2100-Apr-13 23:00:00, 838.78497164222847, 1.4258908835359141, null, null, 838.78497164222847, 1.4258908835359141
2100-Apr-14 00:00:00, 840.2671220725108, 1.4284104622813829, null, null, 840.2671220725108, 1.4284104622813829
2100-Apr-14 01:00:00, 842.50900484183853, 1.432221546541133, null, null, 842.50900484183853, 1.432221546541133
2100-Apr-14 02:00:00, 845.48195540275731, 1.4372754080733889, null, null, 845.48195540275731, 1.4372754080733889
2100-Apr-14 03:00:00, 848.966585919517, 1.4431990989528414, null, null, 848.966585919517, 1.4431990989528414
2100-Apr-14 04:00:00, 852.98026526385661, 1.4500221453592703, null, null, 852.98026526385661, 1.4500221453592703
2100-Apr-14 05:00:00, 857.50757837888284, 1.4577183424966482, null, null, 857.50757837888284, 1.4577183424966482
2100-Apr-14 06:00:00, 862.30514373003541, 1.4658739543979713, null, null, 862.30514373003541, 1.4658739543979713
2100-Apr-14 07:00:00, 866.23366888543592, 1.4725522431062916, null, null, 866.23366888543592, 1.4725522431062916
2100-Apr-14 08:00:00, 868.85615833089969, 1.4770103389459617, null, null, 868.85615833089969, 1.4770103389459617
2100-Apr-14 09:00:00, 868.67882192498655, 1.4767088762671352, null, null, 868.67882192498655, 1.4767088762671352
2100-Apr-14 10:00:00, 865.95006815806323, 1.4720701366005764, null, null, 865.95006815806323, 1.4720701366005764
2100-Apr-14 11:00:00, 861.58641766917481, 1.4646521574266518, null, null, 861.58641766917481, 1.4646521574266518
2100-Apr-14 12:00:00, 856.82353038530039, 1.4565554964384497, null, null, 856.82353038530039, 1.4565554964384497
2100-Apr-14 13:00:00, 852.40457379519512, 1.4490434997651718, null, null, 852.40457379519512, 1.4490434997651718
2100-Apr-14 14:00:00, 848.44049702237248, 1.4423047751538596, null, null, 848.44049702237248, 1.4423047751538596
2100-Apr-14 15:00:00, 844.99334818220836, 1.4364448011777426, null, null, 844.99334818220836, 1.4364448011777426
2100-Apr-14 16:00:00, 842.06581962184089, 1.4314681546871098, null, null, 842.06581962184089, 1.4314681546871098
2100-Apr-14 17:00:00, 839.7086952209329, 1.4274611656395659, null, null, 839.7086952209329, 1.4274611656395659
2100-Apr-14 18:00:00, 837.95869409445356, 1.4244862546232908, null, null, 837.95869409445356, 1.4244862546232908
2100-Apr-14 19:00:00, 836.82897753314171, 1.4225657951489152, null, null, 836.82897753314171, 1.4225657951489152
2100-Apr-14 20:00:00, 836.31944272906844, 1.4216996124483003, null, null, 836.31944272906844, 1.4216996124483003
2100-Apr-14 21:00:00, 836.38298461330123, 1.4218076303509968, null, null, 836.38298461330123, 1.4218076303509968
2100-Apr-14 22:00:00, 836.96530731403777, 1.4227975486951829, null, null, 836.96530731403777, 1.4227975486951829
2100-Apr-14 23:00:00, 838.00475022002524, 1.4245645476445106, null, null, 838.00475022002524, 1.4245645476445106
2100-Apr-15 00:00:00, 839.41553880225774, 1.4269628149549791, null, null, 839.41553880225774, 1.4269628149549791
2100-Apr-15 01:00:00, 841.12007810144769, 1.4298604432262452, null, null, 841.12007810144769, 1.4298604432262452
2100-Apr-15 02:00:00, 843.12264422643693, 1.4332647016212299, null, null, 843.12264422643693, 1.4332647016212299
2100-Apr-15 03:00:00, 845.40552655350234, 1.4371454829995307, null, null, 845.40552655350234, 1.4371454829995307
2100-Apr-15 04:00:00, 847.95937268079263, 1.4414868887637842, null, null, 847.95937268079263, 1.4414868887637842
2100-Apr-15 05:00:00, 850.84727859307225, 1.4463961788107516, null, null, 850.84727859307225, 1.4463961788107516
2100-Apr-15 06:00:00, 853.96723774356144, 1.4516999473093419, null, null, 853.96723774356144, 1.4516999473093419
2100-Apr-15 07:00:00, 857.12972176425558, 1.4570760058784493, null, null, 857.12972176425558, 1.4570760058784493
2100-Apr-15 08:00:00, 860.16385591775452, 1.4622338763400871, null, null, 860.16385591775452, 1.4622338763400871
2100-Apr-15 09:00:00, 862.82237525606365, 1.4667532211261258, null, null, 862.82237525606365, 1.4667532211261258
2100-Apr-15 10:00:00, 865.14867902023434, 1.4707078166921048, null, null, 865.14867902023434, 1.4707078166921048
2100-Apr-15 11:00:00, 867.27811905087981, 1.4743277541366075, null, null, 867.27811905087981, 1.4743277541366075
2100-Apr-15 12:00:00, 869.47640474002628, 1.4780647256245736, null, null, 869.47640474002628, 1.4780647256245736
2100-Apr-15 13:00:00, 871.92157216312, 1.4822213832366933, null, null, 871.92157216312, 1.4822213832366933
2100-Apr-15 14:00:00, 874.64943991543362, 1.4868586167244371, null, null, 874.64943991543362, 1.4868586167244371
2100-Apr-15 15:00:00, 877.49607377106292, 1.4916977464188563, null, null, 877.49607377106292, 1.4916977464188563
2100-Apr-15 16:00:00, 880.34954740061528, 1.4965485033736725, null, null, 880.34954740061528, 1.4965485033736725
2100-Apr-15 17:00:00, 883.26272209865817, 1.5015007490439236, null, null, 883.26272209865817, 1.5015007490439236
2100-Apr-15 18:00:00, 886.48697465708949, 1.5069818109187965, null, null, 886.48697465708949, 1.5069818109187965
2100-Apr-15 19:00:00, 890.0990675467915, 1.5131221812115869, null, null, 890.0990675467915, 1.5131221812115869
2100-Apr-15 20:00:00, 894.06215302914427, 1.5198592206805901, null, null, 894.06215302914427, 1.5198592206805901
2100-Apr-15 21:00:00, 898.29832641002395, 1.527060495392329, null, null, 898.29832641002395, 1.527060495392329
2100-Apr-15 22:00:00, 902.74918352454745, 1.5346267213001377, null, null, 902.74918352454745, 1.5346267213001377
2100-Apr-15 23:00:00, 907.35731928631651, 1.5424603127388801, null, null, 907.35731928631651, 1.5424603127388801
2100-Apr-16 00:00:00, 912.06183305826835, 1.5504577417888565, null, null, 912.06183305826835, 1.5504577417888565
2100-Apr-16 01:00:00, 916.83370896804922, 1.5585696829742113, null, null, 916.83370896804922, 1.5585696829742113
2100-Apr-16 02:00:00, 921.7010350909917, 1.566843884564056, null, null, 921.7010350909917, 1.566843884564056
2100-Apr-16 03:00:00, 926.66691830489367, 1.5752856280892691, null, null, 926.66691830489367, 1.5752856280892691
2100-Apr-16 04:00:00, 931.76124424861393, 1.5839457175835876, null, null, 931.76124424861393, 1.5839457175835876
2100-Apr-16 05:00:00, 937.00016694875899, 1.5928516140531688, null, null, 937.00016694875899, 1.5928516140531688
2100-Apr-16 06:00:00, 942.26030449298082, 1.6017935746557368, null, null, 942.26030449298082, 1.6017935746557368
2100-Apr-16 07:00:00, 947.32724054306038, 1.6104071027535549, null, null, 947.32724054306038, 1.6104071027535549
2100-Apr-16 08:00:00, 951.82439789561636, 1.6180520366610871, null, null, 951.82439789561636, 1.6180520366610871
2100-Apr-16 09:00:00, 955.29649703537825, 1.6239544248505491, null, null, 955.29649703537825, 1.6239544248505491
2100-Apr-16 10:00:00, 957.26352272625536, 1.627298266353588, null, null, 957.26352272625536, 1.627298266353588
2100-Apr-16 11:00:00, 957.66988917966148, 1.6279890682168501, null, null, 957.66988917966148, 1.6279890682168501
2100-Apr-16 12:00:00, 956.47013288089579, 1.6259495448268142, null, null, 956.47013288089579, 1.6259495448268142
2100-Apr-16 13:00:00, 953.48824021353039, 1.6208804821780709, null, null, 953.48824021353039, 1.6208804821780709
2100-Apr-16 14:00:00, 948.91361363015585, 1.613103854602062, null, null, 948.91361363015585, 1.613103854602062
2100-Apr-16 15:00:00, 943.13212219096954, 1.6032756194582725, null, null, 943.13212219096954, 1.6032756194582725
2100-Apr-16 16:00:00, 936.52625480616916, 1.5920459880267597, null, null, 936.52625480616916, 1.5920459880267597
2100-Apr-16 17:00:00, 929.82729463656688, 1.5806581036965188, null, null, 929.82729463656688, 1.5806581036965188
2100-Apr-16 18:00:00, 923.99974891885859, 1.5707515786713979, null, null, 923.99974891885859, 1.5707515786713979
2100-Apr-16 19:00:00, 919.49166997673547, 1.5630880786288919, null, null, 919.49166997673547, 1.5630880786288919
2100-Apr-16 20:00:00, 916.32147538522975, 1.5576989124899081, null, null, 916.32147538522975, 1.5576989124899081
2100-Apr-16 21:00:00, 914.39192612050783, 1.5544187789647286, null, null, 914.39192612050783, 1.5544187789647286
2100-Apr-16 22:00:00, 913.58151546187241, 1.5530411229394827, null, null, 913.58151546187241, 1.5530411229394827
2100-Apr-16 23:00:00, 913.80459347537749, 1.5534203439753, null, null, 913.80459347537749, 1.5534203439753
2100-Apr-17 00:00:00, 914.77667337311584, 1.5550728293095806, null, null, 914.77667337311584, 1.5550728293095806
2100-Apr-17 01:00:00, 916.26927621573316, 1.5576101766130985, null, null, 916.26927621573316, 1.5576101766130985
2100-Apr-17 02:00:00, 918.22203250610437, 1.5609297608764601, null, null, 918.22203250610437, 1.5609297608764601
2100-Apr-17 03:00:00, 920.59606526398522, 1.564965493252602, null, null, 920.59606526398522, 1.564965493252602
2100-Apr-17 04:00:00, 923.45360183457785, 1.5698231569961492, null, null, 923.45360183457785, 1.5698231569961492
2100-Apr-17 05:00:00, 926.65878509166157, 1.5752718020492307, null, null, 926.65878509166157, 1.5752718020492307
2100-Apr-17 06:00:00, 930.01264712603518, 1.5809731933010167, null, null, 930.01264712603518, 1.5809731933010167
2100-Apr-17 07:00:00, 932.321758796263, 1.5848985632002863, null, null, 932.321758796263, 1.5848985632002863
2100-Apr-17 08:00:00, 933.53552976382616, 1.5869619107993265, null, null, 933.53552976382616, 1.5869619107993265
2100-Apr-17 09:00:00, 933.65871242299545, 1.5871713149215478, null, null, 933.65871242299545, 1.5871713149215478
2100-Apr-17 10:00:00, 932.65920138502281, 1.5854721980737001, null, null, 932.65920138502281, 1.5854721980737001
2100-Apr-17 11:00:00, 930.78621116090403, 1.5822882119797506, null, null, 930.78621116090403, 1.5822882119797506
2100-Apr-17 12:00:00, 928.2279958136935, 1.5779393787685791, null, null, 928.2279958136935, 1.5779393787685791
2100-Apr-17 13:00:00, 925.0220839845997, 1.5724894951809238, null, null, 925.0220839845997, 1.5724894951809238
2100-Apr-17 14:00:00, 921.45920316272088, 1.5664327828472546, null, null, 921.45920316272088, 1.5664327828472546
2100-Apr-17 15:00:00, 917.64474457972904, 1.5599484013871712, null, null, 917.64474457972904, 1.5599484013871712
2100-Apr-17 16:00:00, 913.73573171780606, 1.5533032825642532, null, null, 913.73573171780606, 1.5533032825642532
2100-Apr-17 17:00:00, 909.96358316427836, 1.546890825956587, null, null, 909.96358316427836, 1.546890825956587
2100-Apr-17 18:00:00, 906.58018733978406, 1.5411392287956429, null, null, 906.58018733978406, 1.5411392287956429
2100-Apr-17 19:00:00, 903.77232318512233, 1.5363660055790889, null, null, 903.77232318512233, 1.5363660055790889
2100-Apr-17 20:00:00, 901.63614087053406, 1.5327346066020917, null, null, 901.63614087053406, 1.5327346066020917
2100-Apr-17 21:00:00, 900.20765436511476, 1.5303062537414729, null, null, 900.20765436511476, 1.5303062537414729
2100-Apr-17 22:00:00, 899.54162475621524, 1.5291740380013228, null, null, 899.54162475621524, 1.5291740380013228
2100-Apr-17 23:00:00, 899.66571411708219, 1.529384983469334, null, null, 899.66571411708219, 1.529384983469334
2100-Apr-18 00:00:00, 900.55010744725382, 1.5308884061933759, null, null, 900.55010744725382, 1.5308884061933759
2100-Apr-18 01:00:00, 902.13433959248277, 1.533581518551915, null, null, 902.13433959248277, 1.533581518551915
2100-Apr-18 02:00:00, 904.35544221993644, 1.5373572776498434, null, null, 904.35544221993644, 1.5373572776498434
2100-Apr-18 03:00:00, 907.15912743158594, 1.5421233968803401, null, null, 907.15912743158594, 1.5421233968803401
2100-Apr-18 04:00:00, 910.47737682863976, 1.5477642484984775, null, null, 910.47737682863976, 1.5477642484984775
2100-Apr-18 05:00:00, 914.29004660876842, 1.5542455890866076, null, null, 914.29004660876842, 1.5542455890866076
2100-Apr-18 06:00:00, 918.38431982997906, 1.5612056408975021, null, null, 918.38431982997906, 1.5612056408975021
2100-Apr-18 07:00:00, 922.38721303361751, 1.5680103514249941, null, null, 922.38721303361751, 1.5680103514249941
2100-Apr-18 08:00:00, 925.89757272069949, 1.573977780557567, null, null, 925.89757272069949, 1.573977780557567
2100-Apr-18 09:00:00, 928.62228843556977, 1.5786096557453806, null, null, 928.62228843556977, 1.5786096557453806
2100-Apr-18 10:00:00, 928.29739212010725, 1.5780573488848924, null, null, 928.29739212010725, 1.5780573488848924
2100-Apr-18 11:00:00, 925.4016182630811, 1.5731346837405336, null, null, 925.4016182630811, 1.5731346837405336
2100-Apr-18 12:00:00, 921.29938266306249, 1.5661610962992483, null, null, 921.29938266306249, 1.5661610962992483
2100-Apr-18 13:00:00, 916.9579235621552, 1.5587808413322242, null, null, 916.9579235621552, 1.5587808413322242
2100-Apr-18 14:00:00, 912.61987443839257, 1.5514063831492246, null, null, 912.61987443839257, 1.5514063831492246
2100-Apr-18 15:00:00, 908.61862846951624, 1.5446044728352675, null, null, 908.61862846951624, 1.5446044728352675
2100-Apr-18 16:00:00, 905.35793076551374, 1.539061456105961, null, null, 905.35793076551374, 1.539061456105961
2100-Apr-18 17:00:00, 903.13442827418112, 1.5352816173640922, null, null, 903.13442827418112, 1.5352816173640922
2100-Apr-18 18:00:00, 901.99404084333469, 1.5333430179657754, null, null, 901.99404084333469, 1.5333430179657754
2100-Apr-18 19:00:00, 901.8063224716683, 1.5330239064844295, null, null, 901.8063224716683, 1.5330239064844295
2100-Apr-18 20:00:00, 902.43922088915303, 1.5340998009200786, null, null, 902.43922088915303, 1.5340998009200786
2100-Apr-18 21:00:00, 903.83937916134948, 1.5364799972556464, null, null, 903.83937916134948, 1.5364799972556464
2100-Apr-18 22:00:00, 905.90088432658081, 1.5399844489576249, null, null, 905.90088432658081, 1.5399844489576249
2100-Apr-18 23:00:00, 908.55176139780349, 1.544490802286572, null, null, 908.55176139780349, 1.544490802286572
2100-Apr-19 00:00:00, 911.69683212904908, 1.5498372591681, null, null, 911.69683212904908, 1.5498372591681
2100-Apr-19 01:00:00, 915.2378919900749, 1.5558568770017458, null, null, 915.2378919900749, 1.5558568770017458
2100-Apr-19 02:00:00, 919.15485298809494, 1.562515507243186, null, null, 919.15485298809494, 1.562515507243186
2100-Apr-19 03:00:00, 923.37301491939752, 1.5696861634261965, null, null, 923.37301491939752, 1.5696861634261965
2100-Apr-19 04:00:00, 927.94478556165916, 1.5774579360506569, null, null, 927.94478556165916, 1.5774579360506569
2100-Apr-19 05:00:00, 932.85408895893784, 1.5858034968264851, null, null, 932.85408895893784, 1.5858034968264851
2100-Apr-19 06:00:00, 937.93109366928843, 1.5944341411237766, null, null, 937.93109366928843, 1.5944341411237766
2100-Apr-19 07:00:00, 942.86688379197255, 1.6028247279570178, null, null, 942.86688379197255, 1.6028247279570178
2100-Apr-19 08:00:00, 947.31050284291962, 1.6103786495327068, null, null, 947.31050284291962, 1.6103786495327068
2100-Apr-19 09:00:00, 951.12680378597213, 1.6168661629091974, null, null, 951.12680378597213, 1.6168661629091974
2100-Apr-19 10:00:00, 954.17819249839317, 1.6220533652247646, null, null, 954.17819249839317, 1.6220533652247646
2100-Apr-19 11:00:00, 956.05874948289988, 1.6252502144183403, null, null, 956.05874948289988, 1.6252502144183403
2100-Apr-19 12:00:00, 956.80589808547222, 1.6265203282342431, null, null, 956.80589808547222, 1.6265203282342431
2100-Apr-19 13:00:00, 956.62111847200663, 1.6262062124891934, null, null, 956.62111847200663, 1.6262062124891934
2100-Apr-19 14:00:00, 955.65469670371488, 1.6245633456810771, null, null, 955.65469670371488, 1.6245633456810771
2100-Apr-19 15:00:00, 954.13708243392978, 1.62198348025052, null, null, 954.13708243392978, 1.62198348025052
2100-Apr-19 16:00:00, 952.39744843655603, 1.6190261928152339, null, null, 952.39744843655603, 1.6190261928152339
2100-Apr-19 17:00:00, 950.93232237078894, 1.6165355546051596, null, null, 950.93232237078894, 1.6165355546051596
2100-Apr-19 18:00:00, 950.17278819503429, 1.6152443859581795, null, null, 950.17278819503429, 1.6152443859581795
2100-Apr-19 19:00:00, 950.26253771527092, 1.615396955480803, null, null, 950.26253771527092, 1.615396955480803
2100-Apr-19 20:00:00, 951.09385260532292, 1.6168101476136474, null, null, 951.09385260532292, 1.6168101476136474
2100-Apr-19 21:00:00, 952.60700183143888, 1.6193824227018907, null, null, 952.60700183143888, 1.6193824227018907
2100-Apr-19 22:00:00, 954.65684150155516, 1.6228670436681039, null, null, 954.65684150155516, 1.6228670436681039
2100-Apr-19 23:00:00, 957.16616530679323, 1.6271327637974515, null, null, 957.16616530679323, 1.6271327637974515
2100-Apr-20 00:00:00, 960.0827725156671, 1.6320908445578235, null, null, 960.0827725156671, 1.6320908445578235
2100-Apr-20 01:00:00, 963.32677641623593, 1.6376054826884039, null, null, 963.32677641623593, 1.6376054826884039
2100-Apr-20 02:00:00, 966.85712214312957, 1.6436068870505396, null, null, 966.85712214312957, 1.6436068870505396
2100-Apr-20 03:00:00, 970.62504463704386, 1.6500121595763735, null, null, 970.62504463704386, 1.6500121595763735
2100-Apr-20 04:00:00, 974.59111013370909, 1.6567542649149196, null, null, 974.59111013370909, 1.6567542649149196
2100-Apr-20 05:00:00, 978.74710104454152, 1.6638192335924242, null, null, 978.74710104454152, 1.6638192335924242
2100-Apr-20 06:00:00, 983.02058694991649, 1.6710839376577142, null, null, 983.02058694991649, 1.6710839376577142
2100-Apr-20 07:00:00, 987.2167314378321, 1.6782171653305991, null, null, 987.2167314378321, 1.6782171653305991
2100-Apr-20 08:00:00, 990.90132568621493, 1.684480784167274, null, null, 990.90132568621493, 1.684480784167274
2100-Apr-20 09:00:00, 993.41458387004684, 1.6887531925358712, null, null, 993.41458387004684, 1.6887531925358712
2100-Apr-20 10:00:00, 994.06098837563343, 1.6898520466197586, null, null, 994.06098837563343, 1.6898520466197586
2100-Apr-20 11:00:00, 990.61829083693397, 1.6839996396249217, null, null, 990.61829083693397, 1.6839996396249217
2100-Apr-20 12:00:00, 984.15641323281636, 1.6730147833414375, null, null, 984.15641323281636, 1.6730147833414375
2100-Apr-20 13:00:00, 976.66006356795754, 1.6602713782873484, null, null, 976.66006356795754, 1.6602713782873484
2100-Apr-20 14:00:00, 969.02160963121798, 1.6472864033522565, null, null, 969.02160963121798, 1.6472864033522565
2100-Apr-20 15:00:00, 961.80038191422261, 1.6350106913191225, null, null, 961.80038191422261, 1.6350106913191225
2100-Apr-20 16:00:00, 955.38298647098031, 1.6241014523986295, null, null, 955.38298647098031, 1.6241014523986295
2100-Apr-20 17:00:00, 949.96057123338255, 1.614883628146367, null, null, 949.96057123338255, 1.614883628146367
2100-Apr-20 18:00:00, 945.69128652043196, 1.6076260658899799, null, null, 945.69128652043196, 1.6076260658899799
2100-Apr-20 19:00:00, 942.56418459301278, 1.6023101550416194, null, null, 942.56418459301278, 1.6023101550416194
2100-Apr-20 20:00:00, 940.4748799731467, 1.598758445710724, null, null, 940.4748799731467, 1.598758445710724
2100-Apr-20 21:00:00, 939.32173239311305, 1.5967981547215779, null, null, 939.32173239311305, 1.5967981547215779
2100-Apr-20 22:00:00, 938.94783050314868, 1.5961625409298892, null, null, 938.94783050314868, 1.5961625409298892
2100-Apr-20 23:00:00, 939.19893507280005, 1.5965894056553969, null, null, 939.19893507280005, 1.5965894056553969
2100-Apr-21 00:00:00, 939.92901037143156, 1.5978304957414238, null, null, 939.92901037143156, 1.5978304957414238
2100-Apr-21 01:00:00, 941.02121311185397, 1.599687183668834, null, null, 941.02121311185397, 1.599687183668834
2100-Apr-21 02:00:00, 942.39306092200979, 1.6020192536894378, null, null, 942.39306092200979, 1.6020192536894378
2100-Apr-21 03:00:00, 944.03002964272071, 1.6048020154870475, null, null, 944.03002964272071, 1.6048020154870475
2100-Apr-21 04:00:00, 945.97755338210152, 1.608112704685515, null, null, 945.97755338210152, 1.608112704685515
2100-Apr-21 05:00:00, 948.21481758728385, 1.6119159376261161, null, null, 948.21481758728385, 1.6119159376261161
2100-Apr-21 06:00:00, 950.66157376561398, 1.6160752960396143, null, null, 950.66157376561398, 1.6160752960396143
2100-Apr-21 07:00:00, 953.15452109337684, 1.6203131770078829, null, null, 953.15452109337684, 1.6203131770078829
2100-Apr-21 08:00:00, 955.4624000975366, 1.6242364514388643, null, null, 955.4624000975366, 1.6242364514388643
2100-Apr-21 09:00:00, 957.27604681748346, 1.6273195566581482, null, null, 957.27604681748346, 1.6273195566581482
2100-Apr-21 10:00:00, 958.1071325231942, 1.6287323591895166, null, null, 958.1071325231942, 1.6287323591895166
2100-Apr-21 11:00:00, 957.2782234524642, 1.6273232568245564, null, null, 957.2782234524642, 1.6273232568245564
2100-Apr-21 12:00:00, 955.19381984433551, 1.6237798789590456, null, null, 955.19381984433551, 1.6237798789590456
2100-Apr-21 13:00:00, 952.52564920312852, 1.6192441274593896, null, null, 952.52564920312852, 1.6192441274593896
2100-Apr-21 14:00:00, 949.63990523796338, 1.6143385126102208, null, null, 949.63990523796338, 1.6143385126102208
2100-Apr-21 15:00:00, 946.66857461878647, 1.6092874048947829, null, null, 946.66857461878647, 1.6092874048947829
2100-Apr-21 16:00:00, 943.73762443035139, 1.6043049418141615, null, null, 943.73762443035139, 1.6043049418141615
2100-Apr-21 17:00:00, 940.99687587045207, 1.5996458116225782, null, null, 940.99687587045207, 1.5996458116225782
2100-Apr-21 18:00:00, 938.53993424221892, 1.5954691384732984, null, null, 938.53993424221892, 1.5954691384732984
2100-Apr-21 19:00:00, 936.45071667924969, 1.5919175771346057, null, null, 936.45071667924969, 1.5919175771346057
2100-Apr-21 20:00:00, 934.83474979610799, 1.5891705173699842, null, null, 934.83474979610799, 1.5891705173699842
2100-Apr-21 21:00:00, 933.7726496473723, 1.5873650022848493, null, null, 933.7726496473723, 1.5873650022848493
2100-Apr-21 22:00:00, 933.23753588443628, 1.5864553366827927, null, null, 933.23753588443628, 1.5864553366827927
2100-Apr-21 23:00:00, 933.16514439767604, 1.5863322749154662, null, null, 933.16514439767604, 1.5863322749154662
2100-Apr-22 00:00:00, 933.49458767770409, 1.586892311379537, null, null, 933.49458767770409, 1.586892311379537
2100-Apr-22 01:00:00, 934.15136624036666, 1.5880088008216033, null, null, 934.15136624036666, 1.5880088008216033
2100-Apr-22 02:00:00, 935.11504331538413, 1.5896470017937185, null, null, 935.11504331538413, 1.5896470017937185
2100-Apr-22 03:00:00, 936.32122245519543, 1.5916974436799158, null, null, 936.32122245519543, 1.5916974436799158
2100-Apr-22 04:00:00, 937.76183227111392, 1.5941464055386732, null, null, 937.76183227111392, 1.5941464055386732
2100-Apr-22 05:00:00, 939.48314776026859, 1.5970725524614886, null, null, 939.48314776026859, 1.5970725524614886
2100-Apr-22 06:00:00, 941.46292999748698, 1.6004380794307058, null, null, 941.46292999748698, 1.6004380794307058
2100-Apr-22 07:00:00, 943.38653863289073, 1.6037081141946132, null, null, 943.38653863289073, 1.6037081141946132
2100-Apr-22 08:00:00, 944.45888664329379, 1.605531050112287, null, null, 944.45888664329379, 1.605531050112287
2100-Apr-22 09:00:00, 944.4390983743607, 1.605497411082945, null, null, 944.4390983743607, 1.605497411082945
2100-Apr-22 10:00:00, 943.49494873039725, 1.6038924057293258, null, null, 943.49494873039725, 1.6038924057293258
2100-Apr-22 11:00:00, 941.78807670539538, 1.6009908119453462, null, null, 941.78807670539538, 1.6009908119453462
2100-Apr-22 12:00:00, 939.45392862705728, 1.5970228814527325, null, null, 939.45392862705728, 1.5970228814527325
2100-Apr-22 13:00:00, 936.62068710415099, 1.5922065180283165, null, null, 936.62068710415099, 1.5922065180283165
2100-Apr-22 14:00:00, 933.4224300004073, 1.5867696470761541, null, null, 933.4224300004073, 1.5867696470761541
2100-Apr-22 15:00:00, 929.9751363049952, 1.5809094268536397, null, null, 929.9751363049952, 1.5809094268536397
2100-Apr-22 16:00:00, 926.44445713166283, 1.5749074556498779, null, null, 926.44445713166283, 1.5749074556498779
2100-Apr-22 17:00:00, 923.06846150025183, 1.569168438432794, null, null, 923.06846150025183, 1.569168438432794
2100-Apr-22 18:00:00, 920.02099231344312, 1.5639878991071794, null, null, 920.02099231344312, 1.5639878991071794
2100-Apr-22 19:00:00, 917.42109646576989, 1.5595682112101943, null, null, 917.42109646576989, 1.5595682112101943
2100-Apr-22 20:00:00, 915.32519465546784, 1.5560052869982297, null, null, 915.32519465546784, 1.5560052869982297
2100-Apr-22 21:00:00, 913.77485195145618, 1.5533697849294712, null, null, 913.77485195145618, 1.5533697849294712
2100-Apr-22 22:00:00, 912.78407397510523, 1.5516855138327668, null, null, 912.78407397510523, 1.5516855138327668
2100-Apr-22 23:00:00, 912.41718153983288, 1.5510618157499687, null, null, 912.41718153983288, 1.5510618157499687
2100-Apr-23 00:00:00, 912.74950130492016, 1.5516267420892293, null, null, 912.74950130492016, 1.5516267420892293
2100-Apr-23 01:00:00, 913.78834010297498, 1.5533927140864501, null, null, 913.78834010297498, 1.5533927140864501
2100-Apr-23 02:00:00, 915.52134837555377, 1.5563387381337388, null, null, 915.52134837555377, 1.5563387381337388
2100-Apr-23 03:00:00, 917.912884548026, 1.5604042254055221, null, null, 917.912884548026, 1.5604042254055221
2100-Apr-23 04:00:00, 920.93361396510261, 1.5655393085115121, null, null, 920.93361396510261, 1.5655393085115121
2100-Apr-23 05:00:00, 924.59258038724124, 1.5717593613747349, null, null, 924.59258038724124, 1.5717593613747349
2100-Apr-23 06:00:00, 928.82892336440921, 1.5789609243913547, null, null, 928.82892336440921, 1.5789609243913547
2100-Apr-23 07:00:00, 933.38572525145707, 1.5867072509094604, null, null, 933.38572525145707, 1.5867072509094604
2100-Apr-23 08:00:00, 937.92102323900849, 1.5944170219153802, null, null, 937.92102323900849, 1.5944170219153802
2100-Apr-23 09:00:00, 942.10231835872401, 1.6015250064336324, null, null, 942.10231835872401, 1.6015250064336324
2100-Apr-23 10:00:00, 945.78381323652127, 1.6077833565012993, null, null, 945.78381323652127, 1.6077833565012993
2100-Apr-23 11:00:00, 948.91333952188359, 1.6131033886322368, null, null, 948.91333952188359, 1.6131033886322368
2100-Apr-23 12:00:00, 951.55073572429183, 1.6175868251844241, null, null, 951.55073572429183, 1.6175868251844241
2100-Apr-23 13:00:00, 953.81461274808123, 1.6214352985343312, null, null, 953.81461274808123, 1.6214352985343312
2100-Apr-23 14:00:00, 955.83717911148199, 1.624873556295761, null, null, 955.83717911148199, 1.624873556295761
2100-Apr-23 15:00:00, 957.73263600455425, 1.6280957345599656, null, null, 957.73263600455425, 1.6280957345599656
2100-Apr-23 16:00:00, 959.7164619887028, 1.6314681356889233, null, null, 959.7164619887028, 1.6314681356889233
2100-Apr-23 17:00:00, 961.99492761899876, 1.6353414089121288, null, null, 961.99492761899876, 1.6353414089121288
2100-Apr-23 18:00:00, 964.55755613576525, 1.639697744282316, null, null, 964.55755613576525, 1.639697744282316
2100-Apr-23 19:00:00, 967.38610357261837, 1.6445061280042623, null, null, 967.38610357261837, 1.6445061280042623
2100-Apr-23 20:00:00, 970.43801881317711, 1.6496942253903146, null, null, 970.43801881317711, 1.6496942253903146
2100-Apr-23 21:00:00, 973.67260826604104, 1.655192859448803, null, null, 973.67260826604104, 1.655192859448803
2100-Apr-23 22:00:00, 977.17184553447328, 1.6611413810473932, null, null, 977.17184553447328, 1.6611413810473932
2100-Apr-23 23:00:00, 980.91625239781251, 1.6675066782227008, null, null, 980.91625239781251, 1.6675066782227008
2100-Apr-24 00:00:00, 984.85665442164941, 1.6742051569904535, null, null, 984.85665442164941, 1.6742051569904535
2100-Apr-24 01:00:00, 988.93918403164514, 1.6811452452722704, null, null, 988.93918403164514, 1.6811452452722704
2100-Apr-24 02:00:00, 993.11110774026611, 1.6882372988784327, null, null, 993.11110774026611, 1.6882372988784327
2100-Apr-24 03:00:00, 997.30133047303877, 1.6953604598751628, null, null, 997.30133047303877, 1.6953604598751628
2100-Apr-24 04:00:00, 1001.407279653011, 1.702340360209478, null, null, 1001.407279653011, 1.702340360209478
2100-Apr-24 05:00:00, 1005.429771692939, 1.7091783877406574, null, null, 1005.429771692939, 1.7091783877406574
2100-Apr-24 06:00:00, 1009.3022310181252, 1.7157613674497907, null, null, 1009.3022310181252, 1.7157613674497907
2100-Apr-24 07:00:00, 1012.7854906811577, 1.7216827279491118, null, null, 1012.7854906811577, 1.7216827279491118
2100-Apr-24 08:00:00, 1015.2608965484094, 1.7258907893456517, null, null, 1015.2608965484094, 1.7258907893456517
2100-Apr-24 09:00:00, 1015.6920911605719, 1.7266237977891727, null, null, 1015.6920911605719, 1.7266237977891727
2100-Apr-24 10:00:00, 1013.7093968268282, 1.723253320407123, null, null, 1013.7093968268282, 1.723253320407123
2100-Apr-24 11:00:00, 1010.1649834207492, 1.7172280017210768, null, null, 1010.1649834207492, 1.7172280017210768
2100-Apr-24 12:00:00, 1005.8635847015888, 1.709915847322202, null, null, 1005.8635847015888, 1.709915847322202
2100-Apr-24 13:00:00, 1000.818646296182, 1.7013397140777236, null, null, 1000.818646296182, 1.7013397140777236
2100-Apr-24 14:00:00, 995.29423425519678, 1.6919485005576311, null, null, 995.29423425519678, 1.6919485005576311
2100-Apr-24 15:00:00, 989.3219958419819, 1.6817960054657921, null, null, 989.3219958419819, 1.6817960054657921
2100-Apr-24 16:00:00, 983.23605717035878, 1.6714502258404895, null, null, 983.23605717035878, 1.6714502258404895
2100-Apr-24 17:00:00, 977.48089028802144, 1.6616667410759904, null, null, 977.48089028802144, 1.6616667410759904
2100-Apr-24 18:00:00, 972.41003782075745, 1.6530465552723856, null, null, 972.41003782075745, 1.6530465552723856
2100-Apr-24 19:00:00, 968.1713457091555, 1.6458409988492471, null, null, 968.1713457091555, 1.6458409988492471
2100-Apr-24 20:00:00, 964.78420663382315, 1.6400830383563108, null, null, 964.78420663382315, 1.6400830383563108
2100-Apr-24 21:00:00, 962.20086790758739, 1.6356914967057576, null, null, 962.20086790758739, 1.6356914967057576
2100-Apr-24 22:00:00, 960.35790078747539, 1.6325585483291563, null, null, 960.35790078747539, 1.6325585483291563
2100-Apr-24 23:00:00, 959.2745074577673, 1.6307168359423811, null, null, 959.2745074577673, 1.6307168359423811
2100-Apr-25 00:00:00, 958.84258265904577, 1.6299825862196371, null, null, 958.84258265904577, 1.6299825862196371
2100-Apr-25 01:00:00, 959.1305884685446, 1.6304721811361576, null, null, 959.1305884685446, 1.6304721811361576
2100-Apr-25 02:00:00, 960.11267756465145, 1.6321416815877656, null, null, 960.11267756465145, 1.6321416815877656
2100-Apr-25 03:00:00, 961.72650664741946, 1.6348851072027939, null, null, 961.72650664741946, 1.6348851072027939
2100-Apr-25 04:00:00, 963.94516624787821, 1.6386567132817269, null, null, 963.94516624787821, 1.6386567132817269
2100-Apr-25 05:00:00, 966.71568153767339, 1.6433664453679866, null, null, 966.71568153767339, 1.6433664453679866
2100-Apr-25 06:00:00, 969.81329591235863, 1.6486322289083448, null, null, 969.81329591235863, 1.6486322289083448
2100-Apr-25 07:00:00, 972.68638738540972, 1.6535163351781168, null, null, 972.68638738540972, 1.6535163351781168
2100-Apr-25 08:00:00, 974.44492607788777, 1.6565057596131307, null, null, 974.44492607788777, 1.6565057596131307
2100-Apr-25 09:00:00, 974.37598276220604, 1.6563885595575325, null, null, 974.37598276220604, 1.6563885595575325
2100-Apr-25 10:00:00, 971.77685091247145, 1.6519701704173595, null, null, 971.77685091247145, 1.6519701704173595
2100-Apr-25 11:00:00, 965.29667514375888, 1.640954208204509, null, null, 965.29667514375888, 1.640954208204509
2100-Apr-25 12:00:00, 954.60948972925428, 1.622786548114743, null, null, 954.60948972925428, 1.622786548114743
2100-Apr-25 13:00:00, 942.11597325109551, 1.6015482190414001, null, null, 942.11597325109551, 1.6015482190414001
2100-Apr-25 14:00:00, 929.31489370881729, 1.5797870487345265, null, null, 929.31489370881729, 1.5797870487345265
2100-Apr-25 15:00:00, 917.06128275934759, 1.5589565465987572, null, null, 917.06128275934759, 1.5589565465987572
2100-Apr-25 16:00:00, 906.04225362375496, 1.5402247694198024, null, null, 906.04225362375496, 1.5402247694198024
2100-Apr-25 17:00:00, 896.64054651333424, 1.5242423556765317, null, null, 896.64054651333424, 1.5242423556765317
2100-Apr-25 18:00:00, 889.03077296327865, 1.5113061359090829, null, null, 889.03077296327865, 1.5113061359090829
2100-Apr-25 19:00:00, 883.16386770866757, 1.5013327017156446, null, null, 883.16386770866757, 1.5013327017156446
2100-Apr-25 20:00:00, 878.85460008691689, 1.4940071705910936, null, null, 878.85460008691689, 1.4940071705910936
2100-Apr-25 21:00:00, 875.91552905759909, 1.4890109025027851, null, null, 875.91552905759909, 1.4890109025027851
2100-Apr-25 22:00:00, 874.12578874191297, 1.4859684369289956, null, null, 874.12578874191297, 1.4859684369289956
2100-Apr-25 23:00:00, 873.36321104782462, 1.4846720944589349, null, null, 873.36321104782462, 1.4846720944589349
2100-Apr-26 00:00:00, 873.54430417273397, 1.4849799433649229, null, null, 873.54430417273397, 1.4849799433649229
2100-Apr-26 01:00:00, 874.36832164457326, 1.4863807302658489, null, null, 874.36832164457326, 1.4863807302658489
2100-Apr-26 02:00:00, 875.63312159013992, 1.4885308244769424, null, null, 875.63312159013992, 1.4885308244769424
2100-Apr-26 03:00:00, 877.27236238914304, 1.4913174486896323, null, null, 877.27236238914304, 1.4913174486896323
2100-Apr-26 04:00:00, 879.26974573440464, 1.4947128966282845, null, null, 879.26974573440464, 1.4947128966282845
2100-Apr-26 05:00:00, 881.67339980626423, 1.498798983699597, null, null, 881.67339980626423, 1.498798983699597
2100-Apr-26 06:00:00, 884.43718805907361, 1.5034972801723974, null, null, 884.43718805907361, 1.5034972801723974
2100-Apr-26 07:00:00, 887.23395238192472, 1.5082516342514221, null, null, 887.23395238192472, 1.5082516342514221
2100-Apr-26 08:00:00, 889.25367953205887, 1.5116850654977734, null, null, 889.25367953205887, 1.5116850654977734
2100-Apr-26 09:00:00, 889.50402190422221, 1.5121106345271416, null, null, 889.50402190422221, 1.5121106345271416
2100-Apr-26 10:00:00, 887.51254291040857, 1.5087252236792665, null, null, 887.51254291040857, 1.5087252236792665
2100-Apr-26 11:00:00, 883.59464667028499, 1.5020650035748286, null, null, 883.59464667028499, 1.5020650035748286
2100-Apr-26 12:00:00, 878.21524415998158, 1.4929202987247954, null, null, 878.21524415998158, 1.4929202987247954
2100-Apr-26 13:00:00, 872.0542622406532, 1.482446949476298, null, null, 872.0542622406532, 1.482446949476298
2100-Apr-26 14:00:00, 865.78871281692273, 1.4717958409017733, null, null, 865.78871281692273, 1.4717958409017733
2100-Apr-26 15:00:00, 859.87562802714979, 1.461743903897222, null, null, 859.87562802714979, 1.461743903897222
2100-Apr-26 16:00:00, 854.51549324707946, 1.4526319531877783, null, null, 854.51549324707946, 1.4526319531877783
2100-Apr-26 17:00:00, 849.80640473849178, 1.4446267473231422, null, null, 849.80640473849178, 1.4446267473231422
2100-Apr-26 18:00:00, 845.8512332630994, 1.4379031612549018, null, null, 845.8512332630994, 1.4379031612549018
2100-Apr-26 19:00:00, 842.7012742882863, 1.4325483946132147, null, null, 842.7012742882863, 1.4325483946132147
2100-Apr-26 20:00:00, 840.35510362379978, 1.4285600263486273, null, null, 840.35510362379978, 1.4285600263486273
2100-Apr-26 21:00:00, 838.77126904500778, 1.4258675898323807, null, null, 838.77126904500778, 1.4258675898323807
2100-Apr-26 22:00:00, 837.82579312124551, 1.4242603298719931, null, null, 837.82579312124551, 1.4242603298719931
2100-Apr-26 23:00:00, 837.38888808992795, 1.4235176140125196, null, null, 837.38888808992795, 1.4235176140125196
2100-Apr-27 00:00:00, 837.43715286794361, 1.4235996616281723, null, null, 837.43715286794361, 1.4235996616281723
2100-Apr-27 01:00:00, 837.93311123896285, 1.4244427650977838, null, null, 837.93311123896285, 1.4244427650977838
2100-Apr-27 02:00:00, 838.97239375935101, 1.4262094913999235, null, null, 838.97239375935101, 1.4262094913999235
2100-Apr-27 03:00:00, 840.50117227371004, 1.4288083354663619, null, null, 840.50117227371004, 1.4288083354663619
2100-Apr-27 04:00:00, 842.48450471471688, 1.4321798975976143, null, null, 842.48450471471688, 1.4321798975976143
2100-Apr-27 05:00:00, 845.05586487269102, 1.4365510763043148, null, null, 845.05586487269102, 1.4365510763043148
2100-Apr-27 06:00:00, 848.19757250863927, 1.4418918160985235, null, null, 848.19757250863927, 1.4418918160985235
2100-Apr-27 07:00:00, 851.44613582770785, 1.4474142050037275, null, null, 851.44613582770785, 1.4474142050037275
2100-Apr-27 08:00:00, 852.6387213909951, 1.449441538515913, null, null, 852.6387213909951, 1.449441538515913
2100-Apr-27 09:00:00, 851.64155676874623, 1.4477464104529181, null, null, 851.64155676874623, 1.4477464104529181
2100-Apr-27 10:00:00, 848.92031392018782, 1.4431204389574466, null, null, 848.92031392018782, 1.4431204389574466
2100-Apr-27 11:00:00, 843.02174993765323, 1.4330931865709591, null, null, 843.02174993765323, 1.4330931865709591
2100-Apr-27 12:00:00, 834.77307103290241, 1.4190708608866167, null, null, 834.77307103290241, 1.4190708608866167
2100-Apr-27 13:00:00, 825.5656404669578, 1.403418707177823, null, null, 825.5656404669578, 1.403418707177823
2100-Apr-27 14:00:00, 816.87267422279172, 1.3886411160936938, null, null, 816.87267422279172, 1.3886411160936938
2100-Apr-27 15:00:00, 809.42928565730244, 1.3759877421576219, null, null, 809.42928565730244, 1.3759877421576219
2100-Apr-27 16:00:00, 803.2728050176338, 1.3655220448507401, null, null, 803.2728050176338, 1.3655220448507401
2100-Apr-27 17:00:00, 798.39266517411886, 1.3572260606014941, null, null, 798.39266517411886, 1.3572260606014941
2100-Apr-27 18:00:00, 794.7873127307397, 1.3510971487173395, null, null, 794.7873127307397, 1.3510971487173395
2100-Apr-27 19:00:00, 792.34560240769133, 1.3469463679957276, null, null, 792.34560240769133, 1.3469463679957276
2100-Apr-27 20:00:00, 790.87610634533905, 1.3444483010184456, null, null, 790.87610634533905, 1.3444483010184456
2100-Apr-27 21:00:00, 790.29982244400526, 1.3434686483195761, null, null, 790.29982244400526, 1.3434686483195761
2100-Apr-27 22:00:00, 790.53165861801529, 1.3438627577733346, null, null, 790.53165861801529, 1.3438627577733346
2100-Apr-27 23:00:00, 791.47645431477588, 1.3454688613831518, null, null, 791.47645431477588, 1.3454688613831518
2100-Apr-28 00:00:00, 793.18391957198855, 1.348371463631076, null, null, 793.18391957198855, 1.348371463631076
2100-Apr-28 01:00:00, 795.6226402257621, 1.3525171620702103, null, null, 795.6226402257621, 1.3525171620702103
2100-Apr-28 02:00:00, 798.59512011568017, 1.3575702234862126, null, null, 798.59512011568017, 1.3575702234862126
2100-Apr-28 03:00:00, 801.95367048569665, 1.3632795846650696, null, null, 801.95367048569665, 1.3632795846650696
2100-Apr-28 04:00:00, 805.61916702131703, 1.3695107383820235, null, null, 805.61916702131703, 1.3695107383820235
2100-Apr-28 05:00:00, 809.54312805456118, 1.3761812683197481, null, null, 809.54312805456118, 1.3761812683197481
2100-Apr-28 06:00:00, 813.62362659177325, 1.383117903883331, null, null, 813.62362659177325, 1.383117903883331
2100-Apr-28 07:00:00, 816.81904039302265, 1.3885499413689404, null, null, 816.81904039302265, 1.3885499413689404
2100-Apr-28 08:00:00, 817.77268808424503, 1.3901710929095512, null, null, 817.77268808424503, 1.3901710929095512
2100-Apr-28 09:00:00, 815.50728158194261, 1.3863200195256162, null, null, 815.50728158194261, 1.3863200195256162
2100-Apr-28 10:00:00, 810.41173010502621, 1.377657846688521, null, null, 810.41173010502621, 1.377657846688521
2100-Apr-28 11:00:00, 803.75521803688764, 1.3663421219259246, null, null, 803.75521803688764, 1.3663421219259246
2100-Apr-28 12:00:00, 796.54221652490457, 1.3540803940140251, null, null, 796.54221652490457, 1.3540803940140251
2100-Apr-28 13:00:00, 789.41053859901228, 1.3419569119743617, null, null, 789.41053859901228, 1.3419569119743617
2100-Apr-28 14:00:00, 782.75826937773274, 1.3306483998310434, null, null, 782.75826937773274, 1.3306483998310434
2100-Apr-28 15:00:00, 776.92688939906066, 1.3207353567614437, null, null, 776.92688939906066, 1.3207353567614437
2100-Apr-28 16:00:00, 772.12593584544743, 1.312573985091928, null, null, 772.12593584544743, 1.312573985091928
2100-Apr-28 17:00:00, 768.38250585782009, 1.3062103485545895, null, null, 768.38250585782009, 1.3062103485545895
2100-Apr-28 18:00:00, 765.57131924298437, 1.3014314773283151, null, null, 765.57131924298437, 1.3014314773283151
2100-Apr-28 19:00:00, 763.56863742244172, 1.2980270222568993, null, null, 763.56863742244172, 1.2980270222568993
2100-Apr-28 20:00:00, 762.28666934210173, 1.2958477431084401, null, null, 762.28666934210173, 1.2958477431084401
2100-Apr-28 21:00:00, 761.70341160899034, 1.2948562352577844, null, null, 761.70341160899034, 1.2948562352577844
2100-Apr-28 22:00:00, 761.76709077473129, 1.2949644865319141, null, null, 761.76709077473129, 1.2949644865319141
2100-Apr-28 23:00:00, 762.3747945069149, 1.2959975513112161, null, null, 762.3747945069149, 1.2959975513112161
2100-Apr-29 00:00:00, 763.4375686492466, 1.2978042121504554, null, null, 763.4375686492466, 1.2978042121504554
2100-Apr-29 01:00:00, 765.0042540255165, 1.3004674959131801, null, null, 765.0042540255165, 1.3004674959131801
2100-Apr-29 02:00:00, 767.09630952579187, 1.3040238815978846, null, null, 767.09630952579187, 1.3040238815978846
2100-Apr-29 03:00:00, 769.91757117681709, 1.3088198798623627, null, null, 769.91757117681709, 1.3088198798623627
2100-Apr-29 04:00:00, 773.4366802121076, 1.3148021824324305, null, null, 773.4366802121076, 1.3148021824324305
2100-Apr-29 05:00:00, 777.79254426000671, 1.3222069250611175, null, null, 777.79254426000671, 1.3222069250611175
2100-Apr-29 06:00:00, 782.74624505925055, 1.3306279591141921, null, null, 782.74624505925055, 1.3306279591141921
2100-Apr-29 07:00:00, 787.55255122081701, 1.3387984299392026, null, null, 787.55255122081701, 1.3387984299392026
2100-Apr-29 08:00:00, 791.23278380509851, 1.3450546341734591, null, null, 791.23278380509851, 1.3450546341734591
2100-Apr-29 09:00:00, 793.06895013344445, 1.3481760215573055, null, null, 793.06895013344445, 1.3481760215573055
2100-Apr-29 10:00:00, 792.78240846256017, 1.3476889156003795, null, null, 792.78240846256017, 1.3476889156003795
2100-Apr-29 11:00:00, 790.89639604354113, 1.3444827924514995, null, null, 790.89639604354113, 1.3444827924514995
2100-Apr-29 12:00:00, 787.84360790547976, 1.3392932111850329, null, null, 787.84360790547976, 1.3392932111850329
2100-Apr-29 13:00:00, 783.70904824670663, 1.3322646745228446, null, null, 783.70904824670663, 1.3322646745228446
2100-Apr-29 14:00:00, 779.30932705042926, 1.3247853770199471, null, null, 779.30932705042926, 1.3247853770199471
2100-Apr-29 15:00:00, 775.20847113365471, 1.3178141349685131, null, null, 775.20847113365471, 1.3178141349685131
2100-Apr-29 16:00:00, 771.56139065704042, 1.3116142875953007, null, null, 771.56139065704042, 1.3116142875953007
2100-Apr-29 17:00:00, 768.41897468552804, 1.3062723436674255, null, null, 768.41897468552804, 1.3062723436674255
2100-Apr-29 18:00:00, 765.85863272173276, 1.3019198953185209, null, null, 765.85863272173276, 1.3019198953185209
2100-Apr-29 19:00:00, 763.97360692472205, 1.298715449375808, null, null, 763.97360692472205, 1.298715449375808
2100-Apr-29 20:00:00, 762.81338284134893, 1.2967431286985531, null, null, 762.81338284134893, 1.2967431286985531
2100-Apr-29 21:00:00, 762.4098297572209, 1.2960571094169315, null, null, 762.4098297572209, 1.2960571094169315
2100-Apr-29 22:00:00, 762.70647963548902, 1.2965613988013687, null, null, 762.70647963548902, 1.2965613988013687
2100-Apr-29 23:00:00, 763.62518509635208, 1.2981231503653416, null, null, 763.62518509635208, 1.2981231503653416
2100-Apr-30 00:00:00, 765.05861509981003, 1.3005599069158504, null, null, 765.05861509981003, 1.3005599069158504
2100-Apr-30 01:00:00, 766.91729951917307, 1.3037195738847891, null, null, 766.91729951917307, 1.3037195738847891
2100-Apr-30 02:00:00, 769.18779816777021, 1.3075793036529282, null, null, 769.18779816777021, 1.3075793036529282
2100-Apr-30 03:00:00, 771.80750450071275, 1.312032668345873, null, null, 771.80750450071275, 1.312032668345873
2100-Apr-30 04:00:00, 774.74605756869551, 1.3170280559268157, null, null, 774.74605756869551, 1.3170280559268157
2100-Apr-30 05:00:00, 778.00877986753903, 1.3225745143621901, null, null, 778.00877986753903, 1.3225745143621901
2100-Apr-30 06:00:00, 781.52265464455718, 1.3285479189650733, null, null, 781.52265464455718, 1.3285479189650733
2100-Apr-30 07:00:00, 785.02852165618447, 1.3345077107827323, null, null, 785.02852165618447, 1.3345077107827323
2100-Apr-30 08:00:00, 788.21144531986351, 1.3399185156832361, null, null, 788.21144531986351, 1.3399185156832361
2100-Apr-30 09:00:00, 790.80093059047158, 1.3443205061399577, null, null, 790.80093059047158, 1.3443205061399577
2100-Apr-30 10:00:00, 792.45711666943419, 1.3471359364484052, null, null, 792.45711666943419, 1.3471359364484052
2100-Apr-30 11:00:00, 793.01310721738139, 1.348081091500597, null, null, 793.01310721738139, 1.348081091500597
2100-Apr-30 12:00:00, 792.63058153777104, 1.3474308177144478, null, null, 792.63058153777104, 1.3474308177144478
2100-Apr-30 13:00:00, 791.41091373282586, 1.3453574457981523, null, null, 791.41091373282586, 1.3453574457981523
2100-Apr-30 14:00:00, 789.56663339121042, 1.3422222650132067, null, null, 789.56663339121042, 1.3422222650132067
2100-Apr-30 15:00:00, 787.39936781594895, 1.3385380261075952, null, null, 787.39936781594895, 1.3385380261075952
2100-Apr-30 16:00:00, 785.23891486169305, 1.3348653683038312, null, null, 785.23891486169305, 1.3348653683038312
2100-Apr-30 17:00:00, 783.34508668068997, 1.3316459587655456, null, null, 783.34508668068997, 1.3316459587655456
2100-Apr-30 18:00:00, 781.86944853918249, 1.329137450572732, null, null, 781.86944853918249, 1.329137450572732
2100-Apr-30 19:00:00, 780.90569080387479, 1.327499112482313, null, null, 780.90569080387479, 1.327499112482313
2100-Apr-30 20:00:00, 780.49162380930511, 1.3267952200990554, null, null, 780.49162380930511, 1.3267952200990554
2100-Apr-30 21:00:00, 780.63263112611423, 1.3270349252134142, null, null, 780.63263112611423, 1.3270349252134142
2100-Apr-30 22:00:00, 781.28813370834428, 1.3281492455550221, null, null, 781.28813370834428, 1.3281492455550221
2100-Apr-30 23:00:00, 782.40247592415915, 1.3300435694406287, null, null, 782.40247592415915, 1.3300435694406287
2100-May-01 00:00:00, 783.92993268793384, 1.3326401665997283, null, null, 783.92993268793384, 1.3326401665997283
2100-May-01 01:00:00, 785.83776809594337, 1.3358833876963601, null, null, 785.83776809594337, 1.3358833876963601
2100-May-01 02:00:00, 788.10311779251981, 1.3397343645135114, null, null, 788.10311779251981, 1.3397343645135114
2100-May-01 03:00:00, 790.70571356627295, 1.3441586421445926, null, null, 790.70571356627295, 1.3441586421445926
2100-May-01 04:00:00, 793.63138234976054, 1.3491321271111305, null, null, 793.63138234976054, 1.3491321271111305
2100-May-01 05:00:00, 796.83246464131901, 1.3545738007358319, null, null, 796.83246464131901, 1.3545738007358319
2100-May-01 06:00:00, 800.17910953858677, 1.3602629232294112, null, null, 800.17910953858677, 1.3602629232294112
2100-May-01 07:00:00, 803.44099678202622, 1.3658079621139732, null, null, 803.44099678202622, 1.3658079621139732
2100-May-01 08:00:00, 806.44848219326934, 1.3709205310979677, null, null, 806.44848219326934, 1.3709205310979677
2100-May-01 09:00:00, 808.986024210202, 1.3752342207214832, null, null, 808.986024210202, 1.3752342207214832
2100-May-01 10:00:00, 810.70264915999257, 1.3781523939710161, null, null, 810.70264915999257, 1.3781523939710161
2100-May-01 11:00:00, 810.95211104811278, 1.3785764662232451, null, null, 810.95211104811278, 1.3785764662232451
2100-May-01 12:00:00, 810.24396418900699, 1.3773726533454029, null, null, 810.24396418900699, 1.3773726533454029
2100-May-01 13:00:00, 809.34347092573626, 1.375841861571357, null, null, 809.34347092573626, 1.375841861571357
2100-May-01 14:00:00, 808.6128715192574, 1.374599880529213, null, null, 808.6128715192574, 1.374599880529213
2100-May-01 15:00:00, 808.13221936649018, 1.3737827968355927, null, null, 808.13221936649018, 1.3737827968355927
2100-May-01 16:00:00, 807.95746786440395, 1.3734857283590067, null, null, 807.95746786440395, 1.3734857283590067
2100-May-01 17:00:00, 808.19263678585833, 1.3738855033103106, null, null, 808.19263678585833, 1.3738855033103106
2100-May-01 18:00:00, 809.04997184904471, 1.3753429283859409, null, null, 809.04997184904471, 1.3753429283859409
2100-May-01 19:00:00, 810.67928557562914, 1.378112677091152, null, null, 810.67928557562914, 1.378112677091152
2100-May-01 20:00:00, 813.06101836036123, 1.3821614991129856, null, null, 813.06101836036123, 1.3821614991129856
2100-May-01 21:00:00, 816.08926573522831, 1.3873093623567208, null, null, 816.08926573522831, 1.3873093623567208
2100-May-01 22:00:00, 819.62515188608575, 1.3933201851518138, null, null, 819.62515188608575, 1.3933201851518138
2100-May-01 23:00:00, 823.49884094181482, 1.399905255338995, null, null, 823.49884094181482, 1.399905255338995
2100-May-02 00:00:00, 827.62100960302496, 1.4069127279489406, null, null, 827.62100960302496, 1.4069127279489406
2100-May-02 01:00:00, 832.00621971861392, 1.4143673573684039, null, null, 832.00621971861392, 1.4143673573684039
2100-May-02 02:00:00, 836.63961561140854, 1.4222438897178253, null, null, 836.63961561140854, 1.4222438897178253
2100-May-02 03:00:00, 841.43802716040591, 1.4304009401115312, null, null, 841.43802716040591, 1.4304009401115312
2100-May-02 04:00:00, 846.31938764832864, 1.4386989993928678, null, null, 846.31938764832864, 1.4386989993928678
2100-May-02 05:00:00, 851.29416298275135, 1.4471558590610907, null, null, 851.29416298275135, 1.4471558590610907
2100-May-02 06:00:00, 856.26949371735952, 1.4556136628807803, null, null, 856.26949371735952, 1.4556136628807803
2100-May-02 07:00:00, 860.95376907215166, 1.4635766876728113, null, null, 860.95376907215166, 1.4635766876728113
2100-May-02 08:00:00, 864.89605401232814, 1.4702783673005386, null, null, 864.89605401232814, 1.4702783673005386
2100-May-02 09:00:00, 867.58953015856969, 1.4748571368443324, null, null, 867.58953015856969, 1.4748571368443324
2100-May-02 10:00:00, 868.69329443225388, 1.4767334787777573, null, null, 868.69329443225388, 1.4767334787777573
2100-May-02 11:00:00, 868.37039765244003, 1.4761845710240116, null, null, 868.37039765244003, 1.4761845710240116
2100-May-02 12:00:00, 866.67496795497266, 1.473302428602502, null, null, 866.67496795497266, 1.473302428602502
2100-May-02 13:00:00, 863.60514210876397, 1.4680838841171593, null, null, 863.60514210876397, 1.4680838841171593
2100-May-02 14:00:00, 859.6440212382156, 1.4613501843861776, null, null, 859.6440212382156, 1.4613501843861776
2100-May-02 15:00:00, 855.36353722234878, 1.4540735838965482, null, null, 855.36353722234878, 1.4540735838965482
2100-May-02 16:00:00, 851.13291859225922, 1.4468817519726269, null, null, 851.13291859225922, 1.4468817519726269
2100-May-02 17:00:00, 847.23667830014392, 1.4402583458549478, null, null, 847.23667830014392, 1.4402583458549478
2100-May-02 18:00:00, 843.91264805101423, 1.4346076670885508, null, null, 843.91264805101423, 1.4346076670885508
2100-May-02 19:00:00, 841.2997125349782, 1.4301658124326568, null, null, 841.2997125349782, 1.4301658124326568
2100-May-02 20:00:00, 839.42981988166093, 1.4269870920481753, null, null, 839.42981988166093, 1.4269870920481753
2100-May-02 21:00:00, 838.20905262653582, 1.4249118511236818, null, null, 838.20905262653582, 1.4249118511236818
2100-May-02 22:00:00, 837.59649063669804, 1.4238705275587158, null, null, 837.59649063669804, 1.4238705275587158
2100-May-02 23:00:00, 837.51373831118497, 1.4237298529036735, null, null, 837.51373831118497, 1.4237298529036735
2100-May-03 00:00:00, 837.90304646377933, 1.4243916565415995, null, null, 837.90304646377933, 1.4243916565415995
2100-May-03 01:00:00, 838.857268865744, 1.4260137850606207, null, null, 838.857268865744, 1.4260137850606207
2100-May-03 02:00:00, 840.28632971402055, 1.4284431142742642, null, null, 840.28632971402055, 1.4284431142742642
2100-May-03 03:00:00, 842.22684067762987, 1.4317418821181787, null, null, 842.22684067762987, 1.4317418821181787
2100-May-03 04:00:00, 844.70675535909459, 1.4359576082646834, null, null, 844.70675535909459, 1.4359576082646834
2100-May-03 05:00:00, 847.68905442174776, 1.441027361764307, null, null, 847.68905442174776, 1.441027361764307
2100-May-03 06:00:00, 850.937527272328, 1.4465495968777802, null, null, 850.937527272328, 1.4465495968777802
2100-May-03 07:00:00, 854.05759294757036, 1.4518535464629176, null, null, 854.05759294757036, 1.4518535464629176
2100-May-03 08:00:00, 856.71557577726458, 1.4563719792121783, null, null, 856.71557577726458, 1.4563719792121783
2100-May-03 09:00:00, 858.71204669022984, 1.4597658760633203, null, null, 858.71204669022984, 1.4597658760633203
2100-May-03 10:00:00, 860.04090519343458, 1.4620248664950624, null, null, 860.04090519343458, 1.4620248664950624
2100-May-03 11:00:00, 860.84634747814994, 1.463394076542712, null, null, 860.84634747814994, 1.463394076542712
2100-May-03 12:00:00, 861.29152907599837, 1.4641508621353856, null, null, 861.29152907599837, 1.4641508621353856
2100-May-03 13:00:00, 861.42735677876601, 1.464381762174914, null, null, 861.42735677876601, 1.464381762174914
2100-May-03 14:00:00, 861.29436465135711, 1.4641556824662096, null, null, 861.29436465135711, 1.4641556824662096
2100-May-03 15:00:00, 860.96280297945782, 1.4635920448459916, null, null, 860.96280297945782, 1.4635920448459916
2100-May-03 16:00:00, 860.56475942893348, 1.4629153914853197, null, null, 860.56475942893348, 1.4629153914853197
2100-May-03 17:00:00, 860.18110819796539, 1.4622632043203259, null, null, 860.18110819796539, 1.4622632043203259
2100-May-03 18:00:00, 859.91763181950864, 1.4618153081624667, null, null, 859.91763181950864, 1.4618153081624667
2100-May-03 19:00:00, 859.93398719415893, 1.4618431114498396, null, null, 859.93398719415893, 1.4618431114498396
2100-May-03 20:00:00, 860.35601066998061, 1.4625605294379493, null, null, 860.35601066998061, 1.4625605294379493
2100-May-03 21:00:00, 861.17288103081182, 1.4639491666213975, null, null, 861.17288103081182, 1.4639491666213975
2100-May-03 22:00:00, 862.40625048111826, 1.4660458306231148, null, null, 862.40625048111826, 1.4660458306231148
2100-May-03 23:00:00, 864.08973306041071, 1.4689076635642855, null, null, 864.08973306041071, 1.4689076635642855
2100-May-04 00:00:00, 866.23645927738835, 1.472556986627672, null, null, 866.23645927738835, 1.472556986627672
2100-May-04 01:00:00, 868.82038515518673, 1.4769495264053836, null, null, 868.82038515518673, 1.4769495264053836
2100-May-04 02:00:00, 871.79911705176266, 1.482013215907962, null, null, 871.79911705176266, 1.482013215907962
2100-May-04 03:00:00, 875.17439800664886, 1.4877510182120754, null, null, 875.17439800664886, 1.4877510182120754
2100-May-04 04:00:00, 878.87743701831585, 1.4940459921882736, null, null, 878.87743701831585, 1.4940459921882736
2100-May-04 05:00:00, 882.83315059909989, 1.500770499807522, null, null, 882.83315059909989, 1.500770499807522
2100-May-04 06:00:00, 886.94008343604435, 1.5077520723075966, null, null, 886.94008343604435, 1.5077520723075966
2100-May-04 07:00:00, 891.0255665754064, 1.5146971814359238, null, null, 891.0255665754064, 1.5146971814359238
2100-May-04 08:00:00, 894.79891397195991, 1.5211116760144634, null, null, 894.79891397195991, 1.5211116760144634
2100-May-04 09:00:00, 898.01549393222001, 1.5265796948709762, null, null, 898.01549393222001, 1.5265796948709762
2100-May-04 10:00:00, 900.54178933869809, 1.5308742658408911, null, null, 900.54178933869809, 1.5308742658408911
2100-May-04 11:00:00, 902.41468391356182, 1.5340580893360756, null, null, 902.41468391356182, 1.5340580893360756
2100-May-04 12:00:00, 903.80638858562611, 1.5364239149905166, null, null, 903.80638858562611, 1.5364239149905166
2100-May-04 13:00:00, 904.87656170571779, 1.5382431537076295, null, null, 904.87656170571779, 1.5382431537076295
2100-May-04 14:00:00, 905.72787977616986, 1.5396903502081465, null, null, 905.72787977616986, 1.5396903502081465
2100-May-04 15:00:00, 906.49765750037216, 1.5409989323554163, null, null, 906.49765750037216, 1.5409989323554163
2100-May-04 16:00:00, 907.25961075464852, 1.5422942133102311, null, null, 907.25961075464852, 1.5422942133102311
2100-May-04 17:00:00, 908.08843868836243, 1.5437031777464785, null, null, 908.08843868836243, 1.5437031777464785
2100-May-04 18:00:00, 909.07073571563376, 1.5453730316702659, null, null, 909.07073571563376, 1.5453730316702659
2100-May-04 19:00:00, 910.2979524376193, 1.5474592363534232, null, null, 910.2979524376193, 1.5474592363534232
2100-May-04 20:00:00, 911.81367363681341, 1.5500358836623056, null, null, 911.81367363681341, 1.5500358836623056
2100-May-04 21:00:00, 913.59734360261564, 1.5530680299565993, null, null, 913.59734360261564, 1.5530680299565993
2100-May-04 22:00:00, 915.59306481315616, 1.5564606523525604, null, null, 915.59306481315616, 1.5564606523525604
2100-May-04 23:00:00, 917.76589003523338, 1.5601543423689788, null, null, 917.76589003523338, 1.5601543423689788
2100-May-05 00:00:00, 920.10906212950238, 1.5641376132199485, null, null, 920.10906212950238, 1.5641376132199485
2100-May-05 01:00:00, 922.61951194134519, 1.5684052475020371, null, null, 922.61951194134519, 1.5684052475020371
2100-May-05 02:00:00, 925.32458410537106, 1.5730037296737427, null, null, 925.32458410537106, 1.5730037296737427
2100-May-05 03:00:00, 928.24909475684353, 1.5779752458760106, null, null, 928.24909475684353, 1.5779752458760106
2100-May-05 04:00:00, 931.39075480871043, 1.5833159047797525, null, null, 931.39075480871043, 1.5833159047797525
2100-May-05 05:00:00, 934.71258286006378, 1.5889628399243165, null, null, 934.71258286006378, 1.5889628399243165
2100-May-05 06:00:00, 938.12344725192077, 1.594761132223002, null, null, 938.12344725192077, 1.594761132223002
2100-May-05 07:00:00, 941.46535047473196, 1.6004421941162976, null, null, 941.46535047473196, 1.6004421941162976
2100-May-05 08:00:00, 944.54854910299105, 1.6056834716365156, null, null, 944.54854910299105, 1.6056834716365156
2100-May-05 09:00:00, 947.17742652687923, 1.6101524267077021, null, null, 947.17742652687923, 1.6101524267077021
2100-May-05 10:00:00, 949.18666638545358, 1.6135680301031337, null, null, 949.18666638545358, 1.6135680301031337
2100-May-05 11:00:00, 950.41787230111754, 1.6156610162083371, null, null, 950.41787230111754, 1.6156610162083371
2100-May-05 12:00:00, 950.78077522070362, 1.6162779323216925, null, null, 950.78077522070362, 1.6162779323216925
2100-May-05 13:00:00, 950.38927415846968, 1.6156124008512835, null, null, 950.38927415846968, 1.6156124008512835
2100-May-05 14:00:00, 949.44274285226822, 1.6140033467955681, null, null, 949.44274285226822, 1.6140033467955681
2100-May-05 15:00:00, 948.11804888591575, 1.6117514358601601, null, null, 948.11804888591575, 1.6117514358601601
2100-May-05 16:00:00, 946.63737803867764, 1.6092343723290139, null, null, 946.63737803867764, 1.6092343723290139
2100-May-05 17:00:00, 945.23285017850526, 1.6068467479208524, null, null, 945.23285017850526, 1.6068467479208524
2100-May-05 18:00:00, 944.11853487027213, 1.6049524697767372, null, null, 944.11853487027213, 1.6049524697767372
2100-May-05 19:00:00, 943.43207864834062, 1.6037855298554338, null, null, 943.43207864834062, 1.6037855298554338
2100-May-05 20:00:00, 943.20241656183657, 1.6033951162375089, null, null, 943.20241656183657, 1.6033951162375089
2100-May-05 21:00:00, 943.3958136082332, 1.6037238811709338, null, null, 943.3958136082332, 1.6037238811709338
2100-May-05 22:00:00, 943.99394466029503, 1.6047406728912537, null, null, 943.99394466029503, 1.6047406728912537
2100-May-05 23:00:00, 944.9998754237447, 1.6064507029389583, null, null, 944.9998754237447, 1.6064507029389583
2100-May-06 00:00:00, 946.39453132105621, 1.6088215455230268, null, null, 946.39453132105621, 1.6088215455230268
2100-May-06 01:00:00, 948.11512067394483, 1.611746458051907, null, null, 948.11512067394483, 1.611746458051907
2100-May-06 02:00:00, 950.13349246265409, 1.6151775852542363, null, null, 950.13349246265409, 1.6151775852542363
2100-May-06 03:00:00, 952.41024130158962, 1.6190479400213027, null, null, 952.41024130158962, 1.6190479400213027
2100-May-06 04:00:00, 954.93893991165714, 1.6233465963124925, null, null, 954.93893991165714, 1.6233465963124925
2100-May-06 05:00:00, 957.69255088603677, 1.6280275919405913, null, null, 957.69255088603677, 1.6280275919405913
2100-May-06 06:00:00, 960.6245233475604, 1.6330117928323642, null, null, 960.6245233475604, 1.6330117928323642
2100-May-06 07:00:00, 963.49088570161791, 1.6378844599493716, null, null, 963.49088570161791, 1.6378844599493716
2100-May-06 08:00:00, 966.00629975978495, 1.6421605331923581, null, null, 966.00629975978495, 1.6421605331923581
2100-May-06 09:00:00, 967.84613560601861, 1.6452881585660113, null, null, 967.84613560601861, 1.6452881585660113
2100-May-06 10:00:00, 968.70063486568949, 1.6467407629229627, null, null, 968.70063486568949, 1.6467407629229627
2100-May-06 11:00:00, 968.39870719892031, 1.6462275015722132, null, null, 968.39870719892031, 1.6462275015722132
2100-May-06 12:00:00, 966.81144474784674, 1.6435292378511388, null, null, 966.81144474784674, 1.6435292378511388
2100-May-06 13:00:00, 964.18208077151019, 1.6390594556660627, null, null, 964.18208077151019, 1.6390594556660627
2100-May-06 14:00:00, 960.80416542467412, 1.6333171750324702, null, null, 960.80416542467412, 1.6333171750324702
2100-May-06 15:00:00, 957.03022993475224, 1.626901680725751, null, null, 957.03022993475224, 1.626901680725751
2100-May-06 16:00:00, 953.21388401243735, 1.620414090886851, null, null, 953.21388401243735, 1.620414090886851
2100-May-06 17:00:00, 949.62516616405162, 1.6143134569501494, null, null, 949.62516616405162, 1.6143134569501494
2100-May-06 18:00:00, 946.51442545819418, 1.6090253593286077, null, null, 946.51442545819418, 1.6090253593286077
2100-May-06 19:00:00, 944.02389081940203, 1.6047915798062691, null, null, 944.02389081940203, 1.6047915798062691
2100-May-06 20:00:00, 942.22031526544822, 1.6017255950460558, null, null, 942.22031526544822, 1.6017255950460558
2100-May-06 21:00:00, 941.03799425388888, 1.5997157107386455, null, null, 941.03799425388888, 1.5997157107386455
2100-May-06 22:00:00, 940.40544224282792, 1.598640405175924, null, null, 940.40544224282792, 1.598640405175924
2100-May-06 23:00:00, 940.26294524255241, 1.5983981676770496, null, null, 940.26294524255241, 1.5983981676770496
2100-May-07 00:00:00, 940.54448119946312, 1.5988767641802279, null, null, 940.54448119946312, 1.5988767641802279
2100-May-07 01:00:00, 941.19307704955759, 1.5999793434359557, null, null, 941.19307704955759, 1.5999793434359557
2100-May-07 02:00:00, 942.19286097175529, 1.6016789241728118, null, null, 942.19286097175529, 1.6016789241728118
2100-May-07 03:00:00, 943.65573168952369, 1.6041657284084356, null, null, 943.65573168952369, 1.6041657284084356
2100-May-07 04:00:00, 945.54475025076192, 1.6073769618429428, null, null, 945.54475025076192, 1.6073769618429428
2100-May-07 05:00:00, 947.9241187301227, 1.6114217646684521, null, null, 947.9241187301227, 1.6114217646684521
2100-May-07 06:00:00, 950.6644225658888, 1.6160801388521089, null, null, 950.6644225658888, 1.6160801388521089
2100-May-07 07:00:00, 952.45782890336181, 1.6191288364725154, null, null, 952.45782890336181, 1.6191288364725154
2100-May-07 08:00:00, 952.84690096794634, 1.6197902387730876, null, null, 952.84690096794634, 1.6197902387730876
2100-May-07 09:00:00, 951.76328429805449, 1.6179481467196006, null, null, 951.76328429805449, 1.6179481467196006
2100-May-07 10:00:00, 948.84224942198921, 1.6129825391549857, null, null, 948.84224942198921, 1.6129825391549857
2100-May-07 11:00:00, 943.43368232149191, 1.6037882560164929, null, null, 943.43368232149191, 1.6037882560164929
2100-May-07 12:00:00, 935.93798466632836, 1.5910459593450188, null, null, 935.93798466632836, 1.5910459593450188
2100-May-07 13:00:00, 925.26431794659288, 1.5729012803341709, null, null, 925.26431794659288, 1.5729012803341709
2100-May-07 14:00:00, 912.94957320857304, 1.5519668539332838, null, null, 912.94957320857304, 1.5519668539332838
2100-May-07 15:00:00, 900.95702639836134, 1.5315801472740325, null, null, 900.95702639836134, 1.5315801472740325
2100-May-07 16:00:00, 890.27053398852934, 1.5134136652562136, null, null, 890.27053398852934, 1.5134136652562136
2100-May-07 17:00:00, 881.34963599081948, 1.4982486020303145, null, null, 881.34963599081948, 1.4982486020303145
2100-May-07 18:00:00, 874.16883977962914, 1.4860416214569516, null, null, 874.16883977962914, 1.4860416214569516
2100-May-07 19:00:00, 868.54203741495598, 1.4764763497049584, null, null, 868.54203741495598, 1.4764763497049584
2100-May-07 20:00:00, 864.25638439237548, 1.4691909621724049, null, null, 864.25638439237548, 1.4691909621724049
2100-May-07 21:00:00, 861.10388098404803, 1.4638318701259068, null, null, 861.10388098404803, 1.4638318701259068
2100-May-07 22:00:00, 859.14782764012421, 1.4605066810427616, null, null, 859.14782764012421, 1.4605066810427616
2100-May-07 23:00:00, 858.40100438547586, 1.4592371203014303, null, null, 858.40100438547586, 1.4592371203014303
2100-May-08 00:00:00, 858.5314823139322, 1.4594589260025079, null, null, 858.5314823139322, 1.4594589260025079
2100-May-08 01:00:00, 859.43517814166273, 1.4609951619697876, null, null, 859.43517814166273, 1.4609951619697876
2100-May-08 02:00:00, 861.10054194949453, 1.4638261939406021, null, null, 861.10054194949453, 1.4638261939406021
2100-May-08 03:00:00, 863.34404522261502, 1.4676400329726276, null, null, 863.34404522261502, 1.4676400329726276
2100-May-08 04:00:00, 865.92215568159179, 1.4720226868404076, null, null, 865.92215568159179, 1.4720226868404076
2100-May-08 05:00:00, 868.73626736460517, 1.4768065305306499, null, null, 868.73626736460517, 1.4768065305306499
2100-May-08 06:00:00, 871.71933840352995, 1.4818775963498372, null, null, 871.71933840352995, 1.4818775963498372
2100-May-08 07:00:00, 874.40171795857998, 1.4864375022649856, null, null, 874.40171795857998, 1.4864375022649856
2100-May-08 08:00:00, 876.33064239998419, 1.4897165736229796, null, null, 876.33064239998419, 1.4897165736229796
2100-May-08 09:00:00, 876.82454351344711, 1.4905561798616038, null, null, 876.82454351344711, 1.4905561798616038
2100-May-08 10:00:00, 873.79396767557023, 1.4854043583516972, null, null, 873.79396767557023, 1.4854043583516972
2100-May-08 11:00:00, 867.17746888892498, 1.4741566540892654, null, null, 867.17746888892498, 1.4741566540892654
2100-May-08 12:00:00, 858.4707865970247, 1.4593557464364284, null, null, 858.4707865970247, 1.4593557464364284
2100-May-08 13:00:00, 849.19325963961296, 1.4435844325030947, null, null, 849.19325963961296, 1.4435844325030947
2100-May-08 14:00:00, 839.57067985499202, 1.4272265466862748, null, null, 839.57067985499202, 1.4272265466862748
2100-May-08 15:00:00, 829.86971366831392, 1.4107354080575125, null, null, 829.86971366831392, 1.4107354080575125
2100-May-08 16:00:00, 820.68992884550892, 1.3951302506760781, null, null, 820.68992884550892, 1.3951302506760781
2100-May-08 17:00:00, 812.41428040356504, 1.3810620781793619, null, null, 812.41428040356504, 1.3810620781793619
2100-May-08 18:00:00, 805.40392705729096, 1.3691448416231957, null, null, 805.40392705729096, 1.3691448416231957
2100-May-08 19:00:00, 799.77272782091279, 1.3595720954176866, null, null, 799.77272782091279, 1.3595720954176866
2100-May-08 20:00:00, 795.58032006469591, 1.352445219994596, null, null, 795.58032006469591, 1.352445219994596
2100-May-08 21:00:00, 792.74819184083253, 1.3476307491207258, null, null, 792.74819184083253, 1.3476307491207258
2100-May-08 22:00:00, 790.95910760311881, 1.3445893988454112, null, null, 790.95910760311881, 1.3445893988454112
2100-May-08 23:00:00, 790.0510884074564, 1.3430458133772123, null, null, 790.0510884074564, 1.3430458133772123
2100-May-09 00:00:00, 790.09211904209496, 1.3431155633248804, null, null, 790.09211904209496, 1.3431155633248804
2100-May-09 01:00:00, 791.02717540815752, 1.344705110578392, null, null, 791.02717540815752, 1.344705110578392
2100-May-09 02:00:00, 792.71403949379226, 1.347572691904702, null, null, 792.71403949379226, 1.347572691904702
2100-May-09 03:00:00, 795.01657374602428, 1.3514868805350237, null, null, 795.01657374602428, 1.3514868805350237
2100-May-09 04:00:00, 797.61216165766757, 1.3558992451645213, null, null, 797.61216165766757, 1.3558992451645213
2100-May-09 05:00:00, 800.25110876501628, 1.3603853181745502, null, null, 800.25110876501628, 1.3603853181745502
2100-May-09 06:00:00, 802.73558369705393, 1.3646087965101599, null, null, 802.73558369705393, 1.3646087965101599
2100-May-09 07:00:00, 804.79186760099776, 1.3681043723391528, null, null, 804.79186760099776, 1.3681043723391528
2100-May-09 08:00:00, 806.16779531667407, 1.3704433779872227, null, null, 806.16779531667407, 1.3704433779872227
2100-May-09 09:00:00, 806.56754842942678, 1.3711229375148848, null, null, 806.56754842942678, 1.3711229375148848
2100-May-09 10:00:00, 805.74205453680736, 1.3697196407753209, null, null, 805.74205453680736, 1.3697196407753209
2100-May-09 11:00:00, 803.4148454374033, 1.3657635061864701, null, null, 803.4148454374033, 1.3657635061864701
2100-May-09 12:00:00, 799.87129564057352, 1.3597396555912902, null, null, 799.87129564057352, 1.3597396555912902
2100-May-09 13:00:00, 795.59873067993601, 1.3524765170842181, null, null, 795.59873067993601, 1.3524765170842181
2100-May-09 14:00:00, 790.79457586726414, 1.3443097034405826, null, null, 790.79457586726414, 1.3443097034405826
2100-May-09 15:00:00, 785.78779973719634, 1.3357984440819517, null, null, 785.78779973719634, 1.3357984440819517
2100-May-09 16:00:00, 780.93064667100464, 1.3275415361601735, null, null, 780.93064667100464, 1.3275415361601735
2100-May-09 17:00:00, 776.49705077767248, 1.320004653431806, null, null, 776.49705077767248, 1.320004653431806
2100-May-09 18:00:00, 772.68457755564339, 1.3135236469822356, null, null, 772.68457755564339, 1.3135236469822356
2100-May-09 19:00:00, 769.60195573272892, 1.3082833500011428, null, null, 769.60195573272892, 1.3082833500011428
2100-May-09 20:00:00, 767.30047785619183, 1.304370957154632, null, null, 767.30047785619183, 1.304370957154632
2100-May-09 21:00:00, 765.81134877234228, 1.301839515060585, null, null, 765.81134877234228, 1.301839515060585
2100-May-09 22:00:00, 765.12697007962868, 1.3006761068310408, null, null, 765.12697007962868, 1.3006761068310408
2100-May-09 23:00:00, 765.16971410238887, 1.3007487694495186, null, null, 765.16971410238887, 1.3007487694495186
2100-May-10 00:00:00, 765.85255953640228, 1.3019095712189133, null, null, 765.85255953640228, 1.3019095712189133
2100-May-10 01:00:00, 767.14408685437036, 1.3041051005748132, null, null, 767.14408685437036, 1.3041051005748132
2100-May-10 02:00:00, 769.1049678507793, 1.3074384964164245, null, null, 769.1049678507793, 1.3074384964164245
2100-May-10 03:00:00, 771.61919408565439, 1.3117125504215128, null, null, 771.61919408565439, 1.3117125504215128
2100-May-10 04:00:00, 774.52868574695106, 1.3166585351205999, null, null, 774.52868574695106, 1.3166585351205999
2100-May-10 05:00:00, 777.70728017228623, 1.3220619805407887, null, null, 777.70728017228623, 1.3220619805407887
2100-May-10 06:00:00, 781.11591085315899, 1.3278564756468245, null, null, 781.11591085315899, 1.3278564756468245
2100-May-10 07:00:00, 784.47520531316388, 1.3335671017400121, null, null, 784.47520531316388, 1.3335671017400121
2100-May-10 08:00:00, 787.44109649644133, 1.3386089626969568, null, null, 787.44109649644133, 1.3386089626969568
2100-May-10 09:00:00, 789.70784828054627, 1.3424623229900792, null, null, 789.70784828054627, 1.3424623229900792
2100-May-10 10:00:00, 791.09675584253137, 1.3448233937026735, null, null, 791.09675584253137, 1.3448233937026735
2100-May-10 11:00:00, 791.43785579074859, 1.3454032458971938, null, null, 791.43785579074859, 1.3454032458971938
2100-May-10 12:00:00, 790.67083923511609, 1.344099357593072, null, null, 790.67083923511609, 1.344099357593072
2100-May-10 13:00:00, 789.00152636236919, 1.3412616124170245, null, null, 789.00152636236919, 1.3412616124170245
2100-May-10 14:00:00, 786.678719868234, 1.3373129620284501, null, null, 786.678719868234, 1.3373129620284501
2100-May-10 15:00:00, 783.96323971480808, 1.3326967868153774, null, null, 783.96323971480808, 1.3326967868153774
2100-May-10 16:00:00, 781.1198754332122, 1.3278632152269865, null, null, 781.1198754332122, 1.3278632152269865
2100-May-10 17:00:00, 778.49503551509531, 1.3234011237058947, null, null, 778.49503551509531, 1.3234011237058947
2100-May-10 18:00:00, 776.28393529145546, 1.3196423681749037, null, null, 776.28393529145546, 1.3196423681749037
2100-May-10 19:00:00, 774.57448111785209, 1.3167363848724236, null, null, 774.57448111785209, 1.3167363848724236
2100-May-10 20:00:00, 773.4208011693969, 1.3147751888846133, null, null, 773.4208011693969, 1.3147751888846133
2100-May-10 21:00:00, 772.81233110437063, 1.3137408213792838, null, null, 772.81233110437063, 1.3137408213792838
2100-May-10 22:00:00, 772.74583275363455, 1.3136277776370966, null, null, 772.74583275363455, 1.3136277776370966
2100-May-10 23:00:00, 773.20930442442977, 1.3144156554037549, null, null, 773.20930442442977, 1.3144156554037549
2100-May-11 00:00:00, 774.15554749777164, 1.3160242194785805, null, null, 774.15554749777164, 1.3160242194785805
2100-May-11 01:00:00, 775.53575305142988, 1.3183704972290196, null, null, 775.53575305142988, 1.3183704972290196
2100-May-11 02:00:00, 777.31359518254806, 1.3213927365070604, null, null, 777.31359518254806, 1.3213927365070604
2100-May-11 03:00:00, 779.45384588600905, 1.3250310515338204, null, null, 779.45384588600905, 1.3250310515338204
2100-May-11 04:00:00, 781.9153586342029, 1.3292154953495998, null, null, 781.9153586342029, 1.3292154953495998
2100-May-11 05:00:00, 784.66257064886815, 1.3338856130785597, null, null, 784.66257064886815, 1.3338856130785597
2100-May-11 06:00:00, 787.56941018510975, 1.3388270893028102, null, null, 787.56941018510975, 1.3388270893028102
2100-May-11 07:00:00, 790.52468041247857, 1.343850895186385, null, null, 790.52468041247857, 1.343850895186385
2100-May-11 08:00:00, 793.35542092648518, 1.3486630070255792, null, null, 793.35542092648518, 1.3486630070255792
2100-May-11 09:00:00, 795.80166573463237, 1.3528214961363283, null, null, 795.80166573463237, 1.3528214961363283
2100-May-11 10:00:00, 797.56743268413732, 1.3558232082328368, null, null, 797.56743268413732, 1.3558232082328368
2100-May-11 11:00:00, 798.35403651179297, 1.3571603938819941, null, null, 798.35403651179297, 1.3571603938819941
2100-May-11 12:00:00, 798.03985673523493, 1.3566263045810039, null, null, 798.03985673523493, 1.3566263045810039
2100-May-11 13:00:00, 796.50371175438875, 1.354014937904167, null, null, 796.50371175438875, 1.354014937904167
2100-May-11 14:00:00, 793.48410992804054, 1.3488817716438459, null, null, 793.48410992804054, 1.3488817716438459
2100-May-11 15:00:00, 789.614739350592, 1.3423040426454307, null, null, 789.614739350592, 1.3423040426454307
2100-May-11 16:00:00, 785.4339825059152, 1.3351969731667852, null, null, 785.4339825059152, 1.3351969731667852
2100-May-11 17:00:00, 781.47786718324073, 1.3284717826071903, null, null, 781.47786718324073, 1.3284717826071903
2100-May-11 18:00:00, 778.16013870115887, 1.3228318165174477, null, null, 778.16013870115887, 1.3228318165174477
2100-May-11 19:00:00, 775.62921790873168, 1.3185293826316713, null, null, 775.62921790873168, 1.3185293826316713
2100-May-11 20:00:00, 773.91366281760634, 1.3156130280862985, null, null, 773.91366281760634, 1.3156130280862985
2100-May-11 21:00:00, 773.00043333535916, 1.3140605854015386, null, null, 773.00043333535916, 1.3140605854015386
2100-May-11 22:00:00, 772.80322607431469, 1.3137253433011231, null, null, 772.80322607431469, 1.3137253433011231
2100-May-11 23:00:00, 773.26054820696902, 1.3145027671723619, null, null, 773.26054820696902, 1.3145027671723619
2100-May-12 00:00:00, 774.3083633490071, 1.3162839984881038, null, null, 774.3083633490071, 1.3162839984881038
2100-May-12 01:00:00, 775.8883460060722, 1.3189698869374917, null, null, 775.8883460060722, 1.3189698869374917
2100-May-12 02:00:00, 777.98314629082029, 1.3225309386132302, null, null, 777.98314629082029, 1.3225309386132302
2100-May-12 03:00:00, 780.57768870369534, 1.3269415259491271, null, null, 780.57768870369534, 1.3269415259491271
2100-May-12 04:00:00, 783.69980358987436, 1.3322489590864166, null, null, 783.69980358987436, 1.3322489590864166
2100-May-12 05:00:00, 787.34515330215038, 1.3384458642501535, null, null, 787.34515330215038, 1.3384458642501535
2100-May-12 06:00:00, 791.26925863248869, 1.345116639485443, null, null, 791.26925863248869, 1.345116639485443
2100-May-12 07:00:00, 795.14636704229031, 1.3517075223969393, null, null, 795.14636704229031, 1.3517075223969393
2100-May-12 08:00:00, 798.57059966779593, 1.3575285399984531, null, null, 798.57059966779593, 1.3575285399984531
2100-May-12 09:00:00, 800.89669463885593, 1.3614827806269891, null, null, 800.89669463885593, 1.3614827806269891
2100-May-12 10:00:00, 801.20849359613055, 1.3620128226588624, null, null, 801.20849359613055, 1.3620128226588624
2100-May-12 11:00:00, 798.92410828526192, 1.3581294862861641, null, null, 798.92410828526192, 1.3581294862861641
2100-May-12 12:00:00, 794.0665941521263, 1.3498719645693358, null, null, 794.0665941521263, 1.3498719645693358
2100-May-12 13:00:00, 787.04545893015313, 1.3379363993845144, null, null, 787.04545893015313, 1.3379363993845144
2100-May-12 14:00:00, 778.26337999199018, 1.323007321349291, null, null, 778.26337999199018, 1.323007321349291
2100-May-12 15:00:00, 769.04976793153901, 1.3073446594209159, null, null, 769.04976793153901, 1.3073446594209159
2100-May-12 16:00:00, 760.43867967172741, 1.2927062566572747, null, null, 760.43867967172741, 1.2927062566572747
2100-May-12 17:00:00, 752.99807046661283, 1.2800576074894738, null, null, 752.99807046661283, 1.2800576074894738
2100-May-12 18:00:00, 746.98371955880611, 1.2698335233442402, null, null, 746.98371955880611, 1.2698335233442402
2100-May-12 19:00:00, 742.39800558666468, 1.2620380477832298, null, null, 742.39800558666468, 1.2620380477832298
2100-May-12 20:00:00, 739.11977425136149, 1.2564652247914461, null, null, 739.11977425136149, 1.2564652247914461
2100-May-12 21:00:00, 736.94307849989366, 1.2527649550761069, null, null, 736.94307849989366, 1.2527649550761069
2100-May-12 22:00:00, 735.76574715933589, 1.250763552950225, null, null, 735.76574715933589, 1.250763552950225
2100-May-12 23:00:00, 735.50054723505355, 1.2503127268539871, null, null, 735.50054723505355, 1.2503127268539871
2100-May-13 00:00:00, 736.05037678654264, 1.2512474085322149, null, null, 736.05037678654264, 1.2512474085322149
2100-May-13 01:00:00, 737.43532130080735, 1.2536017422695336, null, null, 737.43532130080735, 1.2536017422695336
2100-May-13 02:00:00, 739.54178265371399, 1.257182617155441, null, null, 739.54178265371399, 1.257182617155441
2100-May-13 03:00:00, 742.23191426939138, 1.2617557011709977, null, null, 742.23191426939138, 1.2617557011709977
2100-May-13 04:00:00, 745.3868711099301, 1.2671189639248184, null, null, 745.3868711099301, 1.2671189639248184
2100-May-13 05:00:00, 749.01738794711537, 1.2732906539713518, null, null, 749.01738794711537, 1.2732906539713518
2100-May-13 06:00:00, 752.91340929214925, 1.2799136878903652, null, null, 752.91340929214925, 1.2799136878903652
2100-May-13 07:00:00, 756.4394983119837, 1.2859078560716026, null, null, 756.4394983119837, 1.2859078560716026
2100-May-13 08:00:00, 757.82124215147087, 1.2882567488280492, null, null, 757.82124215147087, 1.2882567488280492
2100-May-13 09:00:00, 757.03412525679437, 1.2869186909916064, null, null, 757.03412525679437, 1.2869186909916064
2100-May-13 10:00:00, 754.79596831044103, 1.2831139404373857, null, null, 754.79596831044103, 1.2831139404373857
2100-May-13 11:00:00, 751.56989526497375, 1.2776297838291115, null, null, 751.56989526497375, 1.2776297838291115
2100-May-13 12:00:00, 747.00495565197787, 1.2698696235995848, null, null, 747.00495565197787, 1.2698696235995848
2100-May-13 13:00:00, 741.24753859751058, 1.2600823136593433, null, null, 741.24753859751058, 1.2600823136593433
2100-May-13 14:00:00, 734.9904575535254, 1.2494456008905201, null, null, 734.9904575535254, 1.2494456008905201
2100-May-13 15:00:00, 728.99772836206682, 1.239258272540001, null, null, 728.99772836206682, 1.239258272540001
2100-May-13 16:00:00, 723.44657110977994, 1.2298215935498982, null, null, 723.44657110977994, 1.2298215935498982
2100-May-13 17:00:00, 718.5271158381255, 1.2214587751149411, null, null, 718.5271158381255, 1.2214587751149411
2100-May-13 18:00:00, 714.33509965714768, 1.2143325653494172, null, null, 714.33509965714768, 1.2143325653494172
2100-May-13 19:00:00, 710.87426048095529, 1.2084493185131573, null, null, 710.87426048095529, 1.2084493185131573
2100-May-13 20:00:00, 708.16951191580813, 1.2038513864427371, null, null, 708.16951191580813, 1.2038513864427371
2100-May-13 21:00:00, 706.23250543732604, 1.2005585760415087, null, null, 706.23250543732604, 1.2005585760415087
2100-May-13 22:00:00, 705.18964412939374, 1.1987857659864338, null, null, 705.18964412939374, 1.1987857659864338
2100-May-13 23:00:00, 704.89839028846609, 1.1982906495851942, null, null, 704.89839028846609, 1.1982906495851942
2100-May-14 00:00:00, 705.27854233931384, 1.1989368883257381, null, null, 705.27854233931384, 1.1989368883257381
2100-May-14 01:00:00, 706.3142912903935, 1.2006976077435942, null, null, 706.3142912903935, 1.2006976077435942
2100-May-14 02:00:00, 707.97494682657759, 1.2035206358971653, null, null, 707.97494682657759, 1.2035206358971653
2100-May-14 03:00:00, 710.16825719019312, 1.2072491495901576, null, null, 710.16825719019312, 1.2072491495901576
2100-May-14 04:00:00, 712.8206310315295, 1.2117580473505527, null, null, 712.8206310315295, 1.2117580473505527
2100-May-14 05:00:00, 715.86815066121608, 1.2169386724264395, null, null, 715.86815066121608, 1.2169386724264395
2100-May-14 06:00:00, 719.15007435252608, 1.2225177722316463, null, null, 719.15007435252608, 1.2225177722316463
2100-May-14 07:00:00, 722.1976351857968, 1.2276984673514861, null, null, 722.1976351857968, 1.2276984673514861
2100-May-14 08:00:00, 724.54340407037125, 1.2316861526110923, null, null, 724.54340407037125, 1.2316861526110923
2100-May-14 09:00:00, 725.95770172721313, 1.234090385166128, null, null, 725.95770172721313, 1.234090385166128
2100-May-14 10:00:00, 726.29067742539303, 1.2346564265575757, null, null, 726.29067742539303, 1.2346564265575757
2100-May-14 11:00:00, 725.25454778048697, 1.2328950599799888, null, null, 725.25454778048697, 1.2328950599799888
2100-May-14 12:00:00, 722.69542635692835, 1.2285446864860892, null, null, 722.69542635692835, 1.2285446864860892
2100-May-14 13:00:00, 719.07503691732074, 1.2223902124893995, null, null, 719.07503691732074, 1.2223902124893995
2100-May-14 14:00:00, 714.83207138439775, 1.2151773914719854, null, null, 714.83207138439775, 1.2151773914719854
2100-May-14 15:00:00, 710.30204465096574, 1.2074765813242689, null, null, 710.30204465096574, 1.2074765813242689
2100-May-14 16:00:00, 705.80207259585609, 1.1998268625685971, null, null, 705.80207259585609, 1.1998268625685971
2100-May-14 17:00:00, 701.65320379671164, 1.1927740011110244, null, null, 701.65320379671164, 1.1927740011110244
2100-May-14 18:00:00, 698.03343340862648, 1.186620579469768, null, null, 698.03343340862648, 1.186620579469768
2100-May-14 19:00:00, 695.0505467226194, 1.1815498270409652, null, null, 695.0505467226194, 1.1815498270409652
2100-May-14 20:00:00, 692.78789579200702, 1.1777034379857731, null, null, 692.78789579200702, 1.1777034379857731
2100-May-14 21:00:00, 691.26327688251956, 1.1751116650315578, null, null, 691.26327688251956, 1.1751116650315578
2100-May-14 22:00:00, 690.39730565036473, 1.1736395589172619, null, null, 690.39730565036473, 1.1736395589172619
2100-May-14 23:00:00, 690.0827763290996, 1.1731048754084259, null, null, 690.0827763290996, 1.1731048754084259
2100-May-15 00:00:00, 690.4204112174682, 1.1736788371811862, null, null, 690.4204112174682, 1.1736788371811862
2100-May-15 01:00:00, 691.42755729379314, 1.1753909331976526, null, null, 691.42755729379314, 1.1753909331976526
2100-May-15 02:00:00, 692.95254822908737, 1.1779833385764158, null, null, 692.95254822908737, 1.1779833385764158
2100-May-15 03:00:00, 694.92264014922989, 1.1813323925099395, null, null, 694.92264014922989, 1.1813323925099395
2100-May-15 04:00:00, 697.33245624819006, 1.1854289547072543, null, null, 697.33245624819006, 1.1854289547072543
2100-May-15 05:00:00, 700.03101793185192, 1.190016369400509, null, null, 700.03101793185192, 1.190016369400509
2100-May-15 06:00:00, 702.91299012347076, 1.1949155724305631, null, null, 702.91299012347076, 1.1949155724305631
2100-May-15 07:00:00, 705.65814141804117, 1.1995821870423999, null, null, 705.65814141804117, 1.1995821870423999
2100-May-15 08:00:00, 707.78927555366977, 1.2032050043773785, null, null, 707.78927555366977, 1.2032050043773785
2100-May-15 09:00:00, 708.85111763462601, 1.2050100807606927, null, null, 708.85111763462601, 1.2050100807606927
2100-May-15 10:00:00, 708.84627580550534, 1.2050018499026824, null, null, 708.84627580550534, 1.2050018499026824
2100-May-15 11:00:00, 707.74852209265487, 1.2031357256104735, null, null, 707.74852209265487, 1.2031357256104735
2100-May-15 12:00:00, 705.41620907100798, 1.1991709146189184, null, null, 705.41620907100798, 1.1991709146189184
2100-May-15 13:00:00, 702.11532716644115, 1.1935595868359046, null, null, 702.11532716644115, 1.1935595868359046
2100-May-15 14:00:00, 698.18924824812188, 1.1868854566035596, null, null, 698.18924824812188, 1.1868854566035596
2100-May-15 15:00:00, 693.9912455890518, 1.1797490701362294, null, null, 693.9912455890518, 1.1797490701362294
2100-May-15 16:00:00, 689.7959904250672, 1.172617354267834, null, null, 689.7959904250672, 1.172617354267834
2100-May-15 17:00:00, 685.7828107884834, 1.1657951573386338, null, null, 685.7828107884834, 1.1657951573386338
2100-May-15 18:00:00, 682.1262153618452, 1.1595791350446072, null, null, 682.1262153618452, 1.1595791350446072
2100-May-15 19:00:00, 679.00929257194502, 1.1542805282013033, null, null, 679.00929257194502, 1.1542805282013033
2100-May-15 20:00:00, 676.56427148112925, 1.1501241193464553, null, null, 676.56427148112925, 1.1501241193464553
2100-May-15 21:00:00, 674.84239357258809, 1.1471970163398959, null, null, 674.84239357258809, 1.1471970163398959
2100-May-15 22:00:00, 673.82164020662674, 1.1454617886378387, null, null, 673.82164020662674, 1.1454617886378387
2100-May-15 23:00:00, 673.47877399123661, 1.144878933880868, null, null, 673.47877399123661, 1.144878933880868
2100-May-16 00:00:00, 673.7717988667348, 1.1453770609488865, null, null, 673.7717988667348, 1.1453770609488865
2100-May-16 01:00:00, 674.65341802463388, 1.1468757677241612, null, null, 674.65341802463388, 1.1468757677241612
2100-May-16 02:00:00, 676.07314279152399, 1.1492892260843837, null, null, 676.07314279152399, 1.1492892260843837
2100-May-16 03:00:00, 678.02421003818449, 1.1526059390611694, null, null, 678.02421003818449, 1.1526059390611694
2100-May-16 04:00:00, 680.57510116788092, 1.1569423214830021, null, null, 680.57510116788092, 1.1569423214830021
2100-May-16 05:00:00, 683.76204128745314, 1.162359954149901, null, null, 683.76204128745314, 1.162359954149901
2100-May-16 06:00:00, 687.30905417875101, 1.1683896918257966, null, null, 687.30905417875101, 1.1683896918257966
2100-May-16 07:00:00, 690.0282151667094, 1.173012124266384, null, null, 690.0282151667094, 1.173012124266384
2100-May-16 08:00:00, 691.61813229194797, 1.1757149007956496, null, null, 691.61813229194797, 1.1757149007956496
2100-May-16 09:00:00, 692.23916846205486, 1.1767706300269063, null, null, 692.23916846205486, 1.1767706300269063
2100-May-16 10:00:00, 691.89877453086115, 1.1761919780246537, null, null, 691.89877453086115, 1.1761919780246537
2100-May-16 11:00:00, 690.61783381182738, 1.1740144453370518, null, null, 690.61783381182738, 1.1740144453370518
2100-May-16 12:00:00, 688.46631968570625, 1.1703569830768155, null, null, 688.46631968570625, 1.1703569830768155
2100-May-16 13:00:00, 684.65593634114589, 1.1638795293103892, null, null, 684.65593634114589, 1.1638795293103892
2100-May-16 14:00:00, 679.68371678814867, 1.1554270143378371, null, null, 679.68371678814867, 1.1554270143378371
2100-May-16 15:00:00, 674.57779245560118, 1.1467472081849568, null, null, 674.57779245560118, 1.1467472081849568
2100-May-16 16:00:00, 669.83707796809506, 1.1386882397988793, null, null, 669.83707796809506, 1.1386882397988793
2100-May-16 17:00:00, 665.75719786299339, 1.1317526555377615, null, null, 665.75719786299339, 1.1317526555377615
2100-May-16 18:00:00, 662.5085823770321, 1.1262301779515493, null, null, 662.5085823770321, 1.1262301779515493
2100-May-16 19:00:00, 660.14137071522237, 1.1222060410844261, null, null, 660.14137071522237, 1.1222060410844261
2100-May-16 20:00:00, 658.63643303362562, 1.1196477251953405, null, null, 658.63643303362562, 1.1196477251953405
2100-May-16 21:00:00, 657.90168253005845, 1.1183986875037633, null, null, 657.90168253005845, 1.1183986875037633
2100-May-16 22:00:00, 657.87350659947049, 1.1183507898852807, null, null, 657.87350659947049, 1.1183507898852807
2100-May-16 23:00:00, 658.48921062589739, 1.1193974547492442, null, null, 658.48921062589739, 1.1193974547492442
2100-May-17 00:00:00, 659.79160712991472, 1.1216114611568595, null, null, 659.79160712991472, 1.1216114611568595
2100-May-17 01:00:00, 661.67491570930497, 1.1248129879188136, null, null, 661.67491570930497, 1.1248129879188136
2100-May-17 02:00:00, 663.99026071927653, 1.1287489541718749, null, null, 663.99026071927653, 1.1287489541718749
2100-May-17 03:00:00, 666.69209988978662, 1.133341940422532, null, null, 666.69209988978662, 1.133341940422532
2100-May-17 04:00:00, 669.90575727950204, 1.1388049910609233, null, null, 669.90575727950204, 1.1388049910609233
2100-May-17 05:00:00, 673.6994724696217, 1.1452541098305793, null, null, 673.6994724696217, 1.1452541098305793
2100-May-17 06:00:00, 677.84981272033247, 1.1523094726793845, null, null, 677.84981272033247, 1.1523094726793845
2100-May-17 07:00:00, 681.91914741026699, 1.1592271302824693, null, null, 681.91914741026699, 1.1592271302824693
2100-May-17 08:00:00, 685.4248459768919, 1.1651866357523735, null, null, 685.4248459768919, 1.1651866357523735
2100-May-17 09:00:00, 687.69554315635548, 1.1690467030126737, null, null, 687.69554315635548, 1.1690467030126737
2100-May-17 10:00:00, 688.12278863230404, 1.1697729981297573, null, null, 688.12278863230404, 1.1697729981297573
2100-May-17 11:00:00, 684.87252119423999, 1.1642477123107764, null, null, 684.87252119423999, 1.1642477123107764
2100-May-17 12:00:00, 678.62522585476597, 1.1536276347313321, null, null, 678.62522585476597, 1.1536276347313321
2100-May-17 13:00:00, 670.75320600377415, 1.1402456098739164, null, null, 670.75320600377415, 1.1402456098739164
2100-May-17 14:00:00, 662.2388584596406, 1.1257716613020115, null, null, 662.2388584596406, 1.1257716613020115
2100-May-17 15:00:00, 653.90652674924684, 1.1116071301931787, null, null, 653.90652674924684, 1.1116071301931787
2100-May-17 16:00:00, 645.32261441840035, 1.0970149250972032, null, null, 645.32261441840035, 1.0970149250972032
2100-May-17 17:00:00, 637.15889017854522, 1.0831370179304594, null, null, 637.15889017854522, 1.0831370179304594
2100-May-17 18:00:00, 630.36697102002859, 1.0715911081475495, null, null, 630.36697102002859, 1.0715911081475495
2100-May-17 19:00:00, 625.32438683691146, 1.0630189769586804, null, null, 625.32438683691146, 1.0630189769586804
2100-May-17 20:00:00, 621.99199480589834, 1.05735408359741, null, null, 621.99199480589834, 1.05735408359741
2100-May-17 21:00:00, 620.09640783711473, 1.0541316842112527, null, null, 620.09640783711473, 1.0541316842112527
2100-May-17 22:00:00, 619.38002285088749, 1.0529138669452094, null, null, 619.38002285088749, 1.0529138669452094
2100-May-17 23:00:00, 619.64253634843499, 1.053360126255537, null, null, 619.64253634843499, 1.053360126255537
2100-May-18 00:00:00, 620.72860487518972, 1.0552063863383361, null, null, 620.72860487518972, 1.0552063863383361
2100-May-18 01:00:00, 622.54221411193373, 1.0582894278381221, null, null, 622.54221411193373, 1.0582894278381221
2100-May-18 02:00:00, 625.00942290633373, 1.0624835546365874, null, null, 625.00942290633373, 1.0624835546365874
2100-May-18 03:00:00, 628.04529786996534, 1.0676443843850292, null, null, 628.04529786996534, 1.0676443843850292
2100-May-18 04:00:00, 631.58295881450726, 1.0736582242371993, null, null, 631.58295881450726, 1.0736582242371993
2100-May-18 05:00:00, 635.53355310651227, 1.0803740293314299, null, null, 635.53355310651227, 1.0803740293314299
2100-May-18 06:00:00, 639.77400415463308, 1.0875825758552877, null, null, 639.77400415463308, 1.0875825758552877
2100-May-18 07:00:00, 644.08059012958631, 1.0949035483195735, null, null, 644.08059012958631, 1.0949035483195735
2100-May-18 08:00:00, 648.19705569979317, 1.1019013259710442, null, null, 648.19705569979317, 1.1019013259710442
2100-May-18 09:00:00, 651.78152387877049, 1.1079947356904882, null, null, 651.78152387877049, 1.1079947356904882
2100-May-18 10:00:00, 654.0150768808785, 1.1117916597786304, null, null, 654.0150768808785, 1.1117916597786304
2100-May-18 11:00:00, 654.22579280264551, 1.1121498659006062, null, null, 654.22579280264551, 1.1121498659006062
2100-May-18 12:00:00, 652.5934514255714, 1.109374970346825, null, null, 652.5934514255714, 1.109374970346825
2100-May-18 13:00:00, 649.54549669829771, 1.1041936056276398, null, null, 649.54549669829771, 1.1041936056276398
2100-May-18 14:00:00, 645.77617188780914, 1.097785949236469, null, null, 645.77617188780914, 1.097785949236469
2100-May-18 15:00:00, 641.97664200812062, 1.0913269457965731, null, null, 641.97664200812062, 1.0913269457965731
2100-May-18 16:00:00, 638.60360051289638, 1.0855929504575625, null, null, 638.60360051289638, 1.0855929504575625
2100-May-18 17:00:00, 635.79419446536838, 1.0808171061032248, null, null, 635.79419446536838, 1.0808171061032248
2100-May-18 18:00:00, 633.48003387109145, 1.0768831532953234, null, null, 633.48003387109145, 1.0768831532953234
2100-May-18 19:00:00, 631.62257128371641, 1.0737255633773, null, null, 631.62257128371641, 1.0737255633773
2100-May-18 20:00:00, 630.28457836086704, 1.071451044906623, null, null, 630.28457836086704, 1.071451044906623
2100-May-18 21:00:00, 629.60087874537089, 1.0702887910730758, null, null, 629.60087874537089, 1.0702887910730758
2100-May-18 22:00:00, 629.58139853059686, 1.0702556757198032, null, null, 629.58139853059686, 1.0702556757198032
2100-May-18 23:00:00, 630.12767431569398, 1.071184316179755, null, null, 630.12767431569398, 1.071184316179755
2100-May-19 00:00:00, 631.23243344412811, 1.0730623493145799, null, null, 631.23243344412811, 1.0730623493145799
2100-May-19 01:00:00, 632.76333499549344, 1.0756648024336539, null, null, 632.76333499549344, 1.0756648024336539
2100-May-19 02:00:00, 634.73449502934079, 1.0790156721049959, null, null, 634.73449502934079, 1.0790156721049959
2100-May-19 03:00:00, 637.02836020345171, 1.0829151237528019, null, null, 637.02836020345171, 1.0829151237528019
2100-May-19 04:00:00, 639.65785372170706, 1.0873851261524115, null, null, 639.65785372170706, 1.0873851261524115
2100-May-19 05:00:00, 642.61735937802825, 1.0924161320452082, null, null, 642.61735937802825, 1.0924161320452082
2100-May-19 06:00:00, 645.69434271293198, 1.0976468438895572, null, null, 645.69434271293198, 1.0976468438895572
2100-May-19 07:00:00, 647.77917782387772, 1.1011909552874437, null, null, 647.77917782387772, 1.1011909552874437
2100-May-19 08:00:00, 648.30882499151721, 1.1020913279614428, null, null, 648.30882499151721, 1.1020913279614428
2100-May-19 09:00:00, 647.30881038425684, 1.1003913550719626, null, null, 647.30881038425684, 1.1003913550719626
2100-May-19 10:00:00, 645.04253212894855, 1.0965387997531983, null, null, 645.04253212894855, 1.0965387997531983
2100-May-19 11:00:00, 641.88573953036087, 1.0911724163060474, null, null, 641.88573953036087, 1.0911724163060474
2100-May-19 12:00:00, 638.20654053425835, 1.0849179691180084, null, null, 638.20654053425835, 1.0849179691180084
2100-May-19 13:00:00, 634.15862365079522, 1.0780367206734391, null, null, 634.15862365079522, 1.0780367206734391
2100-May-19 14:00:00, 629.73583839825847, 1.0705182154728963, null, null, 629.73583839825847, 1.0705182154728963
2100-May-19 15:00:00, 625.14166118531818, 1.0627083528421266, null, null, 625.14166118531818, 1.0627083528421266
2100-May-19 16:00:00, 620.63317593650413, 1.0550441620993505, null, null, 620.63317593650413, 1.0550441620993505
2100-May-19 17:00:00, 616.43839067541421, 1.0479132450414681, null, null, 616.43839067541421, 1.0479132450414681
2100-May-19 18:00:00, 612.71653752928228, 1.0415862880139253, null, null, 612.71653752928228, 1.0415862880139253
2100-May-19 19:00:00, 609.59388024504824, 1.0362779328281155, null, null, 609.59388024504824, 1.0362779328281155
2100-May-19 20:00:00, 607.12413899555315, 1.0320795009875297, null, null, 607.12413899555315, 1.0320795009875297
2100-May-19 21:00:00, 605.34840644334304, 1.0290608478840566, null, null, 605.34840644334304, 1.0290608478840566
2100-May-19 22:00:00, 604.28942504695806, 1.0272606345159236, null, null, 604.28942504695806, 1.0272606345159236
2100-May-19 23:00:00, 603.91623331019173, 1.0266262279477847, null, null, 603.91623331019173, 1.0266262279477847
2100-May-20 00:00:00, 604.21017899237268, 1.0271259203393353, null, null, 604.21017899237268, 1.0271259203393353
2100-May-20 01:00:00, 605.19731788255751, 1.028804005178579, null, null, 605.19731788255751, 1.028804005178579
2100-May-20 02:00:00, 606.74179709052555, 1.0314295396086257, null, null, 606.74179709052555, 1.0314295396086257
2100-May-20 03:00:00, 608.77444375752054, 1.0348849333625734, null, null, 608.77444375752054, 1.0348849333625734
2100-May-20 04:00:00, 611.34849928290441, 1.0392606940538673, null, null, 611.34849928290441, 1.0392606940538673
2100-May-20 05:00:00, 614.49198580692507, 1.0446044578653997, null, null, 614.49198580692507, 1.0446044578653997
2100-May-20 06:00:00, 618.0545155659147, 1.0506605734103924, null, null, 618.0545155659147, 1.0506605734103924
2100-May-20 07:00:00, 621.63139038357838, 1.0567410748100183, null, null, 621.63139038357838, 1.0567410748100183
2100-May-20 08:00:00, 624.57358796903088, 1.061742657881356, null, null, 624.57358796903088, 1.061742657881356
2100-May-20 09:00:00, 624.96766142835691, 1.0624125622932057, null, null, 624.96766142835691, 1.0624125622932057
2100-May-20 10:00:00, 622.43044628706377, 1.058099428341299, null, null, 622.43044628706377, 1.058099428341299
2100-May-20 11:00:00, 617.98017792164865, 1.0505342032763938, null, null, 617.98017792164865, 1.0505342032763938
2100-May-20 12:00:00, 612.25926126959291, 1.0408089421243443, null, null, 612.25926126959291, 1.0408089421243443
2100-May-20 13:00:00, 605.79605840665579, 1.0298218329697038, null, null, 605.79605840665579, 1.0298218329697038
2100-May-20 14:00:00, 598.47128241449388, 1.0173700942473016, null, null, 598.47128241449388, 1.0173700942473016
2100-May-20 15:00:00, 590.86118050565562, 1.0044333162869783, null, null, 590.86118050565562, 1.0044333162869783
2100-May-20 16:00:00, 583.38405097225802, 0.99172258445803896, null, null, 583.38405097225802, 0.99172258445803896
2100-May-20 17:00:00, 576.6708164201342, 0.98031043441895294, null, null, 576.6708164201342, 0.98031043441895294
2100-May-20 18:00:00, 571.19608173694019, 0.97100366982675901, null, null, 571.19608173694019, 0.97100366982675901
2100-May-20 19:00:00, 567.14813851310578, 0.96412237660492672, null, null, 567.14813851310578, 0.96412237660492672
2100-May-20 20:00:00, 564.52612554296002, 0.95966509074854822, null, null, 564.52612554296002, 0.95966509074854822
2100-May-20 21:00:00, 563.1260669485572, 0.95728506386005197, null, null, 563.1260669485572, 0.95728506386005197
2100-May-20 22:00:00, 562.69855428752282, 0.95655831454220042, null, null, 562.69855428752282, 0.95655831454220042
2100-May-20 23:00:00, 563.04079267000247, 0.95714010201583433, null, null, 563.04079267000247, 0.95714010201583433
2100-May-21 00:00:00, 563.96401390947358, 0.95870953016888194, null, null, 563.96401390947358, 0.95870953016888194
2100-May-21 01:00:00, 565.39402015125813, 0.96114046650238338, null, null, 565.39402015125813, 0.96114046650238338
2100-May-21 02:00:00, 567.32532767651492, 0.96442358897914437, null, null, 567.32532767651492, 0.96442358897914437
2100-May-21 03:00:00, 569.73182778816749, 0.96851451417027579, null, null, 569.73182778816749, 0.96851451417027579
2100-May-21 04:00:00, 572.54238213954329, 0.97329231058150933, null, null, 572.54238213954329, 0.97329231058150933
2100-May-21 05:00:00, 575.68167347686915, 0.97862894279356749, null, null, 575.68167347686915, 0.97862894279356749
2100-May-21 06:00:00, 579.05307752039812, 0.98436015454974879, null, null, 579.05307752039812, 0.98436015454974879
2100-May-21 07:00:00, 582.47999528318292, 0.99018573674516552, null, null, 582.47999528318292, 0.99018573674516552
2100-May-21 08:00:00, 585.69079015436921, 0.99564392125074253, null, null, 585.69079015436921, 0.99564392125074253
2100-May-21 09:00:00, 588.37621729537329, 1.0002090079037147, null, null, 588.37621729537329, 1.0002090079037147
2100-May-21 10:00:00, 590.23170914268064, 1.0033632476659875, null, null, 590.23170914268064, 1.0033632476659875
2100-May-21 11:00:00, 590.87221408103323, 1.004452072792013, null, null, 590.87221408103323, 1.004452072792013
2100-May-21 12:00:00, 589.91196029894547, 1.0028196912400653, null, null, 589.91196029894547, 1.0028196912400653
2100-May-21 13:00:00, 587.52667900249992, 0.99876483693263596, null, null, 587.52667900249992, 0.99876483693263596
2100-May-21 14:00:00, 584.30519601705601, 0.99328848318798424, null, null, 584.30519601705601, 0.99328848318798424
2100-May-21 15:00:00, 580.90991391990246, 0.98751667998091752, null, null, 580.90991391990246, 0.98751667998091752
2100-May-21 16:00:00, 577.81901608540545, 0.98226231421000809, null, null, 577.81901608540545, 0.98226231421000809
2100-May-21 17:00:00, 575.25177170353425, 0.97789813210890064, null, null, 575.25177170353425, 0.97789813210890064
2100-May-21 18:00:00, 573.26686366476292, 0.97452389154328833, null, null, 573.26686366476292, 0.97452389154328833
2100-May-21 19:00:00, 571.85586852360677, 0.97212527309337859, null, null, 571.85586852360677, 0.97212527309337859
2100-May-21 20:00:00, 570.98365074854473, 0.97064254818059914, null, null, 570.98365074854473, 0.97064254818059914
2100-May-21 21:00:00, 570.56922100677241, 0.96993803914593879, null, null, 570.56922100677241, 0.96993803914593879
2100-May-21 22:00:00, 570.53460437116689, 0.96987919266347034, null, null, 570.53460437116689, 0.96987919266347034
2100-May-21 23:00:00, 570.84427051396699, 0.97040560902151962, null, null, 570.84427051396699, 0.97040560902151962
2100-May-22 00:00:00, 571.44317349971107, 0.97142371298900365, null, null, 571.44317349971107, 0.97142371298900365
2100-May-22 01:00:00, 572.34520224271034, 0.97295711499883197, null, null, 572.34520224271034, 0.97295711499883197
2100-May-22 02:00:00, 573.59020633430964, 0.97507355728641931, null, null, 573.59020633430964, 0.97507355728641931
2100-May-22 03:00:00, 575.17703998207492, 0.97777109206414259, null, null, 575.17703998207492, 0.97777109206414259
2100-May-22 04:00:00, 577.08270829468324, 0.98101062921115589, null, null, 577.08270829468324, 0.98101062921115589
2100-May-22 05:00:00, 579.29533954151862, 0.98477198740205463, null, null, 579.29533954151862, 0.98477198740205463
2100-May-22 06:00:00, 581.73056525729976, 0.98891174462813625, null, null, 581.73056525729976, 0.98891174462813625
2100-May-22 07:00:00, 584.18089330500436, 0.9930771750340408, null, null, 584.18089330500436, 0.9930771750340408
2100-May-22 08:00:00, 586.4393855465014, 0.99691649453374775, null, null, 586.4393855465014, 0.99691649453374775
2100-May-22 09:00:00, 588.31076957116022, 1.0000977501720449, null, null, 588.31076957116022, 1.0000977501720449
2100-May-22 10:00:00, 589.60689383950626, 1.0023010941048123, null, null, 589.60689383950626, 1.0023010941048123
2100-May-22 11:00:00, 589.91347973146139, 1.0028222741964199, null, null, 589.91347973146139, 1.0028222741964199
2100-May-22 12:00:00, 589.37712970888606, 1.0019105070171901, null, null, 589.37712970888606, 1.0019105070171901
2100-May-22 13:00:00, 588.28532642227037, 1.0000544981405028, null, null, 588.28532642227037, 1.0000544981405028
2100-May-22 14:00:00, 586.85934273257112, 0.99763039993660663, null, null, 586.85934273257112, 0.99763039993660663
2100-May-22 15:00:00, 585.61125985575882, 0.99550872387407585, null, null, 585.61125985575882, 0.99550872387407585
2100-May-22 16:00:00, 584.49863240330615, 0.9936173149971167, null, null, 584.49863240330615, 0.9936173149971167
2100-May-22 17:00:00, 583.49088603789426, 0.99190419852038259, null, null, 583.49088603789426, 0.99190419852038259
2100-May-22 18:00:00, 582.6075656102679, 0.99040259967493882, null, null, 582.6075656102679, 0.99040259967493882
2100-May-22 19:00:00, 581.94066397000552, 0.98926890152676694, null, null, 581.94066397000552, 0.98926890152676694
2100-May-22 20:00:00, 581.54484293806593, 0.98859602633224664, null, null, 581.54484293806593, 0.98859602633224664
2100-May-22 21:00:00, 581.43555637433201, 0.98841024485047302, null, null, 581.43555637433201, 0.98841024485047302
2100-May-22 22:00:00, 581.6712123697157, 0.98881084780215711, null, null, 581.6712123697157, 0.98881084780215711
2100-May-22 23:00:00, 582.27920080933632, 0.98984439656931367, null, null, 582.27920080933632, 0.98984439656931367
2100-May-23 00:00:00, 583.18944577700086, 0.99139176573430499, null, null, 583.18944577700086, 0.99139176573430499
2100-May-23 01:00:00, 584.43004216945644, 0.99350071516229321, null, null, 584.43004216945644, 0.99350071516229321
2100-May-23 02:00:00, 586.02545222619688, 0.99621282938979749, null, null, 586.02545222619688, 0.99621282938979749
2100-May-23 03:00:00, 587.98336978293173, 0.99954118753789023, null, null, 587.98336978293173, 0.99954118753789023
2100-May-23 04:00:00, 590.30245779579616, 1.00348351670145, null, null, 590.30245779579616, 1.00348351670145
2100-May-23 05:00:00, 592.96372698266907, 1.0080075360872143, null, null, 592.96372698266907, 1.0080075360872143
2100-May-23 06:00:00, 595.88792803408307, 1.0129785259854642, null, null, 595.88792803408307, 1.0129785259854642
2100-May-23 07:00:00, 598.72967946803487, 1.0178093558166348, null, null, 598.72967946803487, 1.0178093558166348
2100-May-23 08:00:00, 601.23229356232639, 1.02206366978589, null, null, 601.23229356232639, 1.02206366978589
2100-May-23 09:00:00, 603.12906266907942, 1.0252880787451928, null, null, 603.12906266907942, 1.0252880787451928
2100-May-23 10:00:00, 604.16253578977637, 1.0270449293696096, null, null, 604.16253578977637, 1.0270449293696096
2100-May-23 11:00:00, 604.15978173410099, 1.0270402476180129, null, null, 604.15978173410099, 1.0270402476180129
2100-May-23 12:00:00, 603.21369711370187, 1.0254319529049598, null, null, 603.21369711370187, 1.0254319529049598
2100-May-23 13:00:00, 601.77791751185555, 1.0229912021592338, null, null, 601.77791751185555, 1.0229912021592338
2100-May-23 14:00:00, 600.30875524056842, 1.0204937026094245, null, null, 600.30875524056842, 1.0204937026094245
2100-May-23 15:00:00, 599.29621156816097, 1.0187724309599802, null, null, 599.29621156816097, 1.0187724309599802
2100-May-23 16:00:00, 599.03382150869379, 1.0183263814879777, null, null, 599.03382150869379, 1.0183263814879777
2100-May-23 17:00:00, 599.55890868885513, 1.0192190024201193, null, null, 599.55890868885513, 1.0192190024201193
2100-May-23 18:00:00, 600.67041268118555, 1.0211085014732255, null, null, 600.67041268118555, 1.0211085014732255
2100-May-23 19:00:00, 602.17984936564233, 1.0236744654334853, null, null, 602.17984936564233, 1.0236744654334853
2100-May-23 20:00:00, 603.9643538596157, 1.0267080303823228, null, null, 603.9643538596157, 1.0267080303823228
2100-May-23 21:00:00, 605.97421800819313, 1.0301246950383327, null, null, 605.97421800819313, 1.0301246950383327
2100-May-23 22:00:00, 608.19158710775207, 1.0338941073327674, null, null, 608.19158710775207, 1.0338941073327674
2100-May-23 23:00:00, 610.58386878040733, 1.0379608619161389, null, null, 610.58386878040733, 1.0379608619161389
2100-May-24 00:00:00, 613.13241993881684, 1.0422932665083269, null, null, 613.13241993881684, 1.0422932665083269
2100-May-24 01:00:00, 615.86357849861781, 1.0469360941978678, null, null, 615.86357849861781, 1.0469360941978678
2100-May-24 02:00:00, 618.82192004797741, 1.051965121169296, null, null, 618.82192004797741, 1.051965121169296
2100-May-24 03:00:00, 622.00686923295075, 1.0573793693507902, null, null, 622.00686923295075, 1.0573793693507902
2100-May-24 04:00:00, 625.3917372526231, 1.063133469167068, null, null, 625.3917372526231, 1.063133469167068
2100-May-24 05:00:00, 628.95782882188496, 1.0691956396045155, null, null, 628.95782882188496, 1.0691956396045155
2100-May-24 06:00:00, 632.59252638477187, 1.0753744366675859, null, null, 632.59252638477187, 1.0753744366675859
2100-May-24 07:00:00, 635.88975066237003, 1.0809795466747378, null, null, 635.88975066237003, 1.0809795466747378
2100-May-24 08:00:00, 638.569275651765, 1.0855345999765447, null, null, 638.569275651765, 1.0855345999765447
2100-May-24 09:00:00, 640.59866890855835, 1.0889844631021386, null, null, 640.59866890855835, 1.0889844631021386
2100-May-24 10:00:00, 642.11273133809607, 1.0915582905887653, null, null, 642.11273133809607, 1.0915582905887653
2100-May-24 11:00:00, 643.10136928485019, 1.0932389237463127, null, null, 643.10136928485019, 1.0932389237463127
2100-May-24 12:00:00, 643.67166451404773, 1.0942083960136146, null, null, 643.67166451404773, 1.0942083960136146
2100-May-24 13:00:00, 643.98580973504215, 1.0947424265719414, null, null, 643.98580973504215, 1.0947424265719414
2100-May-24 14:00:00, 644.20756965217765, 1.0951194069123953, null, null, 644.20756965217765, 1.0951194069123953
2100-May-24 15:00:00, 644.51752091576247, 1.0956463079609688, null, null, 644.51752091576247, 1.0956463079609688
2100-May-24 16:00:00, 645.06773170468045, 1.0965816377230235, null, null, 645.06773170468045, 1.0965816377230235
2100-May-24 17:00:00, 645.89994512813951, 1.0979963573159881, null, null, 645.89994512813951, 1.0979963573159881
2100-May-24 18:00:00, 646.93331118830463, 1.0997530259430619, null, null, 646.93331118830463, 1.0997530259430619
2100-May-24 19:00:00, 648.17307813247078, 1.1018605653520415, null, null, 648.17307813247078, 1.1018605653520415
2100-May-24 20:00:00, 649.65882841290079, 1.1043862636557775, null, null, 649.65882841290079, 1.1043862636557775
2100-May-24 21:00:00, 651.45511529087014, 1.1074398580454063, null, null, 651.45511529087014, 1.1074398580454063
2100-May-24 22:00:00, 653.57631253878833, 1.1110457831874201, null, null, 653.57631253878833, 1.1110457831874201
2100-May-24 23:00:00, 656.01008682534768, 1.1151830730592149, null, null, 656.01008682534768, 1.1151830730592149
2100-May-25 00:00:00, 658.73391195782528, 1.1198134343032196, null, null, 658.73391195782528, 1.1198134343032196
2100-May-25 01:00:00, 661.76448758849597, 1.1249652554608864, null, null, 661.76448758849597, 1.1249652554608864
2100-May-25 02:00:00, 665.083538158745, 1.1306074690318413, null, null, 665.083538158745, 1.1306074690318413
2100-May-25 03:00:00, 668.65833085502186, 1.1366844309332595, null, null, 668.65833085502186, 1.1366844309332595
2100-May-25 04:00:00, 672.42091599739979, 1.1430806302387149, null, null, 672.42091599739979, 1.1430806302387149
2100-May-25 05:00:00, 676.31965385324963, 1.149708282085014, null, null, 676.31965385324963, 1.149708282085014
2100-May-25 06:00:00, 680.14456167019182, 1.1562104267000577, null, null, 680.14456167019182, 1.1562104267000577
2100-May-25 07:00:00, 683.62466162845271, 1.1621264158653888, null, null, 683.62466162845271, 1.1621264158653888
2100-May-25 08:00:00, 686.43545404317729, 1.1669046169719499, null, null, 686.43545404317729, 1.1669046169719499
2100-May-25 09:00:00, 687.86348571326971, 1.1693321966361381, null, null, 687.86348571326971, 1.1693321966361381
2100-May-25 10:00:00, 687.34981416593155, 1.1684589816868438, null, null, 687.34981416593155, 1.1684589816868438
2100-May-25 11:00:00, 684.68476375195689, 1.1639285344114116, null, null, 684.68476375195689, 1.1639285344114116
2100-May-25 12:00:00, 680.08910075007157, 1.1561161460166103, null, null, 680.08910075007157, 1.1561161460166103
2100-May-25 13:00:00, 673.86643878287236, 1.145537943890524, null, null, 673.86643878287236, 1.145537943890524
2100-May-25 14:00:00, 666.8962127938986, 1.1336889217574688, null, null, 666.8962127938986, 1.1336889217574688
2100-May-25 15:00:00, 660.25647348903635, 1.1224017098212298, null, null, 660.25647348903635, 1.1224017098212298
2100-May-25 16:00:00, 654.76492312043956, 1.1130663594372932, null, null, 654.76492312043956, 1.1130663594372932
2100-May-25 17:00:00, 650.74926269928676, 1.106239945303183, null, null, 650.74926269928676, 1.106239945303183
2100-May-25 18:00:00, 648.0976735751417, 1.1017323815212532, null, null, 648.0976735751417, 1.1017323815212532
2100-May-25 19:00:00, 646.62419610545476, 1.0992275463583048, null, null, 646.62419610545476, 1.0992275463583048
2100-May-25 20:00:00, 646.15998416724779, 1.0984384101754976, null, null, 646.15998416724779, 1.0984384101754976
2100-May-25 21:00:00, 646.5396375674145, 1.0990838012357846, null, null, 646.5396375674145, 1.0990838012357846
2100-May-25 22:00:00, 647.62483676881061, 1.1009285835106288, null, null, 647.62483676881061, 1.1009285835106288
2100-May-25 23:00:00, 649.29497290631184, 1.1037677281939966, null, null, 649.29497290631184, 1.1037677281939966
2100-May-26 00:00:00, 651.38988267285481, 1.1073289659830996, null, null, 651.38988267285481, 1.1073289659830996
2100-May-26 01:00:00, 653.80437534871442, 1.1114334781182322, null, null, 653.80437534871442, 1.1114334781182322
2100-May-26 02:00:00, 656.4799681337787, 1.115981846876924, null, null, 656.4799681337787, 1.115981846876924
2100-May-26 03:00:00, 659.40667978114607, 1.120957104657889, null, null, 659.40667978114607, 1.120957104657889
2100-May-26 04:00:00, 662.58283684635785, 1.1263564066924698, null, null, 662.58283684635785, 1.1263564066924698
2100-May-26 05:00:00, 665.99631221208676, 1.132159137511118, null, null, 665.99631221208676, 1.132159137511118
2100-May-26 06:00:00, 669.51009409278197, 1.1381323841950775, null, null, 669.51009409278197, 1.1381323841950775
2100-May-26 07:00:00, 672.7617418604724, 1.143660016502726, null, null, 672.7617418604724, 1.143660016502726
2100-May-26 08:00:00, 674.13131248312084, 1.1459882154228491, null, null, 674.13131248312084, 1.1459882154228491
2100-May-26 09:00:00, 672.31880044604293, 1.1429070391055047, null, null, 672.31880044604293, 1.1429070391055047
2100-May-26 10:00:00, 667.82787623706531, 1.1352727012182933, null, null, 667.82787623706531, 1.1352727012182933
2100-May-26 11:00:00, 661.49430642522566, 1.1245059615171049, null, null, 661.49430642522566, 1.1245059615171049
2100-May-26 12:00:00, 654.22643958375943, 1.1121509653949047, null, null, 654.22643958375943, 1.1121509653949047
2100-May-26 13:00:00, 646.92616193795675, 1.0997408725888176, null, null, 646.92616193795675, 1.0997408725888176
2100-May-26 14:00:00, 640.10530906381848, 1.0881457769922291, null, null, 640.10530906381848, 1.0881457769922291
2100-May-26 15:00:00, 634.1097536314453, 1.0779536441789559, null, null, 634.1097536314453, 1.0779536441789559
2100-May-26 16:00:00, 628.95176087158188, 1.0691853244041822, null, null, 628.95176087158188, 1.0691853244041822
2100-May-26 17:00:00, 624.62977573587489, 1.06183817416648, null, null, 624.62977573587489, 1.06183817416648
2100-May-26 18:00:00, 621.22959962855907, 1.0560580513963427, null, null, 621.22959962855907, 1.0560580513963427
2100-May-26 19:00:00, 618.82620659676866, 1.0519724080795887, null, null, 618.82620659676866, 1.0519724080795887
2100-May-26 20:00:00, 617.41185462042415, 1.0495680831842198, null, null, 617.41185462042415, 1.0495680831842198
2100-May-26 21:00:00, 616.9090083368402, 1.0487132706210209, null, null, 616.9090083368402, 1.0487132706210209
2100-May-26 22:00:00, 617.20734321372709, 1.0492204244155876, null, null, 617.20734321372709, 1.0492204244155876
2100-May-26 23:00:00, 618.20872928341089, 1.050922728719951, null, null, 618.20872928341089, 1.050922728719951
2100-May-27 00:00:00, 619.80915741053684, 1.0536433734064616, null, null, 619.80915741053684, 1.0536433734064616
2100-May-27 01:00:00, 621.93192226250221, 1.057251963393931, null, null, 621.93192226250221, 1.057251963393931
2100-May-27 02:00:00, 624.50002333972566, 1.0616176018326386, null, null, 624.50002333972566, 1.0616176018326386
2100-May-27 03:00:00, 627.44393296409635, 1.0666220952812102, null, null, 627.44393296409635, 1.0666220952812102
2100-May-27 04:00:00, 630.70866180706082, 1.0721719647373662, null, null, 630.70866180706082, 1.0721719647373662
2100-May-27 05:00:00, 634.2444607386949, 1.0781826392643097, null, null, 634.2444607386949, 1.0781826392643097
2100-May-27 06:00:00, 637.97555704571755, 1.0845253091852574, null, null, 637.97555704571755, 1.0845253091852574
2100-May-27 07:00:00, 641.57633238955793, 1.0906464402379401, null, null, 641.57633238955793, 1.0906464402379401
2100-May-27 08:00:00, 644.61269884185367, 1.0958081054915823, null, null, 644.61269884185367, 1.0958081054915823
2100-May-27 09:00:00, 646.39355270405918, 1.0988354645560359, null, null, 646.39355270405918, 1.0988354645560359
2100-May-27 10:00:00, 646.62624070640618, 1.0992310220737214, null, null, 646.62624070640618, 1.0992310220737214
2100-May-27 11:00:00, 645.44226588863614, 1.0972183263816548, null, null, 645.44226588863614, 1.0972183263816548
2100-May-27 12:00:00, 642.51280588895133, 1.0922383965445055, null, null, 642.51280588895133, 1.0922383965445055
2100-May-27 13:00:00, 637.90805928511543, 1.0844105664982095, null, null, 637.90805928511543, 1.0844105664982095
2100-May-27 14:00:00, 632.19693789750647, 1.0747019567869329, null, null, 632.19693789750647, 1.0747019567869329
2100-May-27 15:00:00, 626.02823179957386, 1.0642154768360186, null, null, 626.02823179957386, 1.0642154768360186
2100-May-27 16:00:00, 620.16151708594782, 1.0542423665523575, null, null, 620.16151708594782, 1.0542423665523575
2100-May-27 17:00:00, 614.70462509432991, 1.0449659336090562, null, null, 614.70462509432991, 1.0449659336090562
2100-May-27 18:00:00, 610.01681289156102, 1.036996896359176, null, null, 610.01681289156102, 1.036996896359176
2100-May-27 19:00:00, 606.33063740557304, 1.0307305895007053, null, null, 606.33063740557304, 1.0307305895007053
2100-May-27 20:00:00, 603.75630797811846, 1.0263543631901182, null, null, 603.75630797811846, 1.0263543631901182
2100-May-27 21:00:00, 602.3763393266745, 1.0240084881611382, null, null, 602.3763393266745, 1.0240084881611382
2100-May-27 22:00:00, 602.11785481842662, 1.0235690779233459, null, null, 602.11785481842662, 1.0235690779233459
2100-May-27 23:00:00, 602.81267554206772, 1.0247502370630857, null, null, 602.81267554206772, 1.0247502370630857
2100-May-28 00:00:00, 604.28668030344613, 1.0272559685945211, null, null, 604.28668030344613, 1.0272559685945211
2100-May-28 01:00:00, 606.34144705793813, 1.0307489653482498, null, null, 606.34144705793813, 1.0307489653482498
2100-May-28 02:00:00, 608.82653589760764, 1.0349734872949461, null, null, 608.82653589760764, 1.0349734872949461
2100-May-28 03:00:00, 611.6609392480832, 1.0397918257658822, null, null, 611.6609392480832, 1.0397918257658822
2100-May-28 04:00:00, 614.80489844131375, 1.04513639309052, null, null, 614.80489844131375, 1.04513639309052
2100-May-28 05:00:00, 618.17107786716872, 1.0508587232680331, null, null, 618.17107786716872, 1.0508587232680331
2100-May-28 06:00:00, 621.62146016425424, 1.0567241939529639, null, null, 621.62146016425424, 1.0567241939529639
2100-May-28 07:00:00, 624.75598800806404, 1.0620527284734707, null, null, 624.75598800806404, 1.0620527284734707
2100-May-28 08:00:00, 626.05265548558987, 1.0642569958336281, null, null, 626.05265548558987, 1.0642569958336281
2100-May-28 09:00:00, 625.3490399163295, 1.0630608859131583, null, null, 625.3490399163295, 1.0630608859131583
2100-May-28 10:00:00, 622.84865835586561, 1.0588103671354476, null, null, 622.84865835586561, 1.0588103671354476
2100-May-28 11:00:00, 618.28475177283701, 1.0510519630032074, null, null, 618.28475177283701, 1.0510519630032074
2100-May-28 12:00:00, 612.01149699126563, 1.0403877557205856, null, null, 612.01149699126563, 1.0403877557205856
2100-May-28 13:00:00, 603.15566547643721, 1.0253333021358952, null, null, 603.15566547643721, 1.0253333021358952
2100-May-28 14:00:00, 592.77297003833587, 1.0076832591901648, null, null, 592.77297003833587, 1.0076832591901648
2100-May-28 15:00:00, 583.06558719177144, 0.99118121257289049, null, null, 583.06558719177144, 0.99118121257289049
2100-May-28 16:00:00, 575.45015416295018, 0.97823537198550548, null, null, 575.45015416295018, 0.97823537198550548
2100-May-28 17:00:00, 570.23908359188863, 0.9693768226886682, null, null, 570.23908359188863, 0.9693768226886682
2100-May-28 18:00:00, 567.175562596502, 0.96416899612223572, null, null, 567.175562596502, 0.96416899612223572
2100-May-28 19:00:00, 565.85192489031101, 0.96191888077423793, null, null, 565.85192489031101, 0.96191888077423793
2100-May-28 20:00:00, 565.86371868788149, 0.96193892961751304, null, null, 565.86371868788149, 0.96193892961751304
2100-May-28 21:00:00, 566.85744476725961, 0.96362821233623297, null, null, 566.85744476725961, 0.96362821233623297
2100-May-28 22:00:00, 568.5713521090214, 0.96654176579327533, null, null, 568.5713521090214, 0.96654176579327533
2100-May-28 23:00:00, 570.84386036955061, 0.97040491179731547, null, null, 570.84386036955061, 0.97040491179731547
2100-May-29 00:00:00, 573.61924981667096, 0.97512292969785397, null, null, 573.61924981667096, 0.97512292969785397
2100-May-29 01:00:00, 576.82068916721482, 0.98056521030428423, null, null, 576.82068916721482, 0.98056521030428423
2100-May-29 02:00:00, 580.34083595141044, 0.98654927699358785, null, null, 580.34083595141044, 0.98654927699358785
2100-May-29 03:00:00, 584.1615321408284, 0.99304426206060126, null, null, 584.1615321408284, 0.99304426206060126
2100-May-29 04:00:00, 588.20866419205879, 0.99992417633114072, null, null, 588.20866419205879, 0.99992417633114072
2100-May-29 05:00:00, 592.49659156088546, 1.0072134301341786, null, null, 592.49659156088546, 1.0072134301341786
2100-May-29 06:00:00, 596.95759660192346, 1.0147969069899572, null, null, 596.95759660192346, 1.0147969069899572
2100-May-29 07:00:00, 601.34601021764263, 1.0222569821932452, null, null, 601.34601021764263, 1.0222569821932452
2100-May-29 08:00:00, 605.18956894534074, 1.0287908323878066, null, null, 605.18956894534074, 1.0287908323878066
2100-May-29 09:00:00, 607.43427583763912, 1.0326067175099158, null, null, 607.43427583763912, 1.0326067175099158
2100-May-29 10:00:00, 607.67207378775777, 1.0330109616733918, null, null, 607.67207378775777, 1.0330109616733918
2100-May-29 11:00:00, 606.02445533419598, 1.0302100958831051, null, null, 606.02445533419598, 1.0302100958831051
2100-May-29 12:00:00, 602.7817493315664, 1.0246976641116059, null, null, 602.7817493315664, 1.0246976641116059
2100-May-29 13:00:00, 598.57391891579334, 1.017544570968355, null, null, 598.57391891579334, 1.017544570968355
2100-May-29 14:00:00, 593.346728043035, 1.0086586179959556, null, null, 593.346728043035, 1.0086586179959556
2100-May-29 15:00:00, 587.48480491090959, 0.99869365315196079, null, null, 587.48480491090959, 0.99869365315196079
2100-May-29 16:00:00, 581.61551716980432, 0.98871616885523361, null, null, 581.61551716980432, 0.98871616885523361
2100-May-29 17:00:00, 576.42166040428765, 0.97988688213370134, null, null, 576.42166040428765, 0.97988688213370134
2100-May-29 18:00:00, 572.38997072547818, 0.97303321909416818, null, null, 572.38997072547818, 0.97303321909416818
2100-May-29 19:00:00, 569.60345631128303, 0.96829628932745671, null, null, 569.60345631128303, 0.96829628932745671
2100-May-29 20:00:00, 567.91723829445937, 0.96542980628456732, null, null, 567.91723829445937, 0.96542980628456732
2100-May-29 21:00:00, 567.18381254138922, 0.96418302060002448, null, null, 567.18381254138922, 0.96418302060002448
2100-May-29 22:00:00, 567.24645011979374, 0.96428950122978463, null, null, 567.24645011979374, 0.96428950122978463
2100-May-29 23:00:00, 567.92303470166019, 0.96543965987573122, null, null, 567.92303470166019, 0.96543965987573122
2100-May-30 00:00:00, 569.08868221336036, 0.96742120009943766, null, null, 569.08868221336036, 0.96742120009943766
2100-May-30 01:00:00, 570.69070029171542, 0.97014454762045232, null, null, 570.69070029171542, 0.97014454762045232
2100-May-30 02:00:00, 572.80824374885265, 0.97374426150792404, null, null, 572.80824374885265, 0.97374426150792404
2100-May-30 03:00:00, 575.47816259805586, 0.97828298487036813, null, null, 575.47816259805586, 0.97828298487036813
2100-May-30 04:00:00, 578.58528413987347, 0.98356493010102908, null, null, 578.58528413987347, 0.98356493010102908
2100-May-30 05:00:00, 581.933666219163, 0.98925700571381248, null, null, 581.933666219163, 0.98925700571381248
2100-May-30 06:00:00, 585.37194721694971, 0.99510190481850225, null, null, 585.37194721694971, 0.99510190481850225
2100-May-30 07:00:00, 588.5121456534614, 1.0004400790520596, null, null, 588.5121456534614, 1.0004400790520596
2100-May-30 08:00:00, 589.76760031646836, 1.0025742867682153, null, null, 589.76760031646836, 1.0025742867682153
2100-May-30 09:00:00, 587.93127882219369, 0.99945263561034969, null, null, 587.93127882219369, 0.99945263561034969
2100-May-30 10:00:00, 582.58769125467484, 0.99036881430274648, null, null, 582.58769125467484, 0.99036881430274648
2100-May-30 11:00:00, 574.64749509901662, 0.97687089326861865, null, null, 574.64749509901662, 0.97687089326861865
2100-May-30 12:00:00, 565.52375556615573, 0.961361009968979, null, null, 565.52375556615573, 0.961361009968979
2100-May-30 13:00:00, 556.02790301941161, 0.9452185538740705, null, null, 556.02790301941161, 0.9452185538740705
2100-May-30 14:00:00, 546.40631297731363, 0.92886235056813038, null, null, 546.40631297731363, 0.92886235056813038
2100-May-30 15:00:00, 537.30797889548512, 0.91339565521563315, null, null, 537.30797889548512, 0.91339565521563315
2100-May-30 16:00:00, 529.52047129082735, 0.90015729678724155, null, null, 529.52047129082735, 0.90015729678724155
2100-May-30 17:00:00, 523.32729511412197, 0.88962921897344083, null, null, 523.32729511412197, 0.88962921897344083
2100-May-30 18:00:00, 518.68520011377962, 0.88173789859303819, null, null, 518.68520011377962, 0.88173789859303819
2100-May-30 19:00:00, 515.58312939213067, 0.87646453949431369, null, null, 515.58312939213067, 0.87646453949431369
2100-May-30 20:00:00, 513.72793399866714, 0.87331080368817693, null, null, 513.72793399866714, 0.87331080368817693
2100-May-30 21:00:00, 512.82244167460362, 0.87177151377044504, null, null, 512.82244167460362, 0.87177151377044504
2100-May-30 22:00:00, 512.66167821935869, 0.87149822424692069, null, null, 512.66167821935869, 0.87149822424692069
2100-May-30 23:00:00, 513.09380807261095, 0.87223282255171597, null, null, 513.09380807261095, 0.87223282255171597
2100-May-31 00:00:00, 514.06634345822931, 0.87388608219173347, null, null, 514.06634345822931, 0.87388608219173347
2100-May-31 01:00:00, 515.55958913197867, 0.87642452227478596, null, null, 515.55958913197867, 0.87642452227478596
2100-May-31 02:00:00, 517.65930117103971, 0.87999392367772944, null, null, 517.65930117103971, 0.87999392367772944
2100-May-31 03:00:00, 520.34755709629371, 0.88456381911699355, null, null, 520.34755709629371, 0.88456381911699355
2100-May-31 04:00:00, 523.56263319289064, 0.89002928148339278, null, null, 523.56263319289064, 0.89002928148339278
2100-May-31 05:00:00, 527.19479781243467, 0.8962037726743467, null, null, 527.19479781243467, 0.8962037726743467
2100-May-31 06:00:00, 530.87999900105513, 0.90246842327789967, null, null, 530.87999900105513, 0.90246842327789967
2100-May-31 07:00:00, 534.3853493900574, 0.90842733686393051, null, null, 534.3853493900574, 0.90842733686393051
2100-May-31 08:00:00, 536.36932105457743, 0.91179998564195286, null, null, 536.36932105457743, 0.91179998564195286
2100-May-31 09:00:00, 536.39674610045859, 0.91184660679543628, null, null, 536.39674610045859, 0.91184660679543628
2100-May-31 10:00:00, 535.0755137882918, 0.90960058049233838, null, null, 535.0755137882918, 0.90960058049233838
2100-May-31 11:00:00, 532.96670347770885, 0.90601571250039092, null, null, 532.96670347770885, 0.90601571250039092
2100-May-31 12:00:00, 529.88039383174214, 0.90076914641166284, null, null, 529.88039383174214, 0.90076914641166284
2100-May-31 13:00:00, 525.56287976530768, 0.89342959675948708, null, null, 525.56287976530768, 0.89342959675948708
2100-May-31 14:00:00, 520.78613335769558, 0.88530937598080317, null, null, 520.78613335769558, 0.88530937598080317
2100-May-31 15:00:00, 516.33728036589741, 0.87774655697752912, null, null, 516.33728036589741, 0.87774655697752912
2100-May-31 16:00:00, 512.50956003751571, 0.87123963123912607, null, null, 512.50956003751571, 0.87123963123912607
2100-May-31 17:00:00, 509.35328993196873, 0.86587413600300489, null, null, 509.35328993196873, 0.86587413600300489
2100-May-31 18:00:00, 506.86549233618109, 0.86164500931160626, null, null, 506.86549233618109, 0.86164500931160626
2100-May-31 19:00:00, 505.02914811560993, 0.85852331952021699, null, null, 505.02914811560993, 0.85852331952021699
2100-May-31 20:00:00, 503.85106234228914, 0.85652063489782493, null, null, 503.85106234228914, 0.85652063489782493
2100-May-31 21:00:00, 503.3586367439525, 0.85568353695827404, null, null, 503.3586367439525, 0.85568353695827404
2100-May-31 22:00:00, 503.52219963891002, 0.85596158538390099, null, null, 503.52219963891002, 0.85596158538390099
2100-May-31 23:00:00, 504.28291749610571, 0.85725476622784802, null, null, 504.28291749610571, 0.85725476622784802
2100-Jun-01 00:00:00, 505.58067519611086, 0.85946088690959188, null, null, 505.58067519611086, 0.85946088690959188
2100-Jun-01 01:00:00, 507.36829259850407, 0.86249974364105209, null, null, 507.36829259850407, 0.86249974364105209
2100-Jun-01 02:00:00, 509.60865056012176, 0.86630823580689686, null, null, 509.60865056012176, 0.86630823580689686
2100-Jun-01 03:00:00, 512.27720400291639, 0.8708446380493684, null, null, 512.27720400291639, 0.8708446380493684
2100-Jun-01 04:00:00, 515.35282460404983, 0.87607303331709141, null, null, 515.35282460404983, 0.87607303331709141
2100-Jun-01 05:00:00, 518.79650302984885, 0.88192710776904826, null, null, 518.79650302984885, 0.88192710776904826
2100-Jun-01 06:00:00, 522.46800714960716, 0.88816847406699018, null, null, 522.46800714960716, 0.88816847406699018
2100-Jun-01 07:00:00, 526.15698088338445, 0.89443953780135577, null, null, 526.15698088338445, 0.89443953780135577
2100-Jun-01 08:00:00, 529.64883987425617, 0.90037551671133631, null, null, 529.64883987425617, 0.90037551671133631
2100-Jun-01 09:00:00, 532.78841965070148, 0.90571263925491541, null, null, 532.78841965070148, 0.90571263925491541
2100-Jun-01 10:00:00, 535.423935814066, 0.9101928798383816, null, null, 535.423935814066, 0.9101928798383816
2100-Jun-01 11:00:00, 537.38388534215676, 0.91352469223223443, null, null, 537.38388534215676, 0.91352469223223443
2100-Jun-01 12:00:00, 538.67675783005154, 0.91572250830713897, null, null, 538.67675783005154, 0.91572250830713897
2100-Jun-01 13:00:00, 539.35088619015926, 0.91686849150367689, null, null, 539.35088619015926, 0.91686849150367689
2100-Jun-01 14:00:00, 539.61277240505967, 0.91731368446608674, null, null, 539.61277240505967, 0.91731368446608674
2100-Jun-01 15:00:00, 539.85195898916947, 0.91772028923521909, null, null, 539.85195898916947, 0.91772028923521909
2100-Jun-01 16:00:00, 540.38949762323273, 0.9186340769922392, null, null, 540.38949762323273, 0.9186340769922392
2100-Jun-01 17:00:00, 541.4187617736635, 0.92038377258582638, null, null, 541.4187617736635, 0.92038377258582638
2100-Jun-01 18:00:00, 543.11898172791496, 0.92327405819505293, null, null, 543.11898172791496, 0.92327405819505293
2100-Jun-01 19:00:00, 545.49336381647697, 0.92731038441520797, null, null, 545.49336381647697, 0.92731038441520797
2100-Jun-01 20:00:00, 548.41290616363801, 0.93227345475821077, null, null, 548.41290616363801, 0.93227345475821077
2100-Jun-01 21:00:00, 551.72350392822864, 0.93790129899860286, null, null, 551.72350392822864, 0.93790129899860286
2100-Jun-01 22:00:00, 555.29728708461687, 0.94397654473464798, null, null, 555.29728708461687, 0.94397654473464798
2100-Jun-01 23:00:00, 559.05953264988887, 0.95037216677666148, null, null, 559.05953264988887, 0.95037216677666148
2100-Jun-02 00:00:00, 562.93489673154045, 0.95696008442090674, null, null, 562.93489673154045, 0.95696008442090674
2100-Jun-02 01:00:00, 566.83873378329054, 0.96359640463537333, null, null, 566.83873378329054, 0.96359640463537333
2100-Jun-02 02:00:00, 570.7405035016493, 0.97022921049045641, null, null, 570.7405035016493, 0.97022921049045641
2100-Jun-02 03:00:00, 574.60304108552145, 0.9767953237547119, null, null, 574.60304108552145, 0.9767953237547119
2100-Jun-02 04:00:00, 578.42180753728542, 0.98328702836794801, null, null, 578.42180753728542, 0.98328702836794801
2100-Jun-02 05:00:00, 582.19550660729271, 0.9897021207730925, null, null, 582.19550660729271, 0.9897021207730925
2100-Jun-02 06:00:00, 585.88013903427805, 0.99596580451140837, null, null, 585.88013903427805, 0.99596580451140837
2100-Jun-02 07:00:00, 589.34270156371292, 1.0018519809586661, null, null, 589.34270156371292, 1.0018519809586661
2100-Jun-02 08:00:00, 592.35241720728027, 1.0069683412217689, null, null, 592.35241720728027, 1.0069683412217689
2100-Jun-02 09:00:00, 594.670575034992, 1.0109090891188848, null, null, 594.670575034992, 1.0109090891188848
2100-Jun-02 10:00:00, 596.0518212375365, 1.0132571359183773, null, null, 596.0518212375365, 1.0132571359183773
2100-Jun-02 11:00:00, 596.4324858691009, 1.0139042460195149, null, null, 596.4324858691009, 1.0139042460195149
2100-Jun-02 12:00:00, 595.97453030238432, 1.0131257453432723, null, null, 595.97453030238432, 1.0131257453432723
2100-Jun-02 13:00:00, 594.78737386283876, 1.0111076410594475, null, null, 594.78737386283876, 1.0111076410594475
2100-Jun-02 14:00:00, 592.64972864357105, 1.0074737552204818, null, null, 592.64972864357105, 1.0074737552204818
2100-Jun-02 15:00:00, 589.77096879605847, 1.0025800130085527, null, null, 589.77096879605847, 1.0025800130085527
2100-Jun-02 16:00:00, 586.64902473521852, 0.9972728702654664, null, null, 586.64902473521852, 0.9972728702654664
2100-Jun-02 17:00:00, 583.73712484147359, 0.99232279169630599, null, null, 583.73712484147359, 0.99232279169630599
2100-Jun-02 18:00:00, 581.34296502832933, 0.98825284437165772, null, null, 581.34296502832933, 0.98825284437165772
2100-Jun-02 19:00:00, 579.6206811478994, 0.98532505123397451, null, null, 579.6206811478994, 0.98532505123397451
2100-Jun-02 20:00:00, 578.56811416537005, 0.98353574203621785, null, null, 578.56811416537005, 0.98353574203621785
2100-Jun-02 21:00:00, 578.13157608023675, 0.98279364996619767, null, null, 578.13157608023675, 0.98279364996619767
2100-Jun-02 22:00:00, 578.23290905163753, 0.98296591075413131, null, null, 578.23290905163753, 0.98296591075413131
2100-Jun-02 23:00:00, 578.81233672049598, 0.98395090769449867, null, null, 578.81233672049598, 0.98395090769449867
2100-Jun-03 00:00:00, 579.81278395479626, 0.98565161602747531, null, null, 579.81278395479626, 0.98565161602747531
2100-Jun-03 01:00:00, 581.25975888928883, 0.98811139825719074, null, null, 581.25975888928883, 0.98811139825719074
2100-Jun-03 02:00:00, 583.1782531339361, 0.99137273882246435, null, null, 583.1782531339361, 0.99137273882246435
2100-Jun-03 03:00:00, 585.5297844228794, 0.99537021987018615, null, null, 585.5297844228794, 0.99537021987018615
2100-Jun-03 04:00:00, 588.24521866342161, 0.99998631703374141, null, null, 588.24521866342161, 0.99998631703374141
2100-Jun-03 05:00:00, 591.33400670594153, 1.0052370962678767, null, null, 591.33400670594153, 1.0052370962678767
2100-Jun-03 06:00:00, 594.59487528825605, 1.0107804034814378, null, null, 594.59487528825605, 1.0107804034814378
2100-Jun-03 07:00:00, 597.53001003000725, 1.0157699800853421, null, null, 597.53001003000725, 1.0157699800853421
2100-Jun-03 08:00:00, 598.6296902370276, 1.0176393793175735, null, null, 598.6296902370276, 1.0176393793175735
2100-Jun-03 09:00:00, 597.59461970620509, 1.015879813178916, null, null, 597.59461970620509, 1.015879813178916
2100-Jun-03 10:00:00, 594.64092817341225, 1.0108586909941197, null, null, 594.64092817341225, 1.0108586909941197
2100-Jun-03 11:00:00, 590.15755871204487, 1.003237195785436, null, null, 590.15755871204487, 1.003237195785436
2100-Jun-03 12:00:00, 584.31598328730854, 0.99330682098709999, null, null, 584.31598328730854, 0.99330682098709999
2100-Jun-03 13:00:00, 576.26924779317403, 0.97962778861143984, null, null, 576.26924779317403, 0.97962778861143984
2100-Jun-03 14:00:00, 567.42337905912848, 0.96459027123659236, null, null, 567.42337905912848, 0.96459027123659236
2100-Jun-03 15:00:00, 558.82062658697168, 0.94996603887898579, null, null, 558.82062658697168, 0.94996603887898579
2100-Jun-03 16:00:00, 550.81035338056313, 0.93634899049853182, null, null, 550.81035338056313, 0.93634899049853182
2100-Jun-03 17:00:00, 543.75949757621026, 0.92436290186741443, null, null, 543.75949757621026, 0.92436290186741443
2100-Jun-03 18:00:00, 538.07669572023167, 0.91470243388893335, null, null, 538.07669572023167, 0.91470243388893335
2100-Jun-03 19:00:00, 533.83115717276269, 0.90748523888043908, null, null, 533.83115717276269, 0.90748523888043908
2100-Jun-03 20:00:00, 530.87539123382726, 0.90246059031294945, null, null, 530.87539123382726, 0.90246059031294945
2100-Jun-03 21:00:00, 529.08582632675598, 0.89941842292469398, null, null, 529.08582632675598, 0.89941842292469398
2100-Jun-03 22:00:00, 528.32757370843024, 0.89812943285877622, null, null, 528.32757370843024, 0.89812943285877622
2100-Jun-03 23:00:00, 528.44145265550765, 0.89832302115369578, null, null, 528.44145265550765, 0.89832302115369578
2100-Jun-04 00:00:00, 529.30359484713085, 0.89978861809797628, null, null, 529.30359484713085, 0.89978861809797628
2100-Jun-04 01:00:00, 530.79570754655492, 0.90232513218352473, null, null, 530.79570754655492, 0.90232513218352473
2100-Jun-04 02:00:00, 532.80597979214065, 0.90574249058325129, null, null, 532.80597979214065, 0.90574249058325129
2100-Jun-04 03:00:00, 535.35860427381806, 0.91008181961341772, null, null, 535.35860427381806, 0.91008181961341772
2100-Jun-04 04:00:00, 538.45575551858451, 0.91534681585696986, null, null, 538.45575551858451, 0.91534681585696986
2100-Jun-04 05:00:00, 541.90840301130231, 0.9212161372568165, null, null, 541.90840301130231, 0.9212161372568165
2100-Jun-04 06:00:00, 545.00095880297931, 0.92647332146881411, null, null, 545.00095880297931, 0.92647332146881411
2100-Jun-04 07:00:00, 546.93464315942674, 0.9297604844351417, null, null, 546.93464315942674, 0.9297604844351417
2100-Jun-04 08:00:00, 547.65349680528641, 0.93098249829433255, null, null, 547.65349680528641, 0.93098249829433255
2100-Jun-04 09:00:00, 547.12368969231807, 0.93008185372158236, null, null, 547.12368969231807, 0.93008185372158236
2100-Jun-04 10:00:00, 545.40170374919944, 0.92715456706185284, null, null, 545.40170374919944, 0.92715456706185284
2100-Jun-04 11:00:00, 542.53019367611375, 0.92227314908988089, null, null, 542.53019367611375, 0.92227314908988089
2100-Jun-04 12:00:00, 538.74140318896218, 0.91583240205947103, null, null, 538.74140318896218, 0.91583240205947103
2100-Jun-04 13:00:00, 534.60365707523192, 0.90879844858936687, null, null, 534.60365707523192, 0.90879844858936687
2100-Jun-04 14:00:00, 530.47901495286737, 0.90178677122393547, null, null, 530.47901495286737, 0.90178677122393547
2100-Jun-04 15:00:00, 526.76765065948223, 0.89547764470124924, null, null, 526.76765065948223, 0.89547764470124924
2100-Jun-04 16:00:00, 523.83976358778864, 0.89050038875998361, null, null, 523.83976358778864, 0.89050038875998361
2100-Jun-04 17:00:00, 522.057419351872, 0.88747049613763429, null, null, 522.057419351872, 0.88747049613763429
2100-Jun-04 18:00:00, 521.51259048539157, 0.886544315364175, null, null, 521.51259048539157, 0.886544315364175
2100-Jun-04 19:00:00, 522.05773037887536, 0.88747102486738461, null, null, 522.05773037887536, 0.88747102486738461
2100-Jun-04 20:00:00, 523.48223807328043, 0.88989261395594699, null, null, 523.48223807328043, 0.88989261395594699
2100-Jun-04 21:00:00, 525.5722481163574, 0.89344552246965969, null, null, 525.5722481163574, 0.89344552246965969
2100-Jun-04 22:00:00, 528.14242897889415, 0.8978146964353716, null, null, 528.14242897889415, 0.8978146964353716
2100-Jun-04 23:00:00, 531.04540175608645, 0.90274959937008592, null, null, 531.04540175608645, 0.90274959937008592
2100-Jun-05 00:00:00, 534.17251991323155, 0.90806553780813737, null, null, 534.17251991323155, 0.90806553780813737
2100-Jun-05 01:00:00, 537.46904716428878, 0.91366946290637474, null, null, 537.46904716428878, 0.91366946290637474
2100-Jun-05 02:00:00, 540.91943718059474, 0.91953494671357927, null, null, 540.91943718059474, 0.91953494671357927
2100-Jun-05 03:00:00, 544.48068409990913, 0.92558888149775731, null, null, 544.48068409990913, 0.92558888149775731
2100-Jun-05 04:00:00, 548.09506956598761, 0.93173314905130655, null, null, 548.09506956598761, 0.93173314905130655
2100-Jun-05 05:00:00, 551.70074061190053, 0.93786260254321963, null, null, 551.70074061190053, 0.93786260254321963
2100-Jun-05 06:00:00, 555.21685864220797, 0.94383982056017535, null, null, 555.21685864220797, 0.94383982056017535
2100-Jun-05 07:00:00, 558.51490105267885, 0.94944632135071538, null, null, 558.51490105267885, 0.94944632135071538
2100-Jun-05 08:00:00, 561.48084058532936, 0.95448826449908275, null, null, 561.48084058532936, 0.95448826449908275
2100-Jun-05 09:00:00, 563.99479175700912, 0.95876185091102628, null, null, 563.99479175700912, 0.95876185091102628
2100-Jun-05 10:00:00, 565.8358928089051, 0.96189162706858788, null, null, 565.8358928089051, 0.96189162706858788
2100-Jun-05 11:00:00, 566.98463901650371, 0.96384443595321101, null, null, 566.98463901650371, 0.96384443595321101
2100-Jun-05 12:00:00, 567.53380264757436, 0.96477798560131689, null, null, 567.53380264757436, 0.96477798560131689
2100-Jun-05 13:00:00, 567.20531720836902, 0.96421957741689257, null, null, 567.20531720836902, 0.96421957741689257
2100-Jun-05 14:00:00, 566.23642571712139, 0.96257251220803375, null, null, 566.23642571712139, 0.96257251220803375
2100-Jun-05 15:00:00, 564.91489981362497, 0.9603259868149252, null, null, 564.91489981362497, 0.9603259868149252
2100-Jun-05 16:00:00, 563.2756030754116, 0.95753926750848339, null, null, 563.2756030754116, 0.95753926750848339
2100-Jun-05 17:00:00, 561.5736451658106, 0.95464602746543581, null, null, 561.5736451658106, 0.95464602746543581
2100-Jun-05 18:00:00, 560.13591955034713, 0.95220196859764072, null, null, 560.13591955034713, 0.95220196859764072
2100-Jun-05 19:00:00, 559.23296404624352, 0.95066699114207287, null, null, 559.23296404624352, 0.95066699114207287
2100-Jun-05 20:00:00, 558.96620475777434, 0.95021351420771383, null, null, 558.96620475777434, 0.95021351420771383
2100-Jun-05 21:00:00, 559.3719896204741, 0.95090332739698413, null, null, 559.3719896204741, 0.95090332739698413
2100-Jun-05 22:00:00, 560.40719218701292, 0.95266311798950121, null, null, 560.40719218701292, 0.95266311798950121
2100-Jun-05 23:00:00, 561.98751297881279, 0.95534958125037472, null, null, 561.98751297881279, 0.95534958125037472
2100-Jun-06 00:00:00, 564.15401807432113, 0.95903252737990685, null, null, 564.15401807432113, 0.95903252737990685
2100-Jun-06 01:00:00, 566.85916733706767, 0.96363114061543276, null, null, 566.85916733706767, 0.96363114061543276
2100-Jun-06 02:00:00, 569.95853629076646, 0.96889990684897742, null, null, 569.95853629076646, 0.96889990684897742
2100-Jun-06 03:00:00, 573.34147679742807, 0.97465072999325597, null, null, 573.34147679742807, 0.97465072999325597
2100-Jun-06 04:00:00, 576.92337686865687, 0.98073977406292046, null, null, 576.92337686865687, 0.98073977406292046
2100-Jun-06 05:00:00, 580.67136585898129, 0.98711116066803961, null, null, 580.67136585898129, 0.98711116066803961
2100-Jun-06 06:00:00, 584.46843678702248, 0.99356598401785823, null, null, 584.46843678702248, 0.99356598401785823
2100-Jun-06 07:00:00, 587.87585616808406, 0.99935841997713248, null, null, 587.87585616808406, 0.99935841997713248
2100-Jun-06 08:00:00, 590.42237317277295, 1.0036873666136537, null, null, 590.42237317277295, 1.0036873666136537
2100-Jun-06 09:00:00, 591.72051940744836, 1.0058941477841556, null, null, 591.72051940744836, 1.0058941477841556
2100-Jun-06 10:00:00, 591.62258875013151, 1.0057276707534413, null, null, 591.62258875013151, 1.0057276707534413
2100-Jun-06 11:00:00, 590.1088286659342, 1.0031543572381889, null, null, 590.1088286659342, 1.0031543572381889
2100-Jun-06 12:00:00, 586.97158997519932, 0.99782121441871674, null, null, 586.97158997519932, 0.99782121441871674
2100-Jun-06 13:00:00, 582.41323189815478, 0.99007224245844838, null, null, 582.41323189815478, 0.99007224245844838
2100-Jun-06 14:00:00, 576.5445344269649, 0.98009576158991751, null, null, 576.5445344269649, 0.98009576158991751
2100-Jun-06 15:00:00, 569.94744524598502, 0.9688810526489412, null, null, 569.94744524598502, 0.9688810526489412
2100-Jun-06 16:00:00, 563.3722802039448, 0.95770361360537648, null, null, 563.3722802039448, 0.95770361360537648
2100-Jun-06 17:00:00, 557.37630464011852, 0.94751076659045552, null, null, 557.37630464011852, 0.94751076659045552
2100-Jun-06 18:00:00, 552.23264316735231, 0.93876680925934997, null, null, 552.23264316735231, 0.93876680925934997
2100-Jun-06 19:00:00, 548.02931333602316, 0.93162136687588393, null, null, 548.02931333602316, 0.93162136687588393
2100-Jun-06 20:00:00, 544.77237317753816, 0.92608473777878242, null, null, 544.77237317753816, 0.92608473777878242
2100-Jun-06 21:00:00, 542.42041646123153, 0.92208653352664049, null, null, 542.42041646123153, 0.92208653352664049
2100-Jun-06 22:00:00, 540.84868307919078, 0.91941466841630937, null, null, 540.84868307919078, 0.91941466841630937
2100-Jun-06 23:00:00, 539.83768566721983, 0.91769602532929107, null, null, 539.83768566721983, 0.91769602532929107
2100-Jun-07 00:00:00, 539.40032160512499, 0.91695252914133918, null, null, 539.40032160512499, 0.91695252914133918
2100-Jun-07 01:00:00, 539.40436584348743, 0.91695940413648913, null, null, 539.40436584348743, 0.91695940413648913
2100-Jun-07 02:00:00, 539.74941384314468, 0.91754596781338749, null, null, 539.74941384314468, 0.91754596781338749
2100-Jun-07 03:00:00, 540.36280314128453, 0.91858869775949481, null, null, 540.36280314128453, 0.91858869775949481
2100-Jun-07 04:00:00, 541.1984349405509, 0.92000922841377419, null, null, 541.1984349405509, 0.92000922841377419
2100-Jun-07 05:00:00, 542.27708184271762, 0.9218428721202685, null, null, 542.27708184271762, 0.9218428721202685
2100-Jun-07 06:00:00, 543.51027781058326, 0.92393924121084736, null, null, 543.51027781058326, 0.92393924121084736
2100-Jun-07 07:00:00, 544.6341487079103, 0.92584976336008484, null, null, 544.6341487079103, 0.92584976336008484
2100-Jun-07 08:00:00, 545.34215994668648, 0.9270533456904112, null, null, 545.34215994668648, 0.9270533456904112
2100-Jun-07 09:00:00, 545.3123891350366, 0.92700273685696499, null, null, 545.3123891350366, 0.92700273685696499
2100-Jun-07 10:00:00, 544.31290500334012, 0.92530366574838929, null, null, 544.31290500334012, 0.92530366574838929
2100-Jun-07 11:00:00, 542.13353114680376, 0.92159884339354003, null, null, 542.13353114680376, 0.92159884339354003
2100-Jun-07 12:00:00, 538.40887607321508, 0.91526712323485893, null, null, 538.40887607321508, 0.91526712323485893
2100-Jun-07 13:00:00, 533.55186957865681, 0.9070104644772442, null, null, 533.55186957865681, 0.9070104644772442
2100-Jun-07 14:00:00, 528.25516101188339, 0.89800633503591443, null, null, 528.25516101188339, 0.89800633503591443
2100-Jun-07 15:00:00, 523.10324578622715, 0.88924834675361308, null, null, 523.10324578622715, 0.88924834675361308
2100-Jun-07 16:00:00, 518.45279550469184, 0.8813428228291732, null, null, 518.45279550469184, 0.8813428228291732
2100-Jun-07 17:00:00, 514.43075931856049, 0.87450557022577013, null, null, 514.43075931856049, 0.87450557022577013
2100-Jun-07 18:00:00, 511.10197341633886, 0.86884680709613549, null, null, 511.10197341633886, 0.86884680709613549
2100-Jun-07 19:00:00, 508.44119077750827, 0.86432361481677089, null, null, 508.44119077750827, 0.86432361481677089
2100-Jun-07 20:00:00, 506.40987820482951, 0.86087048895386498, null, null, 506.40987820482951, 0.86087048895386498
2100-Jun-07 21:00:00, 505.01808772779901, 0.85850451743543832, null, null, 505.01808772779901, 0.85850451743543832
2100-Jun-07 22:00:00, 504.27674574004942, 0.85724427456312624, null, null, 504.27674574004942, 0.85724427456312624
2100-Jun-07 23:00:00, 504.16338632367257, 0.85705156944341221, null, null, 504.16338632367257, 0.85705156944341221
2100-Jun-08 00:00:00, 504.58498394328797, 0.8577682634980911, null, null, 504.58498394328797, 0.8577682634980911
2100-Jun-08 01:00:00, 505.47941627600301, 0.85928875200500987, null, null, 505.47941627600301, 0.85928875200500987
2100-Jun-08 02:00:00, 506.79440330923092, 0.86152416165830459, null, null, 506.79440330923092, 0.86152416165830459
2100-Jun-08 03:00:00, 508.43889304552596, 0.86431970879174991, null, null, 508.43889304552596, 0.86431970879174991
2100-Jun-08 04:00:00, 510.33453137709, 0.86754219549196632, null, null, 510.33453137709, 0.86754219549196632
2100-Jun-08 05:00:00, 512.45391590518102, 0.87114503910443031, null, null, 512.45391590518102, 0.87114503910443031
2100-Jun-08 06:00:00, 514.77274108860513, 0.8750869214715935, null, null, 514.77274108860513, 0.8750869214715935
2100-Jun-08 07:00:00, 517.14632498647234, 0.87912189080902703, null, null, 517.14632498647234, 0.87912189080902703
2100-Jun-08 08:00:00, 519.51084628521812, 0.88314145419868473, null, null, 519.51084628521812, 0.88314145419868473
2100-Jun-08 09:00:00, 519.81640535676888, 0.88366088874894, null, null, 519.81640535676888, 0.88366088874894
2100-Jun-08 10:00:00, 518.15705156297565, 0.88084007348981819, null, null, 518.15705156297565, 0.88084007348981819
2100-Jun-08 11:00:00, 515.94964489244171, 0.87708759680725634, null, null, 515.94964489244171, 0.87708759680725634
2100-Jun-08 12:00:00, 514.23783498910905, 0.87417760888659812, null, null, 514.23783498910905, 0.87417760888659812
2100-Jun-08 13:00:00, 513.41342837799459, 0.8727761604691171, null, null, 513.41342837799459, 0.8727761604691171
2100-Jun-08 14:00:00, 513.53300640139412, 0.87297943689776225, null, null, 513.53300640139412, 0.87297943689776225
2100-Jun-08 15:00:00, 514.49061410938646, 0.87460732026119048, null, null, 514.49061410938646, 0.87460732026119048
2100-Jun-08 16:00:00, 516.1310586888535, 0.87739599083814224, null, null, 516.1310586888535, 0.87739599083814224
2100-Jun-08 17:00:00, 518.31792296045035, 0.88111354650952634, null, null, 518.31792296045035, 0.88111354650952634
2100-Jun-08 18:00:00, 521.05507154202439, 0.8857665569249471, null, null, 521.05507154202439, 0.8857665569249471
2100-Jun-08 19:00:00, 524.33949156313452, 0.89134990036114936, null, null, 524.33949156313452, 0.89134990036114936
2100-Jun-08 20:00:00, 528.09701229304881, 0.89773749042847273, null, null, 528.09701229304881, 0.89773749042847273
2100-Jun-08 21:00:00, 532.20327521769468, 0.90471792411243657, null, null, 532.20327521769468, 0.90471792411243657
2100-Jun-08 22:00:00, 536.56608408837872, 0.91213447257912916, null, null, 536.56608408837872, 0.91213447257912916
2100-Jun-08 23:00:00, 541.12691085989945, 0.91988764119177791, null, null, 541.12691085989945, 0.91988764119177791
2100-Jun-09 00:00:00, 545.83183719229783, 0.92788577157308427, null, null, 545.83183719229783, 0.92788577157308427
2100-Jun-09 01:00:00, 550.62848263156775, 0.9360398196719889, null, null, 550.62848263156775, 0.9360398196719889
2100-Jun-09 02:00:00, 555.5218457255379, 0.94435828276016553, null, null, 555.5218457255379, 0.94435828276016553
2100-Jun-09 03:00:00, 560.52668477542727, 0.95286624918310914, null, null, 560.52668477542727, 0.95286624918310914
2100-Jun-09 04:00:00, 565.6737862626461, 0.96161605436010256, null, null, 565.6737862626461, 0.96161605436010256
2100-Jun-09 05:00:00, 571.01685536749574, 0.97069899430809814, null, null, 571.01685536749574, 0.97069899430809814
2100-Jun-09 06:00:00, 576.46599277762823, 0.97996224486566363, null, null, 576.46599277762823, 0.97996224486566363
2100-Jun-09 07:00:00, 581.72625183097784, 0.9889044120274374, null, null, 581.72625183097784, 0.9889044120274374
2100-Jun-09 08:00:00, 586.49988081738468, 0.99701933335199777, null, null, 586.49988081738468, 0.99701933335199777
2100-Jun-09 09:00:00, 590.49051162527701, 1.003803198443656, null, null, 590.49051162527701, 1.003803198443656
2100-Jun-09 10:00:00, 593.40033143961978, 1.0087497409858766, null, null, 593.40033143961978, 1.0087497409858766
2100-Jun-09 11:00:00, 595.21453700991196, 1.0118337962217197, null, null, 595.21453700991196, 1.0118337962217197
2100-Jun-09 12:00:00, 595.86161910905309, 1.0129338021794541, null, null, 595.86161910905309, 1.0129338021794541
2100-Jun-09 13:00:00, 595.11921261369491, 1.0116717496995002, null, null, 595.11921261369491, 1.0116717496995002
2100-Jun-09 14:00:00, 593.32715382141453, 1.0086253428359271, null, null, 593.32715382141453, 1.0086253428359271
2100-Jun-09 15:00:00, 590.89453517562583, 1.0044900174934159, null, null, 590.89453517562583, 1.0044900174934159
2100-Jun-09 16:00:00, 588.18278096626011, 0.9998801761917121, null, null, 588.18278096626011, 0.9998801761917121
2100-Jun-09 17:00:00, 585.54756385687551, 0.99540044398447836, null, null, 585.54756385687551, 0.99540044398447836
2100-Jun-09 18:00:00, 583.25791656561012, 0.991508162518424, null, null, 583.25791656561012, 0.991508162518424
2100-Jun-09 19:00:00, 581.51007427054617, 0.98853692140342075, null, null, 581.51007427054617, 0.98853692140342075
2100-Jun-09 20:00:00, 580.43978026210073, 0.98671747718238578, null, null, 580.43978026210073, 0.98671747718238578
2100-Jun-09 21:00:00, 580.07590516321056, 0.9860989084147106, null, null, 580.07590516321056, 0.9860989084147106
2100-Jun-09 22:00:00, 580.44969511238037, 0.98673433191286297, null, null, 580.44969511238037, 0.98673433191286297
2100-Jun-09 23:00:00, 581.47033392863068, 0.98846936488636139, null, null, 581.47033392863068, 0.98846936488636139
2100-Jun-10 00:00:00, 583.01222141746325, 0.9910904935284971, null, null, 583.01222141746325, 0.9910904935284971
2100-Jun-10 01:00:00, 584.95068629240814, 0.99438578312796011, null, null, 584.95068629240814, 0.99438578312796011
2100-Jun-10 02:00:00, 587.2229301194194, 0.99824847960875507, null, null, 587.2229301194194, 0.99824847960875507
2100-Jun-10 03:00:00, 589.74954408584836, 1.00254359211404, null, null, 589.74954408584836, 1.00254359211404
2100-Jun-10 04:00:00, 592.54453382090696, 1.0072949294859932, null, null, 592.54453382090696, 1.0072949294859932
2100-Jun-10 05:00:00, 595.6290111622742, 1.012538380752076, null, null, 595.6290111622742, 1.012538380752076
2100-Jun-10 06:00:00, 598.88991246580531, 1.0180817435900056, null, null, 598.88991246580531, 1.0180817435900056
2100-Jun-10 07:00:00, 602.0654421742471, 1.0234799791506637, null, null, 602.0654421742471, 1.0234799791506637
2100-Jun-10 08:00:00, 604.7873003913777, 1.0281069967407443, null, null, 604.7873003913777, 1.0281069967407443
2100-Jun-10 09:00:00, 606.69274222741967, 1.0313461488893585, null, null, 606.69274222741967, 1.0313461488893585
2100-Jun-10 10:00:00, 607.52156410397527, 1.0327551030287512, null, null, 607.52156410397527, 1.0327551030287512
2100-Jun-10 11:00:00, 607.14477500070268, 1.0321145811244063, null, null, 607.14477500070268, 1.0321145811244063
2100-Jun-10 12:00:00, 605.53408712038572, 1.0293764953903843, null, null, 605.53408712038572, 1.0293764953903843
2100-Jun-10 13:00:00, 602.8138607281096, 1.0247522518177958, null, null, 602.8138607281096, 1.0247522518177958
2100-Jun-10 14:00:00, 599.16345540983411, 1.0185467523864586, null, null, 599.16345540983411, 1.0185467523864586
2100-Jun-10 15:00:00, 594.91383236815375, 1.0113226139499623, null, null, 594.91383236815375, 1.0113226139499623
2100-Jun-10 16:00:00, 590.4976024651196, 1.0038152525030752, null, null, 590.4976024651196, 1.0038152525030752
2100-Jun-10 17:00:00, 586.30118300786489, 0.99668155739659636, null, null, 586.30118300786489, 0.99668155739659636
2100-Jun-10 18:00:00, 582.62670662137009, 0.99043513839958819, null, null, 582.62670662137009, 0.99043513839958819
2100-Jun-10 19:00:00, 579.68477206068121, 0.98543400245668678, null, null, 579.68477206068121, 0.98543400245668678
2100-Jun-10 20:00:00, 577.55403589068703, 0.98181186164261547, null, null, 577.55403589068703, 0.98181186164261547
2100-Jun-10 21:00:00, 576.20728304620184, 0.97952245176016639, null, null, 576.20728304620184, 0.97952245176016639
2100-Jun-10 22:00:00, 575.60069813917346, 0.97849128892551429, null, null, 575.60069813917346, 0.97849128892551429
2100-Jun-10 23:00:00, 575.65195327968684, 0.97857842000208717, null, null, 575.65195327968684, 0.97857842000208717
2100-Jun-11 00:00:00, 576.26483130300858, 0.97962028080756036, null, null, 576.26483130300858, 0.97962028080756036
2100-Jun-11 01:00:00, 577.32907478408629, 0.98142943944634731, null, null, 577.32907478408629, 0.98142943944634731
2100-Jun-11 02:00:00, 578.81295573987654, 0.9839519599952925, null, null, 578.81295573987654, 0.9839519599952925
2100-Jun-11 03:00:00, 580.71234377155838, 0.98718082099094173, null, null, 580.71234377155838, 0.98718082099094173
2100-Jun-11 04:00:00, 583.02836884730857, 0.99111794332050274, null, null, 583.02836884730857, 0.99111794332050274
2100-Jun-11 05:00:00, 585.78523237368529, 0.99580446811805223, null, null, 585.78523237368529, 0.99580446811805223
2100-Jun-11 06:00:00, 588.84967921229475, 1.0010138685698733, null, null, 588.84967921229475, 1.0010138685698733
2100-Jun-11 07:00:00, 591.81797806538077, 1.0060598224404331, null, null, 591.81797806538077, 1.0060598224404331
2100-Jun-11 08:00:00, 594.20916964347282, 1.0101247239196689, null, null, 594.20916964347282, 1.0101247239196689
2100-Jun-11 09:00:00, 595.44857622534028, 1.0122316507314586, null, null, 595.44857622534028, 1.0122316507314586
2100-Jun-11 10:00:00, 594.90579911762109, 1.0113089578413206, null, null, 594.90579911762109, 1.0113089578413206
2100-Jun-11 11:00:00, 591.79971194754137, 1.0060287709888867, null, null, 591.79971194754137, 1.0060287709888867
2100-Jun-11 12:00:00, 586.44418424081528, 0.99692465206482717, null, null, 586.44418424081528, 0.99692465206482717
2100-Jun-11 13:00:00, 579.74652498989735, 0.9855389792287772, null, null, 579.74652498989735, 0.9855389792287772
2100-Jun-11 14:00:00, 572.00410882949848, 0.97237727391348117, null, null, 572.00410882949848, 0.97237727391348117
2100-Jun-11 15:00:00, 563.62471296281058, 0.95813273618355976, null, null, 563.62471296281058, 0.95813273618355976
2100-Jun-11 16:00:00, 555.35314585602316, 0.94407150174461651, null, null, 555.35314585602316, 0.94407150174461651
2100-Jun-11 17:00:00, 547.79499252085327, 0.93122303366121117, null, null, 547.79499252085327, 0.93122303366121117
2100-Jun-11 18:00:00, 541.33881249445074, 0.92024786296389849, null, null, 541.33881249445074, 0.92024786296389849
2100-Jun-11 19:00:00, 536.19597018169759, 0.91150529816226622, null, null, 536.19597018169759, 0.91150529816226622
2100-Jun-11 20:00:00, 532.39525803799643, 0.90504428493495803, null, null, 532.39525803799643, 0.90504428493495803
2100-Jun-11 21:00:00, 529.87252174969024, 0.90075576428106707, null, null, 529.87252174969024, 0.90075576428106707
2100-Jun-11 22:00:00, 528.51496909750824, 0.89844799528649821, null, null, 528.51496909750824, 0.89844799528649821
2100-Jun-11 23:00:00, 528.14328312561918, 0.897816148440438, null, null, 528.14328312561918, 0.897816148440438
2100-Jun-12 00:00:00, 528.58597384406301, 0.89856869966750541, null, null, 528.58597384406301, 0.89856869966750541
2100-Jun-12 01:00:00, 529.75345706434655, 0.90055336050045298, null, null, 529.75345706434655, 0.90055336050045298
2100-Jun-12 02:00:00, 531.58678937975708, 0.90366993020951392, null, null, 531.58678937975708, 0.90366993020951392
2100-Jun-12 03:00:00, 533.99766954574591, 0.90776830126550767, null, null, 533.99766954574591, 0.90776830126550767
2100-Jun-12 04:00:00, 536.84219840269463, 0.912603852571508, null, null, 536.84219840269463, 0.912603852571508
2100-Jun-12 05:00:00, 540.3525769305835, 0.91857131373247392, null, null, 540.3525769305835, 0.91857131373247392
2100-Jun-12 06:00:00, 544.22379491777554, 0.92515218323149473, null, null, 544.22379491777554, 0.92515218323149473
2100-Jun-12 07:00:00, 547.73971039568983, 0.93112905691990311, null, null, 547.73971039568983, 0.93112905691990311
2100-Jun-12 08:00:00, 550.08773395328456, 0.93512057500653134, null, null, 550.08773395328456, 0.93512057500653134
2100-Jun-12 09:00:00, 550.67748041034849, 0.93612311335086851, null, null, 550.67748041034849, 0.93612311335086851
2100-Jun-12 10:00:00, 548.90519593877343, 0.93311032180537445, null, null, 548.90519593877343, 0.93311032180537445
2100-Jun-12 11:00:00, 544.70340432452338, 0.92596749431104464, null, null, 544.70340432452338, 0.92596749431104464
2100-Jun-12 12:00:00, 538.32367952005234, 0.91512229351977037, null, null, 538.32367952005234, 0.91512229351977037
2100-Jun-12 13:00:00, 530.18006788124751, 0.90127857673012146, null, null, 530.18006788124751, 0.90127857673012146
2100-Jun-12 14:00:00, 520.98019297447024, 0.88563926724945541, null, null, 520.98019297447024, 0.88563926724945541
2100-Jun-12 15:00:00, 511.60715884703563, 0.86970559608792597, null, null, 511.60715884703563, 0.86970559608792597
2100-Jun-12 16:00:00, 502.85560138088277, 0.85482840296977047, null, null, 502.85560138088277, 0.85482840296977047
2100-Jun-12 17:00:00, 495.1615806724019, 0.84174896740897354, null, null, 495.1615806724019, 0.84174896740897354
2100-Jun-12 18:00:00, 488.66416983348159, 0.83070370647199576, null, null, 488.66416983348159, 0.83070370647199576
2100-Jun-12 19:00:00, 483.41102325863164, 0.82177363015423432, null, null, 483.41102325863164, 0.82177363015423432
2100-Jun-12 20:00:00, 479.40500830560165, 0.81496361281492702, null, null, 479.40500830560165, 0.81496361281492702
2100-Jun-12 21:00:00, 476.61197835700671, 0.81021560697816641, null, null, 476.61197835700671, 0.81021560697816641
2100-Jun-12 22:00:00, 474.91115130612286, 0.80732428933619871, null, null, 474.91115130612286, 0.80732428933619871
2100-Jun-12 23:00:00, 474.11704850932358, 0.80597435582900967, null, null, 474.11704850932358, 0.80597435582900967
2100-Jun-13 00:00:00, 474.12715592973211, 0.80599153791870348, null, null, 474.12715592973211, 0.80599153791870348
2100-Jun-13 01:00:00, 474.90051987815986, 0.80730621646088041, null, null, 474.90051987815986, 0.80730621646088041
2100-Jun-13 02:00:00, 476.33827221298583, 0.80975032075020381, null, null, 476.33827221298583, 0.80975032075020381
2100-Jun-13 03:00:00, 478.30964985851551, 0.8131015603501025, null, null, 478.30964985851551, 0.8131015603501025
2100-Jun-13 04:00:00, 480.70354063682845, 0.81717105032951165, null, null, 480.70354063682845, 0.81717105032951165
2100-Jun-13 05:00:00, 483.50661694128456, 0.82193613444940739, null, null, 483.50661694128456, 0.82193613444940739
2100-Jun-13 06:00:00, 486.56827438265407, 0.82714079307080757, null, null, 486.56827438265407, 0.82714079307080757
2100-Jun-13 07:00:00, 489.38603350510158, 0.83193083721863215, null, null, 489.38603350510158, 0.83193083721863215
2100-Jun-13 08:00:00, 491.36935845845647, 0.83530238662126532, null, null, 491.36935845845647, 0.83530238662126532
2100-Jun-13 09:00:00, 492.03554676737468, 0.83643487214320411, null, null, 492.03554676737468, 0.83643487214320411
2100-Jun-13 10:00:00, 491.25944963928782, 0.83511554733757387, null, null, 491.25944963928782, 0.83511554733757387
2100-Jun-13 11:00:00, 488.818742984457, 0.8309664727997994, null, null, 488.818742984457, 0.8309664727997994
2100-Jun-13 12:00:00, 484.71065599541794, 0.8239829383011128, null, null, 484.71065599541794, 0.8239829383011128
2100-Jun-13 13:00:00, 479.11589239042678, 0.81447213077641856, null, null, 479.11589239042678, 0.81447213077641856
2100-Jun-13 14:00:00, 472.76569919772675, 0.80367713219122094, null, null, 472.76569919772675, 0.80367713219122094
2100-Jun-13 15:00:00, 466.33866869397337, 0.79275151416832434, null, null, 466.33866869397337, 0.79275151416832434
2100-Jun-13 16:00:00, 460.2505987093968, 0.7824021114217059, null, null, 460.2505987093968, 0.7824021114217059
2100-Jun-13 17:00:00, 454.71243971309303, 0.7729875287916177, null, null, 454.71243971309303, 0.7729875287916177
2100-Jun-13 18:00:00, 449.8755612096661, 0.76476508657343611, null, null, 449.8755612096661, 0.76476508657343611
2100-Jun-13 19:00:00, 445.83528559474485, 0.75789682788848445, null, null, 445.83528559474485, 0.75789682788848445
2100-Jun-13 20:00:00, 442.73335154210929, 0.75262370111998389, null, null, 442.73335154210929, 0.75262370111998389
2100-Jun-13 21:00:00, 440.62958678316642, 0.749047410303748, null, null, 440.62958678316642, 0.749047410303748
2100-Jun-13 22:00:00, 439.44038304193981, 0.74702582571340659, null, null, 439.44038304193981, 0.74702582571340659
2100-Jun-13 23:00:00, 439.04185930574641, 0.74634835606203909, null, null, 439.04185930574641, 0.74634835606203909
2100-Jun-14 00:00:00, 439.31145701768696, 0.74680665816886571, null, null, 439.31145701768696, 0.74680665816886571
2100-Jun-14 01:00:00, 440.12852785322423, 0.74819563614890106, null, null, 440.12852785322423, 0.74819563614890106
2100-Jun-14 02:00:00, 441.50855826503158, 0.75054161616729098, null, null, 441.50855826503158, 0.75054161616729098
2100-Jun-14 03:00:00, 443.52021296708369, 0.75396132467120269, null, null, 443.52021296708369, 0.75396132467120269
2100-Jun-14 04:00:00, 446.02519558276822, 0.75821966500379989, null, null, 446.02519558276822, 0.75821966500379989
2100-Jun-14 05:00:00, 448.94771648759468, 0.76318779874012133, null, null, 448.94771648759468, 0.76318779874012133
2100-Jun-14 06:00:00, 452.16283759614248, 0.76865333762449894, null, null, 452.16283759614248, 0.76865333762449894
2100-Jun-14 07:00:00, 455.2214226008781, 0.77385277326321045, null, null, 455.2214226008781, 0.77385277326321045
2100-Jun-14 08:00:00, 457.65729902128993, 0.77799363665336518, null, null, 457.65729902128993, 0.77799363665336518
2100-Jun-14 09:00:00, 459.188595327972, 0.7805967608359734, null, null, 459.188595327972, 0.7805967608359734
2100-Jun-14 10:00:00, 459.6880835146107, 0.78144586480879208, null, null, 459.6880835146107, 0.78144586480879208
2100-Jun-14 11:00:00, 459.04810831475453, 0.78035794021069471, null, null, 459.04810831475453, 0.78035794021069471
2100-Jun-14 12:00:00, 457.11432798486715, 0.77707061409450429, null, null, 457.11432798486715, 0.77707061409450429
2100-Jun-14 13:00:00, 453.80202987252028, 0.77143987935124625, null, null, 453.80202987252028, 0.77143987935124625
2100-Jun-14 14:00:00, 449.58720505285032, 0.76427489608467469, null, null, 449.58720505285032, 0.76427489608467469
2100-Jun-14 15:00:00, 444.97400309852009, 0.75643269238172695, null, null, 444.97400309852009, 0.75643269238172695
2100-Jun-14 16:00:00, 440.51677554630157, 0.74885563706073066, null, null, 440.51677554630157, 0.74885563706073066
2100-Jun-14 17:00:00, 436.52268904987528, 0.74206589747806051, null, null, 436.52268904987528, 0.74206589747806051
2100-Jun-14 18:00:00, 433.11107132115848, 0.73626632454584329, null, null, 433.11107132115848, 0.73626632454584329
2100-Jun-14 19:00:00, 430.31005475750487, 0.7315047418783247, null, null, 430.31005475750487, 0.7315047418783247
2100-Jun-14 20:00:00, 428.13463516201847, 0.7278066415618677, null, null, 428.13463516201847, 0.7278066415618677
2100-Jun-14 21:00:00, 426.5408499320265, 0.72509728945543883, null, null, 426.5408499320265, 0.72509728945543883
2100-Jun-14 22:00:00, 425.50317246148524, 0.72333329165466942, null, null, 425.50317246148524, 0.72333329165466942
2100-Jun-14 23:00:00, 425.04555414737808, 0.72255536429034506, null, null, 425.04555414737808, 0.72255536429034506
2100-Jun-15 00:00:00, 425.13538548032835, 0.72270807289033212, null, null, 425.13538548032835, 0.72270807289033212
2100-Jun-15 01:00:00, 425.6888191020048, 0.72364888130067562, null, null, 425.6888191020048, 0.72364888130067562
2100-Jun-15 02:00:00, 426.71145269321647, 0.72538730528799555, null, null, 426.71145269321647, 0.72538730528799555
2100-Jun-15 03:00:00, 428.17661200674917, 0.72787800001754432, null, null, 428.17661200674917, 0.72787800001754432
2100-Jun-15 04:00:00, 430.07971830508291, 0.73111318187336716, null, null, 430.07971830508291, 0.73111318187336716
2100-Jun-15 05:00:00, 432.392050566764, 0.73504402661082324, null, null, 432.392050566764, 0.73504402661082324
2100-Jun-15 06:00:00, 434.98070403913192, 0.73944460305374193, null, null, 434.98070403913192, 0.73944460305374193
2100-Jun-15 07:00:00, 437.37112009451749, 0.74350818618465908, null, null, 437.37112009451749, 0.74350818618465908
2100-Jun-15 08:00:00, 439.08534359778162, 0.74642227709983333, null, null, 439.08534359778162, 0.74642227709983333
2100-Jun-15 09:00:00, 439.82956288218554, 0.74768741122700477, null, null, 439.82956288218554, 0.74768741122700477
2100-Jun-15 10:00:00, 439.3947734420239, 0.74694829176260813, null, null, 439.3947734420239, 0.74694829176260813
2100-Jun-15 11:00:00, 437.07998820850008, 0.74301327710043197, null, null, 437.07998820850008, 0.74301327710043197
2100-Jun-15 12:00:00, 433.1390169739206, 0.73631383070398293, null, null, 433.1390169739206, 0.73631383070398293
2100-Jun-15 13:00:00, 428.26846266102575, 0.72803414135889832, null, null, 428.26846266102575, 0.72803414135889832
2100-Jun-15 14:00:00, 423.32083624372802, 0.71962343343961599, null, null, 423.32083624372802, 0.71962343343961599
2100-Jun-15 15:00:00, 418.84090479711688, 0.71200778267744025, null, null, 418.84090479711688, 0.71200778267744025
2100-Jun-15 16:00:00, 414.96920327548469, 0.705426091194987, null, null, 414.96920327548469, 0.705426091194987
2100-Jun-15 17:00:00, 411.64940029511865, 0.69978259856591496, null, null, 411.64940029511865, 0.69978259856591496
2100-Jun-15 18:00:00, 408.84439649111511, 0.69501423779690708, null, null, 408.84439649111511, 0.69501423779690708
2100-Jun-15 19:00:00, 406.59764150247179, 0.69119487101739374, null, null, 406.59764150247179, 0.69119487101739374
2100-Jun-15 20:00:00, 404.96184579337489, 0.6884141032785992, null, null, 404.96184579337489, 0.6884141032785992
2100-Jun-15 21:00:00, 403.97002759036496, 0.68672806385060614, null, null, 403.97002759036496, 0.68672806385060614
2100-Jun-15 22:00:00, 403.57834719717357, 0.68606222752688428, null, null, 403.57834719717357, 0.68606222752688428
2100-Jun-15 23:00:00, 403.63709720395195, 0.68616209948680862, null, null, 403.63709720395195, 0.68616209948680862
2100-Jun-16 00:00:00, 404.06237984398695, 0.68688505788479315, null, null, 404.06237984398695, 0.68688505788479315
2100-Jun-16 01:00:00, 404.87507304145822, 0.68826659410750013, null, null, 404.87507304145822, 0.68826659410750013
2100-Jun-16 02:00:00, 406.08316802651694, 0.69032029283110508, null, null, 406.08316802651694, 0.69032029283110508
2100-Jun-16 03:00:00, 407.6696380875245, 0.69301720953022572, null, null, 407.6696380875245, 0.69301720953022572
2100-Jun-16 04:00:00, 409.59657134574661, 0.69629289598023636, null, null, 409.59657134574661, 0.69629289598023636
2100-Jun-16 05:00:00, 411.83330305393304, 0.70009522370360322, null, null, 411.83330305393304, 0.70009522370360322
2100-Jun-16 06:00:00, 414.26477751582587, 0.70422860399292275, null, null, 414.26477751582587, 0.70422860399292275
2100-Jun-16 07:00:00, 416.56096621404214, 0.70813200551101918, null, null, 416.56096621404214, 0.70813200551101918
2100-Jun-16 08:00:00, 418.3423355335276, 0.71116024082607476, null, null, 418.3423355335276, 0.71116024082607476
2100-Jun-16 09:00:00, 419.23610934921106, 0.71267960988824453, null, null, 419.23610934921106, 0.71267960988824453
2100-Jun-16 10:00:00, 418.87869636462904, 0.71207202637923739, null, null, 418.87869636462904, 0.71207202637923739
2100-Jun-16 11:00:00, 417.24630419091909, 0.70929704447381381, null, null, 417.24630419091909, 0.70929704447381381
2100-Jun-16 12:00:00, 414.69276388790962, 0.70495615859495264, null, null, 414.69276388790962, 0.70495615859495264
2100-Jun-16 13:00:00, 411.63446408172069, 0.69975720777895678, null, null, 411.63446408172069, 0.69975720777895678
2100-Jun-16 14:00:00, 408.25612534771523, 0.69401420740916786, null, null, 408.25612534771523, 0.69401420740916786
2100-Jun-16 15:00:00, 404.76954638333848, 0.68808720426997316, null, null, 404.76954638333848, 0.68808720426997316
2100-Jun-16 16:00:00, 401.30405208590651, 0.68219604396940248, null, null, 401.30405208590651, 0.68219604396940248
2100-Jun-16 17:00:00, 397.98554212431287, 0.67655474940508142, null, null, 397.98554212431287, 0.67655474940508142
2100-Jun-16 18:00:00, 394.97173492046824, 0.67143143370203151, null, null, 394.97173492046824, 0.67143143370203151
2100-Jun-16 19:00:00, 392.42730516103774, 0.66710603527403378, null, null, 392.42730516103774, 0.66710603527403378
2100-Jun-16 20:00:00, 390.45748157312778, 0.66375743749136773, null, null, 390.45748157312778, 0.66375743749136773
2100-Jun-16 21:00:00, 389.08335069848488, 0.66142148637972298, null, null, 389.08335069848488, 0.66142148637972298
2100-Jun-16 22:00:00, 388.38888114006153, 0.66024092420261304, null, null, 388.38888114006153, 0.66024092420261304
2100-Jun-16 23:00:00, 388.40035167929068, 0.66026042352349867, null, null, 388.40035167929068, 0.66026042352349867
2100-Jun-17 00:00:00, 389.07545745965592, 0.66140806828370513, null, null, 389.07545745965592, 0.66140806828370513
2100-Jun-17 01:00:00, 390.30972962638828, 0.66350626685645742, null, null, 390.30972962638828, 0.66350626685645742
2100-Jun-17 02:00:00, 392.00606652119984, 0.6663899514663304, null, null, 392.00606652119984, 0.6663899514663304
2100-Jun-17 03:00:00, 394.13424405390145, 0.67000774272990538, null, null, 394.13424405390145, 0.67000774272990538
2100-Jun-17 04:00:00, 396.66207840281481, 0.6743049298220245, null, null, 396.66207840281481, 0.6743049298220245
2100-Jun-17 05:00:00, 399.67474896883499, 0.67942631329981218, null, null, 399.67474896883499, 0.67942631329981218
2100-Jun-17 06:00:00, 403.09253860804392, 0.68523637815928395, null, null, 403.09253860804392, 0.68523637815928395
2100-Jun-17 07:00:00, 406.41795778437279, 0.69088941802977577, null, null, 406.41795778437279, 0.69088941802977577
2100-Jun-17 08:00:00, 409.12537679652007, 0.69549188972138731, null, null, 409.12537679652007, 0.69549188972138731
2100-Jun-17 09:00:00, 410.94791972318217, 0.69859011802999949, null, null, 410.94791972318217, 0.69859011802999949
2100-Jun-17 10:00:00, 411.79255297688798, 0.70002595068927143, null, null, 411.79255297688798, 0.70002595068927143
2100-Jun-17 11:00:00, 411.61179084578129, 0.69971866445555531, null, null, 411.61179084578129, 0.69971866445555531
2100-Jun-17 12:00:00, 410.50074330933774, 0.69782994135374754, null, null, 410.50074330933774, 0.69782994135374754
2100-Jun-17 13:00:00, 408.60800882987496, 0.69461239105127115, null, null, 408.60800882987496, 0.69461239105127115
2100-Jun-17 14:00:00, 406.13303737674033, 0.69040506813616587, null, null, 406.13303737674033, 0.69040506813616587
2100-Jun-17 15:00:00, 403.33552782386533, 0.68564944720480936, null, null, 403.33552782386533, 0.68564944720480936
2100-Jun-17 16:00:00, 400.40664745468251, 0.68067050270940599, null, null, 400.40664745468251, 0.68067050270940599
2100-Jun-17 17:00:00, 397.53027362647902, 0.67578081660636735, null, null, 397.53027362647902, 0.67578081660636735
2100-Jun-17 18:00:00, 394.85626570533475, 0.67123514203401857, null, null, 394.85626570533475, 0.67123514203401857
2100-Jun-17 19:00:00, 392.5080059500815, 0.66724322242363943, null, null, 392.5080059500815, 0.66724322242363943
2100-Jun-17 20:00:00, 390.61487422183097, 0.66402499681885785, null, null, 390.61487422183097, 0.66402499681885785
2100-Jun-17 21:00:00, 389.26748337624861, 0.66173450236768272, null, null, 389.26748337624861, 0.66173450236768272
2100-Jun-17 22:00:00, 388.46785557603641, 0.660375176641672, null, null, 388.46785557603641, 0.660375176641672
2100-Jun-17 23:00:00, 388.27973038382464, 0.66005537358653021, null, null, 388.27973038382464, 0.66005537358653021
2100-Jun-18 00:00:00, 388.7152932014564, 0.66079580775245517, null, null, 388.7152932014564, 0.66079580775245517
2100-Jun-18 01:00:00, 389.76072615719534, 0.66257298947522447, null, null, 389.76072615719534, 0.66257298947522447
2100-Jun-18 02:00:00, 391.40918544319908, 0.66537528463698792, null, null, 391.40918544319908, 0.66537528463698792
2100-Jun-18 03:00:00, 393.57343081187378, 0.66905438934827777, null, null, 393.57343081187378, 0.66905438934827777
2100-Jun-18 04:00:00, 396.26267697156328, 0.67362596813464737, null, null, 396.26267697156328, 0.67362596813464737
2100-Jun-18 05:00:00, 399.46863991170665, 0.67907593860843196, null, null, 399.46863991170665, 0.67907593860843196
2100-Jun-18 06:00:00, 402.98690186188537, 0.6850568011778092, null, null, 402.98690186188537, 0.6850568011778092
2100-Jun-18 07:00:00, 406.01680532068571, 0.6902074796782105, null, null, 406.01680532068571, 0.6902074796782105
2100-Jun-18 08:00:00, 407.4509228759116, 0.69264540503101191, null, null, 407.4509228759116, 0.69264540503101191
2100-Jun-18 09:00:00, 407.54526757121346, 0.69280578611256316, null, null, 407.54526757121346, 0.69280578611256316
2100-Jun-18 10:00:00, 406.8112585079046, 0.6915580088309129, null, null, 406.8112585079046, 0.6915580088309129
2100-Jun-18 11:00:00, 405.54788521779284, 0.68941033985998923, null, null, 405.54788521779284, 0.68941033985998923
2100-Jun-18 12:00:00, 403.84722424639119, 0.68651930454451471, null, null, 403.84722424639119, 0.68651930454451471
2100-Jun-18 13:00:00, 401.74053557903375, 0.68293804323584806, null, null, 401.74053557903375, 0.68293804323584806
2100-Jun-18 14:00:00, 399.28897128909017, 0.67877051128235022, null, null, 399.28897128909017, 0.67877051128235022
2100-Jun-18 15:00:00, 396.6236493395416, 0.67423960241054637, null, null, 396.6236493395416, 0.67423960241054637
2100-Jun-18 16:00:00, 393.88561633373655, 0.66958508851987175, null, null, 393.88561633373655, 0.66958508851987175
2100-Jun-18 17:00:00, 391.21126409552272, 0.66503882862638919, null, null, 391.21126409552272, 0.66503882862638919
2100-Jun-18 18:00:00, 388.75788282767883, 0.66086820790483858, null, null, 388.75788282767883, 0.66086820790483858
2100-Jun-18 19:00:00, 386.65271435459238, 0.65728953084747044, null, null, 386.65271435459238, 0.65728953084747044
2100-Jun-18 20:00:00, 384.97012639778114, 0.65442921871804927, null, null, 384.97012639778114, 0.65442921871804927
2100-Jun-18 21:00:00, 383.74810282603642, 0.65235184212055819, null, null, 383.74810282603642, 0.65235184212055819
2100-Jun-18 22:00:00, 383.02030531110347, 0.65111462414850607, null, null, 383.02030531110347, 0.65111462414850607
2100-Jun-18 23:00:00, 382.81502918138796, 0.65076566539046365, null, null, 382.81502918138796, 0.65076566539046365
2100-Jun-19 00:00:00, 383.10446231287153, 0.6512576866802201, null, null, 383.10446231287153, 0.6512576866802201
2100-Jun-19 01:00:00, 383.88384069552632, 0.65258258944818048, null, null, 383.88384069552632, 0.65258258944818048
2100-Jun-19 02:00:00, 385.15620917885474, 0.65474554978034327, null, null, 385.15620917885474, 0.65474554978034327
2100-Jun-19 03:00:00, 386.96810384369428, 0.65782567659695013, null, null, 386.96810384369428, 0.65782567659695013
2100-Jun-19 04:00:00, 389.38011725321502, 0.66192597410808507, null, null, 389.38011725321502, 0.66192597410808507
2100-Jun-19 05:00:00, 392.43139819201349, 0.6671129932140919, null, null, 392.43139819201349, 0.6671129932140919
2100-Jun-19 06:00:00, 395.99818146553241, 0.67317633951284783, null, null, 395.99818146553241, 0.67317633951284783
2100-Jun-19 07:00:00, 399.71599868264212, 0.6794964356706874, null, null, 399.71599868264212, 0.6794964356706874
2100-Jun-19 08:00:00, 403.21519529988916, 0.68544488816437421, null, null, 403.21519529988916, 0.68544488816437421
2100-Jun-19 09:00:00, 406.17652135944434, 0.69047898864811319, null, null, 406.17652135944434, 0.69047898864811319
2100-Jun-19 10:00:00, 408.21038800801244, 0.69393645630736678, null, null, 408.21038800801244, 0.69393645630736678
2100-Jun-19 11:00:00, 409.24796087297273, 0.69570027628408204, null, null, 409.24796087297273, 0.69570027628408204
2100-Jun-19 12:00:00, 409.26826237944357, 0.69573478779057951, null, null, 409.26826237944357, 0.69573478779057951
2100-Jun-19 13:00:00, 408.25494186372026, 0.6940121955478491, null, null, 408.25494186372026, 0.6940121955478491
2100-Jun-19 14:00:00, 405.93357180660882, 0.69006598702760358, null, null, 405.93357180660882, 0.69006598702760358
2100-Jun-19 15:00:00, 402.65621630569706, 0.68449465290879252, null, null, 402.65621630569706, 0.68449465290879252
2100-Jun-19 16:00:00, 399.09290911106996, 0.67843721576359783, null, null, 399.09290911106996, 0.67843721576359783
2100-Jun-19 17:00:00, 395.71709890668103, 0.67269851376281986, null, null, 395.71709890668103, 0.67269851376281986
2100-Jun-19 18:00:00, 392.7686495867946, 0.66768630306767296, null, null, 392.7686495867946, 0.66768630306767296
2100-Jun-19 19:00:00, 390.38075192253569, 0.66362700107086059, null, null, 390.38075192253569, 0.66362700107086059
2100-Jun-19 20:00:00, 388.64689100341371, 0.66067952756873671, null, null, 388.64689100341371, 0.66067952756873671
2100-Jun-19 21:00:00, 387.5735001131157, 0.65885481880941088, null, null, 387.5735001131157, 0.65885481880941088
2100-Jun-19 22:00:00, 387.27287622351957, 0.6583437738121346, null, null, 387.27287622351957, 0.6583437738121346
2100-Jun-19 23:00:00, 387.87465539108604, 0.65936676713932174, null, null, 387.87465539108604, 0.65936676713932174
2100-Jun-20 00:00:00, 389.30485226315716, 0.66179802753440864, null, null, 389.30485226315716, 0.66179802753440864
2100-Jun-20 01:00:00, 391.49183163292258, 0.66551577886670088, null, null, 391.49183163292258, 0.66551577886670088
2100-Jun-20 02:00:00, 394.32895101214109, 0.67033873444542369, null, null, 394.32895101214109, 0.67033873444542369
2100-Jun-20 03:00:00, 397.75437531788003, 0.67616177784143583, null, null, 397.75437531788003, 0.67616177784143583
2100-Jun-20 04:00:00, 401.72932911623712, 0.68291899283118096, null, null, 401.72932911623712, 0.68291899283118096
2100-Jun-20 05:00:00, 406.15944408907131, 0.69044995817550836, null, null, 406.15944408907131, 0.69044995817550836
2100-Jun-20 06:00:00, 410.78156423314289, 0.69830732233778681, null, null, 410.78156423314289, 0.69830732233778681
2100-Jun-20 07:00:00, 415.1305794237818, 0.70570042226487539, null, null, 415.1305794237818, 0.70570042226487539
2100-Jun-20 08:00:00, 418.78075321183672, 0.71190552810686381, null, null, 418.78075321183672, 0.71190552810686381
2100-Jun-20 09:00:00, 421.24410837733444, 0.71609310393636083, null, null, 421.24410837733444, 0.71609310393636083
2100-Jun-20 10:00:00, 421.86462421407936, 0.7171479486279293, null, null, 421.86462421407936, 0.7171479486279293
2100-Jun-20 11:00:00, 420.02754827730399, 0.71402501495699977, null, null, 420.02754827730399, 0.71402501495699977
2100-Jun-20 12:00:00, 415.84968930349169, 0.70692287170830237, null, null, 415.84968930349169, 0.70692287170830237
2100-Jun-20 13:00:00, 410.10783123927928, 0.69716201124332755, null, null, 410.10783123927928, 0.69716201124332755
2100-Jun-20 14:00:00, 403.42335909991664, 0.68579875581195526, null, null, 403.42335909991664, 0.68579875581195526
2100-Jun-20 15:00:00, 395.68868597138948, 0.67265021324865193, null, null, 395.68868597138948, 0.67265021324865193
2100-Jun-20 16:00:00, 387.65514616351254, 0.65899361285421787, null, null, 387.65514616351254, 0.65899361285421787
2100-Jun-20 17:00:00, 380.09364647006385, 0.64613945613555535, null, null, 380.09364647006385, 0.64613945613555535
2100-Jun-20 18:00:00, 373.55662104482559, 0.63502685245950208, null, null, 373.55662104482559, 0.63502685245950208
2100-Jun-20 19:00:00, 368.30068423129575, 0.62609203288091564, null, null, 368.30068423129575, 0.62609203288091564
2100-Jun-20 20:00:00, 364.39201205600352, 0.61944749320757386, null, null, 364.39201205600352, 0.61944749320757386
2100-Jun-20 21:00:00, 361.69689496191774, 0.6148659341376792, null, null, 361.69689496191774, 0.6148659341376792
2100-Jun-20 22:00:00, 360.0448121170412, 0.6120574791140474, null, null, 360.0448121170412, 0.6120574791140474
2100-Jun-20 23:00:00, 359.25566567387062, 0.61071597115058374, null, null, 359.25566567387062, 0.61071597115058374
2100-Jun-21 00:00:00, 359.19481544818166, 0.61061252892760121, null, null, 359.19481544818166, 0.61061252892760121
2100-Jun-21 01:00:00, 359.82402602203263, 0.61168215422062699, null, null, 359.82402602203263, 0.61168215422062699
2100-Jun-21 02:00:00, 361.13312573835407, 0.61390755574098044, null, null, 361.13312573835407, 0.61390755574098044
2100-Jun-21 03:00:00, 363.05341766056682, 0.6171719522647402, null, null, 363.05341766056682, 0.6171719522647402
2100-Jun-21 04:00:00, 365.57027923037293, 0.62145048620232624, null, null, 365.57027923037293, 0.62145048620232624
2100-Jun-21 05:00:00, 368.66570736270353, 0.62671255324423958, null, null, 368.66570736270353, 0.62671255324423958
2100-Jun-21 06:00:00, 372.15094428767247, 0.63263727498614941, null, null, 372.15094428767247, 0.63263727498614941
2100-Jun-21 07:00:00, 375.29290773631249, 0.63797844964864658, null, null, 375.29290773631249, 0.63797844964864658
2100-Jun-21 08:00:00, 377.65748244481318, 0.64199810383211331, null, null, 377.65748244481318, 0.64199810383211331
2100-Jun-21 09:00:00, 379.09355598890079, 0.64443935426438148, null, null, 379.09355598890079, 0.64443935426438148
2100-Jun-21 10:00:00, 379.41250434717932, 0.64498154990660639, null, null, 379.41250434717932, 0.64498154990660639
2100-Jun-21 11:00:00, 378.21048981099455, 0.64293818763025579, null, null, 378.21048981099455, 0.64293818763025579
2100-Jun-21 12:00:00, 375.48622051446762, 0.63830707133043796, null, null, 375.48622051446762, 0.63830707133043796
2100-Jun-21 13:00:00, 371.75700313576215, 0.63196759549003401, null, null, 371.75700313576215, 0.63196759549003401
2100-Jun-21 14:00:00, 367.20710275764782, 0.62423300117863634, null, null, 367.20710275764782, 0.62423300117863634
2100-Jun-21 15:00:00, 362.10343416777829, 0.61555702967114068, null, null, 362.10343416777829, 0.61555702967114068
2100-Jun-21 16:00:00, 356.82284953900802, 0.60658031008690494, null, null, 356.82284953900802, 0.60658031008690494
2100-Jun-21 17:00:00, 351.78146334950918, 0.59801021542496047, null, null, 351.78146334950918, 0.59801021542496047
2100-Jun-21 18:00:00, 347.30455835219766, 0.59039970946939402, null, null, 347.30455835219766, 0.59039970946939402
2100-Jun-21 19:00:00, 343.56625655370425, 0.58404479058721437, null, null, 343.56625655370425, 0.58404479058721437
2100-Jun-21 20:00:00, 340.60291453673074, 0.57900726308057737, null, null, 340.60291453673074, 0.57900726308057737
2100-Jun-21 21:00:00, 338.40277956193785, 0.57526714790306821, null, null, 338.40277956193785, 0.57526714790306821
2100-Jun-21 22:00:00, 336.90081755122958, 0.57271389049993049, null, null, 336.90081755122958, 0.57271389049993049
2100-Jun-21 23:00:00, 336.00439440367268, 0.57119001771118771, null, null, 336.00439440367268, 0.57119001771118771
2100-Jun-22 00:00:00, 335.61341891816545, 0.57052537969391459, null, null, 335.61341891816545, 0.57052537969391459
2100-Jun-22 01:00:00, 335.70813760965382, 0.57068639654955677, null, null, 335.70813760965382, 0.57068639654955677
2100-Jun-22 02:00:00, 336.38089217501903, 0.57183004436639029, null, null, 336.38089217501903, 0.57183004436639029
2100-Jun-22 03:00:00, 337.57408087544923, 0.57385840318039061, null, null, 337.57408087544923, 0.57385840318039061
2100-Jun-22 04:00:00, 339.18563914437595, 0.57659796852983947, null, null, 339.18563914437595, 0.57659796852983947
2100-Jun-22 05:00:00, 341.13428920064871, 0.57991057240852018, null, null, 341.13428920064871, 0.57991057240852018
2100-Jun-22 06:00:00, 343.28415195140963, 0.58356522741642003, null, null, 343.28415195140963, 0.58356522741642003
2100-Jun-22 07:00:00, 345.03483999223744, 0.58654130615140776, null, null, 345.03483999223744, 0.58654130615140776
2100-Jun-22 08:00:00, 346.02137397390857, 0.58821836267759842, null, null, 346.02137397390857, 0.58821836267759842
2100-Jun-22 09:00:00, 346.14723263472126, 0.58843231586361644, null, null, 346.14723263472126, 0.58843231586361644
2100-Jun-22 10:00:00, 345.29358528767023, 0.58698115971386855, null, null, 345.29358528767023, 0.58698115971386855
2100-Jun-22 11:00:00, 343.32067965744272, 0.58362732261935035, null, null, 343.32067965744272, 0.58362732261935035
2100-Jun-22 12:00:00, 340.2224496552422, 0.57836049254419319, null, null, 340.2224496552422, 0.57836049254419319
2100-Jun-22 13:00:00, 336.16258985075234, 0.57145894175421885, null, null, 336.16258985075234, 0.57145894175421885
2100-Jun-22 14:00:00, 331.22724744117147, 0.56306911600999798, null, null, 331.22724744117147, 0.56306911600999798
2100-Jun-22 15:00:00, 325.83378623113168, 0.55390051210065117, null, null, 325.83378623113168, 0.55390051210065117
2100-Jun-22 16:00:00, 320.40669094247983, 0.54467473200468863, null, null, 320.40669094247983, 0.54467473200468863
2100-Jun-22 17:00:00, 315.45806062335248, 0.53626231750444076, null, null, 315.45806062335248, 0.53626231750444076
2100-Jun-22 18:00:00, 311.31018016310856, 0.52921113617166249, null, null, 311.31018016310856, 0.52921113617166249
2100-Jun-22 19:00:00, 308.05653167504158, 0.52368010274329546, null, null, 308.05653167504158, 0.52368010274329546
2100-Jun-22 20:00:00, 305.6984998345963, 0.51967157109567252, null, null, 305.6984998345963, 0.51967157109567252
2100-Jun-22 21:00:00, 304.21483350142563, 0.51714941539403281, null, null, 304.21483350142563, 0.51714941539403281
2100-Jun-22 22:00:00, 303.55303474276684, 0.51602439187953253, null, null, 303.55303474276684, 0.51602439187953253
2100-Jun-22 23:00:00, 303.6019235444295, 0.51610750030297181, null, null, 303.6019235444295, 0.51610750030297181
2100-Jun-23 00:00:00, 304.29336683626417, 0.51728291798407167, null, null, 304.29336683626417, 0.51728291798407167
2100-Jun-23 01:00:00, 305.5794890109143, 0.51946925887708573, null, null, 305.5794890109143, 0.51946925887708573
2100-Jun-23 02:00:00, 307.45838109261632, 0.52266327782237199, null, null, 307.45838109261632, 0.52266327782237199
2100-Jun-23 03:00:00, 309.8158611513141, 0.52667087146968483, null, null, 309.8158611513141, 0.52667087146968483
2100-Jun-23 04:00:00, 312.61448666065309, 0.53142838946906501, null, null, 312.61448666065309, 0.53142838946906501
2100-Jun-23 05:00:00, 315.79863502496318, 0.53684127629702805, null, null, 315.79863502496318, 0.53684127629702805
2100-Jun-23 06:00:00, 319.16574289187116, 0.54256518477610605, null, null, 319.16574289187116, 0.54256518477610605
2100-Jun-23 07:00:00, 322.28618686766788, 0.54786977745253629, null, null, 322.28618686766788, 0.54786977745253629
2100-Jun-23 08:00:00, 324.77875265060908, 0.55210700981442629, null, null, 324.77875265060908, 0.55210700981442629
2100-Jun-23 09:00:00, 326.19300778476622, 0.5545111700831068, null, null, 326.19300778476622, 0.5545111700831068
2100-Jun-23 10:00:00, 326.39374340346791, 0.55485241020826936, null, null, 326.39374340346791, 0.55485241020826936
2100-Jun-23 11:00:00, 325.23241103813837, 0.55287820550925515, null, null, 325.23241103813837, 0.55287820550925515
2100-Jun-23 12:00:00, 322.62447084035762, 0.54844484263492765, null, null, 322.62447084035762, 0.54844484263492765
2100-Jun-23 13:00:00, 318.67580091636466, 0.54173230886636181, null, null, 318.67580091636466, 0.54173230886636181
2100-Jun-23 14:00:00, 313.96297916716873, 0.53372075668660424, null, null, 313.96297916716873, 0.53372075668660424
2100-Jun-23 15:00:00, 308.94508776968689, 0.52519060195071976, null, null, 308.94508776968689, 0.52519060195071976
2100-Jun-23 16:00:00, 303.9310936537168, 0.51666707239097232, null, null, 303.9310936537168, 0.51666707239097232
2100-Jun-23 17:00:00, 299.18012332527252, 0.50859066960800992, null, null, 299.18012332527252, 0.50859066960800992
2100-Jun-23 18:00:00, 294.9865916466772, 0.50146188357525467, null, null, 294.9865916466772, 0.50146188357525467
2100-Jun-23 19:00:00, 291.57035238838586, 0.4956544542828128, null, null, 291.57035238838586, 0.4956544542828128
2100-Jun-23 20:00:00, 288.99199457542784, 0.49127137992611269, null, null, 288.99199457542784, 0.49127137992611269
2100-Jun-23 21:00:00, 287.21613777397334, 0.48825251560537797, null, null, 287.21613777397334, 0.48825251560537797
2100-Jun-23 22:00:00, 286.15006914431257, 0.48644025430880183, null, null, 286.15006914431257, 0.48644025430880183
2100-Jun-23 23:00:00, 285.67820307288866, 0.48563810649709754, null, null, 285.67820307288866, 0.48563810649709754
2100-Jun-24 00:00:00, 285.71111258971763, 0.48569405096631729, null, null, 285.71111258971763, 0.48569405096631729
2100-Jun-24 01:00:00, 286.16077751953077, 0.48645845799045728, null, null, 286.16077751953077, 0.48645845799045728
2100-Jun-24 02:00:00, 286.96761043502494, 0.48783003203819847, null, null, 286.96761043502494, 0.48783003203819847
2100-Jun-24 03:00:00, 288.10306745229104, 0.48976024998952489, null, null, 288.10306745229104, 0.48976024998952489
2100-Jun-24 04:00:00, 289.55222790330197, 0.49222374748380121, null, null, 289.55222790330197, 0.49222374748380121
2100-Jun-24 05:00:00, 291.30517075061766, 0.49520365927269894, null, null, 291.30517075061766, 0.49520365927269894
2100-Jun-24 06:00:00, 293.32985869604261, 0.49864552361337039, null, null, 293.32985869604261, 0.49864552361337039
2100-Jun-24 07:00:00, 295.4879148830255, 0.50231410703726331, null, null, 295.4879148830255, 0.50231410703726331
2100-Jun-24 08:00:00, 297.58520189222673, 0.50587938601540638, null, null, 297.58520189222673, 0.50587938601540638
2100-Jun-24 09:00:00, 299.42151149338065, 0.50900101695558453, null, null, 299.42151149338065, 0.50900101695558453
2100-Jun-24 10:00:00, 300.82948883627256, 0.51139450530519581, null, null, 300.82948883627256, 0.51139450530519581
2100-Jun-24 11:00:00, 301.66856428718938, 0.51282088998841036, null, null, 301.66856428718938, 0.51282088998841036
2100-Jun-24 12:00:00, 301.83098897519608, 0.5130970035213418, null, null, 301.83098897519608, 0.5130970035213418
2100-Jun-24 13:00:00, 300.87714931919828, 0.51147552565058374, null, null, 300.87714931919828, 0.51147552565058374
2100-Jun-24 14:00:00, 298.58437209548862, 0.50757792346194941, null, null, 298.58437209548862, 0.50757792346194941
2100-Jun-24 15:00:00, 295.14063001650499, 0.50172374080288495, null, null, 295.14063001650499, 0.50172374080288495
2100-Jun-24 16:00:00, 291.23765763633412, 0.49508889048519011, null, null, 291.23765763633412, 0.49508889048519011
2100-Jun-24 17:00:00, 287.55298128100679, 0.4888251320709745, null, null, 287.55298128100679, 0.4888251320709745
2100-Jun-24 18:00:00, 284.52852307814959, 0.48368371022283851, null, null, 284.52852307814959, 0.48368371022283851
2100-Jun-24 19:00:00, 282.30757416500347, 0.47990821243124859, null, null, 282.30757416500347, 0.47990821243124859
2100-Jun-24 20:00:00, 280.90000159100975, 0.47751541216773968, null, null, 280.90000159100975, 0.47751541216773968
2100-Jun-24 21:00:00, 280.22213445507202, 0.47636307324649052, null, null, 280.22213445507202, 0.47636307324649052
2100-Jun-24 22:00:00, 280.22536940081193, 0.4763685724862185, null, null, 280.22536940081193, 0.4763685724862185
2100-Jun-24 23:00:00, 280.87685875879089, 0.47747607055505503, null, null, 280.87685875879089, 0.47747607055505503
2100-Jun-25 00:00:00, 282.10894022651974, 0.47957054505329083, null, null, 282.10894022651974, 0.47957054505329083
2100-Jun-25 01:00:00, 283.82975426572881, 0.48249583953724523, null, null, 283.82975426572881, 0.48249583953724523
2100-Jun-25 02:00:00, 285.97587112826977, 0.4861441267297405, null, null, 285.97587112826977, 0.4861441267297405
2100-Jun-25 03:00:00, 288.5737516648291, 0.49056038870251145, null, null, 288.5737516648291, 0.49056038870251145
2100-Jun-25 04:00:00, 291.53577319652106, 0.49559567145275857, null, null, 291.53577319652106, 0.49559567145275857
2100-Jun-25 05:00:00, 294.75297290152577, 0.50106474384314625, null, null, 294.75297290152577, 0.50106474384314625
2100-Jun-25 06:00:00, 298.10532678787752, 0.50676357132163152, null, null, 298.10532678787752, 0.50676357132163152
2100-Jun-25 07:00:00, 301.29383755704549, 0.51218387401126042, null, null, 301.29383755704549, 0.51218387401126042
2100-Jun-25 08:00:00, 303.91214518613913, 0.51663486098031353, null, null, 303.91214518613913, 0.51663486098031353
2100-Jun-25 09:00:00, 305.5494945834119, 0.51941826990830531, null, null, 305.5494945834119, 0.51941826990830531
2100-Jun-25 10:00:00, 305.63205758017949, 0.51955862271431441, null, null, 305.63205758017949, 0.51955862271431441
2100-Jun-25 11:00:00, 304.2892045071311, 0.51727584224074563, null, null, 304.2892045071311, 0.51727584224074563
2100-Jun-25 12:00:00, 301.87386335905143, 0.51316988774691019, null, null, 301.87386335905143, 0.51316988774691019
2100-Jun-25 13:00:00, 298.28105277416148, 0.50706229637073685, null, null, 298.28105277416148, 0.50706229637073685
2100-Jun-25 14:00:00, 293.54282794292305, 0.49900756027099646, null, null, 293.54282794292305, 0.49900756027099646
2100-Jun-25 15:00:00, 287.79220441066042, 0.48923179896563312, null, null, 287.79220441066042, 0.48923179896563312
2100-Jun-25 16:00:00, 281.56476425440519, 0.47864547416634085, null, null, 281.56476425440519, 0.47864547416634085
2100-Jun-25 17:00:00, 275.65974159283513, 0.4686072423609704, null, null, 275.65974159283513, 0.4686072423609704
2100-Jun-25 18:00:00, 270.5961284838358, 0.45999936309038814, null, null, 270.5961284838358, 0.45999936309038814
2100-Jun-25 19:00:00, 266.57462752930564, 0.45316302035290595, null, null, 266.57462752930564, 0.45316302035290595
2100-Jun-25 20:00:00, 263.6130159685535, 0.44812843453196177, null, null, 263.6130159685535, 0.44812843453196177
2100-Jun-25 21:00:00, 261.64852810725046, 0.44478890720737857, null, null, 261.64852810725046, 0.44478890720737857
2100-Jun-25 22:00:00, 260.59669677782819, 0.44300084858169253, null, null, 260.59669677782819, 0.44300084858169253
2100-Jun-25 23:00:00, 260.31455935937265, 0.44252122962512919, null, null, 260.31455935937265, 0.44252122962512919
2100-Jun-26 00:00:00, 260.65738254490822, 0.44310401123358223, null, null, 260.65738254490822, 0.44310401123358223
2100-Jun-26 01:00:00, 261.5196840796882, 0.44456987905295253, null, null, 261.5196840796882, 0.44456987905295253
2100-Jun-26 02:00:00, 262.81464424784588, 0.44677124407586544, null, null, 262.81464424784588, 0.44677124407586544
2100-Jun-26 03:00:00, 264.53502623071466, 0.44969580408648319, null, null, 264.53502623071466, 0.44969580408648319
2100-Jun-26 04:00:00, 266.64929533337431, 0.45328995174141989, null, null, 266.64929533337431, 0.45328995174141989
2100-Jun-26 05:00:00, 269.22953397675496, 0.45767622341214415, null, null, 269.22953397675496, 0.45767622341214415
2100-Jun-26 06:00:00, 272.13252482234572, 0.46261115706219724, null, null, 272.13252482234572, 0.46261115706219724
2100-Jun-26 07:00:00, 274.99309541964544, 0.46747397849355254, null, null, 274.99309541964544, 0.46747397849355254
2100-Jun-26 08:00:00, 277.44348284712362, 0.47163950984198788, null, null, 277.44348284712362, 0.47163950984198788
2100-Jun-26 09:00:00, 278.85362597668063, 0.47403667991643428, null, null, 278.85362597668063, 0.47403667991643428
2100-Jun-26 10:00:00, 278.85716095136877, 0.47404268918979009, null, null, 278.85716095136877, 0.47404268918979009
2100-Jun-26 11:00:00, 277.23298244740846, 0.47128167009630567, null, null, 277.23298244740846, 0.47128167009630567
2100-Jun-26 12:00:00, 274.1248626303489, 0.46599802784958588, null, null, 274.1248626303489, 0.46599802784958588
2100-Jun-26 13:00:00, 269.81632103142312, 0.45867373092612601, null, null, 269.81632103142312, 0.45867373092612601
2100-Jun-26 14:00:00, 264.60214483417002, 0.44980990222607586, null, null, 264.60214483417002, 0.44980990222607586
2100-Jun-26 15:00:00, 258.86163030539609, 0.44005132570156041, null, null, 258.86163030539609, 0.44005132570156041
2100-Jun-26 16:00:00, 253.2513074702189, 0.43051406829372901, null, null, 253.2513074702189, 0.43051406829372901
2100-Jun-26 17:00:00, 248.26293691823676, 0.42203409746181925, null, null, 248.26293691823676, 0.42203409746181925
2100-Jun-26 18:00:00, 244.08521439711708, 0.41493218617561167, null, null, 244.08521439711708, 0.41493218617561167
2100-Jun-26 19:00:00, 240.77945677698375, 0.40931256992938969, null, null, 240.77945677698375, 0.40931256992938969
2100-Jun-26 20:00:00, 238.36679859641288, 0.40521117634096032, null, null, 238.36679859641288, 0.40521117634096032
2100-Jun-26 21:00:00, 236.83374120076431, 0.40260505839858379, null, null, 236.83374120076431, 0.40260505839858379
2100-Jun-26 22:00:00, 236.09479240839235, 0.40134888383410616, null, null, 236.09479240839235, 0.40134888383410616
2100-Jun-26 23:00:00, 236.07371570401463, 0.4013130545314324, null, null, 236.07371570401463, 0.4013130545314324
2100-Jun-27 00:00:00, 236.67834673321502, 0.40234089587526556, null, null, 236.67834673321502, 0.40234089587526556
2100-Jun-27 01:00:00, 237.78028440556452, 0.40421413268129897, null, null, 237.78028440556452, 0.40421413268129897
2100-Jun-27 02:00:00, 239.31771307794139, 0.40682768156706034, null, null, 239.31771307794139, 0.40682768156706034
2100-Jun-27 03:00:00, 241.22160630657925, 0.41006420116352538, null, null, 241.22160630657925, 0.41006420116352538
2100-Jun-27 04:00:00, 243.44227400554306, 0.41383922090561226, null, null, 243.44227400554306, 0.41383922090561226
2100-Jun-27 05:00:00, 245.95376109852847, 0.41810861851176473, null, null, 245.95376109852847, 0.41810861851176473
2100-Jun-27 06:00:00, 248.6760364139499, 0.42273634514727476, null, null, 248.6760364139499, 0.42273634514727476
2100-Jun-27 07:00:00, 251.28203886207348, 0.42716641394783578, null, null, 251.28203886207348, 0.42716641394783578
2100-Jun-27 08:00:00, 253.37836234669385, 0.43073005498423883, null, null, 253.37836234669385, 0.43073005498423883
2100-Jun-27 09:00:00, 254.70607664773132, 0.43298710033172882, null, null, 254.70607664773132, 0.43298710033172882
2100-Jun-27 10:00:00, 255.032114492837, 0.43354134773331693, null, null, 255.032114492837, 0.43354134773331693
2100-Jun-27 11:00:00, 254.01241773670796, 0.43180791621309211, null, null, 254.01241773670796, 0.43180791621309211
2100-Jun-27 12:00:00, 251.47737108728887, 0.42749846858473528, null, null, 251.47737108728887, 0.42749846858473528
2100-Jun-27 13:00:00, 247.40051603326097, 0.42056802675331534, null, null, 247.40051603326097, 0.42056802675331534
2100-Jun-27 14:00:00, 242.16194696261186, 0.41166273143550908, null, null, 242.16194696261186, 0.41166273143550908
2100-Jun-27 15:00:00, 236.21463162605133, 0.40155260427942541, null, null, 236.21463162605133, 0.40155260427942541
2100-Jun-27 16:00:00, 230.01563591633061, 0.3910146335617774, null, null, 230.01563591633061, 0.3910146335617774
2100-Jun-27 17:00:00, 224.12832959790254, 0.38100651861952423, null, null, 224.12832959790254, 0.38100651861952423
2100-Jun-27 18:00:00, 219.10187589815291, 0.37246180841452853, null, null, 219.10187589815291, 0.37246180841452853
2100-Jun-27 19:00:00, 215.14413206193166, 0.36573384946649268, null, null, 215.14413206193166, 0.36573384946649268
2100-Jun-27 20:00:00, 212.19438448903787, 0.36071943180866722, null, null, 212.19438448903787, 0.36071943180866722
2100-Jun-27 21:00:00, 210.13049173527028, 0.3572109213301935, null, null, 210.13049173527028, 0.3572109213301935
2100-Jun-27 22:00:00, 208.90337387289651, 0.35512488470324116, null, null, 208.90337387289651, 0.35512488470324116
2100-Jun-27 23:00:00, 208.47130022948735, 0.35439038195225953, null, null, 208.47130022948735, 0.35439038195225953
2100-Jun-28 00:00:00, 208.71039928460425, 0.3547968379266504, null, null, 208.71039928460425, 0.3547968379266504
2100-Jun-28 01:00:00, 209.50186131518959, 0.35614228226844269, null, null, 209.50186131518959, 0.35614228226844269
2100-Jun-28 02:00:00, 210.80041096547299, 0.35834974922452406, null, null, 210.80041096547299, 0.35834974922452406
2100-Jun-28 03:00:00, 212.57244602527703, 0.36136211678296232, null, null, 212.57244602527703, 0.36136211678296232
2100-Jun-28 04:00:00, 214.74238899312417, 0.36505090711690003, null, null, 214.74238899312417, 0.36505090711690003
2100-Jun-28 05:00:00, 217.29370683538568, 0.369388014927929, null, null, 217.29370683538568, 0.369388014927929
2100-Jun-28 06:00:00, 220.09897637656547, 0.37415682743633361, null, null, 220.09897637656547, 0.37415682743633361
2100-Jun-28 07:00:00, 222.81473932886396, 0.37877348339280048, null, null, 222.81473932886396, 0.37877348339280048
2100-Jun-28 08:00:00, 225.10724002248483, 0.38267061549464748, null, null, 225.10724002248483, 0.38267061549464748
2100-Jun-28 09:00:00, 226.49020857550437, 0.38502159020048488, null, null, 226.49020857550437, 0.38502159020048488
2100-Jun-28 10:00:00, 226.56937909858013, 0.38515617597743013, null, null, 226.56937909858013, 0.38515617597743013
2100-Jun-28 11:00:00, 225.01632812053646, 0.38251606998349064, null, null, 225.01632812053646, 0.38251606998349064
2100-Jun-28 12:00:00, 221.81813570635791, 0.37707930900022874, null, null, 221.81813570635791, 0.37707930900022874
2100-Jun-28 13:00:00, 217.17000654053382, 0.36917773085193434, null, null, 217.17000654053382, 0.36917773085193434
2100-Jun-28 14:00:00, 211.48985099628476, 0.35952176146593856, null, null, 211.48985099628476, 0.35952176146593856
2100-Jun-28 15:00:00, 205.31487330738551, 0.34902462013614055, null, null, 205.31487330738551, 0.34902462013614055
2100-Jun-28 16:00:00, 199.08700443207198, 0.33843756653671769, null, null, 199.08700443207198, 0.33843756653671769
2100-Jun-28 17:00:00, 193.31785238355386, 0.32863030771613011, null, null, 193.31785238355386, 0.32863030771613011
2100-Jun-28 18:00:00, 188.41605732466763, 0.32029751072557022, null, null, 188.41605732466763, 0.32029751072557022
2100-Jun-28 19:00:00, 184.55389243789193, 0.31373203102702008, null, null, 184.55389243789193, 0.31373203102702008
2100-Jun-28 20:00:00, 181.74065042064711, 0.30894966572341215, null, null, 181.74065042064711, 0.30894966572341215
2100-Jun-28 21:00:00, 179.88191558374439, 0.30578991304727493, null, null, 179.88191558374439, 0.30578991304727493
2100-Jun-28 22:00:00, 178.86620235564288, 0.30406325331778405, null, null, 178.86620235564288, 0.30406325331778405
2100-Jun-28 23:00:00, 178.56750788555092, 0.30355548823344686, null, null, 178.56750788555092, 0.30355548823344686
2100-Jun-29 00:00:00, 178.83863536301735, 0.30401639086220822, null, null, 178.83863536301735, 0.30401639086220822
2100-Jun-29 01:00:00, 179.5407997810658, 0.30521003390099366, null, null, 179.5407997810658, 0.30521003390099366
2100-Jun-29 02:00:00, 180.64319521176475, 0.30708404887244423, null, null, 180.64319521176475, 0.30708404887244423
2100-Jun-29 03:00:00, 182.15583059252026, 0.30965545045026499, null, null, 182.15583059252026, 0.30965545045026499
2100-Jun-29 04:00:00, 183.98081251494827, 0.3127578249249926, null, null, 183.98081251494827, 0.3127578249249926
2100-Jun-29 05:00:00, 186.01062259712899, 0.31620839663209427, null, null, 186.01062259712899, 0.31620839663209427
2100-Jun-29 06:00:00, 188.16232441949913, 0.31986617796620459, null, null, 188.16232441949913, 0.31986617796620459
2100-Jun-29 07:00:00, 190.22414043201289, 0.32337115809241712, null, null, 190.22414043201289, 0.32337115809241712
2100-Jun-29 08:00:00, 191.85513663918232, 0.32614376692723124, null, null, 191.85513663918232, 0.32614376692723124
2100-Jun-29 09:00:00, 192.44598693908665, 0.32714818174706112, null, null, 192.44598693908665, 0.32714818174706112
2100-Jun-29 10:00:00, 191.90390063583138, 0.32622666318863003, null, null, 191.90390063583138, 0.32622666318863003
2100-Jun-29 11:00:00, 189.61467133796506, 0.32233509228964263, null, null, 189.61467133796506, 0.32233509228964263
2100-Jun-29 12:00:00, 185.69365529397589, 0.31566956868068252, null, null, 185.69365529397589, 0.31566956868068252
2100-Jun-29 13:00:00, 180.8009878858779, 0.30735228822235316, null, null, 180.8009878858779, 0.30735228822235316
2100-Jun-29 14:00:00, 175.56786889119988, 0.29845625775060941, null, null, 175.56786889119988, 0.29845625775060941
2100-Jun-29 15:00:00, 170.51560861249504, 0.28986767770183786, null, null, 170.51560861249504, 0.28986767770183786
2100-Jun-29 16:00:00, 166.03151111444899, 0.28224494486861623, null, null, 166.03151111444899, 0.28224494486861623
2100-Jun-29 17:00:00, 162.36282421514116, 0.27600836769910786, null, null, 162.36282421514116, 0.27600836769910786
2100-Jun-29 18:00:00, 159.63289204079379, 0.27136762480113708, null, null, 159.63289204079379, 0.27136762480113708
2100-Jun-29 19:00:00, 157.88050316179601, 0.26838865472960549, null, null, 157.88050316179601, 0.26838865472960549
2100-Jun-29 20:00:00, 157.03095953328128, 0.26694447468821358, null, null, 157.03095953328128, 0.26694447468821358
2100-Jun-29 21:00:00, 156.9607499150284, 0.26682512198401898, null, null, 156.9607499150284, 0.26682512198401898
2100-Jun-29 22:00:00, 157.58238273548835, 0.26788186548988452, null, null, 157.58238273548835, 0.26788186548988452
2100-Jun-29 23:00:00, 158.81595633532186, 0.26997887653519381, null, null, 158.81595633532186, 0.26997887653519381
2100-Jun-30 00:00:00, 160.59130721815407, 0.27299688082054913, null, null, 160.59130721815407, 0.27299688082054913
2100-Jun-30 01:00:00, 162.82785313834952, 0.27679889271398156, null, null, 162.82785313834952, 0.27679889271398156
2100-Jun-30 02:00:00, 165.53883829527635, 0.28140742666648538, null, null, 165.53883829527635, 0.28140742666648538
2100-Jun-30 03:00:00, 168.68188021549483, 0.28675043467464784, null, null, 168.68188021549483, 0.28675043467464784
2100-Jun-30 04:00:00, 172.22018155432013, 0.29276536316383622, null, null, 172.22018155432013, 0.29276536316383622
2100-Jun-30 05:00:00, 176.10759386560974, 0.29937376217265566, null, null, 176.10759386560974, 0.29937376217265566
2100-Jun-30 06:00:00, 180.12348643772754, 0.30620057095134795, null, null, 180.12348643772754, 0.30620057095134795
2100-Jun-30 07:00:00, 183.94010545015863, 0.31268862502926076, null, null, 183.94010545015863, 0.31268862502926076
2100-Jun-30 08:00:00, 187.20049658116505, 0.31823112060039788, null, null, 187.20049658116505, 0.31823112060039788
2100-Jun-30 09:00:00, 189.13351959904912, 0.321517159325519, null, null, 189.13351959904912, 0.321517159325519
2100-Jun-30 10:00:00, 189.03679751501664, 0.32135273680661225, null, null, 189.03679751501664, 0.32135273680661225
2100-Jun-30 11:00:00, 186.9389814486982, 0.31778655845885029, null, null, 186.9389814486982, 0.31778655845885029
2100-Jun-30 12:00:00, 183.27002330515919, 0.31154952018823789, null, null, 183.27002330515919, 0.31154952018823789
2100-Jun-30 13:00:00, 179.03688704736658, 0.30435340842799241, null, null, 179.03688704736658, 0.30435340842799241
2100-Jun-30 14:00:00, 175.26330803274004, 0.29793852011075933, null, null, 175.26330803274004, 0.29793852011075933
2100-Jun-30 15:00:00, 172.24745995042659, 0.29281173502031993, null, null, 172.24745995042659, 0.29281173502031993
2100-Jun-30 16:00:00, 169.87763533821612, 0.28878315627323758, null, null, 169.87763533821612, 0.28878315627323758
2100-Jun-30 17:00:00, 167.86231769309708, 0.28535722095637306, null, null, 167.86231769309708, 0.28535722095637306
2100-Jun-30 18:00:00, 166.2367725059654, 0.28259387857248569, null, null, 166.2367725059654, 0.28259387857248569
2100-Jun-30 19:00:00, 165.08871853408988, 0.28064224645263564, null, null, 165.08871853408988, 0.28064224645263564
2100-Jun-30 20:00:00, 164.49652299669046, 0.27963554479893854, null, null, 164.49652299669046, 0.27963554479893854
2100-Jun-30 21:00:00, 164.50505532013119, 0.27965004930560095, null, null, 164.50505532013119, 0.27965004930560095
2100-Jun-30 22:00:00, 165.09466135546134, 0.28065234894028446, null, null, 165.09466135546134, 0.28065234894028446
2100-Jun-30 23:00:00, 166.20830985153307, 0.28254549353836089, null, null, 166.20830985153307, 0.28254549353836089
2100-Jul-01 00:00:00, 167.78619256757537, 0.28522781219708532, null, null, 167.78619256757537, 0.28522781219708532
2100-Jul-01 01:00:00, 169.77644712779215, 0.28861114157144535, null, null, 169.77644712779215, 0.28861114157144535
2100-Jul-01 02:00:00, 172.13910096001933, 0.29262753036502148, null, null, 172.13910096001933, 0.29262753036502148
2100-Jul-01 03:00:00, 174.84136452228569, 0.29722123805962042, null, null, 174.84136452228569, 0.29722123805962042
2100-Jul-01 04:00:00, 177.85976923544914, 0.30235236928970805, null, null, 177.85976923544914, 0.30235236928970805
2100-Jul-01 05:00:00, 181.16269207251304, 0.30796716655195661, null, null, 181.16269207251304, 0.30796716655195661
2100-Jul-01 06:00:00, 184.64654136352124, 0.3138895293882098, null, null, 184.64654136352124, 0.3138895293882098
2100-Jul-01 07:00:00, 188.12803660231575, 0.3198078904579742, null, null, 188.12803660231575, 0.3198078904579742
2100-Jul-01 08:00:00, 191.38679004722732, 0.32534760204781493, null, null, 191.38679004722732, 0.32534760204781493
2100-Jul-01 09:00:00, 194.1016136319142, 0.32996266112813477, null, null, 194.1016136319142, 0.32996266112813477
2100-Jul-01 10:00:00, 196.02409603272838, 0.33323078135173889, null, null, 196.02409603272838, 0.33323078135173889
2100-Jul-01 11:00:00, 197.06724804539729, 0.33500408558976619, null, null, 197.06724804539729, 0.33500408558976619
2100-Jul-01 12:00:00, 197.51829616809169, 0.33577084396995832, null, null, 197.51829616809169, 0.33577084396995832
2100-Jul-01 13:00:00, 197.65222487972594, 0.33599851582319756, null, null, 197.65222487972594, 0.33599851582319756
2100-Jul-01 14:00:00, 197.75416710181759, 0.3361718123056599, null, null, 197.75416710181759, 0.3361718123056599
2100-Jul-01 15:00:00, 197.9207820731867, 0.33645504910265528, null, null, 197.9207820731867, 0.33645504910265528
2100-Jul-01 16:00:00, 198.2470396420178, 0.33700967002316373, null, null, 198.2470396420178, 0.33700967002316373
2100-Jul-01 17:00:00, 198.8395083368041, 0.33801683603023014, null, null, 198.8395083368041, 0.33801683603023014
2100-Jul-01 18:00:00, 199.7956005220106, 0.33964214308364188, null, null, 199.7956005220106, 0.33964214308364188
2100-Jul-01 19:00:00, 201.12872257120642, 0.34190838132211121, null, null, 201.12872257120642, 0.34190838132211121
2100-Jul-01 20:00:00, 202.82227516632477, 0.34478733276712809, null, null, 202.82227516632477, 0.34478733276712809
2100-Jul-01 21:00:00, 204.84205615574308, 0.34822085553746585, null, null, 204.84205615574308, 0.34822085553746585
2100-Jul-01 22:00:00, 207.15004003923454, 0.35214430825786341, null, null, 207.15004003923454, 0.35214430825786341
2100-Jul-01 23:00:00, 209.69475553283243, 0.3564701924191041, null, null, 209.69475553283243, 0.3564701924191041
2100-Jul-02 00:00:00, 212.44570773391996, 0.36114666827070874, null, null, 212.44570773391996, 0.36114666827070874
2100-Jul-02 01:00:00, 215.3657173035831, 0.36611053286769657, null, null, 215.3657173035831, 0.36611053286769657
2100-Jul-02 02:00:00, 218.42680882890181, 0.37131422946120529, null, null, 218.42680882890181, 0.37131422946120529
2100-Jul-02 03:00:00, 221.61499722478919, 0.37673398413300196, null, null, 221.61499722478919, 0.37673398413300196
2100-Jul-02 04:00:00, 224.90928999487554, 0.38233411072965251, null, null, 224.90928999487554, 0.38233411072965251
2100-Jul-02 05:00:00, 228.28697081651023, 0.38807599268258441, null, null, 228.28697081651023, 0.38807599268258441
2100-Jul-02 06:00:00, 231.65850311983175, 0.39380742247375089, null, null, 231.65850311983175, 0.39380742247375089
2100-Jul-02 07:00:00, 234.80274903041723, 0.39915247720299946, null, null, 234.80274903041723, 0.39915247720299946
2100-Jul-02 08:00:00, 237.41219281733709, 0.40358839610076375, null, null, 237.41219281733709, 0.40358839610076375
2100-Jul-02 09:00:00, 239.1864295281645, 0.40660450635158335, null, null, 239.1864295281645, 0.40660450635158335
2100-Jul-02 10:00:00, 239.86889757572561, 0.40776466658361121, null, null, 239.86889757572561, 0.40776466658361121
2100-Jul-02 11:00:00, 239.4313824200018, 0.40702091354433828, null, null, 239.4313824200018, 0.40702091354433828
2100-Jul-02 12:00:00, 237.97473919103368, 0.40454469571620594, null, null, 237.97473919103368, 0.40454469571620594
2100-Jul-02 13:00:00, 235.83454605618829, 0.40090647855310224, null, null, 235.83454605618829, 0.40090647855310224
2100-Jul-02 14:00:00, 233.27869970919119, 0.39656167251924285, null, null, 233.27869970919119, 0.39656167251924285
2100-Jul-02 15:00:00, 230.37777191570714, 0.39163024595061191, null, null, 230.37777191570714, 0.39163024595061191
2100-Jul-02 16:00:00, 227.30651213048137, 0.38640926384342195, null, null, 227.30651213048137, 0.38640926384342195
2100-Jul-02 17:00:00, 224.3513668242702, 0.38138567031932652, null, null, 224.3513668242702, 0.38138567031932652
2100-Jul-02 18:00:00, 221.71513006512833, 0.37690420476046815, null, null, 221.71513006512833, 0.37690420476046815
2100-Jul-02 19:00:00, 219.52262278772105, 0.37317705627231584, null, null, 219.52262278772105, 0.37317705627231584
2100-Jul-02 20:00:00, 217.86872464469741, 0.37036551533612433, null, null, 217.86872464469741, 0.37036551533612433
2100-Jul-02 21:00:00, 216.77415485917791, 0.36850480355499837, null, null, 216.77415485917791, 0.36850480355499837
2100-Jul-02 22:00:00, 216.21383435568538, 0.36755228780328669, null, null, 216.21383435568538, 0.36755228780328669
2100-Jul-02 23:00:00, 216.14645214227511, 0.3674377415404631, null, null, 216.14645214227511, 0.3674377415404631
2100-Jul-03 00:00:00, 216.52859367501864, 0.36808736229689204, null, null, 216.52859367501864, 0.36808736229689204
2100-Jul-03 01:00:00, 217.35711095907402, 0.3694957986448556, null, null, 217.35711095907402, 0.3694957986448556
2100-Jul-03 02:00:00, 218.60686937835737, 0.37162032304255604, null, null, 218.60686937835737, 0.37162032304255604
2100-Jul-03 03:00:00, 220.21348094093619, 0.37435147924815587, null, null, 220.21348094093619, 0.37435147924815587
2100-Jul-03 04:00:00, 222.11584516294414, 0.37758539961276993, null, null, 222.11584516294414, 0.37758539961276993
2100-Jul-03 05:00:00, 224.28974844053661, 0.38128092226756793, null, null, 224.28974844053661, 0.38128092226756793
2100-Jul-03 06:00:00, 226.64898746294722, 0.38529150606182827, null, null, 226.64898746294722, 0.38529150606182827
2100-Jul-03 07:00:00, 229.00086967794738, 0.38928958366561894, null, null, 229.00086967794738, 0.38928958366561894
2100-Jul-03 08:00:00, 231.10739271309606, 0.39287056340813403, null, null, 231.10739271309606, 0.39287056340813403
2100-Jul-03 09:00:00, 232.64446350116265, 0.39548350390915715, null, null, 232.64446350116265, 0.39548350390915715
2100-Jul-03 10:00:00, 233.11535645266588, 0.39628399746754217, null, null, 233.11535645266588, 0.39628399746754217
2100-Jul-03 11:00:00, 232.13866654742114, 0.39462367535995435, null, null, 232.13866654742114, 0.39462367535995435
2100-Jul-03 12:00:00, 229.81454797692709, 0.39067279450972198, null, null, 229.81454797692709, 0.39067279450972198
2100-Jul-03 13:00:00, 226.31259717211529, 0.38471966004023334, null, null, 226.31259717211529, 0.38471966004023334
2100-Jul-03 14:00:00, 221.90386560810546, 0.37722504538020818, null, null, 221.90386560810546, 0.37722504538020818
2100-Jul-03 15:00:00, 217.12745650104347, 0.3691053979949393, null, null, 217.12745650104347, 0.3691053979949393
2100-Jul-03 16:00:00, 212.41762989745447, 0.36109893740713928, null, null, 212.41762989745447, 0.36109893740713928
2100-Jul-03 17:00:00, 208.03961234906447, 0.35365653497831723, null, null, 208.03961234906447, 0.35365653497831723
2100-Jul-03 18:00:00, 204.17645484169242, 0.34708936787631212, null, null, 204.17645484169242, 0.34708936787631212
2100-Jul-03 19:00:00, 200.95303655958173, 0.34160972422785024, null, null, 200.95303655958173, 0.34160972422785024
2100-Jul-03 20:00:00, 198.43395398679667, 0.33732741470056354, null, null, 198.43395398679667, 0.33732741470056354
2100-Jul-03 21:00:00, 196.63599237639067, 0.33427097335278155, null, null, 196.63599237639067, 0.33427097335278155
2100-Jul-03 22:00:00, 195.52141018932949, 0.33237624152852091, null, null, 195.52141018932949, 0.33237624152852091
2100-Jul-03 23:00:00, 195.00420122679174, 0.33149701315712826, null, null, 195.00420122679174, 0.33149701315712826
2100-Jul-04 00:00:00, 194.99900295180939, 0.3314881763596676, null, null, 194.99900295180939, 0.3314881763596676
2100-Jul-04 01:00:00, 195.42711667721039, 0.33221594745572186, null, null, 195.42711667721039, 0.33221594745572186
2100-Jul-04 02:00:00, 196.23847063350172, 0.33359520703798584, null, null, 196.23847063350172, 0.33359520703798584
2100-Jul-04 03:00:00, 197.4301761839049, 0.33562104457397812, null, null, 197.4301761839049, 0.33562104457397812
2100-Jul-04 04:00:00, 199.00804716987392, 0.33830334329218731, null, null, 199.00804716987392, 0.33830334329218731
2100-Jul-04 05:00:00, 200.97268201070224, 0.34164312047432904, null, null, 200.97268201070224, 0.34164312047432904
2100-Jul-04 06:00:00, 203.22767555829807, 0.34547649237613354, null, null, 203.22767555829807, 0.34547649237613354
2100-Jul-04 07:00:00, 205.52038045432727, 0.34937397161146799, null, null, 205.52038045432727, 0.34937397161146799
2100-Jul-04 08:00:00, 207.54923044550131, 0.3528229112137275, null, null, 207.54923044550131, 0.3528229112137275
2100-Jul-04 09:00:00, 208.83165927090718, 0.3550029736048666, null, null, 208.83165927090718, 0.3550029736048666
2100-Jul-04 10:00:00, 208.98009611974754, 0.35525530853777304, null, null, 208.98009611974754, 0.35525530853777304
2100-Jul-04 11:00:00, 207.59498850594395, 0.35290069753971004, null, null, 207.59498850594395, 0.35290069753971004
2100-Jul-04 12:00:00, 204.8257592017425, 0.34819315156216296, null, null, 204.8257592017425, 0.34819315156216296
2100-Jul-04 13:00:00, 201.23222717910286, 0.3420843337792881, null, null, 201.23222717910286, 0.3420843337792881
2100-Jul-04 14:00:00, 197.22728696759779, 0.33527614344474876, null, null, 197.22728696759779, 0.33527614344474876
2100-Jul-04 15:00:00, 193.13662956455119, 0.32832223833692004, null, null, 193.13662956455119, 0.32832223833692004
2100-Jul-04 16:00:00, 189.15336965870992, 0.32155090339588849, null, null, 189.15336965870992, 0.32155090339588849
2100-Jul-04 17:00:00, 185.41514775842057, 0.31519612033650574, null, null, 185.41514775842057, 0.31519612033650574
2100-Jul-04 18:00:00, 182.08447047041182, 0.30953414194927548, null, null, 182.08447047041182, 0.30953414194927548
2100-Jul-04 19:00:00, 179.28982517095267, 0.30478339009995054, null, null, 179.28982517095267, 0.30478339009995054
2100-Jul-04 20:00:00, 177.14318908989532, 0.30113422026294673, null, null, 177.14318908989532, 0.30113422026294673
2100-Jul-04 21:00:00, 175.67248341925014, 0.29863409701439619, null, null, 175.67248341925014, 0.29863409701439619
2100-Jul-04 22:00:00, 174.83996105307017, 0.29721885223485323, null, null, 174.83996105307017, 0.29721885223485323
2100-Jul-04 23:00:00, 174.56452883129376, 0.29675063176436228, null, null, 174.56452883129376, 0.29675063176436228
2100-Jul-05 00:00:00, 174.81192848672836, 0.29717119832814259, null, null, 174.81192848672836, 0.29717119832814259
2100-Jul-05 01:00:00, 175.53831562760274, 0.29840601873755296, null, null, 175.53831562760274, 0.29840601873755296
2100-Jul-05 02:00:00, 176.68497530553316, 0.3003552806301189, null, null, 176.68497530553316, 0.3003552806301189
2100-Jul-05 03:00:00, 178.18938375443412, 0.30291269685111105, null, null, 178.18938375443412, 0.30291269685111105
2100-Jul-05 04:00:00, 179.96760615158826, 0.30593558256166115, null, null, 179.96760615158826, 0.30593558256166115
2100-Jul-05 05:00:00, 181.95833649492943, 0.30931972074261943, null, null, 181.95833649492943, 0.30931972074261943
2100-Jul-05 06:00:00, 184.09892598668355, 0.31295861169188038, null, null, 184.09892598668355, 0.31295861169188038
2100-Jul-05 07:00:00, 186.1789646057897, 0.31649456930277942, null, null, 186.1789646057897, 0.31649456930277942
2100-Jul-05 08:00:00, 187.92325008148367, 0.31945976400960235, null, null, 187.92325008148367, 0.31945976400960235
2100-Jul-05 09:00:00, 188.91788729544714, 0.32115059560979103, null, null, 188.91788729544714, 0.32115059560979103
2100-Jul-05 10:00:00, 188.9241334012998, 0.3211612136653047, null, null, 188.9241334012998, 0.3211612136653047
2100-Jul-05 11:00:00, 187.78925896578104, 0.31923198607268827, null, null, 187.78925896578104, 0.31923198607268827
2100-Jul-05 12:00:00, 185.60391449882059, 0.31551701399024418, null, null, 185.60391449882059, 0.31551701399024418
2100-Jul-05 13:00:00, 182.55547297496318, 0.31033482174215193, null, null, 182.55547297496318, 0.31033482174215193
2100-Jul-05 14:00:00, 178.81430405273323, 0.30397502889854466, null, null, 178.81430405273323, 0.30397502889854466
2100-Jul-05 15:00:00, 174.61153907258046, 0.29683054673273884, null, null, 174.61153907258046, 0.29683054673273884
2100-Jul-05 16:00:00, 170.12287261586965, 0.28920004690710849, null, null, 170.12287261586965, 0.28920004690710849
2100-Jul-05 17:00:00, 165.84179811346317, 0.28192244262103272, null, null, 165.84179811346317, 0.28192244262103272
2100-Jul-05 18:00:00, 162.22352919623347, 0.27577157340224107, null, null, 162.22352919623347, 0.27577157340224107
2100-Jul-05 19:00:00, 159.4617588273658, 0.27107670722732857, null, null, 159.4617588273658, 0.27107670722732857
2100-Jul-05 20:00:00, 157.57117640169696, 0.26786281530451972, null, null, 157.57117640169696, 0.26786281530451972
2100-Jul-05 21:00:00, 156.47150129380339, 0.265993424740539, null, null, 156.47150129380339, 0.265993424740539
2100-Jul-05 22:00:00, 156.06029436902139, 0.26529439432736229, null, null, 156.06029436902139, 0.26529439432736229
2100-Jul-05 23:00:00, 156.22666830316726, 0.26557722137359813, null, null, 156.22666830316726, 0.26557722137359813
2100-Jul-06 00:00:00, 156.85587324062672, 0.26664683708505121, null, null, 156.85587324062672, 0.26664683708505121
2100-Jul-06 01:00:00, 157.87073904537317, 0.26837205623885541, null, null, 157.87073904537317, 0.26837205623885541
2100-Jul-06 02:00:00, 159.27189086537837, 0.27075394155409127, null, null, 159.27189086537837, 0.27075394155409127
2100-Jul-06 03:00:00, 161.02807975920211, 0.27373937145344623, null, null, 161.02807975920211, 0.27373937145344623
2100-Jul-06 04:00:00, 163.10785098388789, 0.2772748745077197, null, null, 163.10785098388789, 0.2772748745077197
2100-Jul-06 05:00:00, 165.47061205985463, 0.28129144561008262, null, null, 165.47061205985463, 0.28129144561008262
2100-Jul-06 06:00:00, 168.00487136851109, 0.28559955480003912, null, null, 168.00487136851109, 0.28559955480003912
2100-Jul-06 07:00:00, 170.43915046804747, 0.28973770282767386, null, null, 170.43915046804747, 0.28973770282767386
2100-Jul-06 08:00:00, 172.29370272781662, 0.29289034533993585, null, null, 172.29370272781662, 0.29289034533993585
2100-Jul-06 09:00:00, 173.4260161881318, 0.29481521940772859, null, null, 173.4260161881318, 0.29481521940772859
2100-Jul-06 10:00:00, 173.74102457453475, 0.29535071730241536, null, null, 173.74102457453475, 0.29535071730241536
2100-Jul-06 11:00:00, 172.97934083874472, 0.29405589451502784, null, null, 172.97934083874472, 0.29405589451502784
2100-Jul-06 12:00:00, 171.15928064736767, 0.29096188672744183, null, null, 171.15928064736767, 0.29096188672744183
2100-Jul-06 13:00:00, 168.24468900109645, 0.28600723231880193, null, null, 168.24468900109645, 0.28600723231880193
2100-Jul-06 14:00:00, 164.12697428222125, 0.27900733117947851, null, null, 164.12697428222125, 0.27900733117947851
2100-Jul-06 15:00:00, 159.19457194896341, 0.27062250341229305, null, null, 159.19457194896341, 0.27062250341229305
2100-Jul-06 16:00:00, 154.07629937638046, 0.2619217058927461, null, null, 154.07629937638046, 0.2619217058927461
2100-Jul-06 17:00:00, 149.36639305221948, 0.25391510978411458, null, null, 149.36639305221948, 0.25391510978411458
2100-Jul-06 18:00:00, 145.49673806164381, 0.24733689729815625, null, null, 145.49673806164381, 0.24733689729815625
2100-Jul-06 19:00:00, 142.59685443599571, 0.2424072457606101, null, null, 142.59685443599571, 0.2424072457606101
2100-Jul-06 20:00:00, 140.60212551722458, 0.23901631020911529, null, null, 140.60212551722458, 0.23901631020911529
2100-Jul-06 21:00:00, 139.36764031780342, 0.2369177494918574, null, null, 139.36764031780342, 0.2369177494918574
2100-Jul-06 22:00:00, 138.74205056757009, 0.23585427941090836, null, null, 138.74205056757009, 0.23585427941090836
2100-Jul-06 23:00:00, 138.60272126660183, 0.23561742683631931, null, null, 138.60272126660183, 0.23561742683631931
2100-Jul-07 00:00:00, 139.01086841794807, 0.23631125579358631, null, null, 139.01086841794807, 0.23631125579358631
2100-Jul-07 01:00:00, 140.03265603824246, 0.23804824167428837, null, null, 140.03265603824246, 0.23804824167428837
2100-Jul-07 02:00:00, 141.61320346077937, 0.24073509019564318, null, null, 141.61320346077937, 0.24073509019564318
2100-Jul-07 03:00:00, 143.6715599566285, 0.24423418932322039, null, null, 143.6715599566285, 0.24423418932322039
2100-Jul-07 04:00:00, 146.14816056433776, 0.24844428171648084, null, null, 146.14816056433776, 0.24844428171648084
2100-Jul-07 05:00:00, 148.9277679208825, 0.25316946984395372, null, null, 148.9277679208825, 0.25316946984395372
2100-Jul-07 06:00:00, 151.892491420456, 0.25820934579925353, null, null, 151.892491420456, 0.25820934579925353
2100-Jul-07 07:00:00, 154.85610874391514, 0.26324734131261612, null, null, 154.85610874391514, 0.26324734131261612
2100-Jul-07 08:00:00, 157.52907734640999, 0.26779124909724539, null, null, 157.52907734640999, 0.26779124909724539
2100-Jul-07 09:00:00, 159.52436092346912, 0.27118312753901969, null, null, 159.52436092346912, 0.27118312753901969
2100-Jul-07 10:00:00, 160.54501083134809, 0.27291817936771068, null, null, 160.54501083134809, 0.27291817936771068
2100-Jul-07 11:00:00, 160.58624407770071, 0.27298827374476858, null, null, 160.58624407770071, 0.27298827374476858
2100-Jul-07 12:00:00, 159.67859977702778, 0.27144532557857887, null, null, 159.67859977702778, 0.27144532557857887
2100-Jul-07 13:00:00, 157.68046928068034, 0.26804860752188941, null, null, 157.68046928068034, 0.26804860752188941
2100-Jul-07 14:00:00, 154.95101854070023, 0.26340868303733628, null, null, 154.95101854070023, 0.26340868303733628
2100-Jul-07 15:00:00, 152.15278184539292, 0.25865182600161413, null, null, 152.15278184539292, 0.25865182600161413
2100-Jul-07 16:00:00, 149.72966342339819, 0.25453265054609114, null, null, 149.72966342339819, 0.25453265054609114
2100-Jul-07 17:00:00, 148.12356629209012, 0.25180236884693097, null, null, 148.12356629209012, 0.25180236884693097
2100-Jul-07 18:00:00, 147.5836271081792, 0.25088450027985942, null, null, 147.5836271081792, 0.25088450027985942
2100-Jul-07 19:00:00, 148.06323852816732, 0.25169981478181314, null, null, 148.06323852816732, 0.25169981478181314
2100-Jul-07 20:00:00, 149.36819726663009, 0.25391817685489793, null, null, 149.36819726663009, 0.25391817685489793
2100-Jul-07 21:00:00, 151.32174081996007, 0.25723909942439727, null, null, 151.32174081996007, 0.25723909942439727
2100-Jul-07 22:00:00, 153.78938341330866, 0.26143396365854271, null, null, 153.78938341330866, 0.26143396365854271
2100-Jul-07 23:00:00, 156.65057655996239, 0.26629784339146328, null, null, 156.65057655996239, 0.26629784339146328
2100-Jul-08 00:00:00, 159.81861767156437, 0.2716833487264671, null, null, 159.81861767156437, 0.2716833487264671
2100-Jul-08 01:00:00, 163.23212191344859, 0.27748612863307942, null, null, 163.23212191344859, 0.27748612863307942
2100-Jul-08 02:00:00, 166.8349840564224, 0.28361080713589626, null, null, 166.8349840564224, 0.28361080713589626
2100-Jul-08 03:00:00, 170.66084504728497, 0.29011457209709479, null, null, 170.66084504728497, 0.29011457209709479
2100-Jul-08 04:00:00, 174.71024221810788, 0.29699833695328648, null, null, 174.71024221810788, 0.29699833695328648
2100-Jul-08 05:00:00, 178.84084281585839, 0.30402014341737826, null, null, 178.84084281585839, 0.30402014341737826
2100-Jul-08 06:00:00, 182.91167334024698, 0.31094034386133812, null, null, 182.91167334024698, 0.31094034386133812
2100-Jul-08 07:00:00, 186.32830024078078, 0.31674843212545722, null, null, 186.32830024078078, 0.31674843212545722
2100-Jul-08 08:00:00, 188.36575271678541, 0.3202119955050976, null, null, 188.36575271678541, 0.3202119955050976
2100-Jul-08 09:00:00, 188.38275439931772, 0.32024089748229934, null, null, 188.38275439931772, 0.32024089748229934
2100-Jul-08 10:00:00, 186.63105922155, 0.31726310666682661, null, null, 186.63105922155, 0.31726310666682661
2100-Jul-08 11:00:00, 183.4819321262689, 0.31190975417713446, null, null, 183.4819321262689, 0.31190975417713446
2100-Jul-08 12:00:00, 179.26258390987203, 0.30473708137108185, null, null, 179.26258390987203, 0.30473708137108185
2100-Jul-08 13:00:00, 174.38261663698447, 0.29644139048293855, null, null, 174.38261663698447, 0.29644139048293855
2100-Jul-08 14:00:00, 168.7330903379351, 0.28683748922283481, null, null, 168.7330903379351, 0.28683748922283481
2100-Jul-08 15:00:00, 162.65983049630586, 0.27651326294995682, null, null, 162.65983049630586, 0.27651326294995682
2100-Jul-08 16:00:00, 157.08302304898814, 0.26703297996062675, null, null, 157.08302304898814, 0.26703297996062675
2100-Jul-08 17:00:00, 152.62231845874993, 0.25945001385560162, null, null, 152.62231845874993, 0.25945001385560162
2100-Jul-08 18:00:00, 149.41941400599737, 0.25400524265151708, null, null, 149.41941400599737, 0.25400524265151708
2100-Jul-08 19:00:00, 147.43684459824053, 0.25063497763715598, null, null, 147.43684459824053, 0.25063497763715598
2100-Jul-08 20:00:00, 146.56843545130056, 0.24915872719435589, null, null, 146.56843545130056, 0.24915872719435589
2100-Jul-08 21:00:00, 146.71642077870106, 0.24941029456426755, null, null, 146.71642077870106, 0.24941029456426755
2100-Jul-08 22:00:00, 147.73009048595961, 0.25113348041447014, null, null, 147.73009048595961, 0.25113348041447014
2100-Jul-08 23:00:00, 149.43392340609867, 0.25402990787804053, null, null, 149.43392340609867, 0.25402990787804053
2100-Jul-09 00:00:00, 151.65365447124086, 0.25780333539128136, null, null, 151.65365447124086, 0.25780333539128136
2100-Jul-09 01:00:00, 154.24974884617373, 0.26221656098206436, null, null, 154.24974884617373, 0.26221656098206436
2100-Jul-09 02:00:00, 157.21407794618426, 0.26725576647859312, null, null, 157.21407794618426, 0.26725576647859312
2100-Jul-09 03:00:00, 160.52970761751871, 0.27289216469908184, null, null, 160.52970761751871, 0.27289216469908184
2100-Jul-09 04:00:00, 164.07757600540651, 0.27892335667474383, null, null, 164.07757600540651, 0.27892335667474383
2100-Jul-09 05:00:00, 167.72618703214695, 0.28512580590367076, null, null, 167.72618703214695, 0.28512580590367076
2100-Jul-09 06:00:00, 171.39838504001457, 0.29136835177535642, null, null, 171.39838504001457, 0.29136835177535642
2100-Jul-09 07:00:00, 174.90144031142074, 0.29732336378068719, null, null, 174.90144031142074, 0.29732336378068719
2100-Jul-09 08:00:00, 178.02685351101169, 0.30263640387945567, null, null, 178.02685351101169, 0.30263640387945567
2100-Jul-09 09:00:00, 180.46637264405743, 0.30678345969187792, null, null, 180.46637264405743, 0.30678345969187792
2100-Jul-09 10:00:00, 182.03426968287718, 0.30944880321800111, null, null, 182.03426968287718, 0.30944880321800111
2100-Jul-09 11:00:00, 182.77785641477018, 0.3107128620387602, null, null, 182.77785641477018, 0.3107128620387602
2100-Jul-09 12:00:00, 182.74992978943621, 0.31066538822626011, null, null, 182.74992978943621, 0.31066538822626011
2100-Jul-09 13:00:00, 182.07718526290958, 0.30952175747493071, null, null, 182.07718526290958, 0.30952175747493071
2100-Jul-09 14:00:00, 180.93014594140809, 0.30757185020801342, null, null, 180.93014594140809, 0.30757185020801342
2100-Jul-09 15:00:00, 179.64324423475011, 0.3053841841510766, null, null, 179.64324423475011, 0.3053841841510766
2100-Jul-09 16:00:00, 178.45904905146708, 0.30337111384908427, null, null, 178.45904905146708, 0.30337111384908427
2100-Jul-09 17:00:00, 177.50158309073723, 0.30174347144863967, null, null, 177.50158309073723, 0.30174347144863967
2100-Jul-09 18:00:00, 176.90559963792518, 0.30073033053549342, null, null, 176.90559963792518, 0.30073033053549342
2100-Jul-09 19:00:00, 176.7561180581219, 0.3004762196142155, null, null, 176.7561180581219, 0.3004762196142155
2100-Jul-09 20:00:00, 177.03578510665523, 0.30095163907022737, null, null, 177.03578510665523, 0.30095163907022737
2100-Jul-09 21:00:00, 177.68502282569429, 0.30205530946982095, null, null, 177.68502282569429, 0.30205530946982095
2100-Jul-09 22:00:00, 178.67960351483686, 0.30374604498075014, null, null, 178.67960351483686, 0.30374604498075014
2100-Jul-09 23:00:00, 180.00535898703887, 0.30599976042096549, null, null, 180.00535898703887, 0.30599976042096549
2100-Jul-10 00:00:00, 181.62375569086228, 0.30875095075453607, null, null, 181.62375569086228, 0.30875095075453607
2100-Jul-10 01:00:00, 183.49327409476663, 0.3119290349344549, null, null, 183.49327409476663, 0.3119290349344549
2100-Jul-10 02:00:00, 185.54658207300491, 0.3154195518443243, null, null, 185.54658207300491, 0.3154195518443243
2100-Jul-10 03:00:00, 187.74056531528851, 0.31914920939610159, null, null, 187.74056531528851, 0.31914920939610159
2100-Jul-10 04:00:00, 190.04305558329463, 0.32306332325552406, null, null, 190.04305558329463, 0.32306332325552406
2100-Jul-10 05:00:00, 192.42159258101682, 0.32710671260543667, null, null, 192.42159258101682, 0.32710671260543667
2100-Jul-10 06:00:00, 194.76900884592598, 0.33109719832604345, null, null, 194.76900884592598, 0.33109719832604345
2100-Jul-10 07:00:00, 196.85223250592702, 0.33463857034102612, null, null, 196.85223250592702, 0.33463857034102612
2100-Jul-10 08:00:00, 198.45567722153118, 0.33736434307126167, null, null, 198.45567722153118, 0.33736434307126167
2100-Jul-10 09:00:00, 199.52949443713922, 0.33918977656147031, null, null, 199.52949443713922, 0.33918977656147031
2100-Jul-10 10:00:00, 200.00220420913251, 0.33999335862031899, null, null, 200.00220420913251, 0.33999335862031899
2100-Jul-10 11:00:00, 199.79903274428838, 0.33964797768323723, null, null, 199.79903274428838, 0.33964797768323723
2100-Jul-10 12:00:00, 198.71352188660921, 0.33780266560890004, null, null, 198.71352188660921, 0.33780266560890004
2100-Jul-10 13:00:00, 196.77779478407791, 0.33451203008033448, null, null, 196.77779478407791, 0.33451203008033448
2100-Jul-10 14:00:00, 194.06685592237915, 0.32990357482731375, null, null, 194.06685592237915, 0.32990357482731375
2100-Jul-10 15:00:00, 190.92042768236843, 0.32455481025139704, null, null, 190.92042768236843, 0.32455481025139704
2100-Jul-10 16:00:00, 187.68440405088964, 0.31905373816375776, null, null, 187.68440405088964, 0.31905373816375776
2100-Jul-10 17:00:00, 184.67131431670228, 0.31393164212185831, null, null, 184.67131431670228, 0.31393164212185831
2100-Jul-10 18:00:00, 182.08832784834641, 0.30954069929140399, null, null, 182.08832784834641, 0.30954069929140399
2100-Jul-10 19:00:00, 180.07598005922759, 0.30611981257547927, null, null, 180.07598005922759, 0.30611981257547927
2100-Jul-10 20:00:00, 178.6730529926503, 0.30373490943328091, null, null, 178.6730529926503, 0.30373490943328091
2100-Jul-10 21:00:00, 177.84753864553196, 0.30233157792213144, null, null, 177.84753864553196, 0.30233157792213144
2100-Jul-10 22:00:00, 177.59717250904933, 0.30190596849465473, null, null, 177.59717250904933, 0.30190596849465473
2100-Jul-10 23:00:00, 177.89264914228403, 0.30240826342347588, null, null, 177.89264914228403, 0.30240826342347588
2100-Jul-11 00:00:00, 178.65446756865148, 0.30370331517784893, null, null, 178.65446756865148, 0.30370331517784893
2100-Jul-11 01:00:00, 179.76095784422981, 0.30558429117289959, null, null, 179.76095784422981, 0.30558429117289959
2100-Jul-11 02:00:00, 181.11918241668818, 0.30789320239703738, null, null, 181.11918241668818, 0.30789320239703738
2100-Jul-11 03:00:00, 182.73158793826641, 0.31063420803198577, null, null, 182.73158793826641, 0.31063420803198577
2100-Jul-11 04:00:00, 184.59346970333394, 0.3137993103225451, null, null, 184.59346970333394, 0.3137993103225451
2100-Jul-11 05:00:00, 186.6227477698574, 0.31724897763066345, null, null, 186.6227477698574, 0.31724897763066345
2100-Jul-11 06:00:00, 188.75164316586725, 0.32086798922457505, null, null, 188.75164316586725, 0.32086798922457505
2100-Jul-11 07:00:00, 190.75536654916021, 0.32427421489856556, null, null, 190.75536654916021, 0.32427421489856556
2100-Jul-11 08:00:00, 192.37931968301618, 0.32703485087457884, null, null, 192.37931968301618, 0.32703485087457884
2100-Jul-11 09:00:00, 193.4075273212629, 0.32878275045233063, null, null, 193.4075273212629, 0.32878275045233063
2100-Jul-11 10:00:00, 193.70050026286924, 0.32928078923543053, null, null, 193.70050026286924, 0.32928078923543053
2100-Jul-11 11:00:00, 192.7252603285267, 0.32762293200306186, null, null, 192.7252603285267, 0.32762293200306186
2100-Jul-11 12:00:00, 190.56003271992734, 0.32394215753491967, null, null, 190.56003271992734, 0.32394215753491967
2100-Jul-11 13:00:00, 187.57013898950601, 0.31885949349457321, null, null, 187.57013898950601, 0.31885949349457321
2100-Jul-11 14:00:00, 183.93305837404156, 0.31267664536590173, null, null, 183.93305837404156, 0.31267664536590173
2100-Jul-11 15:00:00, 179.96009134337845, 0.30592280777803943, null, null, 179.96009134337845, 0.30592280777803943
2100-Jul-11 16:00:00, 175.95463211757388, 0.29911373514614964, null, null, 175.95463211757388, 0.29911373514614964
2100-Jul-11 17:00:00, 172.21084045366146, 0.29274948377791288, null, null, 172.21084045366146, 0.29274948377791288
2100-Jul-11 18:00:00, 168.94756330992351, 0.28720208213503778, null, null, 168.94756330992351, 0.28720208213503778
2100-Jul-11 19:00:00, 166.2900143486348, 0.28268438693953035, null, null, 166.2900143486348, 0.28268438693953035
2100-Jul-11 20:00:00, 164.32362347819887, 0.27934162459826756, null, null, 164.32362347819887, 0.27934162459826756
2100-Jul-11 21:00:00, 163.02063694505881, 0.27712661517179088, null, null, 163.02063694505881, 0.27712661517179088
2100-Jul-11 22:00:00, 162.31270823149836, 0.27592317313004472, null, null, 162.31270823149836, 0.27592317313004472
2100-Jul-11 23:00:00, 162.1182952874122, 0.27559268122331548, null, null, 162.1182952874122, 0.27559268122331548
2100-Jul-12 00:00:00, 162.41184962483783, 0.27609170834910929, null, null, 162.41184962483783, 0.27609170834910929
2100-Jul-12 01:00:00, 163.14317614840772, 0.27733492545254007, null, null, 163.14317614840772, 0.27733492545254007
2100-Jul-12 02:00:00, 164.26810370954658, 0.2792472438753722, null, null, 164.26810370954658, 0.2792472438753722
2100-Jul-12 03:00:00, 165.75371025661121, 0.28177269783985298, null, null, 165.75371025661121, 0.28177269783985298
2100-Jul-12 04:00:00, 167.54915373212938, 0.28482485848912287, null, null, 167.54915373212938, 0.28482485848912287
2100-Jul-12 05:00:00, 169.57893142906889, 0.28827537514299667, null, null, 169.57893142906889, 0.28827537514299667
2100-Jul-12 06:00:00, 171.76383107016741, 0.29198959104458072, null, null, 171.76383107016741, 0.29198959104458072
2100-Jul-12 07:00:00, 173.89218072517579, 0.29560767490713674, null, null, 173.89218072517579, 0.29560767490713674
2100-Jul-12 08:00:00, 175.72548355690492, 0.29872419449547066, null, null, 175.72548355690492, 0.29872419449547066
2100-Jul-12 09:00:00, 177.03908025747774, 0.30095724065546858, null, null, 177.03908025747774, 0.30095724065546858
2100-Jul-12 10:00:00, 177.64384754763327, 0.30198531363584774, null, null, 177.64384754763327, 0.30198531363584774
2100-Jul-12 11:00:00, 177.23369665933689, 0.30128807842984384, null, null, 177.23369665933689, 0.30128807842984384
2100-Jul-12 12:00:00, 175.72552401214213, 0.29872426326727258, null, null, 175.72552401214213, 0.29872426326727258
2100-Jul-12 13:00:00, 173.10093238432978, 0.29426259382680175, null, null, 173.10093238432978, 0.29426259382680175
2100-Jul-12 14:00:00, 168.96929119593776, 0.28723901841266986, null, null, 168.96929119593776, 0.28723901841266986
2100-Jul-12 15:00:00, 163.88305603624832, 0.27859268283095129, null, null, 163.88305603624832, 0.27859268283095129
2100-Jul-12 16:00:00, 158.70943901814024, 0.26979780262871861, null, null, 158.70943901814024, 0.26979780262871861
2100-Jul-12 17:00:00, 154.02486238069903, 0.26183426567183343, null, null, 154.02486238069903, 0.26183426567183343
2100-Jul-12 18:00:00, 150.09588131877388, 0.25515520194610192, null, null, 150.09588131877388, 0.25515520194610192
2100-Jul-12 19:00:00, 147.04970937655517, 0.24997686786890866, null, null, 147.04970937655517, 0.24997686786890866
2100-Jul-12 20:00:00, 144.9352604949662, 0.24638241459913024, null, null, 144.9352604949662, 0.24638241459913024
2100-Jul-12 21:00:00, 143.73784859445092, 0.24434687656434723, null, null, 143.73784859445092, 0.24434687656434723
2100-Jul-12 22:00:00, 143.35163531445568, 0.24369033404908549, null, null, 143.35163531445568, 0.24369033404908549
2100-Jul-12 23:00:00, 143.68404819790956, 0.24425541868473266, null, null, 143.68404819790956, 0.24425541868473266
2100-Jul-13 00:00:00, 144.63714233731608, 0.24587562921600925, null, null, 144.63714233731608, 0.24587562921600925
2100-Jul-13 01:00:00, 146.19076687615265, 0.24851671023350469, null, null, 146.19076687615265, 0.24851671023350469
2100-Jul-13 02:00:00, 148.25929082080737, 0.25203309349593273, null, null, 148.25929082080737, 0.25203309349593273
2100-Jul-13 03:00:00, 150.72541484278875, 0.2562253762376317, null, null, 150.72541484278875, 0.2562253762376317
2100-Jul-13 04:00:00, 153.50401591032741, 0.26094885372606297, null, null, 153.50401591032741, 0.26094885372606297
2100-Jul-13 05:00:00, 156.53171405653137, 0.26609578330959904, null, null, 156.53171405653137, 0.26609578330959904
2100-Jul-13 06:00:00, 159.69225088010751, 0.27146853174474739, null, null, 159.69225088010751, 0.27146853174474739
2100-Jul-13 07:00:00, 162.66388034580305, 0.27652014748374432, null, null, 162.66388034580305, 0.27652014748374432
2100-Jul-13 08:00:00, 165.08404868481321, 0.28063430795142708, null, null, 165.08404868481321, 0.28063430795142708
2100-Jul-13 09:00:00, 166.46491542301996, 0.28298170968125541, null, null, 166.46491542301996, 0.28298170968125541
2100-Jul-13 10:00:00, 166.49538324120465, 0.28303350338960681, null, null, 166.49538324120465, 0.28303350338960681
2100-Jul-13 11:00:00, 165.13414814447029, 0.28071947443057277, null, null, 165.13414814447029, 0.28071947443057277
2100-Jul-13 12:00:00, 162.26316813080015, 0.27583895753207477, null, null, 162.26316813080015, 0.27583895753207477
2100-Jul-13 13:00:00, 157.96549333665982, 0.26853313361230552, null, null, 157.96549333665982, 0.26853313361230552
2100-Jul-13 14:00:00, 152.87985702785775, 0.25988781604598987, null, null, 152.87985702785775, 0.25988781604598987
2100-Jul-13 15:00:00, 147.68533477945164, 0.25105739803811217, null, null, 147.68533477945164, 0.25105739803811217
2100-Jul-13 16:00:00, 142.80846039989873, 0.24276696490798635, null, null, 142.80846039989873, 0.24276696490798635
2100-Jul-13 17:00:00, 138.61718751623505, 0.23564201870928833, null, null, 138.61718751623505, 0.23564201870928833
2100-Jul-13 18:00:00, 135.36766810530472, 0.23011800449758057, null, null, 135.36766810530472, 0.23011800449758057
2100-Jul-13 19:00:00, 133.12834156430745, 0.22631126569321636, null, null, 133.12834156430745, 0.22631126569321636
2100-Jul-13 20:00:00, 131.82379281163509, 0.22409360057467975, null, null, 131.82379281163509, 0.22409360057467975
2100-Jul-13 21:00:00, 131.34605489217734, 0.22328147092631409, null, null, 131.34605489217734, 0.22328147092631409
2100-Jul-13 22:00:00, 131.56846979901596, 0.22365956471524162, null, null, 131.56846979901596, 0.22365956471524162
2100-Jul-13 23:00:00, 132.34590593046087, 0.22498116575702989, null, null, 132.34590593046087, 0.22498116575702989
2100-Jul-14 00:00:00, 133.55641959695674, 0.22703897611344664, null, null, 133.55641959695674, 0.22703897611344664
2100-Jul-14 01:00:00, 135.15296316004392, 0.22975301724286373, null, null, 135.15296316004392, 0.22975301724286373
2100-Jul-14 02:00:00, 137.08771401800217, 0.23304199320636329, null, null, 137.08771401800217, 0.23304199320636329
2100-Jul-14 03:00:00, 139.37787997378589, 0.23693515637515836, null, null, 139.37787997378589, 0.23693515637515836
2100-Jul-14 04:00:00, 142.0075629942958, 0.24140548091875735, null, null, 142.0075629942958, 0.24140548091875735
2100-Jul-14 05:00:00, 144.96455500596261, 0.24643221374620561, null, null, 144.96455500596261, 0.24643221374620561
2100-Jul-14 06:00:00, 148.12110279345569, 0.25179818102721174, null, null, 148.12110279345569, 0.25179818102721174
2100-Jul-14 07:00:00, 151.15062707011185, 0.25694821493766345, null, null, 151.15062707011185, 0.25694821493766345
2100-Jul-14 08:00:00, 153.70608773570817, 0.26129236533317457, null, null, 153.70608773570817, 0.26129236533317457
2100-Jul-14 09:00:00, 155.38245518389087, 0.26414210292103357, null, null, 155.38245518389087, 0.26414210292103357
2100-Jul-14 10:00:00, 155.83819235751258, 0.26491683244424302, null, null, 155.83819235751258, 0.26491683244424302
2100-Jul-14 11:00:00, 154.74744909069642, 0.26306262554615528, null, null, 154.74744909069642, 0.26306262554615528
2100-Jul-14 12:00:00, 152.36082555701847, 0.25900548950514951, null, null, 152.36082555701847, 0.25900548950514951
2100-Jul-14 13:00:00, 149.03766841722992, 0.25335629497928136, null, null, 149.03766841722992, 0.25335629497928136
2100-Jul-14 14:00:00, 145.158167212969, 0.24676134444149117, null, null, 145.158167212969, 0.24676134444149117
2100-Jul-14 15:00:00, 141.02303918039763, 0.23973184157336838, null, null, 141.02303918039763, 0.23973184157336838
2100-Jul-14 16:00:00, 136.80998787714262, 0.23256987319258202, null, null, 136.80998787714262, 0.23256987319258202
2100-Jul-14 17:00:00, 132.87076729555119, 0.22587340281528007, null, null, 132.87076729555119, 0.22587340281528007
2100-Jul-14 18:00:00, 129.56564951534733, 0.22025487426370358, null, null, 129.56564951534733, 0.22025487426370358
2100-Jul-14 19:00:00, 127.11232015473043, 0.21608434178174257, null, null, 127.11232015473043, 0.21608434178174257
2100-Jul-14 20:00:00, 125.58155142167298, 0.213482114446893, null, null, 125.58155142167298, 0.213482114446893
2100-Jul-14 21:00:00, 124.92786521008171, 0.21237088184102473, null, null, 124.92786521008171, 0.21237088184102473
2100-Jul-14 22:00:00, 125.03875606286555, 0.2125593905308531, null, null, 125.03875606286555, 0.2125593905308531
2100-Jul-14 23:00:00, 125.73693580009041, 0.21374625981921114, null, null, 125.73693580009041, 0.21374625981921114
2100-Jul-15 00:00:00, 126.94685678427983, 0.2158030626464921, null, null, 126.94685678427983, 0.2158030626464921
2100-Jul-15 01:00:00, 128.57820492811223, 0.21857626975535291, null, null, 128.57820492811223, 0.21857626975535291
2100-Jul-15 02:00:00, 130.581506084746, 0.22198177766595414, null, null, 130.581506084746, 0.22198177766595414
2100-Jul-15 03:00:00, 132.91684440845904, 0.22595173151388123, null, null, 132.91684440845904, 0.22595173151388123
2100-Jul-15 04:00:00, 135.52665246563683, 0.23038826965216305, null, null, 135.52665246563683, 0.23038826965216305
2100-Jul-15 05:00:00, 138.36850690228107, 0.23521927458256076, null, null, 138.36850690228107, 0.23521927458256076
2100-Jul-15 06:00:00, 141.34216997345644, 0.24027434734524364, null, null, 141.34216997345644, 0.24027434734524364
2100-Jul-15 07:00:00, 144.1477715454524, 0.24504372428878934, null, null, 144.1477715454524, 0.24504372428878934
2100-Jul-15 08:00:00, 145.80251142799096, 0.24785669613843453, null, null, 145.80251142799096, 0.24785669613843453
2100-Jul-15 09:00:00, 145.86542882786381, 0.24796365245015628, null, null, 145.86542882786381, 0.24796365245015628
2100-Jul-15 10:00:00, 144.59265678738115, 0.24580000609179289, null, null, 144.59265678738115, 0.24580000609179289
2100-Jul-15 11:00:00, 142.42461778441145, 0.24211445239925086, null, null, 142.42461778441145, 0.24211445239925086
2100-Jul-15 12:00:00, 139.56280550559359, 0.23724952017381029, null, null, 139.56280550559359, 0.23724952017381029
2100-Jul-15 13:00:00, 136.28203846371525, 0.23167238661255862, null, null, 136.28203846371525, 0.23167238661255862
2100-Jul-15 14:00:00, 132.94566641214874, 0.22600072742307822, null, null, 132.94566641214874, 0.22600072742307822
2100-Jul-15 15:00:00, 129.52642795554044, 0.22018819964928218, null, null, 129.52642795554044, 0.22018819964928218
2100-Jul-15 16:00:00, 126.31816975905902, 0.21473432735894329, null, null, 126.31816975905902, 0.21473432735894329
2100-Jul-15 17:00:00, 123.75406457626214, 0.21037548173320558, null, null, 123.75406457626214, 0.21037548173320558
2100-Jul-15 18:00:00, 122.22228365345761, 0.20777153372836121, null, null, 122.22228365345761, 0.20777153372836121
2100-Jul-15 19:00:00, 121.83090861385043, 0.20710621648987185, null, null, 121.83090861385043, 0.20710621648987185
2100-Jul-15 20:00:00, 122.47842204694405, 0.20820695569292119, null, null, 122.47842204694405, 0.20820695569292119
2100-Jul-15 21:00:00, 123.97466375069577, 0.21075048887135758, null, null, 123.97466375069577, 0.21075048887135758
2100-Jul-15 22:00:00, 126.10185514680485, 0.2143666037539472, null, null, 126.10185514680485, 0.2143666037539472
2100-Jul-15 23:00:00, 128.66113771762934, 0.21871725118982846, null, null, 128.66113771762934, 0.21871725118982846
2100-Jul-16 00:00:00, 131.53735532066005, 0.22360667171818804, null, null, 131.53735532066005, 0.22360667171818804
2100-Jul-16 01:00:00, 134.63288708318132, 0.22886891492604275, null, null, 134.63288708318132, 0.22886891492604275
2100-Jul-16 02:00:00, 137.87307180750255, 0.23437706065537831, null, null, 137.87307180750255, 0.23437706065537831
2100-Jul-16 03:00:00, 141.21714958800635, 0.24006181918380032, null, null, 141.21714958800635, 0.24006181918380032
2100-Jul-16 04:00:00, 144.64677137101344, 0.24589199807314249, null, null, 144.64677137101344, 0.24589199807314249
2100-Jul-16 05:00:00, 148.14471739016989, 0.25183832461503403, null, null, 148.14471739016989, 0.25183832461503403
2100-Jul-16 06:00:00, 151.8147574077681, 0.25807720201535228, null, null, 151.8147574077681, 0.25807720201535228
2100-Jul-16 07:00:00, 155.41671450514963, 0.26420034198767223, null, null, 155.41671450514963, 0.26420034198767223
2100-Jul-16 08:00:00, 158.5974007598314, 0.26960734340909637, null, null, 158.5974007598314, 0.26960734340909637
2100-Jul-16 09:00:00, 160.90828478267866, 0.27353572621575944, null, null, 160.90828478267866, 0.27353572621575944
2100-Jul-16 10:00:00, 161.97389035876819, 0.27534720034531646, null, null, 161.97389035876819, 0.27534720034531646
2100-Jul-16 11:00:00, 161.58550634166556, 0.27468696768972484, null, null, 161.58550634166556, 0.27468696768972484
2100-Jul-16 12:00:00, 159.98036596372481, 0.2719583124215933, null, null, 159.98036596372481, 0.2719583124215933
2100-Jul-16 13:00:00, 157.49226797115827, 0.26772867507127385, null, null, 157.49226797115827, 0.26772867507127385
2100-Jul-16 14:00:00, 154.45768742726756, 0.26257004576915655, null, null, 154.45768742726756, 0.26257004576915655
2100-Jul-16 15:00:00, 151.28716115355866, 0.25718031578765549, null, null, 151.28716115355866, 0.25718031578765549
2100-Jul-16 16:00:00, 148.48327078776816, 0.25241384780577547, null, null, 148.48327078776816, 0.25241384780577547
2100-Jul-16 17:00:00, 146.34554925585502, 0.24877983223927633, null, null, 146.34554925585502, 0.24877983223927633
2100-Jul-16 18:00:00, 144.92522647152225, 0.2463653572804638, null, null, 144.92522647152225, 0.2463653572804638
2100-Jul-16 19:00:00, 144.18227832290239, 0.24510238401809972, null, null, 144.18227832290239, 0.24510238401809972
2100-Jul-16 20:00:00, 144.06954959296417, 0.24491075103257209, null, null, 144.06954959296417, 0.24491075103257209
2100-Jul-16 21:00:00, 144.52009471343021, 0.24567665433510308, null, null, 144.52009471343021, 0.24567665433510308
2100-Jul-16 22:00:00, 145.42709863377877, 0.24721851388800406, null, null, 145.42709863377877, 0.24721851388800406
2100-Jul-16 23:00:00, 146.67879750302569, 0.2493463369498515, null, null, 146.67879750302569, 0.2493463369498515
2100-Jul-17 00:00:00, 148.2159853457587, 0.25195947643772748, null, null, 148.2159853457587, 0.25195947643772748
2100-Jul-17 01:00:00, 150.00532241369933, 0.25500125651129524, null, null, 150.00532241369933, 0.25500125651129524
2100-Jul-17 02:00:00, 152.01575041410328, 0.25841887968612254, null, null, 152.01575041410328, 0.25841887968612254
2100-Jul-17 03:00:00, 154.21552780081845, 0.26215838698247346, null, null, 154.21552780081845, 0.26215838698247346
2100-Jul-17 04:00:00, 156.59903582638884, 0.2662102268215224, null, null, 156.59903582638884, 0.2662102268215224
2100-Jul-17 05:00:00, 159.14413353359353, 0.27053676072604166, null, null, 159.14413353359353, 0.27053676072604166
2100-Jul-17 06:00:00, 161.77449070497906, 0.2750082312911124, null, null, 161.77449070497906, 0.2750082312911124
2100-Jul-17 07:00:00, 164.38012693209629, 0.27943767753498489, null, null, 164.38012693209629, 0.27943767753498489
2100-Jul-17 08:00:00, 166.79028493164822, 0.28353482094554672, null, null, 166.79028493164822, 0.28353482094554672
2100-Jul-17 09:00:00, 168.71713954043818, 0.28681037369560802, null, null, 168.71713954043818, 0.28681037369560802
2100-Jul-17 10:00:00, 169.79710722375967, 0.28864626266146126, null, null, 169.79710722375967, 0.28864626266146126
2100-Jul-17 11:00:00, 169.68197070955614, 0.28845053656774799, null, null, 169.68197070955614, 0.28845053656774799
2100-Jul-17 12:00:00, 168.56228627376808, 0.28654713118567327, null, null, 168.56228627376808, 0.28654713118567327
2100-Jul-17 13:00:00, 166.65007242827403, 0.28329646697274297, null, null, 166.65007242827403, 0.28329646697274297
2100-Jul-17 14:00:00, 164.05896733014237, 0.27889172289336855, null, null, 164.05896733014237, 0.27889172289336855
2100-Jul-17 15:00:00, 161.04680258741826, 0.27377119928891058, null, null, 161.04680258741826, 0.27377119928891058
2100-Jul-17 16:00:00, 158.07937032673294, 0.26872671858041941, null, null, 158.07937032673294, 0.26872671858041941
2100-Jul-17 17:00:00, 155.51306979682607, 0.26436414097862565, null, null, 155.51306979682607, 0.26436414097862565
2100-Jul-17 18:00:00, 153.54939086363541, 0.26102598878981609, null, null, 153.54939086363541, 0.26102598878981609
2100-Jul-17 19:00:00, 152.24504831771398, 0.25880867421204523, null, null, 152.24504831771398, 0.25880867421204523
2100-Jul-17 20:00:00, 151.58362352782589, 0.25768428642503044, null, null, 151.58362352782589, 0.25768428642503044
2100-Jul-17 21:00:00, 151.5484841359538, 0.25762455128406181, null, null, 151.5484841359538, 0.25762455128406181
2100-Jul-17 22:00:00, 152.07546081696546, 0.2585203842695043, null, null, 152.07546081696546, 0.2585203842695043
2100-Jul-17 23:00:00, 153.09557953498233, 0.26025453310302088, null, null, 153.09557953498233, 0.26025453310302088
2100-Jul-18 00:00:00, 154.52449076429792, 0.2626836079722023, null, null, 154.52449076429792, 0.2626836079722023
2100-Jul-18 01:00:00, 156.27054684609368, 0.26565181261742926, null, null, 156.27054684609368, 0.26565181261742926
2100-Jul-18 02:00:00, 158.25139718091054, 0.26901915529708464, null, null, 158.25139718091054, 0.26901915529708464
2100-Jul-18 03:00:00, 160.40477559938486, 0.27267978675748616, null, null, 160.40477559938486, 0.27267978675748616
2100-Jul-18 04:00:00, 162.69005706421476, 0.27656464654537044, null, null, 162.69005706421476, 0.27656464654537044
2100-Jul-18 05:00:00, 165.08172917046159, 0.28063036489750975, null, null, 165.08172917046159, 0.28063036489750975
2100-Jul-18 06:00:00, 167.53634595393063, 0.28480308593144793, null, null, 167.53634595393063, 0.28480308593144793
2100-Jul-18 07:00:00, 169.4264940221849, 0.28801623946921345, null, null, 169.4264940221849, 0.28801623946921345
2100-Jul-18 08:00:00, 170.53083734132863, 0.28989356574984276, null, null, 170.53083734132863, 0.28989356574984276
2100-Jul-18 09:00:00, 170.78489583107222, 0.29032545198607446, null, null, 170.78489583107222, 0.29032545198607446
2100-Jul-18 10:00:00, 169.92837401821174, 0.28886940939375638, null, null, 169.92837401821174, 0.28886940939375638
2100-Jul-18 11:00:00, 167.90618165245849, 0.28543178740890113, null, null, 167.90618165245849, 0.28543178740890113
2100-Jul-18 12:00:00, 164.66009050412316, 0.2799136010655337, null, null, 164.66009050412316, 0.2799136010655337
2100-Jul-18 13:00:00, 160.69410869146239, 0.27317163798544852, null, null, 160.69410869146239, 0.27317163798544852
2100-Jul-18 14:00:00, 156.46502944002441, 0.26598242292527646, null, null, 156.46502944002441, 0.26598242292527646
2100-Jul-18 15:00:00, 152.23555604746346, 0.25879253784566786, null, null, 152.23555604746346, 0.25879253784566786
2100-Jul-18 16:00:00, 148.19208929542646, 0.2519188543933738, null, null, 148.19208929542646, 0.2519188543933738
2100-Jul-18 17:00:00, 144.48166870619301, 0.24561133211872746, null, null, 144.48166870619301, 0.24561133211872746
2100-Jul-18 18:00:00, 141.23803710115209, 0.24009732687120669, null, null, 141.23803710115209, 0.24009732687120669
2100-Jul-18 19:00:00, 138.56038315309303, 0.23554545424248499, null, null, 138.56038315309303, 0.23554545424248499
2100-Jul-18 20:00:00, 136.49061674164415, 0.23202695885104321, null, null, 136.49061674164415, 0.23202695885104321
2100-Jul-18 21:00:00, 135.02502157311153, 0.22953552319063383, null, null, 135.02502157311153, 0.22953552319063383
2100-Jul-18 22:00:00, 134.1278570716039, 0.22801039013868232, null, null, 134.1278570716039, 0.22801039013868232
2100-Jul-18 23:00:00, 133.77000277912936, 0.22740205642918032, null, null, 133.77000277912936, 0.22740205642918032
2100-Jul-19 00:00:00, 133.90190108059312, 0.22762627669059349, null, null, 133.90190108059312, 0.22762627669059349
2100-Jul-19 01:00:00, 134.52939492466743, 0.22869298363216956, null, null, 134.52939492466743, 0.22869298363216956
2100-Jul-19 02:00:00, 135.7422728923452, 0.23075481317778873, null, null, 135.7422728923452, 0.23075481317778873
2100-Jul-19 03:00:00, 137.4505026049259, 0.23365871496013127, null, null, 137.4505026049259, 0.23365871496013127
2100-Jul-19 04:00:00, 139.53966329182089, 0.23721017961245197, null, null, 139.53966329182089, 0.23721017961245197
2100-Jul-19 05:00:00, 141.99162360187276, 0.24137838477956378, null, null, 141.99162360187276, 0.24137838477956378
2100-Jul-19 06:00:00, 144.83609515984122, 0.24621383868027388, null, null, 144.83609515984122, 0.24621383868027388
2100-Jul-19 07:00:00, 147.70943813885225, 0.25109837249711398, null, null, 147.70943813885225, 0.25109837249711398
2100-Jul-19 08:00:00, 150.10825617619895, 0.25517623856094845, null, null, 150.10825617619895, 0.25517623856094845
2100-Jul-19 09:00:00, 151.50320174646885, 0.25754757357399999, null, null, 151.50320174646885, 0.25754757357399999
2100-Jul-19 10:00:00, 151.46316528741451, 0.2574795136731855, null, null, 151.46316528741451, 0.2574795136731855
2100-Jul-19 11:00:00, 149.03556169445014, 0.25335271365998335, null, null, 149.03556169445014, 0.25335271365998335
2100-Jul-19 12:00:00, 144.38828452395444, 0.24545258385949278, null, null, 144.38828452395444, 0.24545258385949278
2100-Jul-19 13:00:00, 138.39352371752796, 0.23526180186905446, null, null, 138.39352371752796, 0.23526180186905446
2100-Jul-19 14:00:00, 131.75854839943312, 0.22398268846286845, null, null, 131.75854839943312, 0.22398268846286845
2100-Jul-19 15:00:00, 125.13418118962802, 0.21272160828976749, null, null, 125.13418118962802, 0.21272160828976749
2100-Jul-19 16:00:00, 119.11866458421143, 0.20249554251914587, null, null, 119.11866458421143, 0.20249554251914587
2100-Jul-19 17:00:00, 113.96836923803556, 0.19374030794782121, null, null, 113.96836923803556, 0.19374030794782121
2100-Jul-19 18:00:00, 109.7426276461637, 0.1865567667355465, null, null, 109.7426276461637, 0.1865567667355465
2100-Jul-19 19:00:00, 106.41186403777259, 0.18089464160814994, null, null, 106.41186403777259, 0.18089464160814994
2100-Jul-19 20:00:00, 103.93176999025964, 0.17667861054867981, null, null, 103.93176999025964, 0.17667861054867981
2100-Jul-19 21:00:00, 102.26660716296966, 0.17384792023434689, null, null, 102.26660716296966, 0.17384792023434689
2100-Jul-19 22:00:00, 101.34248856304571, 0.17227696661514019, null, null, 101.34248856304571, 0.17227696661514019
2100-Jul-19 23:00:00, 101.07038428120767, 0.17181440346968432, null, null, 101.07038428120767, 0.17181440346968432
2100-Jul-20 00:00:00, 101.33413930360651, 0.17226277330777165, null, null, 101.33413930360651, 0.17226277330777165
2100-Jul-20 01:00:00, 102.06982502832946, 0.17351340082673658, null, null, 102.06982502832946, 0.17351340082673658
2100-Jul-20 02:00:00, 103.24013999846741, 0.17550287548734969, null, null, 103.24013999846741, 0.17550287548734969
2100-Jul-20 03:00:00, 104.91930133963568, 0.17835736254816345, null, null, 104.91930133963568, 0.17835736254816345
2100-Jul-20 04:00:00, 107.12592370871396, 0.18210850595898886, null, null, 107.12592370871396, 0.18210850595898886
2100-Jul-20 05:00:00, 109.77873338445799, 0.18661814461523879, null, null, 109.77873338445799, 0.18661814461523879
2100-Jul-20 06:00:00, 112.70624825103278, 0.1915947678271355, null, null, 112.70624825103278, 0.1915947678271355
2100-Jul-20 07:00:00, 115.66860943854238, 0.19663062797463018, null, null, 115.66860943854238, 0.19663062797463018
2100-Jul-20 08:00:00, 118.33470548545198, 0.20116285277173951, null, null, 118.33470548545198, 0.20116285277173951
2100-Jul-20 09:00:00, 120.26172252107511, 0.20443868163898038, null, null, 120.26172252107511, 0.20443868163898038
2100-Jul-20 10:00:00, 121.06441620133423, 0.2058032192018226, null, null, 121.06441620133423, 0.2058032192018226
2100-Jul-20 11:00:00, 120.06916644608975, 0.20411134631327285, null, null, 120.06916644608975, 0.20411134631327285
2100-Jul-20 12:00:00, 117.40278608477618, 0.1995786381964447, null, null, 117.40278608477618, 0.1995786381964447
2100-Jul-20 13:00:00, 113.39166861034532, 0.19275994683579153, null, null, 113.39166861034532, 0.19275994683579153
2100-Jul-20 14:00:00, 108.14363867414291, 0.18383856853796193, null, null, 108.14363867414291, 0.18383856853796193
2100-Jul-20 15:00:00, 102.26198300916943, 0.17384005941307476, null, null, 102.26198300916943, 0.17384005941307476
2100-Jul-20 16:00:00, 96.359263967558846, 0.16380574364198061, null, null, 96.359263967558846, 0.16380574364198061
2100-Jul-20 17:00:00, 90.853134722758185, 0.15444560992575501, null, null, 90.853134722758185, 0.15444560992575501
2100-Jul-20 18:00:00, 86.040205073645197, 0.14626387951595327, null, null, 86.040205073645197, 0.14626387951595327
2100-Jul-20 19:00:00, 82.097196093032593, 0.13956096905709273, null, null, 82.097196093032593, 0.13956096905709273
2100-Jul-20 20:00:00, 79.099443080094616, 0.13446494464469566, null, null, 79.099443080094616, 0.13446494464469566
2100-Jul-20 21:00:00, 77.076761304416749, 0.13102649068838956, null, null, 77.076761304416749, 0.13102649068838956
2100-Jul-20 22:00:00, 75.963764042384554, 0.1291344531543539, null, null, 75.963764042384554, 0.1291344531543539
2100-Jul-20 23:00:00, 75.634085028369583, 0.12857401595474993, null, null, 75.634085028369583, 0.12857401595474993
2100-Jul-21 00:00:00, 75.952116837053694, 0.12911465351027179, null, null, 75.952116837053694, 0.12911465351027179
2100-Jul-21 01:00:00, 76.844449555192867, 0.13063157278146992, null, null, 76.844449555192867, 0.13063157278146992
2100-Jul-21 02:00:00, 78.25889722657331, 0.13303606035342921, null, null, 78.25889722657331, 0.13303606035342921
2100-Jul-21 03:00:00, 80.091540585029037, 0.1361514588714528, null, null, 80.091540585029037, 0.1361514588714528
2100-Jul-21 04:00:00, 82.298795500217182, 0.13990367757780922, null, null, 82.298795500217182, 0.13990367757780922
2100-Jul-21 05:00:00, 84.878790157673492, 0.14428953448513523, null, null, 84.878790157673492, 0.14428953448513523
2100-Jul-21 06:00:00, 87.725616132112108, 0.14912899077155126, null, null, 87.725616132112108, 0.14912899077155126
2100-Jul-21 07:00:00, 90.427545438362856, 0.15372213024828565, null, null, 90.427545438362856, 0.15372213024828565
2100-Jul-21 08:00:00, 92.442444717579434, 0.15714735436484678, null, null, 92.442444717579434, 0.15714735436484678
2100-Jul-21 09:00:00, 93.324376093006407, 0.15864659189370178, null, null, 93.324376093006407, 0.15864659189370178
2100-Jul-21 10:00:00, 92.92843291708266, 0.15797350906075286, null, null, 92.92843291708266, 0.15797350906075286
2100-Jul-21 11:00:00, 91.154592960197505, 0.15495807327102687, null, null, 91.154592960197505, 0.15495807327102687
2100-Jul-21 12:00:00, 87.84427479044372, 0.14933070432733467, null, null, 87.84427479044372, 0.14933070432733467
2100-Jul-21 13:00:00, 83.130518715145158, 0.14131756384173341, null, null, 83.130518715145158, 0.14131756384173341
2100-Jul-21 14:00:00, 77.621483297542881, 0.1319524897826978, null, null, 77.621483297542881, 0.1319524897826978
2100-Jul-21 15:00:00, 71.747792549222623, 0.12196752060240658, null, null, 71.747792549222623, 0.12196752060240658
2100-Jul-21 16:00:00, 65.930409032083872, 0.11207827079040789, null, null, 65.930409032083872, 0.11207827079040789
2100-Jul-21 17:00:00, 60.527055960713255, 0.10289285123060272, null, null, 60.527055960713255, 0.10289285123060272
2100-Jul-21 18:00:00, 55.854085013162191, 0.094949043343706879, null, null, 55.854085013162191, 0.094949043343706879
2100-Jul-21 19:00:00, 52.08146141065864, 0.088535779177456753, null, null, 52.08146141065864, 0.088535779177456753
2100-Jul-21 20:00:00, 49.290982506098494, 0.083792109983048785, null, null, 49.290982506098494, 0.083792109983048785
2100-Jul-21 21:00:00, 47.414173324602523, 0.080601631859922529, null, null, 47.414173324602523, 0.080601631859922529
2100-Jul-21 22:00:00, 46.3526700124158, 0.078797131365920092, null, null, 46.3526700124158, 0.078797131365920092
2100-Jul-21 23:00:00, 46.058053343721738, 0.078296298332149711, null, null, 46.058053343721738, 0.078296298332149711
2100-Jul-22 00:00:00, 46.476394302204255, 0.079007456232060597, null, null, 46.476394302204255, 0.079007456232060597
2100-Jul-22 01:00:00, 47.551098221386525, 0.080834397072288164, null, null, 47.551098221386525, 0.080834397072288164
2100-Jul-22 02:00:00, 49.186976565810113, 0.083615305286845867, null, null, 49.186976565810113, 0.083615305286845867
2100-Jul-22 03:00:00, 51.290896500104644, 0.087191859893119422, null, null, 51.290896500104644, 0.087191859893119422
2100-Jul-22 04:00:00, 53.806806389342654, 0.091468776023171994, null, null, 53.806806389342654, 0.091468776023171994
2100-Jul-22 05:00:00, 56.673458910636477, 0.096341936409409315, null, null, 56.673458910636477, 0.096341936409409315
2100-Jul-22 06:00:00, 59.780091671474047, 0.10162305073779256, null, null, 59.780091671474047, 0.10162305073779256
2100-Jul-22 07:00:00, 62.815914063628938, 0.10678379111745474, null, null, 62.815914063628938, 0.10678379111745474
2100-Jul-22 08:00:00, 65.359604633996398, 0.11110793296244036, null, null, 65.359604633996398, 0.11110793296244036
2100-Jul-22 09:00:00, 67.018000024862502, 0.11392711898636756, null, null, 67.018000024862502, 0.11392711898636756
2100-Jul-22 10:00:00, 67.299679570054309, 0.11440595958216553, null, null, 67.299679570054309, 0.11440595958216553
2100-Jul-22 11:00:00, 66.05352217347648, 0.11228755673601978, null, null, 66.05352217347648, 0.11228755673601978
2100-Jul-22 12:00:00, 63.465654365538128, 0.10788831588182231, null, null, 63.465654365538128, 0.10788831588182231
2100-Jul-22 13:00:00, 59.768734863917523, 0.10160374475484293, null, null, 59.768734863917523, 0.10160374475484293
2100-Jul-22 14:00:00, 55.403110625812793, 0.094182410309771245, null, null, 55.403110625812793, 0.094182410309771245
2100-Jul-22 15:00:00, 50.751233578482335, 0.086274460957588867, null, null, 50.751233578482335, 0.086274460957588867
2100-Jul-22 16:00:00, 46.313918735247718, 0.078731256207557207, null, null, 46.313918735247718, 0.078731256207557207
2100-Jul-22 17:00:00, 42.475071387351676, 0.072205415113940491, null, null, 42.475071387351676, 0.072205415113940491
2100-Jul-22 18:00:00, 39.38183175042456, 0.06694706840053799, null, null, 39.38183175042456, 0.06694706840053799
2100-Jul-22 19:00:00, 37.090588953055736, 0.063052074656981691, null, null, 37.090588953055736, 0.063052074656981691
2100-Jul-22 20:00:00, 35.574717305223821, 0.060475171593229571, null, null, 35.574717305223821, 0.060475171593229571
2100-Jul-22 21:00:00, 34.738074093687239, 0.05905292159062573, null, null, 34.738074093687239, 0.05905292159062573
2100-Jul-22 22:00:00, 34.519437801592204, 0.058681251250493102, null, null, 34.519437801592204, 0.058681251250493102
2100-Jul-22 23:00:00, 34.812270935122243, 0.059179052367125215, null, null, 34.812270935122243, 0.059179052367125215
2100-Jul-23 00:00:00, 35.509346395609477, 0.060364044442387743, null, null, 35.509346395609477, 0.060364044442387743
2100-Jul-23 01:00:00, 36.568457771107489, 0.062164478768261602, null, null, 36.568457771107489, 0.062164478768261602
2100-Jul-23 02:00:00, 37.979153813109292, 0.064562588765144743, null, null, 37.979153813109292, 0.064562588765144743
2100-Jul-23 03:00:00, 39.780071128446693, 0.067624054657784594, null, null, 39.780071128446693, 0.067624054657784594
2100-Jul-23 04:00:00, 42.115508378308299, 0.071594176675025809, null, null, 42.115508378308299, 0.071594176675025809
2100-Jul-23 05:00:00, 44.912108412415655, 0.076348251471719683, null, null, 44.912108412415655, 0.076348251471719683
2100-Jul-23 06:00:00, 48.130470546640311, 0.081819299931402273, null, null, 48.130470546640311, 0.081819299931402273
2100-Jul-23 07:00:00, 51.389640122084081, 0.087359718921533033, null, null, 51.389640122084081, 0.087359718921533033
2100-Jul-23 08:00:00, 54.272602734617138, 0.0922606056156966, null, null, 54.272602734617138, 0.0922606056156966
2100-Jul-23 09:00:00, 56.385782582274494, 0.095852901593707587, null, null, 56.385782582274494, 0.095852901593707587
2100-Jul-23 10:00:00, 57.38858809406306, 0.09755761887592039, null, null, 57.38858809406306, 0.09755761887592039
2100-Jul-23 11:00:00, 56.931897189166506, 0.096781268059082534, null, null, 56.931897189166506, 0.096781268059082534
2100-Jul-23 12:00:00, 55.080237708327921, 0.093633543120745483, null, null, 55.080237708327921, 0.093633543120745483
2100-Jul-23 13:00:00, 52.175256737869084, 0.088695226361787907, null, null, 52.175256737869084, 0.088695226361787907
2100-Jul-23 14:00:00, 48.611835906281698, 0.082637596039663266, null, null, 48.611835906281698, 0.082637596039663266
2100-Jul-23 15:00:00, 44.781244192695183, 0.076125789095557728, null, null, 44.781244192695183, 0.076125789095557728
2100-Jul-23 16:00:00, 41.26363522989503, 0.07014603657080655, null, null, 41.26363522989503, 0.07014603657080655
2100-Jul-23 17:00:00, 38.442689928779409, 0.065350576084743012, null, null, 38.442689928779409, 0.065350576084743012
2100-Jul-23 18:00:00, 36.431534424995512, 0.061931716191957864, null, null, 36.431534424995512, 0.061931716191957864
2100-Jul-23 19:00:00, 35.237065236529574, 0.059901180614808078, null, null, 35.237065236529574, 0.059901180614808078
2100-Jul-23 20:00:00, 34.769169599871837, 0.05910578233597355, null, null, 34.769169599871837, 0.05910578233597355
2100-Jul-23 21:00:00, 34.904264067642195, 0.059335435914092322, null, null, 34.904264067642195, 0.059335435914092322
2100-Jul-23 22:00:00, 35.552208789043675, 0.060436908284863006, null, null, 35.552208789043675, 0.060436908284863006
2100-Jul-23 23:00:00, 36.692815138412598, 0.062375879833297038, null, null, 36.692815138412598, 0.062375879833297038
2100-Jul-24 00:00:00, 38.302434682156012, 0.065112149450635787, null, null, 38.302434682156012, 0.065112149450635787
2100-Jul-24 01:00:00, 40.302130958830851, 0.068511529252551884, null, null, 40.302130958830851, 0.068511529252551884
2100-Jul-24 02:00:00, 42.616185437810259, 0.072445301669959453, null, null, 42.616185437810259, 0.072445301669959453
2100-Jul-24 03:00:00, 45.149534295064022, 0.076751863139822116, null, null, 45.149534295064022, 0.076751863139822116
2100-Jul-24 04:00:00, 47.823340187027512, 0.081297194273057469, null, null, 47.823340187027512, 0.081297194273057469
2100-Jul-24 05:00:00, 50.597883272471805, 0.086013773402708452, null, null, 50.597883272471805, 0.086013773402708452
2100-Jul-24 06:00:00, 53.404464920980764, 0.090784816425418996, null, null, 53.404464920980764, 0.090784816425418996
2100-Jul-24 07:00:00, 56.166879407749065, 0.095480777567305719, null, null, 56.166879407749065, 0.095480777567305719
2100-Jul-24 08:00:00, 58.764476933699235, 0.099896558436741278, null, null, 58.764476933699235, 0.099896558436741278
2100-Jul-24 09:00:00, 60.884594217851756, 0.103500647696449, null, null, 60.884594217851756, 0.103500647696449
2100-Jul-24 10:00:00, 61.994331108419111, 0.10538714276834499, null, null, 61.994331108419111, 0.10538714276834499
2100-Jul-24 11:00:00, 61.375948751491514, 0.1043359248816485, null, null, 61.375948751491514, 0.1043359248816485
2100-Jul-24 12:00:00, 59.210664116195723, 0.10065505347108446, null, null, 59.210664116195723, 0.10065505347108446
2100-Jul-24 13:00:00, 56.029176854709902, 0.09524669037969942, null, null, 56.029176854709902, 0.09524669037969942
2100-Jul-24 14:00:00, 52.203303563194439, 0.088742904508029907, null, null, 52.203303563194439, 0.088742904508029907
2100-Jul-24 15:00:00, 47.846049221356807, 0.081335798451862257, null, null, 47.846049221356807, 0.081335798451862257
2100-Jul-24 16:00:00, 43.383070252561126, 0.073748966021425444, null, null, 43.383070252561126, 0.073748966021425444
2100-Jul-24 17:00:00, 39.371281118818679, 0.066929132874830002, null, null, 39.371281118818679, 0.066929132874830002
2100-Jul-24 18:00:00, 36.192291175080662, 0.061525015093900293, null, null, 36.192291175080662, 0.061525015093900293
2100-Jul-24 19:00:00, 34.069078915200059, 0.057915664536214377, null, null, 34.069078915200059, 0.057915664536214377
2100-Jul-24 20:00:00, 33.066502372039125, 0.056211336488775437, null, null, 33.066502372039125, 0.056211336488775437
2100-Jul-24 21:00:00, 32.994988899166962, 0.056089767299452975, null, null, 32.994988899166962, 0.056089767299452975
2100-Jul-24 22:00:00, 33.631402856251292, 0.057171637969816662, null, null, 33.631402856251292, 0.057171637969816662
2100-Jul-24 23:00:00, 34.845563523293478, 0.059235648037729252, null, null, 34.845563523293478, 0.059235648037729252
2100-Jul-25 00:00:00, 36.510142756476256, 0.062065346272393039, null, null, 36.510142756476256, 0.062065346272393039
2100-Jul-25 01:00:00, 38.518580019363114, 0.065479585296844361, null, null, 38.518580019363114, 0.065479585296844361
2100-Jul-25 02:00:00, 40.782907034865445, 0.069328823609289963, null, null, 40.782907034865445, 0.069328823609289963
2100-Jul-25 03:00:00, 43.303490879361888, 0.073613685220506792, null, null, 43.303490879361888, 0.073613685220506792
2100-Jul-25 04:00:00, 46.0837421848248, 0.078339968027692469, null, null, 46.0837421848248, 0.078339968027692469
2100-Jul-25 05:00:00, 49.056914171654469, 0.083394205972495625, null, null, 49.056914171654469, 0.083394205972495625
2100-Jul-25 06:00:00, 52.034317450318625, 0.088455636893635198, null, null, 52.034317450318625, 0.088455636893635198
2100-Jul-25 07:00:00, 54.85785704290749, 0.093255507540450297, null, null, 54.85785704290749, 0.093255507540450297
2100-Jul-25 08:00:00, 57.287108040280565, 0.09738510805557761, null, null, 57.287108040280565, 0.09738510805557761
2100-Jul-25 09:00:00, 58.70239842473638, 0.099791028195992768, null, null, 58.70239842473638, 0.099791028195992768
2100-Jul-25 10:00:00, 58.44603131057152, 0.099355217418159697, null, null, 58.44603131057152, 0.099355217418159697
2100-Jul-25 11:00:00, 56.691585714779499, 0.096372751034908111, null, null, 56.691585714779499, 0.096372751034908111
2100-Jul-25 12:00:00, 53.825930732628656, 0.09150128641339958, null, null, 53.825930732628656, 0.09150128641339958
2100-Jul-25 13:00:00, 50.353309143094265, 0.085598010086461396, null, null, 50.353309143094265, 0.085598010086461396
2100-Jul-25 14:00:00, 46.553926827178969, 0.079139257497315166, null, null, 46.553926827178969, 0.079139257497315166
2100-Jul-25 15:00:00, 42.614123399931074, 0.072441796312671419, null, null, 42.614123399931074, 0.072441796312671419
2100-Jul-25 16:00:00, 38.980851665748112, 0.066265423084337124, null, null, 38.980851665748112, 0.066265423084337124
2100-Jul-25 17:00:00, 36.005700621981099, 0.061207820845536866, null, null, 36.005700621981099, 0.061207820845536866
2100-Jul-25 18:00:00, 33.892009306523832, 0.057614655398832745, null, null, 33.892009306523832, 0.057614655398832745
2100-Jul-25 19:00:00, 32.664898142151628, 0.055528630158135202, null, null, 32.664898142151628, 0.055528630158135202
2100-Jul-25 20:00:00, 32.244374624333268, 0.054813762020720108, null, null, 32.244374624333268, 0.054813762020720108
2100-Jul-25 21:00:00, 32.506664068377049, 0.055259640451729063, null, null, 32.506664068377049, 0.055259640451729063
2100-Jul-25 22:00:00, 33.364343427974617, 0.056717650813374799, null, null, 33.364343427974617, 0.056717650813374799
2100-Jul-25 23:00:00, 34.800399167054849, 0.05915887097805525, null, null, 34.800399167054849, 0.05915887097805525
2100-Jul-26 00:00:00, 36.740383453011169, 0.062456743497316281, null, null, 36.740383453011169, 0.062456743497316281
2100-Jul-26 01:00:00, 39.071869877139477, 0.066420149316025079, null, null, 39.071869877139477, 0.066420149316025079
2100-Jul-26 02:00:00, 41.670926621429373, 0.070838410780843297, null, null, 41.670926621429373, 0.070838410780843297
2100-Jul-26 03:00:00, 44.429031370057594, 0.075527045591748748, null, null, 44.429031370057594, 0.075527045591748748
2100-Jul-26 04:00:00, 47.283397997156534, 0.080379320596009954, null, null, 47.283397997156534, 0.080379320596009954
2100-Jul-26 05:00:00, 50.22550878179262, 0.085380756110468192, null, null, 50.22550878179262, 0.085380756110468192
2100-Jul-26 06:00:00, 53.249675579847597, 0.090521682585576607, null, null, 53.249675579847597, 0.090521682585576607
2100-Jul-26 07:00:00, 55.734712023529298, 0.094746115461815147, null, null, 55.734712023529298, 0.094746115461815147
2100-Jul-26 08:00:00, 57.580601291236306, 0.09788403133754553, null, null, 57.580601291236306, 0.09788403133754553
2100-Jul-26 09:00:00, 58.850810978488148, 0.10004332182851053, null, null, 58.850810978488148, 0.10004332182851053
2100-Jul-26 10:00:00, 59.347328012740526, 0.10088737499660035, null, null, 59.347328012740526, 0.10088737499660035
2100-Jul-26 11:00:00, 59.080065181611815, 0.10043304206587519, null, null, 59.080065181611815, 0.10043304206587519
2100-Jul-26 12:00:00, 57.734995170263602, 0.098146492912349087, null, null, 57.734995170263602, 0.098146492912349087
2100-Jul-26 13:00:00, 55.251280847728601, 0.09392430757338617, null, null, 55.251280847728601, 0.09392430757338617
2100-Jul-26 14:00:00, 51.971649277704337, 0.08834910425530762, null, null, 51.971649277704337, 0.08834910425530762
2100-Jul-26 15:00:00, 48.502416066087157, 0.082451587994829226, null, null, 48.502416066087157, 0.082451587994829226
2100-Jul-26 16:00:00, 45.442767760392456, 0.07725034479971743, null, null, 45.442767760392456, 0.07725034479971743
2100-Jul-26 17:00:00, 43.199300932438717, 0.073436567722582419, null, null, 43.199300932438717, 0.073436567722582419
2100-Jul-26 18:00:00, 41.904509471878669, 0.071235489493822482, null, null, 41.904509471878669, 0.071235489493822482
2100-Jul-26 19:00:00, 41.491640599557527, 0.070533633856154271, null, null, 41.491640599557527, 0.070533633856154271
2100-Jul-26 20:00:00, 41.834811387725061, 0.071117006371026456, null, null, 41.834811387725061, 0.071117006371026456
2100-Jul-26 21:00:00, 42.784113130393706, 0.072730770024833719, null, null, 42.784113130393706, 0.072730770024833719
2100-Jul-26 22:00:00, 44.227030952131798, 0.075183655373601527, null, null, 44.227030952131798, 0.075183655373601527
2100-Jul-26 23:00:00, 46.079508438328318, 0.078332770878558153, null, null, 46.079508438328318, 0.078332770878558153
2100-Jul-27 00:00:00, 48.270572306470484, 0.082057465645933456, null, null, 48.270572306470484, 0.082057465645933456
2100-Jul-27 01:00:00, 50.72225240078123, 0.086225194460840329, null, null, 50.72225240078123, 0.086225194460840329
2100-Jul-27 02:00:00, 53.348615072224064, 0.090689874583491245, null, null, 53.348615072224064, 0.090689874583491245
2100-Jul-27 03:00:00, 56.120082948367987, 0.095401226017064425, null, null, 56.120082948367987, 0.095401226017064425
2100-Jul-27 04:00:00, 59.050555963756665, 0.1003828779282923, null, null, 59.050555963756665, 0.1003828779282923
2100-Jul-27 05:00:00, 62.12738470831691, 0.10561332697708738, null, null, 62.12738470831691, 0.10561332697708738
2100-Jul-27 06:00:00, 65.059411675542108, 0.11059762052572179, null, null, 65.059411675542108, 0.11059762052572179
2100-Jul-27 07:00:00, 67.683940961922374, 0.11505918398899623, null, null, 67.683940961922374, 0.11505918398899623
2100-Jul-27 08:00:00, 69.799436816683155, 0.11865541705878475, null, null, 69.799436816683155, 0.11865541705878475
2100-Jul-27 09:00:00, 71.125611505382423, 0.12090984514527046, null, null, 71.125611505382423, 0.12090984514527046
2100-Jul-27 10:00:00, 71.357935058717644, 0.12130478311856627, null, null, 71.357935058717644, 0.12130478311856627
2100-Jul-27 11:00:00, 70.655483885596098, 0.12011065261105124, null, null, 70.655483885596098, 0.12011065261105124
2100-Jul-27 12:00:00, 69.263182333529102, 0.11774381229160877, null, null, 69.263182333529102, 0.11774381229160877
2100-Jul-27 13:00:00, 67.136651330849887, 0.1141288200435477, null, null, 67.136651330849887, 0.1141288200435477
2100-Jul-27 14:00:00, 64.431926673222918, 0.10953092861467016, null, null, 64.431926673222918, 0.10953092861467016
2100-Jul-27 15:00:00, 61.638624429435694, 0.10478245989022635, null, null, 61.638624429435694, 0.10478245989022635
2100-Jul-27 16:00:00, 59.139264843850746, 0.10053367841672639, null, null, 59.139264843850746, 0.10053367841672639
2100-Jul-27 17:00:00, 57.120785271935937, 0.097102367988546212, null, null, 57.120785271935937, 0.097102367988546212
2100-Jul-27 18:00:00, 55.664982460662905, 0.094627578826842459, null, null, 55.664982460662905, 0.094627578826842459
2100-Jul-27 19:00:00, 54.837105975224645, 0.09322023180324357, null, null, 54.837105975224645, 0.09322023180324357
2100-Jul-27 20:00:00, 54.694223973465888, 0.092977339821845417, null, null, 54.694223973465888, 0.092977339821845417
2100-Jul-27 21:00:00, 55.231299220647479, 0.093890339845236009, null, null, 55.231299220647479, 0.093890339845236009
2100-Jul-27 22:00:00, 56.349005860303905, 0.095790383076617885, null, null, 56.349005860303905, 0.095790383076617885
2100-Jul-27 23:00:00, 57.939705708041217, 0.098494490193475073, null, null, 57.939705708041217, 0.098494490193475073
2100-Jul-28 00:00:00, 59.934004309382203, 0.10188469422769024, null, null, 59.934004309382203, 0.10188469422769024
2100-Jul-28 01:00:00, 62.283167990282628, 0.10587815046471773, null, null, 62.283167990282628, 0.10587815046471773
2100-Jul-28 02:00:00, 64.934778737863724, 0.1103857510053655, null, null, 64.934778737863724, 0.1103857510053655
2100-Jul-28 03:00:00, 67.845234572758699, 0.11533337474948853, null, null, 67.845234572758699, 0.11533337474948853
2100-Jul-28 04:00:00, 70.96051648391348, 0.12062919218415596, null, null, 70.96051648391348, 0.12062919218415596
2100-Jul-28 05:00:00, 74.238180235677945, 0.12620105031340548, null, null, 74.238180235677945, 0.12620105031340548
2100-Jul-28 06:00:00, 77.62510494393473, 0.13195864639344801, null, null, 77.62510494393473, 0.13195864639344801
2100-Jul-28 07:00:00, 80.960614671913945, 0.13762883967762091, null, null, 80.960614671913945, 0.13762883967762091
2100-Jul-28 08:00:00, 83.762275859454348, 0.142391518172264, null, null, 83.762275859454348, 0.142391518172264
2100-Jul-28 09:00:00, 85.360983938468962, 0.14510923886632823, null, null, 85.360983938468962, 0.14510923886632823
2100-Jul-28 10:00:00, 85.277754727949272, 0.14496775353154503, null, null, 85.277754727949272, 0.14496775353154503
2100-Jul-28 11:00:00, 83.639238156900319, 0.14218236046875926, null, null, 83.639238156900319, 0.14218236046875926
2100-Jul-28 12:00:00, 80.737311654315548, 0.13724923614653212, null, null, 80.737311654315548, 0.13724923614653212
2100-Jul-28 13:00:00, 75.674128558676415, 0.12864208787632636, null, null, 75.674128558676415, 0.12864208787632636
2100-Jul-28 14:00:00, 69.333046858137621, 0.11786257835453287, null, null, 69.333046858137621, 0.11786257835453287
2100-Jul-28 15:00:00, 62.908174556206397, 0.10694062916263236, null, null, 62.908174556206397, 0.10694062916263236
2100-Jul-28 16:00:00, 56.900376203137263, 0.096727684020099139, null, null, 56.900376203137263, 0.096727684020099139
2100-Jul-28 17:00:00, 51.51874461876136, 0.087579189859925272, null, null, 51.51874461876136, 0.087579189859925272
2100-Jul-28 18:00:00, 47.110429194642521, 0.080085282616099596, null, null, 47.110429194642521, 0.080085282616099596
2100-Jul-28 19:00:00, 43.901751169316391, 0.074630696638531502, null, null, 43.901751169316391, 0.074630696638531502
2100-Jul-28 20:00:00, 41.89893622188314, 0.071226015258316414, null, null, 41.89893622188314, 0.071226015258316414
2100-Jul-28 21:00:00, 40.941064434582863, 0.069597682973781536, null, null, 40.941064434582863, 0.069597682973781536
2100-Jul-28 22:00:00, 40.845926266338672, 0.069435953029442998, null, null, 40.845926266338672, 0.069435953029442998
2100-Jul-28 23:00:00, 41.467747707937285, 0.070493017181446918, null, null, 41.467747707937285, 0.070493017181446918
2100-Jul-29 00:00:00, 42.677669956335102, 0.072549822157816454, null, null, 42.677669956335102, 0.072549822157816454
2100-Jul-29 01:00:00, 44.346203389662001, 0.075386242327335776, null, null, 44.346203389662001, 0.075386242327335776
2100-Jul-29 02:00:00, 46.38794397997232, 0.078857095278562106, null, null, 46.38794397997232, 0.078857095278562106
2100-Jul-29 03:00:00, 48.75264273554798, 0.082876960335613037, null, null, 48.75264273554798, 0.082876960335613037
2100-Jul-29 04:00:00, 51.391384574072092, 0.087362684399302143, null, null, 51.391384574072092, 0.087362684399302143
2100-Jul-29 05:00:00, 54.298919037749528, 0.092305341964097523, null, null, 54.298919037749528, 0.092305341964097523
2100-Jul-29 06:00:00, 57.422912125051511, 0.097615967945738388, null, null, 57.422912125051511, 0.097615967945738388
2100-Jul-29 07:00:00, 60.542637407310117, 0.10291933888048428, null, null, 60.542637407310117, 0.10291933888048428
2100-Jul-29 08:00:00, 63.313529700336126, 0.10762971185265402, null, null, 63.313529700336126, 0.10762971185265402
2100-Jul-29 09:00:00, 65.298620634146488, 0.11100426333033274, null, null, 65.298620634146488, 0.11100426333033274
2100-Jul-29 10:00:00, 66.01437350871349, 0.1122210060393867, null, null, 66.01437350871349, 0.1122210060393867
2100-Jul-29 11:00:00, 65.248042477149696, 0.11091828309057407, null, null, 65.248042477149696, 0.11091828309057407
2100-Jul-29 12:00:00, 63.107197506506665, 0.10727895784047212, null, null, 63.107197506506665, 0.10727895784047212
2100-Jul-29 13:00:00, 59.713203343395527, 0.10150934405437953, null, null, 59.713203343395527, 0.10150934405437953
2100-Jul-29 14:00:00, 55.471761209552064, 0.09429911273627227, null, null, 55.471761209552064, 0.09429911273627227
2100-Jul-29 15:00:00, 51.351246498185617, 0.087294451755151228, null, null, 51.351246498185617, 0.087294451755151228
2100-Jul-29 16:00:00, 47.962320951151234, 0.081533454353114557, null, null, 47.962320951151234, 0.081533454353114557
2100-Jul-29 17:00:00, 45.383145980552406, 0.077148990870870002, null, null, 45.383145980552406, 0.077148990870870002
2100-Jul-29 18:00:00, 43.539049493745772, 0.074014122629549442, null, null, 43.539049493745772, 0.074014122629549442
2100-Jul-29 19:00:00, 42.402343330396697, 0.072081781194765285, null, null, 42.402343330396697, 0.072081781194765285
2100-Jul-29 20:00:00, 41.953465567152755, 0.07131871231290586, null, null, 41.953465567152755, 0.07131871231290586
2100-Jul-29 21:00:00, 42.139670121019748, 0.071635250382623528, null, null, 42.139670121019748, 0.071635250382623528
2100-Jul-29 22:00:00, 42.879978174252031, 0.072893735619960834, null, null, 42.879978174252031, 0.072893735619960834
2100-Jul-29 23:00:00, 44.069769038718469, 0.074916318289313458, null, null, 44.069769038718469, 0.074916318289313458
2100-Jul-30 00:00:00, 45.620719887786123, 0.077552854173078833, null, null, 45.620719887786123, 0.077552854173078833
2100-Jul-30 01:00:00, 47.469208472958485, 0.080695188753486288, null, null, 47.469208472958485, 0.080695188753486288
2100-Jul-30 02:00:00, 49.627013623787626, 0.084363345428957195, null, null, 49.627013623787626, 0.084363345428957195
2100-Jul-30 03:00:00, 52.059685550866142, 0.088498761346893468, null, null, 52.059685550866142, 0.088498761346893468
2100-Jul-30 04:00:00, 54.82064282701797, 0.093192245306422769, null, null, 54.82064282701797, 0.093192245306422769
2100-Jul-30 05:00:00, 57.875342732663029, 0.098385076478480479, null, null, 57.875342732663029, 0.098385076478480479
2100-Jul-30 06:00:00, 61.13714940163635, 0.10392997839063529, null, null, 61.13714940163635, 0.10392997839063529
2100-Jul-30 07:00:00, 64.36187344684474, 0.1094118417685392, null, null, 64.36187344684474, 0.1094118417685392
2100-Jul-30 08:00:00, 67.065833860864032, 0.11400843402298011, null, null, 67.065833860864032, 0.11400843402298011
2100-Jul-30 09:00:00, 68.613161140418995, 0.11663881002678972, null, null, 68.613161140418995, 0.11663881002678972
2100-Jul-30 10:00:00, 68.816557065081867, 0.11698457253390442, null, null, 68.816557065081867, 0.11698457253390442
2100-Jul-30 11:00:00, 67.787376725791489, 0.11523501941490255, null, null, 67.787376725791489, 0.11523501941490255
2100-Jul-30 12:00:00, 65.743538958971442, 0.11176060137254146, null, null, 65.743538958971442, 0.11176060137254146
2100-Jul-30 13:00:00, 62.334946933874292, 0.10596617197931631, null, null, 62.334946933874292, 0.10596617197931631
2100-Jul-30 14:00:00, 57.858563566424543, 0.098356552767420252, null, null, 57.858563566424543, 0.098356552767420252
2100-Jul-30 15:00:00, 52.869576431361033, 0.089875533776298783, null, null, 52.869576431361033, 0.089875533776298783
2100-Jul-30 16:00:00, 47.877145108399411, 0.081388659844648895, null, null, 47.877145108399411, 0.081388659844648895
2100-Jul-30 17:00:00, 43.424937494019176, 0.073820138157231541, null, null, 43.424937494019176, 0.073820138157231541
2100-Jul-30 18:00:00, 39.829075911092126, 0.067707360242870343, null, null, 39.829075911092126, 0.067707360242870343
2100-Jul-30 19:00:00, 37.130863932653874, 0.063120540030331365, null, null, 37.130863932653874, 0.063120540030331365
2100-Jul-30 20:00:00, 35.262868824217165, 0.05994504537358436, null, null, 35.262868824217165, 0.05994504537358436
2100-Jul-30 21:00:00, 34.178801194493545, 0.058102186711807308, null, null, 34.178801194493545, 0.058102186711807308
2100-Jul-30 22:00:00, 33.851646962488346, 0.057546041510477472, null, null, 33.851646962488346, 0.057546041510477472
2100-Jul-30 23:00:00, 34.210204643462859, 0.058155570943893946, null, null, 34.210204643462859, 0.058155570943893946
2100-Jul-31 00:00:00, 35.17915596753862, 0.059802737865452704, null, null, 35.17915596753862, 0.059802737865452704
2100-Jul-31 01:00:00, 36.673510159965176, 0.062343062372677609, null, null, 36.673510159965176, 0.062343062372677609
2100-Jul-31 02:00:00, 38.653290115666763, 0.06570858546343479, null, null, 38.653290115666763, 0.06570858546343479
2100-Jul-31 03:00:00, 41.056886814242169, 0.069794575003144316, null, null, 41.056886814242169, 0.069794575003144316
2100-Jul-31 04:00:00, 43.804047497988982, 0.074464605472209122, null, null, 43.804047497988982, 0.074464605472209122
2100-Jul-31 05:00:00, 46.802695233318779, 0.079562150866198528, null, null, 46.802695233318779, 0.079562150866198528
2100-Jul-31 06:00:00, 49.980855898578881, 0.084964858916790245, null, null, 49.980855898578881, 0.084964858916790245
2100-Jul-31 07:00:00, 53.051168764301565, 0.090184231310009924, null, null, 53.051168764301565, 0.090184231310009924
2100-Jul-31 08:00:00, 55.696388539143975, 0.094680967528962504, null, null, 55.696388539143975, 0.094680967528962504
2100-Jul-31 09:00:00, 57.722128149335198, 0.098124619645110933, null, null, 57.722128149335198, 0.098124619645110933
2100-Jul-31 10:00:00, 59.036693336378605, 0.10035931218180362, null, null, 59.036693336378605, 0.10035931218180362
2100-Jul-31 11:00:00, 59.723457234616895, 0.10152677513684717, null, null, 59.723457234616895, 0.10152677513684717
2100-Jul-31 12:00:00, 59.732113104175781, 0.10154148966549321, null, null, 59.732113104175781, 0.10154148966549321
2100-Jul-31 13:00:00, 59.006214333537891, 0.10030749946011792, null, null, 59.006214333537891, 0.10030749946011792
2100-Jul-31 14:00:00, 57.391501564992303, 0.097562571625168293, null, null, 57.391501564992303, 0.097562571625168293
2100-Jul-31 15:00:00, 55.097122415391098, 0.09366224624572568, null, null, 55.097122415391098, 0.09366224624572568
2100-Jul-31 16:00:00, 52.653130130388838, 0.089507586307322237, null, null, 52.653130130388838, 0.089507586307322237
2100-Jul-31 17:00:00, 50.709284757675221, 0.086203150141126769, null, null, 50.709284757675221, 0.086203150141126769
2100-Jul-31 18:00:00, 49.653229645474433, 0.084407911304109448, null, null, 49.653229645474433, 0.084407911304109448
2100-Jul-31 19:00:00, 49.52285528216543, 0.084186281658402834, null, null, 49.52285528216543, 0.084186281658402834
2100-Jul-31 20:00:00, 50.168279609351742, 0.085283469489922312, null, null, 50.168279609351742, 0.085283469489922312
2100-Jul-31 21:00:00, 51.40383763685017, 0.087383853959186603, null, null, 51.40383763685017, 0.087383853959186603
2100-Jul-31 22:00:00, 53.075555095355277, 0.090225686806123903, null, null, 53.075555095355277, 0.090225686806123903
2100-Jul-31 23:00:00, 55.072926282647465, 0.093621114076859538, null, null, 55.072926282647465, 0.093621114076859538
2100-Aug-01 00:00:00, 57.319034328078615, 0.097439381086515758, null, null, 57.319034328078615, 0.097439381086515758
2100-Aug-01 01:00:00, 59.763661186437425, 0.10159511976666424, null, null, 59.763661186437425, 0.10159511976666424
2100-Aug-01 02:00:00, 62.376758676538714, 0.10603724977005596, null, null, 62.376758676538714, 0.10603724977005596
2100-Aug-01 03:00:00, 65.154009362851355, 0.11075843168054464, null, null, 65.154009362851355, 0.11075843168054464
2100-Aug-01 04:00:00, 68.148156731664898, 0.11584832668521491, null, null, 68.148156731664898, 0.11584832668521491
2100-Aug-01 05:00:00, 71.306917502751801, 0.12121805592338351, null, null, 71.306917502751801, 0.12121805592338351
2100-Aug-01 06:00:00, 74.481776144793372, 0.12661515070601775, null, null, 74.481776144793372, 0.12661515070601775
2100-Aug-01 07:00:00, 77.391333267097025, 0.13156124668541658, null, null, 77.391333267097025, 0.13156124668541658
2100-Aug-01 08:00:00, 79.548226050335344, 0.13522785238337337, null, null, 79.548226050335344, 0.13522785238337337
2100-Aug-01 09:00:00, 80.733397747513436, 0.13724258270826506, null, null, 80.733397747513436, 0.13724258270826506
2100-Aug-01 10:00:00, 81.028080517606639, 0.13774352811098056, null, null, 81.028080517606639, 0.13774352811098056
2100-Aug-01 11:00:00, 80.586064558800558, 0.13699212394024893, null, null, 80.586064558800558, 0.13699212394024893
2100-Aug-01 12:00:00, 79.086588639226477, 0.1344430927629065, null, null, 79.086588639226477, 0.1344430927629065
2100-Aug-01 13:00:00, 76.576506944153891, 0.13017608426020649, null, null, 76.576506944153891, 0.13017608426020649
2100-Aug-01 14:00:00, 73.087457618157799, 0.12424488163457462, null, null, 73.087457618157799, 0.12424488163457462
2100-Aug-01 15:00:00, 68.688794162188827, 0.11676738223526019, null, null, 68.688794162188827, 0.11676738223526019
2100-Aug-01 16:00:00, 63.881961316141215, 0.1085960160739888, null, null, 63.881961316141215, 0.1085960160739888
2100-Aug-01 17:00:00, 59.304931251280571, 0.10081530270429541, null, null, 59.304931251280571, 0.10081530270429541
2100-Aug-01 18:00:00, 55.416176031235061, 0.094204620820344448, null, null, 55.416176031235061, 0.094204620820344448
2100-Aug-01 19:00:00, 52.453156928003942, 0.089167642250296705, null, null, 52.453156928003942, 0.089167642250296705
2100-Aug-01 20:00:00, 50.459553185482442, 0.085778619439982232, null, null, 50.459553185482442, 0.085778619439982232
2100-Aug-01 21:00:00, 49.341361016797507, 0.083877750834471285, null, null, 49.341361016797507, 0.083877750834471285
2100-Aug-01 22:00:00, 48.944254138910672, 0.083202689768630253, null, null, 48.944254138910672, 0.083202689768630253
2100-Aug-01 23:00:00, 49.130638384353141, 0.083519533304692667, null, null, 49.130638384353141, 0.083519533304692667
2100-Aug-02 00:00:00, 49.832574349716985, 0.084712787985780594, null, null, 49.832574349716985, 0.084712787985780594
2100-Aug-02 01:00:00, 51.048319755261424, 0.086779492026832356, null, null, 51.048319755261424, 0.086779492026832356
2100-Aug-02 02:00:00, 52.772683510111158, 0.089710820842996156, null, null, 52.772683510111158, 0.089710820842996156
2100-Aug-02 03:00:00, 54.907291695130787, 0.093339543881490086, null, null, 54.907291695130787, 0.093339543881490086
2100-Aug-02 04:00:00, 57.328695172357861, 0.097455804019985895, null, null, 57.328695172357861, 0.097455804019985895
2100-Aug-02 05:00:00, 60.007071977627668, 0.10200890546841913, null, null, 60.007071977627668, 0.10200890546841913
2100-Aug-02 06:00:00, 62.8339490189732, 0.10681444960476646, null, null, 62.8339490189732, 0.10681444960476646
2100-Aug-02 07:00:00, 65.631972513331505, 0.11157094420994944, null, null, 65.631972513331505, 0.11157094420994944
2100-Aug-02 08:00:00, 68.178148026762585, 0.11589931032907003, null, null, 68.178148026762585, 0.11589931032907003
2100-Aug-02 09:00:00, 70.251643982084587, 0.11942414575137576, null, null, 70.251643982084587, 0.11942414575137576
2100-Aug-02 10:00:00, 71.550842422784598, 0.1216327156174658, null, null, 71.550842422784598, 0.1216327156174658
2100-Aug-02 11:00:00, 71.52861797500168, 0.12159493521061941, null, null, 71.52861797500168, 0.12159493521061941
2100-Aug-02 12:00:00, 70.206124771797448, 0.11934676545825115, null, null, 70.206124771797448, 0.11934676545825115
2100-Aug-02 13:00:00, 67.958936265217503, 0.11552666172076341, null, null, 67.958936265217503, 0.11552666172076341
2100-Aug-02 14:00:00, 65.134028152181685, 0.11072446466027232, null, null, 65.134028152181685, 0.11072446466027232
2100-Aug-02 15:00:00, 62.018719990650666, 0.10542860260132879, null, null, 62.018719990650666, 0.10542860260132879
2100-Aug-02 16:00:00, 58.835886572607002, 0.10001795111371761, null, null, 58.835886572607002, 0.10001795111371761
2100-Aug-02 17:00:00, 55.819503703931268, 0.094890256914240259, null, null, 55.819503703931268, 0.094890256914240259
2100-Aug-02 18:00:00, 53.225531245166032, 0.090480638470725475, null, null, 53.225531245166032, 0.090480638470725475
2100-Aug-02 19:00:00, 51.302606868875756, 0.087211766911769129, null, null, 51.302606868875756, 0.087211766911769129
2100-Aug-02 20:00:00, 50.167451575697925, 0.085282061875720627, null, null, 50.167451575697925, 0.085282061875720627
2100-Aug-02 21:00:00, 49.824277193624461, 0.084698683251395041, null, null, 49.824277193624461, 0.084698683251395041
2100-Aug-02 22:00:00, 50.181152434138262, 0.085305352623417791, null, null, 50.181152434138262, 0.085305352623417791
2100-Aug-02 23:00:00, 51.148389297089608, 0.08694960505011777, null, null, 51.148389297089608, 0.08694960505011777
2100-Aug-03 00:00:00, 52.621702726867134, 0.089454161353740791, null, null, 52.621702726867134, 0.089454161353740791
2100-Aug-03 01:00:00, 54.476546198522868, 0.092607298911083824, null, null, 54.476546198522868, 0.092607298911083824
2100-Aug-03 02:00:00, 56.600261210383692, 0.096217504121022104, null, null, 56.600261210383692, 0.096217504121022104
2100-Aug-03 03:00:00, 58.977975312813363, 0.10025949459168038, null, null, 58.977975312813363, 0.10025949459168038
2100-Aug-03 04:00:00, 61.557794543190496, 0.10464505328208383, null, null, 61.557794543190496, 0.10464505328208383
2100-Aug-03 05:00:00, 64.352146724278597, 0.10939530684540319, null, null, 64.352146724278597, 0.10939530684540319
2100-Aug-03 06:00:00, 67.322627859326801, 0.11444497048194635, null, null, 67.322627859326801, 0.11444497048194635
2100-Aug-03 07:00:00, 70.289895403877665, 0.11948917118156469, null, null, 70.289895403877665, 0.11948917118156469
2100-Aug-03 08:00:00, 72.964963547072415, 0.12403664807632919, null, null, 72.964963547072415, 0.12403664807632919
2100-Aug-03 09:00:00, 74.944633576176713, 0.12740198429758079, null, null, 74.944633576176713, 0.12740198429758079
2100-Aug-03 10:00:00, 75.658290631814324, 0.12861516422331604, null, null, 75.658290631814324, 0.12861516422331604
2100-Aug-03 11:00:00, 74.826152446497304, 0.12720057253128492, null, null, 74.826152446497304, 0.12720057253128492
2100-Aug-03 12:00:00, 72.536123140676423, 0.12330764166032882, null, null, 72.536123140676423, 0.12330764166032882
2100-Aug-03 13:00:00, 67.965122521484645, 0.11553717803509039, null, null, 67.965122521484645, 0.11553717803509039
2100-Aug-03 14:00:00, 61.879153333085213, 0.10519134653285329, null, null, 61.879153333085213, 0.10519134653285329
2100-Aug-03 15:00:00, 55.343942823145866, 0.094081828118537603, null, null, 55.343942823145866, 0.094081828118537603
2100-Aug-03 16:00:00, 49.193501096840656, 0.083626396650699916, null, null, 49.193501096840656, 0.083626396650699916
2100-Aug-03 17:00:00, 43.975706175904826, 0.074756416308353224, null, null, 43.975706175904826, 0.074756416308353224
2100-Aug-03 18:00:00, 39.880210188200302, 0.067794285857932318, null, null, 39.880210188200302, 0.067794285857932318
2100-Aug-03 19:00:00, 37.09624689510018, 0.063061692864571833, null, null, 37.09624689510018, 0.063061692864571833
2100-Aug-03 20:00:00, 35.593546065712474, 0.060507179508054856, null, null, 35.593546065712474, 0.060507179508054856
2100-Aug-03 21:00:00, 35.160867287056824, 0.059771648058586188, null, null, 35.160867287056824, 0.059771648058586188
2100-Aug-03 22:00:00, 35.568317877782292, 0.060464292898978693, null, null, 35.568317877782292, 0.060464292898978693
2100-Aug-03 23:00:00, 36.676166014916603, 0.062347577188144342, null, null, 36.676166014916603, 0.062347577188144342
2100-Aug-04 00:00:00, 38.305556042736384, 0.065117455601492374, null, null, 38.305556042736384, 0.065117455601492374
2100-Aug-04 01:00:00, 40.356829807353833, 0.068604514453867699, null, null, 40.356829807353833, 0.068604514453867699
2100-Aug-04 02:00:00, 42.76519285747392, 0.072698606543628849, null, null, 42.76519285747392, 0.072698606543628849
2100-Aug-04 03:00:00, 45.45591265090134, 0.077272690430809268, null, null, 45.45591265090134, 0.077272690430809268
2100-Aug-04 04:00:00, 48.363748904547542, 0.082215861022875938, null, null, 48.363748904547542, 0.082215861022875938
2100-Aug-04 05:00:00, 51.470443100847746, 0.087497079788354568, null, null, 51.470443100847746, 0.087497079788354568
2100-Aug-04 06:00:00, 54.781591036036332, 0.093125859290186158, null, null, 54.781591036036332, 0.093125859290186158
2100-Aug-04 07:00:00, 58.101639969765529, 0.098769770027200207, null, null, 58.101639969765529, 0.098769770027200207
2100-Aug-04 08:00:00, 60.989798216113044, 0.10367948902897621, null, null, 60.989798216113044, 0.10367948902897621
2100-Aug-04 09:00:00, 63.047981259233552, 0.10717829329592427, null, null, 63.047981259233552, 0.10717829329592427
2100-Aug-04 10:00:00, 63.885441035299067, 0.10860193141581322, null, null, 63.885441035299067, 0.10860193141581322
2100-Aug-04 11:00:00, 63.478497186979155, 0.10791014801118888, null, null, 63.478497186979155, 0.10791014801118888
2100-Aug-04 12:00:00, 61.946231409299145, 0.1053053757782406, null, null, 61.946231409299145, 0.1053053757782406
2100-Aug-04 13:00:00, 59.216779476462342, 0.10066544926589303, null, null, 59.216779476462342, 0.10066544926589303
2100-Aug-04 14:00:00, 55.56442652009617, 0.094456638950966093, null, null, 55.56442652009617, 0.094456638950966093
2100-Aug-04 15:00:00, 51.484167686531862, 0.087520410871133714, null, null, 51.484167686531862, 0.087520410871133714
2100-Aug-04 16:00:00, 47.366320623414481, 0.080520284753472823, null, null, 47.366320623414481, 0.080520284753472823
2100-Aug-04 17:00:00, 43.496572650884666, 0.073941914203022138, null, null, 43.496572650884666, 0.073941914203022138
2100-Aug-04 18:00:00, 40.217576193959836, 0.068367790544223511, null, null, 40.217576193959836, 0.068367790544223511
2100-Aug-04 19:00:00, 37.726773021358568, 0.064133554528357742, null, null, 37.726773021358568, 0.064133554528357742
2100-Aug-04 20:00:00, 36.030025657021888, 0.061249172141612719, null, null, 36.030025657021888, 0.061249172141612719
2100-Aug-04 21:00:00, 35.196971221809086, 0.059833022872350712, null, null, 35.196971221809086, 0.059833022872350712
2100-Aug-04 22:00:00, 35.177367717781529, 0.059799697933751103, null, null, 35.177367717781529, 0.059799697933751103
2100-Aug-04 23:00:00, 35.960367787893659, 0.061130757382270987, null, null, 35.960367787893659, 0.061130757382270987
2100-Aug-05 00:00:00, 37.352693418855225, 0.063497638634583506, null, null, 37.352693418855225, 0.063497638634583506
2100-Aug-05 01:00:00, 39.22900987481853, 0.06668727914989743, null, null, 39.22900987481853, 0.06668727914989743
2100-Aug-05 02:00:00, 41.511587501942948, 0.070567542554125423, null, null, 41.511587501942948, 0.070567542554125423
2100-Aug-05 03:00:00, 44.132383352526702, 0.075022759370468275, null, null, 44.132383352526702, 0.075022759370468275
2100-Aug-05 04:00:00, 47.055903440397394, 0.079992591666065246, null, null, 47.055903440397394, 0.079992591666065246
2100-Aug-05 05:00:00, 50.246907728381458, 0.085417133208162924, null, null, 50.246907728381458, 0.085417133208162924
2100-Aug-05 06:00:00, 53.705142513335133, 0.091295952714594786, null, null, 53.705142513335133, 0.091295952714594786
2100-Aug-05 07:00:00, 57.255697117100645, 0.097331711117721181, null, null, 57.255697117100645, 0.097331711117721181
2100-Aug-05 08:00:00, 60.437375199420927, 0.10274039859461316, null, null, 60.437375199420927, 0.10274039859461316
2100-Aug-05 09:00:00, 62.653432720297801, 0.10650758127341457, null, null, 62.653432720297801, 0.10650758127341457
2100-Aug-05 10:00:00, 63.583578784176858, 0.10808878126826578, null, null, 63.583578784176858, 0.10808878126826578
2100-Aug-05 11:00:00, 63.146186286658647, 0.10734523674157123, null, null, 63.146186286658647, 0.10734523674157123
2100-Aug-05 12:00:00, 60.236897454559774, 0.10239959684158499, null, null, 60.236897454559774, 0.10239959684158499
2100-Aug-05 13:00:00, 55.24898067563484, 0.093920397400302558, null, null, 55.24898067563484, 0.093920397400302558
2100-Aug-05 14:00:00, 49.149295596227468, 0.083551249595784194, null, null, 49.149295596227468, 0.083551249595784194
2100-Aug-05 15:00:00, 42.644399291283797, 0.072493263755377568, null, null, 42.644399291283797, 0.072493263755377568
2100-Aug-05 16:00:00, 35.929121347292039, 0.06107764005625408, null, null, 35.929121347292039, 0.06107764005625408
2100-Aug-05 17:00:00, 29.800592163851523, 0.050659458773102815, null, null, 29.800592163851523, 0.050659458773102815
2100-Aug-05 18:00:00, 24.926898970557648, 0.042374433494379866, null, null, 24.926898970557648, 0.042374433494379866
2100-Aug-05 19:00:00, 21.515123680204727, 0.036574592715565409, null, null, 21.515123680204727, 0.036574592715565409
2100-Aug-05 20:00:00, 19.445105499448921, 0.033055669329379284, null, null, 19.445105499448921, 0.033055669329379284
2100-Aug-05 21:00:00, 18.478011732958475, 0.031411660159230109, null, null, 18.478011732958475, 0.031411660159230109
2100-Aug-05 22:00:00, 18.42691936252864, 0.031324805783344588, null, null, 18.42691936252864, 0.031324805783344588
2100-Aug-05 23:00:00, 19.127434149379646, 0.032515644534779682, null, null, 19.127434149379646, 0.032515644534779682
2100-Aug-06 00:00:00, 20.421734031583849, 0.034715887105868294, null, null, 20.421734031583849, 0.034715887105868294
2100-Aug-06 01:00:00, 22.203374225089252, 0.037744582892688013, null, null, 22.203374225089252, 0.037744582892688013
2100-Aug-06 02:00:00, 24.421744485578721, 0.041515697108702274, null, null, 24.421744485578721, 0.041515697108702274
2100-Aug-06 03:00:00, 26.971794903577894, 0.04585065036431793, null, null, 26.971794903577894, 0.04585065036431793
2100-Aug-06 04:00:00, 29.77906922040961, 0.050622870887198523, null, null, 29.77906922040961, 0.050622870887198523
2100-Aug-06 05:00:00, 32.828545545558399, 0.055806822243736329, null, null, 32.828545545558399, 0.055806822243736329
2100-Aug-06 06:00:00, 36.100608867501997, 0.061369159933188477, null, null, 36.100608867501997, 0.061369159933188477
2100-Aug-06 07:00:00, 39.322991527699614, 0.066847043078190532, null, null, 39.322991527699614, 0.066847043078190532
2100-Aug-06 08:00:00, 42.066817304580731, 0.071511404378805737, null, null, 42.066817304580731, 0.071511404378805737
2100-Aug-06 09:00:00, 44.016269953312431, 0.074825372622978226, null, null, 44.016269953312431, 0.074825372622978226
2100-Aug-06 10:00:00, 44.816949889466926, 0.076186486925440694, null, null, 44.816949889466926, 0.076186486925440694
2100-Aug-06 11:00:00, 43.342016939119425, 0.073679177520970016, null, null, 43.342016939119425, 0.073679177520970016
2100-Aug-06 12:00:00, 39.891826556438133, 0.067814033080558028, null, null, 39.891826556438133, 0.067814033080558028
2100-Aug-06 13:00:00, 35.357236467194788, 0.06010546546499243, null, null, 35.357236467194788, 0.06010546546499243
2100-Aug-06 14:00:00, 30.582889856627645, 0.051989324216634436, null, null, 30.582889856627645, 0.051989324216634436
2100-Aug-06 15:00:00, 26.27522342464361, 0.044666515031517556, null, null, 26.27522342464361, 0.044666515031517556
2100-Aug-06 16:00:00, 22.748098092914109, 0.038670585173886704, null, null, 22.748098092914109, 0.038670585173886704
2100-Aug-06 17:00:00, 20.003309236542105, 0.034004586688161371, null, null, 20.003309236542105, 0.034004586688161371
2100-Aug-06 18:00:00, 18.013768207078449, 0.030622470279019372, null, null, 18.013768207078449, 0.030622470279019372
2100-Aug-06 19:00:00, 16.767924758439747, 0.02850460112806303, null, null, 16.767924758439747, 0.02850460112806303
2100-Aug-06 20:00:00, 16.21897899789192, 0.027571421848529273, null, null, 16.21897899789192, 0.027571421848529273
2100-Aug-06 21:00:00, 16.256628609271889, 0.027635424232275208, null, null, 16.256628609271889, 0.027635424232275208
2100-Aug-06 22:00:00, 16.803520129899542, 0.028565111410646209, null, null, 16.803520129899542, 0.028565111410646209
2100-Aug-06 23:00:00, 17.807317503193104, 0.030271514805898132, null, null, 17.807317503193104, 0.030271514805898132
2100-Aug-07 00:00:00, 19.20803851088068, 0.03265266776257135, null, null, 19.20803851088068, 0.03265266776257135
2100-Aug-07 01:00:00, 20.976808700257699, 0.035659485210867904, null, null, 20.976808700257699, 0.035659485210867904
2100-Aug-07 02:00:00, 23.049806744558623, 0.039183474210300349, null, null, 23.049806744558623, 0.039183474210300349
2100-Aug-07 03:00:00, 25.3866968042067, 0.043156065928716555, null, null, 25.3866968042067, 0.043156065928716555
2100-Aug-07 04:00:00, 27.994012944013519, 0.047588367936903166, null, null, 27.994012944013519, 0.047588367936903166
2100-Aug-07 05:00:00, 30.87652318926115, 0.052488485630178418, null, null, 30.87652318926115, 0.052488485630178418
2100-Aug-07 06:00:00, 33.998332398488657, 0.057795399132527896, null, null, 33.998332398488657, 0.057795399132527896
2100-Aug-07 07:00:00, 37.163167857203184, 0.063175455024131397, null, null, 37.163167857203184, 0.063175455024131397
2100-Aug-07 08:00:00, 40.110577875860429, 0.068185898961172248, null, null, 40.110577875860429, 0.068185898961172248
2100-Aug-07 09:00:00, 42.503955873151263, 0.07225451723947883, null, null, 42.503955873151263, 0.07225451723947883
2100-Aug-07 10:00:00, 43.889056567393972, 0.074609116474647713, null, null, 43.889056567393972, 0.074609116474647713
2100-Aug-07 11:00:00, 43.820785281037722, 0.074493058833996317, null, null, 43.820785281037722, 0.074493058833996317
2100-Aug-07 12:00:00, 42.298139015588632, 0.071904639272182894, null, null, 42.298139015588632, 0.071904639272182894
2100-Aug-07 13:00:00, 39.517603683048385, 0.067177873633718715, null, null, 39.517603683048385, 0.067177873633718715
2100-Aug-07 14:00:00, 34.993360617532318, 0.059486895421043302, null, null, 34.993360617532318, 0.059486895421043302
2100-Aug-07 15:00:00, 29.410954064267955, 0.049997094242433274, null, null, 29.410954064267955, 0.049997094242433274
2100-Aug-07 16:00:00, 23.846634481550154, 0.040538039974277101, null, null, 23.846634481550154, 0.040538039974277101
2100-Aug-07 17:00:00, 18.902749568937114, 0.032133692418617132, null, null, 18.902749568937114, 0.032133692418617132
2100-Aug-07 18:00:00, 14.926177657202652, 0.025373726720178659, null, null, 14.926177657202652, 0.025373726720178659
2100-Aug-07 19:00:00, 12.059884201330364, 0.020501176726507329, null, null, 12.059884201330364, 0.020501176726507329
2100-Aug-07 20:00:00, 10.262738865787671, 0.017446123003593911, null, null, 10.262738865787671, 0.017446123003593911
2100-Aug-07 21:00:00, 9.3740008797344174, 0.0159353145902239, null, null, 9.3740008797344174, 0.0159353145902239
2100-Aug-07 22:00:00, 9.2293200391467085, 0.015689364676252003, null, null, 9.2293200391467085, 0.015689364676252003
2100-Aug-07 23:00:00, 9.817467628024513, 0.016689185027721293, null, null, 9.817467628024513, 0.016689185027721293
2100-Aug-08 00:00:00, 11.089067933700026, 0.018850839497774882, null, null, 11.089067933700026, 0.018850839497774882
2100-Aug-08 01:00:00, 12.944941311731061, 0.022005727842460417, null, null, 12.944941311731061, 0.022005727842460417
2100-Aug-08 02:00:00, 15.248024130039628, 0.025920849006618691, null, null, 15.248024130039628, 0.025920849006618691
2100-Aug-08 03:00:00, 17.87191525582962, 0.03038132763003705, null, null, 17.87191525582962, 0.03038132763003705
2100-Aug-08 04:00:00, 20.76562403129417, 0.035300482243005853, null, null, 20.76562403129417, 0.035300482243005853
2100-Aug-08 05:00:00, 23.920024713546596, 0.040662799556628021, null, null, 23.920024713546596, 0.040662799556628021
2100-Aug-08 06:00:00, 27.277001178111348, 0.046369485177968878, null, null, 27.277001178111348, 0.046369485177968878
2100-Aug-08 07:00:00, 30.657730133697896, 0.052116548800292442, null, null, 30.657730133697896, 0.052116548800292442
2100-Aug-08 08:00:00, 33.714557482307264, 0.057312996514885611, null, null, 33.714557482307264, 0.057312996514885611
2100-Aug-08 09:00:00, 36.089619880785463, 0.061350479226561457, null, null, 36.089619880785463, 0.061350479226561457
2100-Aug-08 10:00:00, 37.329180045781527, 0.063457667121692291, null, null, 37.329180045781527, 0.063457667121692291
2100-Aug-08 11:00:00, 37.110291385262947, 0.063085567768348172, null, null, 37.110291385262947, 0.063085567768348172
2100-Aug-08 12:00:00, 35.400501780879019, 0.060179014250964218, null, null, 35.400501780879019, 0.060179014250964218
2100-Aug-08 13:00:00, 32.528238968811863, 0.055296316661822532, null, null, 32.528238968811863, 0.055296316661822532
2100-Aug-08 14:00:00, 28.854664273806797, 0.049051430493511218, null, null, 28.854664273806797, 0.049051430493511218
2100-Aug-08 15:00:00, 24.661867338372517, 0.041923893485965633, null, null, 24.661867338372517, 0.041923893485965633
2100-Aug-08 16:00:00, 20.34477652465624, 0.03458506334142615, null, null, 20.34477652465624, 0.03458506334142615
2100-Aug-08 17:00:00, 16.413435939237512, 0.027901988548314192, null, null, 16.413435939237512, 0.027901988548314192
2100-Aug-08 18:00:00, 13.241948866573436, 0.022510625258495277, null, null, 13.241948866573436, 0.022510625258495277
2100-Aug-08 19:00:00, 11.055047613620209, 0.018793006720726181, null, null, 11.055047613620209, 0.018793006720726181
2100-Aug-08 20:00:00, 9.933992869652041, 0.016887271885921921, null, null, 9.933992869652041, 0.016887271885921921
2100-Aug-08 21:00:00, 9.9241880603545027, 0.016870604219398525, null, null, 9.9241880603545027, 0.016870604219398525
2100-Aug-08 22:00:00, 10.834497515784268, 0.018418083010241105, null, null, 10.834497515784268, 0.018418083010241105
2100-Aug-08 23:00:00, 12.478304993773389, 0.021212470340004331, null, null, 12.478304993773389, 0.021212470340004331
2100-Aug-09 00:00:00, 14.693464854292134, 0.024978127042823289, null, null, 14.693464854292134, 0.024978127042823289
2100-Aug-09 01:00:00, 17.336109930220516, 0.029470486407357294, null, null, 17.336109930220516, 0.029470486407357294
2100-Aug-09 02:00:00, 20.287860344985411, 0.034488308792331841, null, null, 20.287860344985411, 0.034488308792331841
2100-Aug-09 03:00:00, 23.502144133635941, 0.039952424276376276, null, null, 23.502144133635941, 0.039952424276376276
2100-Aug-09 04:00:00, 26.926838523831826, 0.045774226853878552, null, null, 26.926838523831826, 0.045774226853878552
2100-Aug-09 05:00:00, 30.530226449427737, 0.051899799159842747, null, null, 30.530226449427737, 0.051899799159842747
2100-Aug-09 06:00:00, 34.25543837510255, 0.058232465938146245, null, null, 34.25543837510255, 0.058232465938146245
2100-Aug-09 07:00:00, 37.87278651838291, 0.064381769889050935, null, null, 37.87278651838291, 0.064381769889050935
2100-Aug-09 08:00:00, 40.970744492476264, 0.069648137530555668, null, null, 40.970744492476264, 0.069648137530555668
2100-Aug-09 09:00:00, 42.229101833972244, 0.071787279649371469, null, null, 42.229101833972244, 0.071787279649371469
2100-Aug-09 10:00:00, 41.601891452349236, 0.070721054579238968, null, null, 41.601891452349236, 0.070721054579238968
2100-Aug-09 11:00:00, 39.691223915002261, 0.067473019009840235, null, null, 39.691223915002261, 0.067473019009840235
2100-Aug-09 12:00:00, 36.824831827405816, 0.06260030134736097, null, null, 36.824831827405816, 0.06260030134736097
2100-Aug-09 13:00:00, 33.189171222658857, 0.056419867163150839, null, null, 33.189171222658857, 0.056419867163150839
2100-Aug-09 14:00:00, 29.174379478748861, 0.04959492973523244, null, null, 29.174379478748861, 0.04959492973523244
2100-Aug-09 15:00:00, 24.961728671800589, 0.042433642177364915, null, null, 24.961728671800589, 0.042433642177364915
2100-Aug-09 16:00:00, 20.859552715758021, 0.035460156127740942, null, null, 20.859552715758021, 0.035460156127740942
2100-Aug-09 17:00:00, 17.209323940311194, 0.029254956810042466, null, null, 17.209323940311194, 0.029254956810042466
2100-Aug-09 18:00:00, 14.232537807207025, 0.024194575004299026, null, null, 14.232537807207025, 0.024194575004299026
2100-Aug-09 19:00:00, 12.016617802016542, 0.020427626095021627, null, null, 12.016617802016542, 0.020427626095021627
2100-Aug-09 20:00:00, 10.528315855747884, 0.017897590091898754, null, null, 10.528315855747884, 0.017897590091898754
2100-Aug-09 21:00:00, 9.7406501845979392, 0.01655859936395572, null, null, 9.7406501845979392, 0.01655859936395572
2100-Aug-09 22:00:00, 9.6297941008444727, 0.016370149779673011, null, null, 9.6297941008444727, 0.016370149779673011
2100-Aug-09 23:00:00, 10.130867583774158, 0.017221948673842725, null, null, 10.130867583774158, 0.017221948673842725
2100-Aug-10 00:00:00, 11.173184991518458, 0.018993834126849286, null, null, 11.173184991518458, 0.018993834126849286
2100-Aug-10 01:00:00, 12.669913125174501, 0.021538194210856818, null, null, 12.669913125174501, 0.021538194210856818
2100-Aug-10 02:00:00, 14.523003598615306, 0.024688351762288879, null, null, 14.523003598615306, 0.024688351762288879
2100-Aug-10 03:00:00, 16.640935843974908, 0.028288726569544152, null, null, 16.640935843974908, 0.028288726569544152
2100-Aug-10 04:00:00, 18.962502600470668, 0.03223526946852602, null, null, 18.962502600470668, 0.03223526946852602
2100-Aug-10 05:00:00, 21.435008575526808, 0.03643840119896001, null, null, 21.435008575526808, 0.03643840119896001
2100-Aug-10 06:00:00, 23.996748584694824, 0.040793226152380749, null, null, 23.996748584694824, 0.040793226152380749
2100-Aug-10 07:00:00, 26.542511224699002, 0.045120890408121124, null, null, 26.542511224699002, 0.045120890408121124
2100-Aug-10 08:00:00, 29.011059807176071, 0.049317294776725994, null, null, 29.011059807176071, 0.049317294776725994
2100-Aug-10 09:00:00, 31.310542516218007, 0.053226295942128243, null, null, 31.310542516218007, 0.053226295942128243
2100-Aug-10 10:00:00, 33.215759814898462, 0.056465066388890754, null, null, 33.215759814898462, 0.056465066388890754
2100-Aug-10 11:00:00, 34.529373446564264, 0.058698141330867308, null, null, 34.529373446564264, 0.058698141330867308
2100-Aug-10 12:00:00, 35.176175652283405, 0.059797671484322683, null, null, 35.176175652283405, 0.059797671484322683
2100-Aug-10 13:00:00, 35.138105086872081, 0.05973295350058868, null, null, 35.138105086872081, 0.05973295350058868
2100-Aug-10 14:00:00, 34.568118291459257, 0.058764005554700044, null, null, 34.568118291459257, 0.058764005554700044
2100-Aug-10 15:00:00, 33.573084077760839, 0.057072499075582928, null, null, 33.573084077760839, 0.057072499075582928
2100-Aug-10 16:00:00, 32.330881974963546, 0.05496082002341781, null, null, 32.330881974963546, 0.05496082002341781
2100-Aug-10 17:00:00, 31.060059590440869, 0.052800487978917184, null, null, 31.060059590440869, 0.052800487978917184
2100-Aug-10 18:00:00, 30.003636126656716, 0.051004622963341094, null, null, 30.003636126656716, 0.051004622963341094
2100-Aug-10 19:00:00, 29.550025566542651, 0.050233508572633881, null, null, 29.550025566542651, 0.050233508572633881
2100-Aug-10 20:00:00, 29.85672123850436, 0.05075487528455043, null, null, 29.85672123850436, 0.05075487528455043
2100-Aug-10 21:00:00, 30.878858363701838, 0.052492455305433713, null, null, 30.878858363701838, 0.052492455305433713
2100-Aug-10 22:00:00, 32.490675364354864, 0.055232460485378269, null, null, 32.490675364354864, 0.055232460485378269
2100-Aug-10 23:00:00, 34.560139481224077, 0.05875044199173643, null, null, 34.560139481224077, 0.05875044199173643
2100-Aug-11 00:00:00, 37.000348814407658, 0.062898671108542581, null, null, 37.000348814407658, 0.062898671108542581
2100-Aug-11 01:00:00, 39.740378137144646, 0.067556578634308584, null, null, 39.740378137144646, 0.067556578634308584
2100-Aug-11 02:00:00, 42.70530796864972, 0.072596805343174808, null, null, 42.70530796864972, 0.072596805343174808
2100-Aug-11 03:00:00, 45.841699590775072, 0.077928508190009418, null, null, 45.841699590775072, 0.077928508190009418
2100-Aug-11 04:00:00, 49.123900199213871, 0.083508078739951419, null, null, 49.123900199213871, 0.083508078739951419
2100-Aug-11 05:00:00, 52.550165968949017, 0.089332552581049676, null, null, 52.550165968949017, 0.089332552581049676
2100-Aug-11 06:00:00, 56.094700836585645, 0.095358077745434727, null, null, 56.094700836585645, 0.095358077745434727
2100-Aug-11 07:00:00, 59.645887086447885, 0.10139490991411654, null, null, 59.645887086447885, 0.10139490991411654
2100-Aug-11 08:00:00, 62.889513837958084, 0.10690890691088718, null, null, 62.889513837958084, 0.10690890691088718
2100-Aug-11 09:00:00, 65.458999242353315, 0.11127689863388207, null, null, 65.458999242353315, 0.11127689863388207
2100-Aug-11 10:00:00, 66.798358076085577, 0.11355373908211165, null, null, 66.798358076085577, 0.11355373908211165
2100-Aug-11 11:00:00, 66.308503614478468, 0.11272101194145075, null, null, 66.308503614478468, 0.11272101194145075
2100-Aug-11 12:00:00, 64.308225611264021, 0.10932064323463341, null, null, 64.308225611264021, 0.10932064323463341
2100-Aug-11 13:00:00, 61.145276389773052, 0.10394379384833483, null, null, 61.145276389773052, 0.10394379384833483
2100-Aug-11 14:00:00, 56.956263838736646, 0.096822690097696743, null, null, 56.956263838736646, 0.096822690097696743
2100-Aug-11 15:00:00, 52.380376033079415, 0.089043918509317796, null, null, 52.380376033079415, 0.089043918509317796
2100-Aug-11 16:00:00, 47.931367508888265, 0.081480835109054406, null, null, 47.931367508888265, 0.081480835109054406
2100-Aug-11 17:00:00, 43.96945582207789, 0.074745791031503958, null, null, 43.96945582207789, 0.074745791031503958
2100-Aug-11 18:00:00, 40.771938250557916, 0.069310177245708884, null, null, 40.771938250557916, 0.069310177245708884
2100-Aug-11 19:00:00, 38.491016426300881, 0.065432728620349573, null, null, 38.491016426300881, 0.065432728620349573
2100-Aug-11 20:00:00, 37.100517321255914, 0.063068952367221667, null, null, 37.100517321255914, 0.063068952367221667
2100-Aug-11 21:00:00, 36.490651992356689, 0.062032212985781064, null, null, 36.490651992356689, 0.062032212985781064
2100-Aug-11 22:00:00, 36.511460663191414, 0.062067586645353959, null, null, 36.511460663191414, 0.062067586645353959
2100-Aug-11 23:00:00, 37.048688342680016, 0.062980845795748808, null, null, 37.048688342680016, 0.062980845795748808
2100-Aug-12 00:00:00, 37.999671549543393, 0.064597467851348317, null, null, 37.999671549543393, 0.064597467851348317
2100-Aug-12 01:00:00, 39.287851827082619, 0.066787307412371613, null, null, 39.287851827082619, 0.066787307412371613
2100-Aug-12 02:00:00, 40.869614697595161, 0.069476222132152071, null, null, 40.869614697595161, 0.069476222132152071
2100-Aug-12 03:00:00, 42.719720821830876, 0.072621306444948866, null, null, 42.719720821830876, 0.072621306444948866
2100-Aug-12 04:00:00, 44.849458273605677, 0.076241749489922711, null, null, 44.849458273605677, 0.076241749489922711
2100-Aug-12 05:00:00, 47.265264496514249, 0.080348494586810246, null, null, 47.265264496514249, 0.080348494586810246
2100-Aug-12 06:00:00, 49.879080009562678, 0.08479184519191646, null, null, 49.879080009562678, 0.08479184519191646
2100-Aug-12 07:00:00, 52.465274714687951, 0.089188241858236192, null, null, 52.465274714687951, 0.089188241858236192
2100-Aug-12 08:00:00, 54.780846299176702, 0.093124593276207993, null, null, 54.780846299176702, 0.093124593276207993
2100-Aug-12 09:00:00, 56.634217594954755, 0.096275228211026867, null, null, 56.634217594954755, 0.096275228211026867
2100-Aug-12 10:00:00, 57.715479987273199, 0.098113318114925047, null, null, 57.715479987273199, 0.098113318114925047
2100-Aug-12 11:00:00, 57.64535546481202, 0.097994110069156259, null, null, 57.64535546481202, 0.097994110069156259
2100-Aug-12 12:00:00, 56.221368108858847, 0.095573405528934591, null, null, 56.221368108858847, 0.095573405528934591
2100-Aug-12 13:00:00, 53.191470243049011, 0.090422736536326639, null, null, 53.191470243049011, 0.090422736536326639
2100-Aug-12 14:00:00, 49.169327666221378, 0.083585303074265982, null, null, 49.169327666221378, 0.083585303074265982
2100-Aug-12 15:00:00, 45.001855880395702, 0.07650081750561348, null, null, 45.001855880395702, 0.07650081750561348
2100-Aug-12 16:00:00, 41.37256106300282, 0.070331204829252897, null, null, 41.37256106300282, 0.070331204829252897
2100-Aug-12 17:00:00, 38.634026833817984, 0.065675838884867249, null, null, 38.634026833817984, 0.065675838884867249
2100-Aug-12 18:00:00, 36.905502909227494, 0.062737437996232132, null, null, 36.905502909227494, 0.062737437996232132
2100-Aug-12 19:00:00, 36.128122193544115, 0.061415931158360047, null, null, 36.128122193544115, 0.061415931158360047
2100-Aug-12 20:00:00, 36.17562689534207, 0.061496686683922427, null, null, 36.17562689534207, 0.061496686683922427
2100-Aug-12 21:00:00, 36.907717206979946, 0.062741202187396025, null, null, 36.907717206979946, 0.062741202187396025
2100-Aug-12 22:00:00, 38.181582063237364, 0.064906706275813325, null, null, 38.181582063237364, 0.064906706275813325
2100-Aug-12 23:00:00, 39.883791768402602, 0.067800374358241419, null, null, 39.883791768402602, 0.067800374358241419
2100-Aug-13 00:00:00, 41.90513772364524, 0.071236557489192942, null, null, 41.90513772364524, 0.071236557489192942
2100-Aug-13 01:00:00, 44.175797444684463, 0.075096561072117207, null, null, 44.175797444684463, 0.075096561072117207
2100-Aug-13 02:00:00, 46.675013162972967, 0.079345097978685969, null, null, 46.675013162972967, 0.079345097978685969
2100-Aug-13 03:00:00, 49.4041676922403, 0.083984518920413198, null, null, 49.4041676922403, 0.083984518920413198
2100-Aug-13 04:00:00, 52.361514235493701, 0.089011854433143522, null, null, 52.361514235493701, 0.089011854433143522
2100-Aug-13 05:00:00, 55.515670986250321, 0.094373757075893142, null, null, 55.515670986250321, 0.094373757075893142
2100-Aug-13 06:00:00, 58.786774157841784, 0.099934462559618881, null, null, 58.786774157841784, 0.099934462559618881
2100-Aug-13 07:00:00, 61.974552108597308, 0.10535351949601078, null, null, 61.974552108597308, 0.10535351949601078
2100-Aug-13 08:00:00, 64.122105763869044, 0.10900424916151834, null, null, 64.122105763869044, 0.10900424916151834
2100-Aug-13 09:00:00, 64.944853900723359, 0.11040287825890173, null, null, 64.944853900723359, 0.11040287825890173
2100-Aug-13 10:00:00, 64.418961931744164, 0.10950888922757222, null, null, 64.418961931744164, 0.10950888922757222
2100-Aug-13 11:00:00, 62.738388243069842, 0.10665200124935847, null, null, 62.738388243069842, 0.10665200124935847
2100-Aug-13 12:00:00, 59.860101860116458, 0.10175906390258714, null, null, 59.860101860116458, 0.10175906390258714
2100-Aug-13 13:00:00, 56.108604985863863, 0.095381714076996943, null, null, 56.108604985863863, 0.095381714076996943
2100-Aug-13 14:00:00, 51.424930928863311, 0.087419711459978983, null, null, 51.424930928863311, 0.087419711459978983
2100-Aug-13 15:00:00, 45.948831743425615, 0.078110627284845968, null, null, 45.948831743425615, 0.078110627284845968
2100-Aug-13 16:00:00, 40.231708090159024, 0.068391814033721715, null, null, 40.231708090159024, 0.068391814033721715
2100-Aug-13 17:00:00, 34.897027086025027, 0.059323133421247183, null, null, 34.897027086025027, 0.059323133421247183
2100-Aug-13 18:00:00, 30.476400739256032, 0.051808298248371458, null, null, 30.476400739256032, 0.051808298248371458
2100-Aug-13 19:00:00, 27.180489113283016, 0.046205419680800386, null, null, 27.180489113283016, 0.046205419680800386
2100-Aug-13 20:00:00, 24.986518683401577, 0.042475783909441248, null, null, 24.986518683401577, 0.042475783909441248
2100-Aug-13 21:00:00, 23.772457884202996, 0.040411943611675438, null, null, 23.772457884202996, 0.040411943611675438
2100-Aug-13 22:00:00, 23.398256568248989, 0.039775820811357138, null, null, 23.398256568248989, 0.039775820811357138
2100-Aug-13 23:00:00, 23.706963590631688, 0.040300606714515595, null, null, 23.706963590631688, 0.040300606714515595
2100-Aug-14 00:00:00, 24.598783758271516, 0.041816654676487784, null, null, 24.598783758271516, 0.041816654676487784
2100-Aug-14 01:00:00, 26.033597126973319, 0.044255762876056239, null, null, 26.033597126973319, 0.044255762876056239
2100-Aug-14 02:00:00, 27.940937448324004, 0.047498142351083877, null, null, 27.940937448324004, 0.047498142351083877
2100-Aug-14 03:00:00, 30.239430174103653, 0.051405460596362057, null, null, 30.239430174103653, 0.051405460596362057
2100-Aug-14 04:00:00, 32.859606443486861, 0.055859624156846338, null, null, 32.859606443486861, 0.055859624156846338
2100-Aug-14 05:00:00, 35.726153797083334, 0.060732605763460804, null, null, 35.726153797083334, 0.060732605763460804
2100-Aug-14 06:00:00, 38.76499202241353, 0.06589847290287229, null, null, 38.76499202241353, 0.06589847290287229
2100-Aug-14 07:00:00, 41.446647075902852, 0.070457147202999587, null, null, 41.446647075902852, 0.070457147202999587
2100-Aug-14 08:00:00, 43.386904272286493, 0.073755483655811527, null, null, 43.386904272286493, 0.073755483655811527
2100-Aug-14 09:00:00, 44.368194375937399, 0.075423625861745863, null, null, 44.368194375937399, 0.075423625861745863
2100-Aug-14 10:00:00, 43.316591579291291, 0.073635955729908859, null, null, 43.316591579291291, 0.073635955729908859
2100-Aug-14 11:00:00, 40.174944335702925, 0.068295318599575161, null, null, 40.174944335702925, 0.068295318599575161
2100-Aug-14 12:00:00, 35.710286289550083, 0.060705631824845993, null, null, 35.710286289550083, 0.060705631824845993
2100-Aug-14 13:00:00, 29.626964261568649, 0.050364300357820413, null, null, 29.626964261568649, 0.050364300357820413
2100-Aug-14 14:00:00, 22.378670115748839, 0.038042576801572005, null, null, 22.378670115748839, 0.038042576801572005
2100-Aug-14 15:00:00, 14.125795361430868, 0.024013118390906731, null, null, 14.125795361430868, 0.024013118390906731
2100-Aug-14 16:00:00, 6.077616869352422, 0.0103316329936942, null, null, 6.077616869352422, 0.0103316329936942
2100-Aug-14 17:00:00, -0.73256293006473427, -0.0012453189302504596, null, null, -0.73256293006473427, -0.0012453189302504596
2100-Aug-14 18:00:00, -5.8958243297177697, -0.010022595119002213, null, null, -5.8958243297177697, -0.010022595119002213
2100-Aug-14 19:00:00, -9.4374166744883006, -0.016043118147355723, null, null, -9.4374166744883006, -0.016043118147355723
2100-Aug-14 20:00:00, -11.579637863229088, -0.019684782896740197, null, null, -11.579637863229088, -0.019684782896740197
2100-Aug-14 21:00:00, -12.562967898160524, -0.021356392879893115, null, null, -12.562967898160524, -0.021356392879893115
2100-Aug-14 22:00:00, -12.590699955517888, -0.021403535936939236, null, null, -12.590699955517888, -0.021403535936939236
2100-Aug-14 23:00:00, -11.80696136331481, -0.020071221039225137, null, null, -11.80696136331481, -0.020071221039225137
2100-Aug-15 00:00:00, -10.347331464932072, -0.017589926028221844, null, null, -10.347331464932072, -0.017589926028221844
2100-Aug-15 01:00:00, -8.3418411333561018, -0.014180696633929218, null, null, -8.3418411333561018, -0.014180696633929218
2100-Aug-15 02:00:00, -5.9180034508746191, -0.010060298472938649, null, null, -5.9180034508746191, -0.010060298472938649
2100-Aug-15 03:00:00, -3.1891823034852935, -0.0054214442630874712, null, null, -3.1891823034852935, -0.0054214442630874712
2100-Aug-15 04:00:00, -0.23062362574049411, -0.00039204818468258491, null, null, -0.23062362574049411, -0.00039204818468258491
2100-Aug-15 05:00:00, 2.9370529387660849, 0.0049928374391943935, null, null, 2.9370529387660849, 0.0049928374391943935
2100-Aug-15 06:00:00, 6.2772414459906676, 0.010670984405058781, null, null, 6.2772414459906676, 0.010670984405058781
2100-Aug-15 07:00:00, 9.6341754588085493, 0.016377597860634991, null, null, 9.6341754588085493, 0.016377597860634991
2100-Aug-15 08:00:00, 12.79097289804101, 0.02174398953663062, null, null, 12.79097289804101, 0.02174398953663062
2100-Aug-15 09:00:00, 15.09047807998291, 0.025653028904795518, null, null, 15.09047807998291, 0.025653028904795518
2100-Aug-15 10:00:00, 15.204355105871937, 0.025846613933794591, null, null, 15.204355105871937, 0.025846613933794591
2100-Aug-15 11:00:00, 12.990772634337866, 0.02208363871031668, null, null, 12.990772634337866, 0.02208363871031668
2100-Aug-15 12:00:00, 9.1354947464414984, 0.015529866552136218, null, null, 9.1354947464414984, 0.015529866552136218
2100-Aug-15 13:00:00, 4.1439345692921119, 0.0070444735231179837, null, null, 4.1439345692921119, 0.0070444735231179837
2100-Aug-15 14:00:00, -1.6594576644772649, -0.0028209918338894637, null, null, -1.6594576644772649, -0.0028209918338894637
2100-Aug-15 15:00:00, -7.7061083595066533, -0.01309998393968274, null, null, -7.7061083595066533, -0.01309998393968274
2100-Aug-15 16:00:00, -13.423825096403206, -0.022819805402171919, null, null, -13.423825096403206, -0.022819805402171919
2100-Aug-15 17:00:00, -18.782751234810711, -0.031929701483568142, null, null, -18.782751234810711, -0.031929701483568142
2100-Aug-15 18:00:00, -23.346195906613445, -0.039687320390716992, null, null, -23.346195906613445, -0.039687320390716992
2100-Aug-15 19:00:00, -26.732408145980074, -0.045443705310653393, null, null, -26.732408145980074, -0.045443705310653393
2100-Aug-15 20:00:00, -28.864399291233841, -0.049067979517479911, null, null, -28.864399291233841, -0.049067979517479911
2100-Aug-15 21:00:00, -29.845806104249778, -0.050736320123272671, null, null, -29.845806104249778, -0.050736320123272671
2100-Aug-15 22:00:00, -29.868946277809517, -0.050775657216374941, null, null, -29.868946277809517, -0.050775657216374941
2100-Aug-15 23:00:00, -29.102065160622264, -0.049471999150575027, null, null, -29.102065160622264, -0.049471999150575027
2100-Aug-16 00:00:00, -27.686145249338342, -0.047065008847251046, null, null, -27.686145249338342, -0.047065008847251046
2100-Aug-16 01:00:00, -25.749333984080785, -0.043772530298364545, null, null, -25.749333984080785, -0.043772530298364545
2100-Aug-16 02:00:00, -23.375964083309263, -0.039737924744878167, null, null, -23.375964083309263, -0.039737924744878167
2100-Aug-16 03:00:00, -20.643944107077857, -0.035093632692149351, null, null, -20.643944107077857, -0.035093632692149351
2100-Aug-16 04:00:00, -17.574555329991036, -0.029875831201611525, null, null, -17.574555329991036, -0.029875831201611525
2100-Aug-16 05:00:00, -14.202770974571687, -0.024143972934970854, null, null, -14.202770974571687, -0.024143972934970854
2100-Aug-16 06:00:00, -10.589932589638378, -0.018002335339009818, null, null, -10.589932589638378, -0.018002335339009818
2100-Aug-16 07:00:00, -6.9348029864197827, -0.011788804868658636, null, null, -6.9348029864197827, -0.011788804868658636
2100-Aug-16 08:00:00, -3.7129457738167355, -0.0063118149572744982, null, null, -3.7129457738167355, -0.0063118149572744982
2100-Aug-16 09:00:00, -1.6229791434876701, -0.002758980242978268, null, null, -1.6229791434876701, -0.002758980242978268
2100-Aug-16 10:00:00, -0.95869355859941285, -0.0016297292530588843, null, null, -0.95869355859941285, -0.0016297292530588843
2100-Aug-16 11:00:00, -1.8534802008031988, -0.0031508200677048733, null, null, -1.8534802008031988, -0.0031508200677048733
2100-Aug-16 12:00:00, -4.1431329764460791, -0.0070431108569161465, null, null, -4.1431329764460791, -0.0070431108569161465
2100-Aug-16 13:00:00, -7.6652824731097633, -0.013030582053390447, null, null, -7.6652824731097633, -0.013030582053390447
2100-Aug-16 14:00:00, -12.51900287485998, -0.021281654623917984, null, null, -12.51900287485998, -0.021281654623917984
2100-Aug-16 15:00:00, -18.00588348023879, -0.03060906665294125, null, null, -18.00588348023879, -0.03060906665294125
2100-Aug-16 16:00:00, -23.316641746915757, -0.039637079854336142, null, null, -23.316641746915757, -0.039637079854336142
2100-Aug-16 17:00:00, -27.949226558274113, -0.047512233407445259, null, null, -27.949226558274113, -0.047512233407445259
2100-Aug-16 18:00:00, -31.645968494889416, -0.053796502683138715, null, null, -31.645968494889416, -0.053796502683138715
2100-Aug-16 19:00:00, -34.326883184034422, -0.058353918402336759, null, null, -34.326883184034422, -0.058353918402336759
2100-Aug-16 20:00:00, -35.960098839866156, -0.061130300184593957, null, null, -35.960098839866156, -0.061130300184593957
2100-Aug-16 21:00:00, -36.623185844569647, -0.062257513650456009, null, null, -36.623185844569647, -0.062257513650456009
2100-Aug-16 22:00:00, -36.418089803549606, -0.061908861033841744, null, null, -36.418089803549606, -0.061908861033841744
2100-Aug-16 23:00:00, -35.478480660914869, -0.060311574296638103, null, null, -35.478480660914869, -0.060311574296638103
2100-Aug-17 00:00:00, -33.942800419799667, -0.057700997653204397, null, null, -33.942800419799667, -0.057700997653204397
2100-Aug-17 01:00:00, -31.931079712522717, -0.054281176943838924, null, null, -31.931079712522717, -0.054281176943838924
2100-Aug-17 02:00:00, -29.552247799590369, -0.050237286253387546, null, null, -29.552247799590369, -0.050237286253387546
2100-Aug-17 03:00:00, -26.811419834969154, -0.045578021077901501, null, null, -26.811419834969154, -0.045578021077901501
2100-Aug-17 04:00:00, -23.708741419620235, -0.040303628931451944, null, null, -23.708741419620235, -0.040303628931451944
2100-Aug-17 05:00:00, -20.330734179164164, -0.03456119208347859, null, null, -20.330734179164164, -0.03456119208347859
2100-Aug-17 06:00:00, -16.773179040865603, -0.028513533135268502, null, null, -16.773179040865603, -0.028513533135268502
2100-Aug-17 07:00:00, -13.354946643800565, -0.022702715610439149, null, null, -13.354946643800565, -0.022702715610439149
2100-Aug-17 08:00:00, -10.594166934754805, -0.01800953350576695, null, null, -10.594166934754805, -0.01800953350576695
2100-Aug-17 09:00:00, -9.1007132130766628, -0.015470739752042006, null, null, -9.1007132130766628, -0.015470739752042006
2100-Aug-17 10:00:00, -9.0079656345571291, -0.015313073686063128, null, null, -9.0079656345571291, -0.015313073686063128
2100-Aug-17 11:00:00, -10.130595327572728, -0.017221485852441855, null, null, -10.130595327572728, -0.017221485852441855
2100-Aug-17 12:00:00, -12.585619955130765, -0.021394900200147036, null, null, -12.585619955130765, -0.021394900200147036
2100-Aug-17 13:00:00, -16.036854984834775, -0.027261820486236477, null, null, -16.036854984834775, -0.027261820486236477
2100-Aug-17 14:00:00, -19.892752144185625, -0.033816645373723295, null, null, -19.892752144185625, -0.033816645373723295
2100-Aug-17 15:00:00, -24.00484455387803, -0.040806988879470527, null, null, -24.00484455387803, -0.040806988879470527
2100-Aug-17 16:00:00, -28.059980136922423, -0.047700508738373532, null, null, -28.059980136922423, -0.047700508738373532
2100-Aug-17 17:00:00, -31.648034365961333, -0.053800014556655285, null, null, -31.648034365961333, -0.053800014556655285
2100-Aug-17 18:00:00, -34.519865030930049, -0.058681977518176248, null, null, -34.519865030930049, -0.058681977518176248
2100-Aug-17 19:00:00, -36.6046729267728, -0.062226042651801268, null, null, -36.6046729267728, -0.062226042651801268
2100-Aug-17 20:00:00, -37.905432807157197, -0.064437266884250305, null, null, -37.905432807157197, -0.064437266884250305
2100-Aug-17 21:00:00, -38.454636037329571, -0.065370883848772279, null, null, -38.454636037329571, -0.065370883848772279
2100-Aug-17 22:00:00, -38.37868310717662, -0.065241767812667231, null, null, -38.37868310717662, -0.065241767812667231
2100-Aug-17 23:00:00, -37.768913125262564, -0.064205190516148883, null, null, -37.768913125262564, -0.064205190516148883
2100-Aug-18 00:00:00, -36.656879439518022, -0.062314791011752052, null, null, -36.656879439518022, -0.062314791011752052
2100-Aug-18 01:00:00, -34.984980579375581, -0.059472649791453662, null, null, -34.984980579375581, -0.059472649791453662
2100-Aug-18 02:00:00, -32.805557359044705, -0.055767743520717818, null, null, -32.805557359044705, -0.055767743520717818
2100-Aug-18 03:00:00, -30.261217672123017, -0.051442498211306496, null, null, -30.261217672123017, -0.051442498211306496
2100-Aug-18 04:00:00, -27.443871870834943, -0.046653156687984185, null, null, -27.443871870834943, -0.046653156687984185
2100-Aug-18 05:00:00, -24.395527526434186, -0.04147112963992057, null, null, -24.395527526434186, -0.04147112963992057
2100-Aug-18 06:00:00, -21.188378309443145, -0.03601914255711261, null, null, -21.188378309443145, -0.03601914255711261
2100-Aug-18 07:00:00, -18.042544434617614, -0.030671388371138163, null, null, -18.042544434617614, -0.030671388371138163
2100-Aug-18 08:00:00, -15.383589731438448, -0.026151303487434174, null, null, -15.383589731438448, -0.026151303487434174
2100-Aug-18 09:00:00, -13.802795474973383, -0.023464035361222563, null, null, -13.802795474973383, -0.023464035361222563
2100-Aug-18 10:00:00, -13.732607265913245, -0.023344719051543554, null, null, -13.732607265913245, -0.023344719051543554
2100-Aug-18 11:00:00, -15.003731100362801, -0.025505563545261935, null, null, -15.003731100362801, -0.025505563545261935
2100-Aug-18 12:00:00, -17.140078059041937, -0.029137242408661463, null, null, -17.140078059041937, -0.029137242408661463
2100-Aug-18 13:00:00, -19.8727085549049, -0.033782572313052255, null, null, -19.8727085549049, -0.033782572313052255
2100-Aug-18 14:00:00, -22.993699814670713, -0.039088095343802864, null, null, -22.993699814670713, -0.039088095343802864
2100-Aug-18 15:00:00, -26.316477372984398, -0.044736644600880039, null, null, -26.316477372984398, -0.044736644600880039
2100-Aug-18 16:00:00, -29.673307717896446, -0.050443081826401059, null, null, -29.673307717896446, -0.050443081826401059
2100-Aug-18 17:00:00, -32.779150076912515, -0.055722852512742879, null, null, -32.779150076912515, -0.055722852512742879
2100-Aug-18 18:00:00, -35.364001234765745, -0.060116965218486799, null, null, -35.364001234765745, -0.060116965218486799
2100-Aug-18 19:00:00, -37.27640760095953, -0.063367956706606679, null, null, -37.27640760095953, -0.063367956706606679
2100-Aug-18 20:00:00, -38.431736641092272, -0.065331956064611674, null, null, -38.431736641092272, -0.065331956064611674
2100-Aug-18 21:00:00, -38.848397916195147, -0.066040258590023465, null, null, -38.848397916195147, -0.066040258590023465
2100-Aug-18 22:00:00, -38.560431438517831, -0.065550730535556628, null, null, -38.560431438517831, -0.065550730535556628
2100-Aug-18 23:00:00, -37.674964052765503, -0.064045481972816343, null, null, -37.674964052765503, -0.064045481972816343
2100-Aug-19 00:00:00, -36.27615575243928, -0.061667580519307374, null, null, -36.27615575243928, -0.061667580519307374
2100-Aug-19 01:00:00, -34.310825816415509, -0.058326621711438063, null, null, -34.310825816415509, -0.058326621711438063
2100-Aug-19 02:00:00, -31.891678555671618, -0.054214197023771026, null, null, -31.891678555671618, -0.054214197023771026
2100-Aug-19 03:00:00, -29.182194862293045, -0.049608215481310093, null, null, -29.182194862293045, -0.049608215481310093
2100-Aug-19 04:00:00, -26.265494530413363, -0.04464997641666537, null, null, -26.265494530413363, -0.04464997641666537
2100-Aug-19 05:00:00, -23.155573846156717, -0.039363272789251363, null, null, -23.155573846156717, -0.039363272789251363
2100-Aug-19 06:00:00, -19.846531541135018, -0.033738072749332618, null, null, -19.846531541135018, -0.033738072749332618
2100-Aug-19 07:00:00, -17.057446026691771, -0.028996772245747766, null, null, -17.057446026691771, -0.028996772245747766
2100-Aug-19 08:00:00, -15.671515756559444, -0.026640762774656448, null, null, -15.671515756559444, -0.026640762774656448
2100-Aug-19 09:00:00, -15.359141059170542, -0.026109742014494199, null, null, -15.359141059170542, -0.026109742014494199
2100-Aug-19 10:00:00, -16.019592507230946, -0.027232475170959367, null, null, -16.019592507230946, -0.027232475170959367
2100-Aug-19 11:00:00, -17.944485570468128, -0.030504693395467714, null, null, -17.944485570468128, -0.030504693395467714
2100-Aug-19 12:00:00, -21.140845920767291, -0.035938339965295912, null, null, -21.140845920767291, -0.035938339965295912
2100-Aug-19 13:00:00, -25.176995994314975, -0.042799585444201808, null, null, -25.176995994314975, -0.042799585444201808
2100-Aug-19 14:00:00, -29.685589260775494, -0.050463959811366269, null, null, -29.685589260775494, -0.050463959811366269
2100-Aug-19 15:00:00, -34.03200072363996, -0.057852633536481478, null, null, -34.03200072363996, -0.057852633536481478
2100-Aug-19 16:00:00, -37.783765818063785, -0.06423043932243086, null, null, -37.783765818063785, -0.06423043932243086
2100-Aug-19 17:00:00, -40.752170328683768, -0.069276572805310285, null, null, -40.752170328683768, -0.069276572805310285
2100-Aug-19 18:00:00, -42.898811251769466, -0.072925750873510803, null, null, -42.898811251769466, -0.072925750873510803
2100-Aug-19 19:00:00, -44.24223866373503, -0.07520950769340648, null, null, -44.24223866373503, -0.07520950769340648
2100-Aug-19 20:00:00, -44.833021541249067, -0.076213807898674935, null, null, -44.833021541249067, -0.076213807898674935
2100-Aug-19 21:00:00, -44.718114886254448, -0.076018472553677455, null, null, -44.718114886254448, -0.076018472553677455
2100-Aug-19 22:00:00, -44.013758911425647, -0.074821103982199488, null, null, -44.013758911425647, -0.074821103982199488
2100-Aug-19 23:00:00, -42.821643966219867, -0.072794570496307623, null, null, -42.821643966219867, -0.072794570496307623
2100-Aug-20 00:00:00, -41.072152337080901, -0.069820525599046793, null, null, -41.072152337080901, -0.069820525599046793
2100-Aug-20 01:00:00, -38.844878395415364, -0.066034275587509142, null, null, -38.844878395415364, -0.066034275587509142
2100-Aug-20 02:00:00, -36.244331491966683, -0.061613480929522998, null, null, -36.244331491966683, -0.061613480929522998
2100-Aug-20 03:00:00, -33.374881756076434, -0.056735565423764955, null, null, -33.374881756076434, -0.056735565423764955
2100-Aug-20 04:00:00, -30.255164735240896, -0.051432208533009165, null, null, -30.255164735240896, -0.051432208533009165
2100-Aug-20 05:00:00, -26.763059346186058, -0.045495810758915754, null, null, -26.763059346186058, -0.045495810758915754
2100-Aug-20 06:00:00, -22.966117883844166, -0.039041207494061245, null, null, -22.966117883844166, -0.039041207494061245
2100-Aug-20 07:00:00, -19.204045365864722, -0.032645879623456574, null, null, -19.204045365864722, -0.032645879623456574
2100-Aug-20 08:00:00, -16.761116678001734, -0.028493027744944426, null, null, -16.761116678001734, -0.028493027744944426
2100-Aug-20 09:00:00, -15.881137920080169, -0.026997109564425553, null, null, -15.881137920080169, -0.026997109564425553
2100-Aug-20 10:00:00, -16.386751042135778, -0.027856625609310931, null, null, -16.386751042135778, -0.027856625609310931
2100-Aug-20 11:00:00, -17.969669725250139, -0.030547505150479156, null, null, -17.969669725250139, -0.030547505150479156
2100-Aug-20 12:00:00, -21.036140385095621, -0.035760345993279853, null, null, -21.036140385095621, -0.035760345993279853
2100-Aug-20 13:00:00, -25.760608388744444, -0.043791696200676467, null, null, -25.760608388744444, -0.043791696200676467
2100-Aug-20 14:00:00, -31.755174599093138, -0.053982147387890263, null, null, -31.755174599093138, -0.053982147387890263
2100-Aug-20 15:00:00, -38.521479686929482, -0.065484514581092348, null, null, -38.521479686929482, -0.065484514581092348
2100-Aug-20 16:00:00, -45.258227560376532, -0.07693663604509654, null, null, -45.258227560376532, -0.07693663604509654
2100-Aug-20 17:00:00, -51.244763564749668, -0.087113436299257677, null, null, -51.244763564749668, -0.087113436299257677
2100-Aug-20 18:00:00, -56.128888815562064, -0.095416195533899101, null, null, -56.128888815562064, -0.095416195533899101
2100-Aug-20 19:00:00, -59.752459815792832, -0.10157607801839119, null, null, -59.752459815792832, -0.10157607801839119
2100-Aug-20 20:00:00, -62.188417414541796, -0.10571707940750254, null, null, -62.188417414541796, -0.10571707940750254
2100-Aug-20 21:00:00, -63.622732734815884, -0.10815534095061356, null, null, -63.622732734815884, -0.10815534095061356
2100-Aug-20 22:00:00, -64.209953926898152, -0.10915358647564943, null, null, -64.209953926898152, -0.10915358647564943
2100-Aug-20 23:00:00, -64.079373670974434, -0.10893160682319229, null, null, -64.079373670974434, -0.10893160682319229
2100-Aug-21 00:00:00, -63.394925823042513, -0.10776808103336903, null, null, -63.394925823042513, -0.10776808103336903
2100-Aug-21 01:00:00, -62.239543537229451, -0.10580399116047319, null, null, -62.239543537229451, -0.10580399116047319
2100-Aug-21 02:00:00, -60.668947918359514, -0.1031340601884346, null, null, -60.668947918359514, -0.1031340601884346
2100-Aug-21 03:00:00, -58.722666978195306, -0.099825483684081631, null, null, -58.722666978195306, -0.099825483684081631
2100-Aug-21 04:00:00, -56.424676469150874, -0.095919019181167131, null, null, -56.424676469150874, -0.095919019181167131
2100-Aug-21 05:00:00, -53.826514291608717, -0.0915022784333544, null, null, -53.826514291608717, -0.0915022784333544
2100-Aug-21 06:00:00, -50.98800350511938, -0.086676957534543797, null, null, -50.98800350511938, -0.086676957534543797
2100-Aug-21 07:00:00, -48.035970920477041, -0.081658655475434092, null, null, -48.035970920477041, -0.081658655475434092
2100-Aug-21 08:00:00, -45.141943275441179, -0.076738958800756804, null, null, -45.141943275441179, -0.076738958800756804
2100-Aug-21 09:00:00, -42.556773968954978, -0.072344305258862152, null, null, -42.556773968954978, -0.072344305258862152
2100-Aug-21 10:00:00, -40.752274767857593, -0.069276750346480995, null, null, -40.752274767857593, -0.069276750346480995
2100-Aug-21 11:00:00, -40.291110948825754, -0.068492795807945719, null, null, -40.291110948825754, -0.068492795807945719
2100-Aug-21 12:00:00, -41.200400036765991, -0.070038540027056145, null, null, -41.200400036765991, -0.070038540027056145
2100-Aug-21 13:00:00, -43.460664495983401, -0.073880872204835094, null, null, -43.460664495983401, -0.073880872204835094
2100-Aug-21 14:00:00, -47.199995370508638, -0.080237540462816406, null, null, -47.199995370508638, -0.080237540462816406
2100-Aug-21 15:00:00, -51.850077358842675, -0.088142438307943993, null, null, -51.850077358842675, -0.088142438307943993
2100-Aug-21 16:00:00, -57.306708328643445, -0.097418427527714305, null, null, -57.306708328643445, -0.097418427527714305
2100-Aug-21 17:00:00, -62.75753791475428, -0.10668455469654779, null, null, -62.75753791475428, -0.10668455469654779
2100-Aug-21 18:00:00, -67.319195666213446, -0.11443913593192898, null, null, -67.319195666213446, -0.11443913593192898
2100-Aug-21 19:00:00, -70.610894567387916, -0.12003485308616031, null, null, -70.610894567387916, -0.12003485308616031
2100-Aug-21 20:00:00, -72.660359529987218, -0.12351883706905777, null, null, -72.660359529987218, -0.12351883706905777
2100-Aug-21 21:00:00, -73.629020420778446, -0.12516551026911854, null, null, -73.629020420778446, -0.12516551026911854
2100-Aug-21 22:00:00, -73.697191301915026, -0.12528139722611176, null, null, -73.697191301915026, -0.12528139722611176
2100-Aug-21 23:00:00, -73.033704985357659, -0.1241535049508392, null, null, -73.033704985357659, -0.1241535049508392
2100-Aug-22 00:00:00, -71.777258611918285, -0.12201761137845993, null, null, -71.777258611918285, -0.12201761137845993
2100-Aug-22 01:00:00, -70.048762981443005, -0.11907925858835101, null, null, -70.048762981443005, -0.11907925858835101
2100-Aug-22 02:00:00, -67.928509442818978, -0.11547493770311908, null, null, -67.928509442818978, -0.11547493770311908
2100-Aug-22 03:00:00, -65.331024012007376, -0.11105934738959664, null, null, -65.331024012007376, -0.11105934738959664
2100-Aug-22 04:00:00, -62.25184730951645, -0.10582490693427728, null, null, -62.25184730951645, -0.10582490693427728
2100-Aug-22 05:00:00, -58.873638524191335, -0.10008212747049521, null, null, -58.873638524191335, -0.10008212747049521
2100-Aug-22 06:00:00, -55.377222754193461, -0.094138402272688881, null, null, -55.377222754193461, -0.094138402272688881
2100-Aug-22 07:00:00, -51.955805518372344, -0.088322170687401419, null, null, -51.955805518372344, -0.088322170687401419
2100-Aug-22 08:00:00, -49.715064552025737, -0.084513027433411547, null, null, -49.715064552025737, -0.084513027433411547
2100-Aug-22 09:00:00, -48.882110901179722, -0.083097049492338135, null, null, -48.882110901179722, -0.083097049492338135
2100-Aug-22 10:00:00, -49.069896237248471, -0.083416274809689633, null, null, -49.069896237248471, -0.083416274809689633
2100-Aug-22 11:00:00, -50.051805542213557, -0.085085469625695451, null, null, -50.051805542213557, -0.085085469625695451
2100-Aug-22 12:00:00, -51.768194324286746, -0.088003241402375976, null, null, -51.768194324286746, -0.088003241402375976
2100-Aug-22 13:00:00, -54.386780698053542, -0.092454702222894883, null, null, -54.386780698053542, -0.092454702222894883
2100-Aug-22 14:00:00, -57.556593018101147, -0.097843218520255973, null, null, -57.556593018101147, -0.097843218520255973
2100-Aug-22 15:00:00, -60.889761373761139, -0.103509431593102, null, null, -60.889761373761139, -0.103509431593102
2100-Aug-22 16:00:00, -63.76515381957244, -0.10839744939704897, null, null, -63.76515381957244, -0.10839744939704897
2100-Aug-22 17:00:00, -65.706047141061788, -0.11169686722949893, null, null, -65.706047141061788, -0.11169686722949893
2100-Aug-22 18:00:00, -66.579899410005851, -0.11318237069697877, null, null, -66.579899410005851, -0.11318237069697877
2100-Aug-22 19:00:00, -66.492252990180916, -0.1130333763358158, null, null, -66.492252990180916, -0.1130333763358158
2100-Aug-22 20:00:00, -65.604494495515738, -0.11152423300692868, null, null, -65.604494495515738, -0.11152423300692868
2100-Aug-22 21:00:00, -64.056335323691442, -0.10889244282947143, null, null, -64.056335323691442, -0.10889244282947143
2100-Aug-22 22:00:00, -61.951534702725439, -0.10531439110160108, null, null, -61.951534702725439, -0.10531439110160108
2100-Aug-22 23:00:00, -59.398956166739275, -0.10097514017672331, null, null, -59.398956166739275, -0.10097514017672331
2100-Aug-23 00:00:00, -56.490038224137699, -0.096030130769617694, null, null, -56.490038224137699, -0.096030130769617694
2100-Aug-23 01:00:00, -53.28964202554895, -0.090589623467327643, null, null, -53.28964202554895, -0.090589623467327643
2100-Aug-23 02:00:00, -49.858911364679109, -0.084757559543216246, null, null, -49.858911364679109, -0.084757559543216246
2100-Aug-23 03:00:00, -46.263081563701427, -0.078644835656518142, null, null, -46.263081563701427, -0.078644835656518142
2100-Aug-23 04:00:00, -42.54427207456127, -0.072323052687767536, null, null, -42.54427207456127, -0.072323052687767536
2100-Aug-23 05:00:00, -38.723831212643702, -0.065828501664242617, null, null, -38.723831212643702, -0.065828501664242617
2100-Aug-23 06:00:00, -34.837979071207798, -0.059222754863135996, null, null, -34.837979071207798, -0.059222754863135996
2100-Aug-23 07:00:00, -30.98499970031375, -0.052672890064469666, null, null, -30.98499970031375, -0.052672890064469666
2100-Aug-23 08:00:00, -27.236531738777529, -0.046300689233169198, null, null, -27.236531738777529, -0.046300689233169198
2100-Aug-23 09:00:00, -23.714840198608602, -0.040313996538948758, null, null, -23.714840198608602, -0.040313996538948758
2100-Aug-23 10:00:00, -20.579055088621864, -0.034983324731246275, null, null, -20.579055088621864, -0.034983324731246275
2100-Aug-23 11:00:00, -18.410068645941379, -0.031296160440407915, null, null, -18.410068645941379, -0.031296160440407915
2100-Aug-23 12:00:00, -17.278718402392126, -0.029372923791085713, null, null, -17.278718402392126, -0.029372923791085713
2100-Aug-23 13:00:00, -17.204386922278353, -0.029246564135825735, null, null, -17.204386922278353, -0.029246564135825735
2100-Aug-23 14:00:00, -19.12470988904747, -0.032511013433718795, null, null, -19.12470988904747, -0.032511013433718795
2100-Aug-23 15:00:00, -22.57465995616738, -0.03837574935015893, null, null, -22.57465995616738, -0.03837574935015893
2100-Aug-23 16:00:00, -26.334657628043018, -0.044767550090159001, null, null, -26.334657628043018, -0.044767550090159001
2100-Aug-23 17:00:00, -29.544421222463587, -0.050223981478800896, null, null, -29.544421222463587, -0.050223981478800896
2100-Aug-23 18:00:00, -31.763396588244088, -0.053996124342379465, null, null, -31.763396588244088, -0.053996124342379465
2100-Aug-23 19:00:00, -32.864827482786914, -0.055868499652464668, null, null, -32.864827482786914, -0.055868499652464668
2100-Aug-23 20:00:00, -32.938747665265602, -0.055994160123108663, null, null, -32.938747665265602, -0.055994160123108663
2100-Aug-23 21:00:00, -32.157748950423297, -0.054666502874592883, null, null, -32.157748950423297, -0.054666502874592883
2100-Aug-23 22:00:00, -30.649790255177667, -0.052103051419222043, null, null, -30.649790255177667, -0.052103051419222043
2100-Aug-23 23:00:00, -28.550318089999422, -0.048534057789419688, null, null, -28.550318089999422, -0.048534057789419688
2100-Aug-24 00:00:00, -25.989848663111026, -0.044181392759877584, null, null, -25.989848663111026, -0.044181392759877584
2100-Aug-24 01:00:00, -23.050579518699553, -0.039184787886200417, null, null, -23.050579518699553, -0.039184787886200417
2100-Aug-24 02:00:00, -19.845807578490145, -0.033736842050440474, null, null, -19.845807578490145, -0.033736842050440474
2100-Aug-24 03:00:00, -16.477905811652708, -0.028011583982719232, null, null, -16.477905811652708, -0.028011583982719232
2100-Aug-24 04:00:00, -12.975875214652831, -0.022058313870655436, null, null, -12.975875214652831, -0.022058313870655436
2100-Aug-24 05:00:00, -9.3357651922381066, -0.015870315907522213, null, null, -9.3357651922381066, -0.015870315907522213
2100-Aug-24 06:00:00, -5.6086021786429763, -0.0095343323810977848, null, null, -5.6086021786429763, -0.0095343323810977848
2100-Aug-24 07:00:00, -1.9477907641016723, -0.0033111431266232313, null, null, -1.9477907641016723, -0.0033111431266232313
2100-Aug-24 08:00:00, 1.3569638468913698, 0.0023067680561586457, null, null, 1.3569638468913698, 0.0023067680561586457
2100-Aug-24 09:00:00, 3.7283425259655187, 0.0063379886361877346, null, null, 3.7283425259655187, 0.0063379886361877346
2100-Aug-24 10:00:00, 4.9163551552787634, 0.0083575483981452106, null, null, 4.9163551552787634, 0.0083575483981452106
2100-Aug-24 11:00:00, 4.4771024972567082, 0.0076108416952147748, null, null, 4.4771024972567082, 0.0076108416952147748
2100-Aug-24 12:00:00, 2.7098821090719176, 0.0046066588284450743, null, null, 2.7098821090719176, 0.0046066588284450743
2100-Aug-24 13:00:00, 0.066094995090046335, 0.000112358058539998, null, null, 0.066094995090046335, 0.000112358058539998
2100-Aug-24 14:00:00, -3.1776371620527235, -0.0054018181223310343, null, null, -3.1776371620527235, -0.0054018181223310343
2100-Aug-24 15:00:00, -6.5154617517501645, -0.011075946551186131, null, null, -6.5154617517501645, -0.011075946551186131
2100-Aug-24 16:00:00, -9.519654079122926, -0.016182917463650796, null, null, -9.519654079122926, -0.016182917463650796
2100-Aug-24 17:00:00, -11.891230050571643, -0.020214473430468873, null, null, -11.891230050571643, -0.020214473430468873
2100-Aug-24 18:00:00, -13.357690107114069, -0.02270737935557085, null, null, -13.357690107114069, -0.02270737935557085
2100-Aug-24 19:00:00, -13.826076624613487, -0.023503612106338855, null, null, -13.826076624613487, -0.023503612106338855
2100-Aug-24 20:00:00, -13.37968595661248, -0.022744771157207456, null, null, -13.37968595661248, -0.022744771157207456
2100-Aug-24 21:00:00, -12.15016404832364, -0.020654647777070736, null, null, -12.15016404832364, -0.020654647777070736
2100-Aug-24 22:00:00, -10.289768450760942, -0.017492071894074968, null, null, -10.289768450760942, -0.017492071894074968
2100-Aug-24 23:00:00, -7.9269752184248574, -0.013475446127554426, null, null, -7.9269752184248574, -0.013475446127554426
2100-Aug-25 00:00:00, -5.1950771594758489, -0.0088313613278730458, null, null, -5.1950771594758489, -0.0088313613278730458
2100-Aug-25 01:00:00, -2.1005952988443495, -0.0035709028986968122, null, null, -2.1005952988443495, -0.0035709028986968122
2100-Aug-25 02:00:00, 1.3125464408003165, 0.0022312607729373627, null, null, 1.3125464408003165, 0.0022312607729373627
2100-Aug-25 03:00:00, 4.9638600453576274, 0.0084383042437753582, null, null, 4.9638600453576274, 0.0084383042437753582
2100-Aug-25 04:00:00, 8.8286125118701104, 0.015008182693473671, null, null, 8.8286125118701104, 0.015008182693473671
2100-Aug-25 05:00:00, 12.864160551437319, 0.021868404745883672, null, null, 12.864160551437319, 0.021868404745883672
2100-Aug-25 06:00:00, 17.000548872765528, 0.028900050039431014, null, null, 17.000548872765528, 0.028900050039431014
2100-Aug-25 07:00:00, 20.947879022628928, 0.035610306261567304, null, null, 20.947879022628928, 0.035610306261567304
2100-Aug-25 08:00:00, 23.680314532960928, 0.040255304700683413, null, null, 23.680314532960928, 0.040255304700683413
2100-Aug-25 09:00:00, 25.257328173152001, 0.042936145975602399, null, null, 25.257328173152001, 0.042936145975602399
2100-Aug-25 10:00:00, 25.793818646881032, 0.043848151914498, null, null, 25.793818646881032, 0.043848151914498
2100-Aug-25 11:00:00, 25.130293598838968, 0.04272019379771326, null, null, 25.130293598838968, 0.04272019379771326
2100-Aug-25 12:00:00, 23.441689734678331, 0.039849654938276989, null, null, 23.441689734678331, 0.039849654938276989
2100-Aug-25 13:00:00, 20.986717545207046, 0.035676329732595546, null, null, 20.986717545207046, 0.035676329732595546
2100-Aug-25 14:00:00, 18.091424314249483, 0.030754481627588572, null, null, 18.091424314249483, 0.030754481627588572
2100-Aug-25 15:00:00, 14.958561875659612, 0.02542877820945106, null, null, 14.958561875659612, 0.02542877820945106
2100-Aug-25 16:00:00, 11.85137028843077, 0.020146713905229281, null, null, 11.85137028843077, 0.020146713905229281
2100-Aug-25 17:00:00, 9.1391798222312293, 0.015536130989568173, null, null, 9.1391798222312293, 0.015536130989568173
2100-Aug-25 18:00:00, 7.053642738653461, 0.011990826274669171, null, null, 7.053642738653461, 0.011990826274669171
2100-Aug-25 19:00:00, 5.7572408820849788, 0.0097870104563422596, null, null, 5.7572408820849788, 0.0097870104563422596
2100-Aug-25 20:00:00, 5.4253347879083291, 0.0092227873361426758, null, null, 5.4253347879083291, 0.0092227873361426758
2100-Aug-25 21:00:00, 6.0898789863107892, 0.010352477955603274, null, null, 6.0898789863107892, 0.010352477955603274
2100-Aug-25 22:00:00, 7.6309441996372467, 0.012972208772089325, null, null, 7.6309441996372467, 0.012972208772089325
2100-Aug-25 23:00:00, 9.8531815701019827, 0.016749896874195713, null, null, 9.8531815701019827, 0.016749896874195713
2100-Aug-26 00:00:00, 12.571737774412938, 0.021371301213996396, null, null, 12.571737774412938, 0.021371301213996396
2100-Aug-26 01:00:00, 15.626719873235615, 0.026564612099798351, null, null, 15.626719873235615, 0.026564612099798351
2100-Aug-26 02:00:00, 18.90053100781174, 0.032129920979940725, null, null, 18.90053100781174, 0.032129920979940725
2100-Aug-26 03:00:00, 22.328838928914472, 0.037957866372290247, null, null, 22.328838928914472, 0.037957866372290247
2100-Aug-26 04:00:00, 25.937501615760816, 0.044092405498397984, null, null, 25.937501615760816, 0.044092405498397984
2100-Aug-26 05:00:00, 29.663876054766117, 0.050427048488979921, null, null, 29.663876054766117, 0.050427048488979921
2100-Aug-26 06:00:00, 33.424954944144964, 0.05682068724257474, null, null, 33.424954944144964, 0.05682068724257474
2100-Aug-26 07:00:00, 36.961519283195607, 0.062832662922369636, null, null, 36.961519283195607, 0.062832662922369636
2100-Aug-26 08:00:00, 40.004814555227391, 0.068006106809665429, null, null, 40.004814555227391, 0.068006106809665429
2100-Aug-26 09:00:00, 42.09629958749381, 0.071561522728386173, null, null, 42.09629958749381, 0.071561522728386173
2100-Aug-26 10:00:00, 42.974416659420264, 0.073054276139413246, null, null, 42.974416659420264, 0.073054276139413246
2100-Aug-26 11:00:00, 42.637631621031083, 0.072481759067474991, null, null, 42.637631621031083, 0.072481759067474991
2100-Aug-26 12:00:00, 41.324968397366632, 0.070250299769734542, null, null, 41.324968397366632, 0.070250299769734542
2100-Aug-26 13:00:00, 39.398486106689909, 0.066975379941126789, null, null, 39.398486106689909, 0.066975379941126789
2100-Aug-26 14:00:00, 37.408214225946338, 0.063592021122770889, null, null, 37.408214225946338, 0.063592021122770889
2100-Aug-26 15:00:00, 35.786053178197704, 0.060834431600055375, null, null, 35.786053178197704, 0.060834431600055375
2100-Aug-26 16:00:00, 34.743103614948424, 0.059061471515525835, null, null, 34.743103614948424, 0.059061471515525835
2100-Aug-26 17:00:00, 34.290051195016638, 0.058291305934137519, null, null, 34.290051195016638, 0.058291305934137519
2100-Aug-26 18:00:00, 34.393389963576148, 0.058466976473055668, null, null, 34.393389963576148, 0.058466976473055668
2100-Aug-26 19:00:00, 34.985770595581478, 0.059473992777968582, null, null, 34.985770595581478, 0.059473992777968582
2100-Aug-26 20:00:00, 35.989213943717999, 0.061179794348842347, null, null, 35.989213943717999, 0.061179794348842347
2100-Aug-26 21:00:00, 37.331540964596208, 0.063461680561046147, null, null, 37.331540964596208, 0.063461680561046147
2100-Aug-26 22:00:00, 38.943407370652466, 0.06620176972760998, null, null, 38.943407370652466, 0.06620176972760998
2100-Aug-26 23:00:00, 40.745347443983647, 0.069264974255715067, null, null, 40.745347443983647, 0.069264974255715067
2100-Aug-27 00:00:00, 42.680266271313826, 0.072554235758422223, null, null, 42.680266271313826, 0.072554235758422223
2100-Aug-27 01:00:00, 44.727889511897651, 0.076035088909556278, null, null, 44.727889511897651, 0.076035088909556278
2100-Aug-27 02:00:00, 46.889345101875911, 0.079709451141969201, null, null, 46.889345101875911, 0.079709451141969201
2100-Aug-27 03:00:00, 49.166348015135135, 0.083580237822188722, null, null, 49.166348015135135, 0.083580237822188722
2100-Aug-27 04:00:00, 51.542233136051991, 0.087619119119276334, null, null, 51.542233136051991, 0.087619119119276334
2100-Aug-27 05:00:00, 53.989090220262092, 0.091778649067529416, null, null, 53.989090220262092, 0.091778649067529416
2100-Aug-27 06:00:00, 56.469931398422773, 0.095995950210293141, null, null, 56.469931398422773, 0.095995950210293141
2100-Aug-27 07:00:00, 58.910901459041831, 0.10014547252422583, null, null, 58.910901459041831, 0.10014547252422583
2100-Aug-27 08:00:00, 61.200411086356866, 0.10403751996871519, null, null, 61.200411086356866, 0.10403751996871519
2100-Aug-27 09:00:00, 63.146066919675093, 0.10734503382389936, null, null, 63.146066919675093, 0.10734503382389936
2100-Aug-27 10:00:00, 64.601061185890842, 0.10981844850100325, null, null, 64.601061185890842, 0.10981844850100325
2100-Aug-27 11:00:00, 65.25178518344579, 0.11092464549687338, null, null, 65.25178518344579, 0.11092464549687338
2100-Aug-27 12:00:00, 64.866296469956694, 0.11026933470703661, null, null, 64.866296469956694, 0.11026933470703661
2100-Aug-27 13:00:00, 63.260533050330665, 0.10753962030040222, null, null, 63.260533050330665, 0.10753962030040222
2100-Aug-27 14:00:00, 60.872602300711279, 0.10348026206019559, null, null, 60.872602300711279, 0.10348026206019559
2100-Aug-27 15:00:00, 58.175301585279364, 0.098894990947434466, null, null, 58.175301585279364, 0.098894990947434466
2100-Aug-27 16:00:00, 55.602312070972538, 0.094521042419600715, null, null, 55.602312070972538, 0.094521042419600715
2100-Aug-27 17:00:00, 53.457151119143205, 0.090874380225663187, null, null, 53.457151119143205, 0.090874380225663187
2100-Aug-27 18:00:00, 51.862731275824743, 0.088163949309542453, null, null, 51.862731275824743, 0.088163949309542453
2100-Aug-27 19:00:00, 50.874620967081, 0.086484213109206079, null, null, 50.874620967081, 0.086484213109206079
2100-Aug-27 20:00:00, 50.499482628605115, 0.085846497419271514, null, null, 50.499482628605115, 0.085846497419271514
2100-Aug-27 21:00:00, 50.699703535583645, 0.086186862561239919, null, null, 50.699703535583645, 0.086186862561239919
2100-Aug-27 22:00:00, 51.388233230371874, 0.087357327278699187, null, null, 51.388233230371874, 0.087357327278699187
2100-Aug-27 23:00:00, 52.497343796663138, 0.089242757631858433, null, null, 52.497343796663138, 0.089242757631858433
2100-Aug-28 00:00:00, 53.953161655819258, 0.091717572374181808, null, null, 53.953161655819258, 0.091717572374181808
2100-Aug-28 01:00:00, 55.693193419793133, 0.094675535992027285, null, null, 55.693193419793133, 0.094675535992027285
2100-Aug-28 02:00:00, 57.691041867500338, 0.098071774580678533, null, null, 57.691041867500338, 0.098071774580678533
2100-Aug-28 03:00:00, 59.910337130777371, 0.10184446125338506, null, null, 59.910337130777371, 0.10184446125338506
2100-Aug-28 04:00:00, 62.303420971967306, 0.10591257948159921, null, null, 62.303420971967306, 0.10591257948159921
2100-Aug-28 05:00:00, 64.856967046183513, 0.11025347517121209, null, null, 64.856967046183513, 0.11025347517121209
2100-Aug-28 06:00:00, 67.55651401454125, 0.11484256479727201, null, null, 67.55651401454125, 0.11484256479727201
2100-Aug-28 07:00:00, 70.275590166079382, 0.11946485302035174, null, null, 70.275590166079382, 0.11946485302035174
2100-Aug-28 08:00:00, 72.847339499184557, 0.12383669330456031, null, null, 72.847339499184557, 0.12383669330456031
2100-Aug-28 09:00:00, 75.091604378738225, 0.12765182702796271, null, null, 75.091604378738225, 0.12765182702796271
2100-Aug-28 10:00:00, 76.759960352184024, 0.13048794552490181, null, null, 76.759960352184024, 0.13048794552490181
2100-Aug-28 11:00:00, 77.732760645840131, 0.13214165549482357, null, null, 77.732760645840131, 0.13214165549482357
2100-Aug-28 12:00:00, 77.920117119627974, 0.13246015176857354, null, null, 77.920117119627974, 0.13246015176857354
2100-Aug-28 13:00:00, 77.527619947279831, 0.13179292696271047, null, null, 77.527619947279831, 0.13179292696271047
2100-Aug-28 14:00:00, 76.799120424152022, 0.1305545156131909, null, null, 76.799120424152022, 0.1305545156131909
2100-Aug-28 15:00:00, 75.692723212426074, 0.12867369782185534, null, null, 75.692723212426074, 0.12867369782185534
2100-Aug-28 16:00:00, 74.347293049344216, 0.12638653642908906, null, null, 74.347293049344216, 0.12638653642908906
2100-Aug-28 17:00:00, 73.061148620854922, 0.12420015770570439, null, null, 73.061148620854922, 0.12420015770570439
2100-Aug-28 18:00:00, 72.106559718297788, 0.12257740615471291, null, null, 72.106559718297788, 0.12257740615471291
2100-Aug-28 19:00:00, 71.672106864792099, 0.12183885887014835, null, null, 71.672106864792099, 0.12183885887014835
2100-Aug-28 20:00:00, 71.815328895800434, 0.12208232888360895, null, null, 71.815328895800434, 0.12208232888360895
2100-Aug-28 21:00:00, 72.511985432439658, 0.12326660881008965, null, null, 72.511985432439658, 0.12326660881008965
2100-Aug-28 22:00:00, 73.696057405426956, 0.125279469660979, null, null, 73.696057405426956, 0.125279469660979
2100-Aug-28 23:00:00, 75.293783673990532, 0.12799552132827374, null, null, 75.293783673990532, 0.12799552132827374
2100-Aug-29 00:00:00, 77.222531892700346, 0.13127429311684069, null, null, 77.222531892700346, 0.13127429311684069
2100-Aug-29 01:00:00, 79.402332517126823, 0.1349798409549359, null, null, 79.402332517126823, 0.1349798409549359
2100-Aug-29 02:00:00, 81.780988173096915, 0.13902343201770659, null, null, 81.780988173096915, 0.13902343201770659
2100-Aug-29 03:00:00, 84.330463301579556, 0.14335740731102589, null, null, 84.330463301579556, 0.14335740731102589
2100-Aug-29 04:00:00, 87.023131770580733, 0.1479348038454634, null, null, 87.023131770580733, 0.1479348038454634
2100-Aug-29 05:00:00, 89.875403341841562, 0.15278351736362142, null, null, 89.875403341841562, 0.15278351736362142
2100-Aug-29 06:00:00, 92.809111895881628, 0.15777066952249597, null, null, 92.809111895881628, 0.15777066952249597
2100-Aug-29 07:00:00, 95.234586865856983, 0.16189385098718195, null, null, 95.234586865856983, 0.16189385098718195
2100-Aug-29 08:00:00, 96.977227633738678, 0.16485624977615357, null, null, 96.977227633738678, 0.16485624977615357
2100-Aug-29 09:00:00, 97.508013954259454, 0.16575855895088085, null, null, 97.508013954259454, 0.16575855895088085
2100-Aug-29 10:00:00, 96.794860215867644, 0.16454623463832013, null, null, 96.794860215867644, 0.16454623463832013
2100-Aug-29 11:00:00, 94.947337687958523, 0.16140554230508111, null, null, 94.947337687958523, 0.16140554230508111
2100-Aug-29 12:00:00, 92.39885671782055, 0.15707325702930908, null, null, 92.39885671782055, 0.15707325702930908
2100-Aug-29 13:00:00, 89.409671907642604, 0.15199179811655358, null, null, 89.409671907642604, 0.15199179811655358
2100-Aug-29 14:00:00, 86.296737962883455, 0.14669997210280042, null, null, 86.296737962883455, 0.14669997210280042
2100-Aug-29 15:00:00, 83.401037491340759, 0.14177743170995163, null, null, 83.401037491340759, 0.14177743170995163
2100-Aug-29 16:00:00, 80.964668513982161, 0.13763573099857179, null, null, 80.964668513982161, 0.13763573099857179
2100-Aug-29 17:00:00, 79.144323008368787, 0.13454123819160385, null, null, 79.144323008368787, 0.13454123819160385
2100-Aug-29 18:00:00, 78.015892780512658, 0.13262296541728821, null, null, 78.015892780512658, 0.13262296541728821
2100-Aug-29 19:00:00, 77.60910989742105, 0.13193145564519113, null, null, 77.60910989742105, 0.13193145564519113
2100-Aug-29 20:00:00, 77.848686644940315, 0.13233872367185365, null, null, 77.848686644940315, 0.13233872367185365
2100-Aug-29 21:00:00, 78.612866557110536, 0.13363778982943086, null, null, 78.612866557110536, 0.13363778982943086
2100-Aug-29 22:00:00, 79.79377247217208, 0.13564526854629813, null, null, 79.79377247217208, 0.13564526854629813
2100-Aug-29 23:00:00, 81.339709770490941, 0.13827328165420494, null, null, 81.339709770490941, 0.13827328165420494
2100-Aug-30 00:00:00, 83.219198000568298, 0.14146831402076412, null, null, 83.219198000568298, 0.14146831402076412
2100-Aug-30 01:00:00, 85.466568932877422, 0.1452887278725159, null, null, 85.466568932877422, 0.1452887278725159
2100-Aug-30 02:00:00, 88.032637335884189, 0.14965091087063664, null, null, 88.032637335884189, 0.14965091087063664
2100-Aug-30 03:00:00, 90.892110383632016, 0.15451186652476273, null, null, 90.892110383632016, 0.15451186652476273
2100-Aug-30 04:00:00, 93.993054360726759, 0.15978331021627054, null, null, 93.993054360726759, 0.15978331021627054
2100-Aug-30 05:00:00, 97.284868125027444, 0.1653792226318502, null, null, 97.284868125027444, 0.1653792226318502
2100-Aug-30 06:00:00, 100.48527843402735, 0.17081975392110629, null, null, 100.48527843402735, 0.17081975392110629
2100-Aug-30 07:00:00, 103.38801855113813, 0.17575426134576683, null, null, 103.38801855113813, 0.17575426134576683
2100-Aug-30 08:00:00, 105.78990958958401, 0.17983735135185172, null, null, 105.78990958958401, 0.17983735135185172
2100-Aug-30 09:00:00, 107.50164644672728, 0.18274721509778213, null, null, 107.50164644672728, 0.18274721509778213
2100-Aug-30 10:00:00, 108.12312725923643, 0.18380370019802697, null, null, 108.12312725923643, 0.18380370019802697
2100-Aug-30 11:00:00, 107.5608659243784, 0.18284788513380482, null, null, 107.5608659243784, 0.18284788513380482
2100-Aug-30 12:00:00, 106.08284963363502, 0.18033533421081632, null, null, 106.08284963363502, 0.18033533421081632
2100-Aug-30 13:00:00, 103.95610176206448, 0.17671997329690461, null, null, 103.95610176206448, 0.17671997329690461
2100-Aug-30 14:00:00, 101.4923284925615, 0.17253168671231592, null, null, 101.4923284925615, 0.17253168671231592
2100-Aug-30 15:00:00, 98.92263985893976, 0.16816334951019213, null, null, 98.92263985893976, 0.16816334951019213
2100-Aug-30 16:00:00, 96.394564551612916, 0.16386575280128593, null, null, 96.394564551612916, 0.16386575280128593
2100-Aug-30 17:00:00, 94.057309509979916, 0.15989254063245328, null, null, 94.057309509979916, 0.15989254063245328
2100-Aug-30 18:00:00, 92.034453350574395, 0.15645379023286807, null, null, 92.034453350574395, 0.15645379023286807
2100-Aug-30 19:00:00, 90.409023446107469, 0.15369064382352274, null, null, 90.409023446107469, 0.15369064382352274
2100-Aug-30 20:00:00, 89.22845552382141, 0.15168373967681772, null, null, 89.22845552382141, 0.15168373967681772
2100-Aug-30 21:00:00, 88.499386861898017, 0.15044436082090792, null, null, 88.499386861898017, 0.15044436082090792
2100-Aug-30 22:00:00, 88.209685189228992, 0.14995188302508486, null, null, 88.209685189228992, 0.14995188302508486
2100-Aug-30 23:00:00, 88.348898786843776, 0.15018853890998288, null, null, 88.348898786843776, 0.15018853890998288
2100-Aug-31 00:00:00, 88.905736091261474, 0.15113513340419205, null, null, 88.905736091261474, 0.15113513340419205
2100-Aug-31 01:00:00, 89.851568413873423, 0.15274299922411189, null, null, 89.851568413873423, 0.15274299922411189
2100-Aug-31 02:00:00, 91.220395464516869, 0.15506993411044931, null, null, 91.220395464516869, 0.15506993411044931
2100-Aug-31 03:00:00, 93.075464066752502, 0.15822345437808441, null, null, 93.075464066752502, 0.15822345437808441
2100-Aug-31 04:00:00, 95.346604740066425, 0.16208427555489399, null, null, 95.346604740066425, 0.16208427555489399
2100-Aug-31 05:00:00, 97.960628169730711, 0.16652797960744753, null, null, 97.960628169730711, 0.16652797960744753
2100-Aug-31 06:00:00, 100.8781686611142, 0.17148764689960908, null, null, 100.8781686611142, 0.17148764689960908
2100-Aug-31 07:00:00, 103.7854638750203, 0.17642989775222032, null, null, 103.7854638750203, 0.17642989775222032
2100-Aug-31 08:00:00, 106.26287667468172, 0.18064137082961251, null, null, 106.26287667468172, 0.18064137082961251
2100-Aug-31 09:00:00, 108.0077789371737, 0.1836076140419548, null, null, 108.0077789371737, 0.1836076140419548
2100-Aug-31 10:00:00, 108.62558137955865, 0.18465784610405078, null, null, 108.62558137955865, 0.18465784610405078
2100-Aug-31 11:00:00, 107.53188204312305, 0.18279861404115447, null, null, 107.53188204312305, 0.18279861404115447
2100-Aug-31 12:00:00, 104.44647671509895, 0.17755358524595663, null, null, 104.44647671509895, 0.17755358524595663
2100-Aug-31 13:00:00, 99.765245798320507, 0.1695957358404144, null, null, 99.765245798320507, 0.1695957358404144
2100-Aug-31 14:00:00, 94.24750757596, 0.16021586746533178, null, null, 94.24750757596, 0.16021586746533178
2100-Aug-31 15:00:00, 88.608591742809367, 0.15063000344612598, null, null, 88.608591742809367, 0.15063000344612598
2100-Aug-31 16:00:00, 83.40332429427815, 0.14178131915616385, null, null, 83.40332429427815, 0.14178131915616385
2100-Aug-31 17:00:00, 78.940729690870967, 0.13419514012692274, null, null, 78.940729690870967, 0.13419514012692274
2100-Aug-31 18:00:00, 75.333526466973197, 0.12806308201202002, null, null, 75.333526466973197, 0.12806308201202002
2100-Aug-31 19:00:00, 72.635078950905239, 0.12347586139774486, null, null, 72.635078950905239, 0.12347586139774486
2100-Aug-31 20:00:00, 70.766125480043002, 0.12029873757465381, null, null, 70.766125480043002, 0.12029873757465381
2100-Aug-31 21:00:00, 69.624289623786538, 0.11835767592837414, null, null, 69.624289623786538, 0.11835767592837414
2100-Aug-31 22:00:00, 69.103499231868923, 0.11747235931306267, null, null, 69.103499231868923, 0.11747235931306267
2100-Aug-31 23:00:00, 69.105115765706472, 0.11747510733662034, null, null, 69.105115765706472, 0.11747510733662034
2100-Sep-01 00:00:00, 69.545081166581909, 0.11822302566538015, null, null, 69.545081166581909, 0.11822302566538015
2100-Sep-01 01:00:00, 70.358092012372225, 0.11960510187373014, null, null, 70.358092012372225, 0.11960510187373014
2100-Sep-01 02:00:00, 71.493221680491601, 0.12153476334851028, null, null, 71.493221680491601, 0.12153476334851028
2100-Sep-01 03:00:00, 72.91358952992934, 0.12394931491566048, null, null, 72.91358952992934, 0.12394931491566048
2100-Sep-01 04:00:00, 74.591139255956165, 0.12680106231444446, null, null, 74.591139255956165, 0.12680106231444446
2100-Sep-01 05:00:00, 76.49579366791059, 0.13003887588301025, null, null, 76.49579366791059, 0.13003887588301025
2100-Sep-01 06:00:00, 78.456077839848106, 0.13337125715402054, null, null, 78.456077839848106, 0.13337125715402054
2100-Sep-01 07:00:00, 80.418206890239716, 0.13670677462257591, null, null, 80.418206890239716, 0.13670677462257591
2100-Sep-01 08:00:00, 82.249254849978641, 0.1398194610456493, null, null, 82.249254849978641, 0.1398194610456493
2100-Sep-01 09:00:00, 83.686067145178839, 0.14226196731643659, null, null, 83.686067145178839, 0.14226196731643659
2100-Sep-01 10:00:00, 84.40587415719331, 0.14348560184857082, null, null, 84.40587415719331, 0.14348560184857082
2100-Sep-01 11:00:00, 84.046197437183196, 0.14287417010691905, null, null, 84.046197437183196, 0.14287417010691905
2100-Sep-01 12:00:00, 82.25785359770056, 0.13983407847013951, null, null, 82.25785359770056, 0.13983407847013951
2100-Sep-01 13:00:00, 79.165269359301206, 0.13457684590019145, null, null, 79.165269359301206, 0.13457684590019145
2100-Sep-01 14:00:00, 75.259601809690025, 0.12793741393444083, null, null, 75.259601809690025, 0.12793741393444083
2100-Sep-01 15:00:00, 71.080060736562046, 0.12083241120427858, null, null, 71.080060736562046, 0.12083241120427858
2100-Sep-01 16:00:00, 67.033019231470334, 0.11395265085747169, null, null, 67.033019231470334, 0.11395265085747169
2100-Sep-01 17:00:00, 63.535625439523706, 0.10800726307315302, null, null, 63.535625439523706, 0.10800726307315302
2100-Sep-01 18:00:00, 60.846413246258393, 0.10343574202794026, null, null, 60.846413246258393, 0.10343574202794026
2100-Sep-01 19:00:00, 59.070561378028081, 0.1004168860934304, null, null, 59.070561378028081, 0.1004168860934304
2100-Sep-01 20:00:00, 58.152014441159245, 0.098855404012013509, null, null, 58.152014441159245, 0.098855404012013509
2100-Sep-01 21:00:00, 57.997641316956177, 0.098592977719333105, null, null, 57.997641316956177, 0.098592977719333105
2100-Sep-01 22:00:00, 58.517640448791497, 0.099476949233604381, null, null, 58.517640448791497, 0.099476949233604381
2100-Sep-01 23:00:00, 59.613589945433809, 0.10134000645197405, null, null, 59.613589945433809, 0.10134000645197405
2100-Sep-02 00:00:00, 61.155648651277005, 0.10396142615413446, null, null, 61.155648651277005, 0.10396142615413446
2100-Sep-02 01:00:00, 63.046188284299951, 0.10717524533166804, null, null, 63.046188284299951, 0.10717524533166804
2100-Sep-02 02:00:00, 65.227391191970355, 0.11088317697844037, null, null, 65.227391191970355, 0.11088317697844037
2100-Sep-02 03:00:00, 67.761266811180661, 0.11519063391626803, null, null, 67.761266811180661, 0.11519063391626803
2100-Sep-02 04:00:00, 70.610064322341827, 0.12003344171270663, null, null, 70.610064322341827, 0.12003344171270663
2100-Sep-02 05:00:00, 73.700323996383176, 0.12528672264398885, null, null, 73.700323996383176, 0.12528672264398885
2100-Sep-02 06:00:00, 76.963962735860136, 0.13083473898083825, null, null, 76.963962735860136, 0.13083473898083825
2100-Sep-02 07:00:00, 79.858278541147925, 0.13575492551297616, null, null, 79.858278541147925, 0.13575492551297616
2100-Sep-02 08:00:00, 82.030113881397867, 0.13944693278170486, null, null, 82.030113881397867, 0.13944693278170486
2100-Sep-02 09:00:00, 83.29221006674797, 0.14159243074086927, null, null, 83.29221006674797, 0.14159243074086927
2100-Sep-02 10:00:00, 83.579622199667938, 0.14208101643804244, null, null, 83.579622199667938, 0.14208101643804244
2100-Sep-02 11:00:00, 82.842164788265521, 0.14082737714374757, null, null, 82.842164788265521, 0.14082737714374757
2100-Sep-02 12:00:00, 81.110766924654428, 0.13788409070805588, null, null, 81.110766924654428, 0.13788409070805588
2100-Sep-02 13:00:00, 78.170116940897799, 0.13288513847921563, null, null, 78.170116940897799, 0.13288513847921563
2100-Sep-02 14:00:00, 74.210000926439619, 0.12615314695139293, null, null, 74.210000926439619, 0.12615314695139293
2100-Sep-02 15:00:00, 69.571968577097678, 0.11826873286666829, null, null, 69.571968577097678, 0.11826873286666829
2100-Sep-02 16:00:00, 64.776769425975644, 0.11011714338249182, null, null, 64.776769425975644, 0.11011714338249182
2100-Sep-02 17:00:00, 60.332274469663155, 0.10256173281317794, null, null, 60.332274469663155, 0.10256173281317794
2100-Sep-02 18:00:00, 56.604028165147305, 0.096223907748456697, null, null, 56.604028165147305, 0.096223907748456697
2100-Sep-02 19:00:00, 53.788240023045155, 0.091437214164842365, null, null, 53.788240023045155, 0.091437214164842365
2100-Sep-02 20:00:00, 51.898797945454497, 0.088225260774534339, null, null, 51.898797945454497, 0.088225260774534339
2100-Sep-02 21:00:00, 50.890949563156283, 0.086511970874392441, null, null, 50.890949563156283, 0.086511970874392441
2100-Sep-02 22:00:00, 50.616722662342809, 0.086045799386931618, null, null, 50.616722662342809, 0.086045799386931618
2100-Sep-02 23:00:00, 50.954968343864792, 0.086620799476326768, null, null, 50.954968343864792, 0.086620799476326768
2100-Sep-03 00:00:00, 51.795190083420323, 0.088049132790686546, null, null, 51.795190083420323, 0.088049132790686546
2100-Sep-03 01:00:00, 53.128687504736753, 0.090316009142263301, null, null, 53.128687504736753, 0.090316009142263301
2100-Sep-03 02:00:00, 54.973540868170559, 0.093452164034536281, null, null, 54.973540868170559, 0.093452164034536281
2100-Sep-03 03:00:00, 57.233239871480755, 0.097293534966643946, null, null, 57.233239871480755, 0.097293534966643946
2100-Sep-03 04:00:00, 59.845412536047093, 0.10173409281466361, null, null, 59.845412536047093, 0.10173409281466361
2100-Sep-03 05:00:00, 62.702649701693069, 0.10659124758535297, null, null, 62.702649701693069, 0.10659124758535297
2100-Sep-03 06:00:00, 65.699674928584841, 0.11168603479927423, null, null, 65.699674928584841, 0.11168603479927423
2100-Sep-03 07:00:00, 68.194785818573109, 0.11592759371094602, null, null, 68.194785818573109, 0.11592759371094602
2100-Sep-03 08:00:00, 69.772176294994765, 0.11860907558788332, null, null, 69.772176294994765, 0.11860907558788332
2100-Sep-03 09:00:00, 70.10862402178671, 0.11918101924762696, null, null, 70.10862402178671, 0.11918101924762696
2100-Sep-03 10:00:00, 68.876229856831841, 0.11708601318034904, null, null, 68.876229856831841, 0.11708601318034904
2100-Sep-03 11:00:00, 66.248518955310956, 0.11261904113659535, null, null, 66.248518955310956, 0.11261904113659535
2100-Sep-03 12:00:00, 62.298131302786842, 0.10590358731874897, null, null, 62.298131302786842, 0.10590358731874897
2100-Sep-03 13:00:00, 57.297787851471334, 0.097403263179870067, null, null, 57.297787851471334, 0.097403263179870067
2100-Sep-03 14:00:00, 51.956358483552897, 0.088323110699486188, null, null, 51.956358483552897, 0.088323110699486188
2100-Sep-03 15:00:00, 47.067965775956658, 0.080013097009972917, null, null, 47.067965775956658, 0.080013097009972917
2100-Sep-03 16:00:00, 43.088794854840174, 0.073248713130583024, null, null, 43.088794854840174, 0.073248713130583024
2100-Sep-03 17:00:00, 40.111060758317045, 0.068186719836266563, null, null, 40.111060758317045, 0.068186719836266563
2100-Sep-03 18:00:00, 38.208441840695585, 0.06495236650233896, null, null, 38.208441840695585, 0.06495236650233896
2100-Sep-03 19:00:00, 37.361792768293036, 0.063513107055988435, null, null, 37.361792768293036, 0.063513107055988435
2100-Sep-03 20:00:00, 37.429475589722593, 0.063628164336830564, null, null, 37.429475589722593, 0.063628164336830564
2100-Sep-03 21:00:00, 38.220999284786316, 0.064973713505033143, null, null, 38.220999284786316, 0.064973713505033143
2100-Sep-03 22:00:00, 39.542626988085601, 0.067220411952518877, null, null, 39.542626988085601, 0.067220411952518877
2100-Sep-03 23:00:00, 41.251688851870917, 0.070125728348685565, null, null, 41.251688851870917, 0.070125728348685565
2100-Sep-04 00:00:00, 43.258456212569513, 0.073537128626155079, null, null, 43.258456212569513, 0.073537128626155079
2100-Sep-04 01:00:00, 45.509163849930466, 0.077363214703179486, null, null, 45.509163849930466, 0.077363214703179486
2100-Sep-04 02:00:00, 47.967192396805963, 0.08154173555769445, null, null, 47.967192396805963, 0.08154173555769445
2100-Sep-04 03:00:00, 50.580148377501189, 0.085983625002446148, null, null, 50.580148377501189, 0.085983625002446148
2100-Sep-04 04:00:00, 53.305193417477646, 0.090616060025834416, null, null, 53.305193417477646, 0.090616060025834416
2100-Sep-04 05:00:00, 56.168738363367893, 0.09548393769529967, null, null, 56.168738363367893, 0.09548393769529967
2100-Sep-04 06:00:00, 59.151526343942145, 0.10055452232999366, null, null, 59.151526343942145, 0.10055452232999366
2100-Sep-04 07:00:00, 62.14763632653947, 0.10564775367615407, null, null, 62.14763632653947, 0.10564775367615407
2100-Sep-04 08:00:00, 65.054327581549842, 0.11058897783001348, null, null, 65.054327581549842, 0.11058897783001348
2100-Sep-04 09:00:00, 67.76620688412558, 0.11519903178367662, null, null, 67.76620688412558, 0.11519903178367662
2100-Sep-04 10:00:00, 69.992090165925944, 0.11898291774567726, null, null, 69.992090165925944, 0.11898291774567726
2100-Sep-04 11:00:00, 71.434703004766888, 0.12143528463936137, null, null, 71.434703004766888, 0.12143528463936137
2100-Sep-04 12:00:00, 72.10623054896665, 0.12257684658394773, null, null, 72.10623054896665, 0.12257684658394773
2100-Sep-04 13:00:00, 72.115465995248613, 0.12259254636291855, null, null, 72.115465995248613, 0.12259254636291855
2100-Sep-04 14:00:00, 71.755711206996835, 0.121980981909311, null, null, 71.755711206996835, 0.121980981909311
2100-Sep-04 15:00:00, 71.237057176361887, 0.12109929699721297, null, null, 71.237057176361887, 0.12109929699721297
2100-Sep-04 16:00:00, 70.572585351859601, 0.11996972940962342, null, null, 70.572585351859601, 0.11996972940962342
2100-Sep-04 17:00:00, 69.855078664772748, 0.11875000531038242, null, null, 69.855078664772748, 0.11875000531038242
2100-Sep-04 18:00:00, 69.286083079132837, 0.11778274236962222, null, null, 69.286083079132837, 0.11778274236962222
2100-Sep-04 19:00:00, 69.018704494057502, 0.1173282126632003, null, null, 69.018704494057502, 0.1173282126632003
2100-Sep-04 20:00:00, 69.149956745883159, 0.11755133467378587, null, null, 69.149956745883159, 0.11755133467378587
2100-Sep-04 21:00:00, 69.692790569015784, 0.11847412397718066, null, null, 69.692790569015784, 0.11847412397718066
2100-Sep-04 22:00:00, 70.685875732176484, 0.12016231717162144, null, null, 70.685875732176484, 0.12016231717162144
2100-Sep-04 23:00:00, 72.110773376808325, 0.12258456915531453, null, null, 72.110773376808325, 0.12258456915531453
2100-Sep-05 00:00:00, 73.894267562276823, 0.12561641663217127, null, null, 73.894267562276823, 0.12561641663217127
2100-Sep-05 01:00:00, 75.953858475489909, 0.12911761420514897, null, null, 75.953858475489909, 0.12911761420514897
2100-Sep-05 02:00:00, 78.214845426961745, 0.13296117458223269, null, null, 78.214845426961745, 0.13296117458223269
2100-Sep-05 03:00:00, 80.632309891732845, 0.13707073860415395, null, null, 80.632309891732845, 0.13707073860415395
2100-Sep-05 04:00:00, 83.168668418776292, 0.14138241635633048, null, null, 83.168668418776292, 0.14138241635633048
2100-Sep-05 05:00:00, 85.844081914144695, 0.14593048033185188, null, null, 85.844081914144695, 0.14593048033185188
2100-Sep-05 06:00:00, 88.680223282585786, 0.15075177334305304, null, null, 88.680223282585786, 0.15075177334305304
2100-Sep-05 07:00:00, 91.541661330605336, 0.15561606939557479, null, null, 91.541661330605336, 0.15561606939557479
2100-Sep-05 08:00:00, 94.126163360813123, 0.1600095886024559, null, null, 94.126163360813123, 0.1600095886024559
2100-Sep-05 09:00:00, 96.018465322714377, 0.16322640364754354, null, null, 96.018465322714377, 0.16322640364754354
2100-Sep-05 10:00:00, 96.730650215064443, 0.1644370809721572, null, null, 96.730650215064443, 0.1644370809721572
2100-Sep-05 11:00:00, 96.273075048835764, 0.16365922695698512, null, null, 96.273075048835764, 0.16365922695698512
2100-Sep-05 12:00:00, 94.733403376858391, 0.16104186508840904, null, null, 94.733403376858391, 0.16104186508840904
2100-Sep-05 13:00:00, 92.252614253935064, 0.15682465243684496, null, null, 92.252614253935064, 0.15682465243684496
2100-Sep-05 14:00:00, 89.300020336197775, 0.15180539614063066, null, null, 89.300020336197775, 0.15180539614063066
2100-Sep-05 15:00:00, 86.451670993763173, 0.14696335020774839, null, null, 86.451670993763173, 0.14696335020774839
2100-Sep-05 16:00:00, 84.13727481602001, 0.143028996920191, null, null, 84.13727481602001, 0.143028996920191
2100-Sep-05 17:00:00, 82.688844845363533, 0.14056674120457455, null, null, 82.688844845363533, 0.14056674120457455
2100-Sep-05 18:00:00, 82.180652100443368, 0.13970283993481045, null, null, 82.180652100443368, 0.13970283993481045
2100-Sep-05 19:00:00, 82.536926829188104, 0.14030848846801763, null, null, 82.536926829188104, 0.14030848846801763
2100-Sep-05 20:00:00, 83.623737880823853, 0.14215601080454621, null, null, 83.623737880823853, 0.14215601080454621
2100-Sep-05 21:00:00, 85.292862364748586, 0.14499343572938142, null, null, 85.292862364748586, 0.14499343572938142
2100-Sep-05 22:00:00, 87.399047837793077, 0.14857384163385307, null, null, 87.399047837793077, 0.14857384163385307
2100-Sep-05 23:00:00, 89.828987115205223, 0.1527046121892961, null, null, 89.828987115205223, 0.1527046121892961
2100-Sep-06 00:00:00, 92.512254710285021, 0.15726602772636841, null, null, 92.512254710285021, 0.15726602772636841
2100-Sep-06 01:00:00, 95.37731149314051, 0.16213647544014659, null, null, 95.37731149314051, 0.16213647544014659
2100-Sep-06 02:00:00, 98.378770465252074, 0.16723879979064343, null, null, 98.378770465252074, 0.16723879979064343
2100-Sep-06 03:00:00, 101.48019791570293, 0.17251106536174401, null, null, 101.48019791570293, 0.17251106536174401
2100-Sep-06 04:00:00, 104.66655392334124, 0.17792770506869537, null, null, 104.66655392334124, 0.17792770506869537
2100-Sep-06 05:00:00, 107.92385682018964, 0.1834649508021732, null, null, 107.92385682018964, 0.1834649508021732
2100-Sep-06 06:00:00, 111.23919827873337, 0.18910085907588811, null, null, 111.23919827873337, 0.18910085907588811
2100-Sep-06 07:00:00, 114.45727245799044, 0.1945714180270828, null, null, 114.45727245799044, 0.1945714180270828
2100-Sep-06 08:00:00, 117.39184556410629, 0.19956003987957954, null, null, 117.39184556410629, 0.19956003987957954
2100-Sep-06 09:00:00, 119.59722544955321, 0.20330907113276886, null, null, 119.59722544955321, 0.20330907113276886
2100-Sep-06 10:00:00, 120.68262105301484, 0.20515418728092277, null, null, 120.68262105301484, 0.20515418728092277
2100-Sep-06 11:00:00, 120.5159309186641, 0.20487082271076273, null, null, 120.5159309186641, 0.20487082271076273
2100-Sep-06 12:00:00, 119.081981713071, 0.20243318354359263, null, null, 119.081981713071, 0.20243318354359263
2100-Sep-06 13:00:00, 116.57263245772587, 0.19816742015038485, null, null, 116.57263245772587, 0.19816742015038485
2100-Sep-06 14:00:00, 113.10043016324437, 0.19226485660325751, null, null, 113.10043016324437, 0.19226485660325751
2100-Sep-06 15:00:00, 108.23471070386941, 0.18399338625802419, null, null, 108.23471070386941, 0.18399338625802419
2100-Sep-06 16:00:00, 102.70521316065616, 0.17459352764829578, null, null, 102.70521316065616, 0.17459352764829578
2100-Sep-06 17:00:00, 97.633368911222391, 0.16597165586651769, null, null, 97.633368911222391, 0.16597165586651769
2100-Sep-06 18:00:00, 93.661278321507154, 0.1592193081827426, null, null, 93.661278321507154, 0.1592193081827426
2100-Sep-06 19:00:00, 90.93769762466718, 0.1545893624666253, null, null, 90.93769762466718, 0.1545893624666253
2100-Sep-06 20:00:00, 89.383358584810367, 0.15194706683450812, null, null, 89.383358584810367, 0.15194706683450812
2100-Sep-06 21:00:00, 88.842144971029981, 0.15102703180285504, null, null, 88.842144971029981, 0.15102703180285504
2100-Sep-06 22:00:00, 89.108915428256608, 0.15148052772352161, null, null, 89.108915428256608, 0.15148052772352161
2100-Sep-06 23:00:00, 90.07712957536323, 0.15312644148252333, null, null, 90.07712957536323, 0.15312644148252333
2100-Sep-07 00:00:00, 91.631798298033445, 0.15576929755829888, null, null, 91.631798298033445, 0.15576929755829888
2100-Sep-07 01:00:00, 93.602383181251298, 0.15911918950344514, null, null, 93.602383181251298, 0.15911918950344514
2100-Sep-07 02:00:00, 95.831352441178424, 0.16290832146796907, null, null, 95.831352441178424, 0.16290832146796907
2100-Sep-07 03:00:00, 98.209985023160556, 0.16695187330615877, null, null, 98.209985023160556, 0.16695187330615877
2100-Sep-07 04:00:00, 100.70783642440597, 0.17119809094461977, null, null, 100.70783642440597, 0.17119809094461977
2100-Sep-07 05:00:00, 103.29452672347708, 0.17559533009490522, null, null, 103.29452672347708, 0.17559533009490522
2100-Sep-07 06:00:00, 105.93365984672501, 0.18008171932230066, null, null, 105.93365984672501, 0.18008171932230066
2100-Sep-07 07:00:00, 108.49805208301413, 0.18444105292406504, null, null, 108.49805208301413, 0.18444105292406504
2100-Sep-07 08:00:00, 110.81372367604499, 0.18837757435136376, null, null, 110.81372367604499, 0.18837757435136376
2100-Sep-07 09:00:00, 112.79522004958679, 0.19174601526329496, null, null, 112.79522004958679, 0.19174601526329496
2100-Sep-07 10:00:00, 114.44593002204235, 0.19455213647512104, null, null, 114.44593002204235, 0.19455213647512104
2100-Sep-07 11:00:00, 115.77376341568423, 0.19680938427385258, null, null, 115.77376341568423, 0.19680938427385258
2100-Sep-07 12:00:00, 116.78628517661954, 0.19853061867493244, null, null, 116.78628517661954, 0.19853061867493244
2100-Sep-07 13:00:00, 117.54143686331915, 0.19981433731815462, null, null, 117.54143686331915, 0.19981433731815462
2100-Sep-07 14:00:00, 118.15177061018912, 0.20085187298581489, null, null, 118.15177061018912, 0.20085187298581489
2100-Sep-07 15:00:00, 118.76768256476541, 0.20189889131683203, null, null, 118.76768256476541, 0.20189889131683203
2100-Sep-07 16:00:00, 119.48366754025277, 0.20311602858539479, null, null, 119.48366754025277, 0.20311602858539479
2100-Sep-07 17:00:00, 120.37094387252276, 0.20462435226325462, null, null, 120.37094387252276, 0.20462435226325462
2100-Sep-07 18:00:00, 121.49147953362385, 0.20652920468414712, null, null, 121.49147953362385, 0.20652920468414712
2100-Sep-07 19:00:00, 122.86474631653836, 0.2088636868847363, null, null, 122.86474631653836, 0.2088636868847363
2100-Sep-07 20:00:00, 124.46323145488294, 0.21158102859124148, null, null, 124.46323145488294, 0.21158102859124148
2100-Sep-07 21:00:00, 126.25581775814699, 0.21462833219608693, null, null, 126.25581775814699, 0.21462833219608693
2100-Sep-07 22:00:00, 128.20474762473998, 0.21794141173777803, null, null, 128.20474762473998, 0.21794141173777803
2100-Sep-07 23:00:00, 130.28398946464614, 0.22147601486542348, null, null, 130.28398946464614, 0.22147601486542348
2100-Sep-08 00:00:00, 132.48387198142393, 0.22521570087742018, null, null, 132.48387198142393, 0.22521570087742018
2100-Sep-08 01:00:00, 134.78776586914208, 0.22913220081744609, null, null, 134.78776586914208, 0.22913220081744609
2100-Sep-08 02:00:00, 137.16890101400773, 0.23318000688254939, null, null, 137.16890101400773, 0.23318000688254939
2100-Sep-08 03:00:00, 139.61425046748775, 0.23733697393687084, null, null, 139.61425046748775, 0.23733697393687084
2100-Sep-08 04:00:00, 142.10978981278728, 0.24157926120031689, null, null, 142.10978981278728, 0.24157926120031689
2100-Sep-08 05:00:00, 144.63805480304481, 0.24587718036035269, null, null, 144.63805480304481, 0.24587718036035269
2100-Sep-08 06:00:00, 147.23237802502149, 0.25028739508310754, null, null, 147.23237802502149, 0.25028739508310754
2100-Sep-08 07:00:00, 149.88473737904482, 0.25479626821582291, null, null, 149.88473737904482, 0.25479626821582291
2100-Sep-08 08:00:00, 152.55182423920735, 0.25933017734399727, null, null, 152.55182423920735, 0.25933017734399727
2100-Sep-08 09:00:00, 155.16276595020355, 0.26376864263488603, null, null, 155.16276595020355, 0.26376864263488603
2100-Sep-08 10:00:00, 157.62416652231542, 0.26795289575715275, null, null, 157.62416652231542, 0.26795289575715275
2100-Sep-08 11:00:00, 159.84644202901208, 0.27173064868887253, null, null, 159.84644202901208, 0.27173064868887253
2100-Sep-08 12:00:00, 161.71860269531967, 0.27491322457763223, null, null, 161.71860269531967, 0.27491322457763223
2100-Sep-08 13:00:00, 163.1186035073512, 0.27729315323909864, null, null, 163.1186035073512, 0.27729315323909864
2100-Sep-08 14:00:00, 164.01797348453627, 0.27882203548514473, null, null, 164.01797348453627, 0.27882203548514473
2100-Sep-08 15:00:00, 164.52857583895167, 0.27969003296589057, null, null, 164.52857583895167, 0.27969003296589057
2100-Sep-08 16:00:00, 164.87576564118925, 0.28028023759592574, null, null, 164.87576564118925, 0.28028023759592574
2100-Sep-08 17:00:00, 165.26516825900208, 0.28094220181981649, null, null, 165.26516825900208, 0.28094220181981649
2100-Sep-08 18:00:00, 165.84034836308612, 0.2819199781206948, null, null, 165.84034836308612, 0.2819199781206948
2100-Sep-08 19:00:00, 166.66405700415979, 0.28332024002536049, null, null, 166.66405700415979, 0.28332024002536049
2100-Sep-08 20:00:00, 167.76325349334763, 0.28518881696240195, null, null, 167.76325349334763, 0.28518881696240195
2100-Sep-08 21:00:00, 169.13910390902763, 0.28752769120449312, null, null, 169.13910390902763, 0.28752769120449312
2100-Sep-08 22:00:00, 170.77535629732873, 0.29030923527421398, null, null, 170.77535629732873, 0.29030923527421398
2100-Sep-08 23:00:00, 172.66131318243603, 0.2935152640183285, null, null, 172.66131318243603, 0.2935152640183285
2100-Sep-09 00:00:00, 174.8356399614994, 0.29721150660362949, null, null, 174.8356399614994, 0.29721150660362949
2100-Sep-09 01:00:00, 177.32652220574371, 0.30144587703718129, null, null, 177.32652220574371, 0.30144587703718129
2100-Sep-09 02:00:00, 180.14833301425861, 0.30624280884086735, null, null, 180.14833301425861, 0.30624280884086735
2100-Sep-09 03:00:00, 183.2416319887445, 0.31150125642503762, null, null, 183.2416319887445, 0.31150125642503762
2100-Sep-09 04:00:00, 186.53189925850211, 0.31709453988022224, null, null, 186.53189925850211, 0.31709453988022224
2100-Sep-09 05:00:00, 190.01174213325203, 0.32301009201693809, null, null, 190.01174213325203, 0.32301009201693809
2100-Sep-09 06:00:00, 193.67077530011332, 0.32923025834272251, null, null, 193.67077530011332, 0.32923025834272251
2100-Sep-09 07:00:00, 196.85866922591387, 0.33464951243066698, null, null, 196.85866922591387, 0.33464951243066698
2100-Sep-09 08:00:00, 198.99201465795068, 0.33827608885468019, null, null, 198.99201465795068, 0.33827608885468019
2100-Sep-09 09:00:00, 199.8056494837044, 0.33965922579655711, null, null, 199.8056494837044, 0.33965922579655711
2100-Sep-09 10:00:00, 198.89553995572552, 0.3381120868719964, null, null, 198.89553995572552, 0.3381120868719964
2100-Sep-09 11:00:00, 196.02820483699116, 0.33323776610556571, null, null, 196.02820483699116, 0.33323776610556571
2100-Sep-09 12:00:00, 191.53474974341361, 0.32559912584599376, null, null, 191.53474974341361, 0.32559912584599376
2100-Sep-09 13:00:00, 186.31284610336147, 0.31672216089456484, null, null, 186.31284610336147, 0.31672216089456484
2100-Sep-09 14:00:00, 181.11687074195498, 0.30788927267006422, null, null, 181.11687074195498, 0.30788927267006422
2100-Sep-09 15:00:00, 176.27838508965314, 0.29966409838227398, null, null, 176.27838508965314, 0.29966409838227398
2100-Sep-09 16:00:00, 171.90322792817943, 0.29222655846263512, null, null, 171.90322792817943, 0.29222655846263512
2100-Sep-09 17:00:00, 168.1197185821911, 0.28579478909788925, null, null, 168.1197185821911, 0.28579478909788925
2100-Sep-09 18:00:00, 165.09815021606252, 0.28065827982208769, null, null, 165.09815021606252, 0.28065827982208769
2100-Sep-09 19:00:00, 162.91107652259424, 0.27694036814439993, null, null, 162.91107652259424, 0.27694036814439993
2100-Sep-09 20:00:00, 161.50979896691891, 0.27455826908505582, null, null, 161.50979896691891, 0.27455826908505582
2100-Sep-09 21:00:00, 160.80581131517701, 0.27336152664369412, null, null, 160.80581131517701, 0.27336152664369412
2100-Sep-09 22:00:00, 160.73120492848267, 0.27323469966152641, null, null, 160.73120492848267, 0.27323469966152641
2100-Sep-09 23:00:00, 161.20037810458911, 0.27403226969106564, null, null, 161.20037810458911, 0.27403226969106564
2100-Sep-10 00:00:00, 162.12035546851951, 0.27559618342418779, null, null, 162.12035546851951, 0.27559618342418779
2100-Sep-10 01:00:00, 163.41681181055409, 0.27780009186497701, null, null, 163.41681181055409, 0.27780009186497701
2100-Sep-10 02:00:00, 165.0234635569964, 0.28053131638105749, null, null, 165.0234635569964, 0.28053131638105749
2100-Sep-10 03:00:00, 166.94920100163301, 0.28380497001008592, null, null, 166.94920100163301, 0.28380497001008592
2100-Sep-10 04:00:00, 169.11772100899969, 0.28749134138511845, null, null, 169.11772100899969, 0.28749134138511845
2100-Sep-10 05:00:00, 171.45633816771723, 0.29146686908224356, null, null, 171.45633816771723, 0.29146686908224356
2100-Sep-10 06:00:00, 173.92576515607371, 0.29566476669521718, null, null, 173.92576515607371, 0.29566476669521718
2100-Sep-10 07:00:00, 176.04134544754058, 0.29926114330302023, null, null, 176.04134544754058, 0.29926114330302023
2100-Sep-10 08:00:00, 177.63850216032171, 0.30197622675506874, null, null, 177.63850216032171, 0.30197622675506874
2100-Sep-10 09:00:00, 178.60946846142465, 0.30362681903291161, null, null, 178.60946846142465, 0.30362681903291161
2100-Sep-10 10:00:00, 178.72233058613708, 0.30381867878262653, null, null, 178.72233058613708, 0.30381867878262653
2100-Sep-10 11:00:00, 177.70465820898369, 0.30208868860150978, null, null, 177.70465820898369, 0.30208868860150978
2100-Sep-10 12:00:00, 175.50533236994212, 0.29834994891274969, null, null, 175.50533236994212, 0.29834994891274969
2100-Sep-10 13:00:00, 172.05074632608003, 0.29247733207665022, null, null, 172.05074632608003, 0.29247733207665022
2100-Sep-10 14:00:00, 167.68961790008518, 0.28506364027864339, null, null, 167.68961790008518, 0.28506364027864339
2100-Sep-10 15:00:00, 162.96521073804644, 0.27703239349882364, null, null, 162.96521073804644, 0.27703239349882364
2100-Sep-10 16:00:00, 158.41827785114731, 0.26930284376835412, null, null, 158.41827785114731, 0.26930284376835412
2100-Sep-10 17:00:00, 154.45908970981961, 0.2625724295766575, null, null, 154.45908970981961, 0.2625724295766575
2100-Sep-10 18:00:00, 151.29954823870813, 0.25720137318899833, null, null, 151.29954823870813, 0.25720137318899833
2100-Sep-10 19:00:00, 149.0053677830013, 0.25330138557885556, null, null, 149.0053677830013, 0.25330138557885556
2100-Sep-10 20:00:00, 147.50189387534056, 0.25074555802942977, null, null, 147.50189387534056, 0.25074555802942977
2100-Sep-10 21:00:00, 146.66280120381791, 0.2493191440720797, null, null, 146.66280120381791, 0.2493191440720797
2100-Sep-10 22:00:00, 146.36102553460302, 0.24880614110927746, null, null, 146.36102553460302, 0.24880614110927746
2100-Sep-10 23:00:00, 146.53148488142122, 0.24909591314485136, null, null, 146.53148488142122, 0.24909591314485136
2100-Sep-11 00:00:00, 147.15551423999162, 0.25015673064102345, null, null, 147.15551423999162, 0.25015673064102345
2100-Sep-11 01:00:00, 148.23132802338279, 0.25198555819275748, null, null, 148.23132802338279, 0.25198555819275748
2100-Sep-11 02:00:00, 149.74904937410551, 0.25456560565534653, null, null, 149.74904937410551, 0.25456560565534653
2100-Sep-11 03:00:00, 151.69079912433239, 0.25786647937216556, null, null, 151.69079912433239, 0.25786647937216556
2100-Sep-11 04:00:00, 153.99937251668049, 0.26179093422699906, null, null, 153.99937251668049, 0.26179093422699906
2100-Sep-11 05:00:00, 156.56503319491395, 0.26615242411418327, null, null, 156.56503319491395, 0.26615242411418327
2100-Sep-11 06:00:00, 159.27101854296694, 0.27075245865130215, null, null, 159.27101854296694, 0.27075245865130215
2100-Sep-11 07:00:00, 161.88853854965006, 0.27520210670316814, null, null, 161.88853854965006, 0.27520210670316814
2100-Sep-11 08:00:00, 164.16066123777537, 0.27906459725414917, null, null, 164.16066123777537, 0.27906459725414917
2100-Sep-11 09:00:00, 165.79895280950129, 0.2818496078297727, null, null, 165.79895280950129, 0.2818496078297727
2100-Sep-11 10:00:00, 166.38763433218816, 0.28285033584098379, null, null, 166.38763433218816, 0.28285033584098379
2100-Sep-11 11:00:00, 165.67903460127329, 0.28164575310458911, null, null, 165.67903460127329, 0.28164575310458911
2100-Sep-11 12:00:00, 163.26160630626768, 0.27753625056939046, null, null, 163.26160630626768, 0.27753625056939046
2100-Sep-11 13:00:00, 159.34860418104316, 0.27088435020607043, null, null, 159.34860418104316, 0.27088435020607043
2100-Sep-11 14:00:00, 154.35649353030379, 0.26239802140054203, null, null, 154.35649353030379, 0.26239802140054203
2100-Sep-11 15:00:00, 148.80591617849126, 0.25296232821112441, null, null, 148.80591617849126, 0.25296232821112441
2100-Sep-11 16:00:00, 143.46620974781587, 0.24388510463456073, null, null, 143.46620974781587, 0.24388510463456073
2100-Sep-11 17:00:00, 138.92544743743483, 0.23616604456365919, null, null, 138.92544743743483, 0.23616604456365919
2100-Sep-11 18:00:00, 135.46890763047219, 0.23029010643177136, null, null, 135.46890763047219, 0.23029010643177136
2100-Sep-11 19:00:00, 133.0597439953001, 0.22619465338900588, null, null, 133.0597439953001, 0.22619465338900588
2100-Sep-11 20:00:00, 131.54319317783558, 0.22361659577215584, null, null, 131.54319317783558, 0.22361659577215584
2100-Sep-11 21:00:00, 130.76822577078889, 0.22229919143361379, null, null, 130.76822577078889, 0.22229919143361379
2100-Sep-11 22:00:00, 130.62213748367955, 0.22205084893366087, null, null, 130.62213748367955, 0.22205084893366087
2100-Sep-11 23:00:00, 130.98179204902976, 0.22266224301354154, null, null, 130.98179204902976, 0.22266224301354154
2100-Sep-12 00:00:00, 131.7761071991344, 0.22401253751031963, null, null, 131.7761071991344, 0.22401253751031963
2100-Sep-12 01:00:00, 132.92312903574839, 0.22596241505383635, null, null, 132.92312903574839, 0.22596241505383635
2100-Sep-12 02:00:00, 134.30459192086329, 0.22831083020244342, null, null, 134.30459192086329, 0.22831083020244342
2100-Sep-12 03:00:00, 135.8953114992652, 0.23101497086040559, null, null, 135.8953114992652, 0.23101497086040559
2100-Sep-12 04:00:00, 137.67975523018649, 0.23404843251521068, null, null, 137.67975523018649, 0.23404843251521068
2100-Sep-12 05:00:00, 139.72335805735838, 0.23752245117237317, null, null, 139.72335805735838, 0.23752245117237317
2100-Sep-12 06:00:00, 141.98741212788408, 0.24137122549253584, null, null, 141.98741212788408, 0.24137122549253584
2100-Sep-12 07:00:00, 144.33995817399784, 0.24537043157473884, null, null, 144.33995817399784, 0.24537043157473884
2100-Sep-12 08:00:00, 146.42345259244286, 0.24891226386501247, null, null, 146.42345259244286, 0.24891226386501247
2100-Sep-12 09:00:00, 146.87509895577898, 0.24968003922322171, null, null, 146.87509895577898, 0.24968003922322171
2100-Sep-12 10:00:00, 145.52773628097938, 0.24738959266091401, null, null, 145.52773628097938, 0.24738959266091401
2100-Sep-12 11:00:00, 142.73679826823664, 0.24264514300644266, null, null, 142.73679826823664, 0.24264514300644266
2100-Sep-12 12:00:00, 139.04479281368702, 0.23636892550423805, null, null, 139.04479281368702, 0.23636892550423805
2100-Sep-12 13:00:00, 134.91835387802212, 0.22935419364952628, null, null, 134.91835387802212, 0.22935419364952628
2100-Sep-12 14:00:00, 130.64628770787769, 0.22209190306038426, null, null, 130.64628770787769, 0.22209190306038426
2100-Sep-12 15:00:00, 126.48820053706712, 0.21502337084980078, null, null, 126.48820053706712, 0.21502337084980078
2100-Sep-12 16:00:00, 122.7373910446712, 0.20864718953766287, null, null, 122.7373910446712, 0.20864718953766287
2100-Sep-12 17:00:00, 119.58153701786598, 0.20328240161379071, null, null, 119.58153701786598, 0.20328240161379071
2100-Sep-12 18:00:00, 117.14899010358269, 0.1991471982111129, null, null, 117.14899010358269, 0.1991471982111129
2100-Sep-12 19:00:00, 115.49886066945869, 0.19634206388429609, null, null, 115.49886066945869, 0.19634206388429609
2100-Sep-12 20:00:00, 114.58178083638575, 0.19478307580312776, null, null, 114.58178083638575, 0.19478307580312776
2100-Sep-12 21:00:00, 114.42277428318599, 0.19451277292182301, null, null, 114.42277428318599, 0.19451277292182301
2100-Sep-12 22:00:00, 114.94714558701183, 0.19540417690137837, null, null, 114.94714558701183, 0.19540417690137837
2100-Sep-12 23:00:00, 116.03844840915968, 0.19725933501446549, null, null, 116.03844840915968, 0.19725933501446549
2100-Sep-13 00:00:00, 117.58480809938489, 0.19988806616667315, null, null, 117.58480809938489, 0.19988806616667315
2100-Sep-13 01:00:00, 119.48112906929555, 0.20311171331662103, null, null, 119.48112906929555, 0.20311171331662103
2100-Sep-13 02:00:00, 121.64950797385205, 0.20679784482420546, null, null, 121.64950797385205, 0.20679784482420546
2100-Sep-13 03:00:00, 124.06991932176204, 0.21091241839439551, null, null, 124.06991932176204, 0.21091241839439551
2100-Sep-13 04:00:00, 126.71679034298404, 0.21541196164642418, null, null, 126.71679034298404, 0.21541196164642418
2100-Sep-13 05:00:00, 129.65204246631706, 0.22040173779292049, null, null, 129.65204246631706, 0.22040173779292049
2100-Sep-13 06:00:00, 132.84563479122099, 0.22583067886335387, null, null, 132.84563479122099, 0.22583067886335387
2100-Sep-13 07:00:00, 135.72238387817768, 0.23072100288678118, null, null, 135.72238387817768, 0.23072100288678118
2100-Sep-13 08:00:00, 137.93817221977073, 0.23448772797478185, null, null, 137.93817221977073, 0.23448772797478185
2100-Sep-13 09:00:00, 138.35126541310527, 0.23518996494652111, null, null, 138.35126541310527, 0.23518996494652111
2100-Sep-13 10:00:00, 136.85305399198018, 0.23264308335086128, null, null, 136.85305399198018, 0.23264308335086128
2100-Sep-13 11:00:00, 133.59182541382307, 0.2270991641630668, null, null, 133.59182541382307, 0.2270991641630668
2100-Sep-13 12:00:00, 129.02480593019482, 0.2193354682614978, null, null, 129.02480593019482, 0.2193354682614978
2100-Sep-13 13:00:00, 124.05072148185207, 0.21087978306372474, null, null, 124.05072148185207, 0.21087978306372474
2100-Sep-13 14:00:00, 119.12317152332584, 0.20250320408154046, null, null, 119.12317152332584, 0.20250320408154046
2100-Sep-13 15:00:00, 114.53479915463627, 0.19470320938448102, null, null, 114.53479915463627, 0.19470320938448102
2100-Sep-13 16:00:00, 110.50310312201552, 0.18784953554379866, null, null, 110.50310312201552, 0.18784953554379866
2100-Sep-13 17:00:00, 107.1549607122387, 0.18215786735673789, null, null, 107.1549607122387, 0.18215786735673789
2100-Sep-13 18:00:00, 104.57154109103043, 0.17776618818893336, null, null, 104.57154109103043, 0.17776618818893336
2100-Sep-13 19:00:00, 102.7582623260982, 0.174683708474062, null, null, 102.7582623260982, 0.174683708474062
2100-Sep-13 20:00:00, 101.67487656643303, 0.17284200895596655, null, null, 101.67487656643303, 0.17284200895596655
2100-Sep-13 21:00:00, 101.29538441127809, 0.17219689200382399, null, null, 101.29538441127809, 0.17219689200382399
2100-Sep-13 22:00:00, 101.54600048661666, 0.17262292631437343, null, null, 101.54600048661666, 0.17262292631437343
2100-Sep-13 23:00:00, 102.32331643795858, 0.17394432305622903, null, null, 102.32331643795858, 0.17394432305622903
2100-Sep-14 00:00:00, 103.58850214224935, 0.17609507303711644, null, null, 103.58850214224935, 0.17609507303711644
2100-Sep-14 01:00:00, 105.22328314668394, 0.17887411583069099, null, null, 105.22328314668394, 0.17887411583069099
2100-Sep-14 02:00:00, 107.17077397710885, 0.18218474908564292, null, null, 107.17077397710885, 0.18218474908564292
2100-Sep-14 03:00:00, 109.41810189305295, 0.18600508981180849, null, null, 109.41810189305295, 0.18600508981180849
2100-Sep-14 04:00:00, 111.94616280894626, 0.19030266205602517, null, null, 111.94616280894626, 0.19030266205602517
2100-Sep-14 05:00:00, 114.74177779650311, 0.19505506232474859, null, null, 114.74177779650311, 0.19505506232474859
2100-Sep-14 06:00:00, 117.78177524726807, 0.20022290008718657, null, null, 117.78177524726807, 0.20022290008718657
2100-Sep-14 07:00:00, 120.90435990608159, 0.20553113181355379, null, null, 120.90435990608159, 0.20553113181355379
2100-Sep-14 08:00:00, 123.86610084562579, 0.21056593757172429, null, null, 123.86610084562579, 0.21056593757172429
2100-Sep-14 09:00:00, 126.3330964815836, 0.21475970201190969, null, null, 126.3330964815836, 0.21475970201190969
2100-Sep-14 10:00:00, 127.75865493967555, 0.21718307734416095, null, null, 127.75865493967555, 0.21718307734416095
2100-Sep-14 11:00:00, 127.58268585278748, 0.21688393903665576, null, null, 127.58268585278748, 0.21688393903665576
2100-Sep-14 12:00:00, 125.40454999418078, 0.21318122121398275, null, null, 125.40454999418078, 0.21318122121398275
2100-Sep-14 13:00:00, 121.81795888400416, 0.20708420262176941, null, null, 121.81795888400416, 0.20708420262176941
2100-Sep-14 14:00:00, 117.58804840756304, 0.19989357452226758, null, null, 117.58804840756304, 0.19989357452226758
2100-Sep-14 15:00:00, 113.36408845373262, 0.19271306200212129, null, null, 113.36408845373262, 0.19271306200212129
2100-Sep-14 16:00:00, 109.44714989084095, 0.18605446989923399, null, null, 109.44714989084095, 0.18605446989923399
2100-Sep-14 17:00:00, 106.18956920020837, 0.18051675193075223, null, null, 106.18956920020837, 0.18051675193075223
2100-Sep-14 18:00:00, 103.80403355940587, 0.17646146525112733, null, null, 103.80403355940587, 0.17646146525112733
2100-Sep-14 19:00:00, 102.42551438688344, 0.17411805426102483, null, null, 102.42551438688344, 0.17411805426102483
2100-Sep-14 20:00:00, 101.97134742962905, 0.17334599402407949, null, null, 101.97134742962905, 0.17334599402407949
2100-Sep-14 21:00:00, 102.2580266215308, 0.1738333337595922, null, null, 102.2580266215308, 0.1738333337595922
2100-Sep-14 22:00:00, 103.08690254256825, 0.17524237977179694, null, null, 103.08690254256825, 0.17524237977179694
2100-Sep-14 23:00:00, 104.33183327394887, 0.17735869735082299, null, null, 104.33183327394887, 0.17735869735082299
2100-Sep-15 00:00:00, 105.87850697535995, 0.17998796230573624, null, null, 105.87850697535995, 0.17998796230573624
2100-Sep-15 01:00:00, 107.66781897174623, 0.18302969975896385, null, null, 107.66781897174623, 0.18302969975896385
2100-Sep-15 02:00:00, 109.63244727317013, 0.18636946582445776, null, null, 109.63244727317013, 0.18636946582445776
2100-Sep-15 03:00:00, 111.71078974906999, 0.18990254008000737, null, null, 111.71078974906999, 0.18990254008000737
2100-Sep-15 04:00:00, 113.87283527542429, 0.19357790517361703, null, null, 113.87283527542429, 0.19357790517361703
2100-Sep-15 05:00:00, 116.11192880502142, 0.19738424787070413, null, null, 116.11192880502142, 0.19738424787070413
2100-Sep-15 06:00:00, 118.39850136038902, 0.20127130244544053, null, null, 118.39850136038902, 0.20127130244544053
2100-Sep-15 07:00:00, 120.66089820259336, 0.2051172595635368, null, null, 120.66089820259336, 0.2051172595635368
2100-Sep-15 08:00:00, 122.72610138437156, 0.20862799770156218, null, null, 122.72610138437156, 0.20862799770156218
2100-Sep-15 09:00:00, 124.39112511989556, 0.21145845156711765, null, null, 124.39112511989556, 0.21145845156711765
2100-Sep-15 10:00:00, 125.49003699784626, 0.21332654467983925, null, null, 125.49003699784626, 0.21332654467983925
2100-Sep-15 11:00:00, 125.84059500160841, 0.21392247507751477, null, null, 125.84059500160841, 0.21392247507751477
2100-Sep-15 12:00:00, 125.38684797774977, 0.21315112870552999, null, null, 125.38684797774977, 0.21315112870552999
2100-Sep-15 13:00:00, 123.62617482288039, 0.21015807579531942, null, null, 123.62617482288039, 0.21015807579531942
2100-Sep-15 14:00:00, 120.93576247831992, 0.20558451455524326, null, null, 120.93576247831992, 0.20558451455524326
2100-Sep-15 15:00:00, 117.03218301725295, 0.19894863223155812, null, null, 117.03218301725295, 0.19894863223155812
2100-Sep-15 16:00:00, 112.54667396258657, 0.19132349982540117, null, null, 112.54667396258657, 0.19132349982540117
2100-Sep-15 17:00:00, 108.44021044244248, 0.18434272513950969, null, null, 108.44021044244248, 0.18434272513950969
2100-Sep-15 18:00:00, 105.35620140900214, 0.17910006997257777, null, null, 105.35620140900214, 0.17910006997257777
2100-Sep-15 19:00:00, 103.48687809641351, 0.17592231743776221, null, null, 103.48687809641351, 0.17592231743776221
2100-Sep-15 20:00:00, 102.7710814916862, 0.17470550038970717, null, null, 102.7710814916862, 0.17470550038970717
2100-Sep-15 21:00:00, 103.06146100654087, 0.17519913048203728, null, null, 103.06146100654087, 0.17519913048203728
2100-Sep-15 22:00:00, 104.20018146989997, 0.1771348961222115, null, null, 104.20018146989997, 0.1771348961222115
2100-Sep-15 23:00:00, 105.98600427171372, 0.18017070212590194, null, null, 105.98600427171372, 0.18017070212590194
2100-Sep-16 00:00:00, 108.26246361433505, 0.18404056476427122, null, null, 108.26246361433505, 0.18404056476427122
2100-Sep-16 01:00:00, 110.94571042695719, 0.18860194497224503, null, null, 110.94571042695719, 0.18860194497224503
2100-Sep-16 02:00:00, 113.97009696319863, 0.19374324499085674, null, null, 113.97009696319863, 0.19374324499085674
2100-Sep-16 03:00:00, 117.26014593439666, 0.19933615734982896, null, null, 117.26014593439666, 0.19933615734982896
2100-Sep-16 04:00:00, 120.74475558891844, 0.2052598127645604, null, null, 120.74475558891844, 0.2052598127645604
2100-Sep-16 05:00:00, 124.38791081261772, 0.21145298741170321, null, null, 124.38791081261772, 0.21145298741170321
2100-Sep-16 06:00:00, 128.17251109970806, 0.21788661131965667, null, null, 128.17251109970806, 0.21788661131965667
2100-Sep-16 07:00:00, 131.9141797686701, 0.22424725370675058, null, null, 131.9141797686701, 0.22424725370675058
2100-Sep-16 08:00:00, 135.18627886622684, 0.22980965221288682, null, null, 135.18627886622684, 0.22980965221288682
2100-Sep-16 09:00:00, 137.51853682608251, 0.23377436960225695, null, null, 137.51853682608251, 0.23377436960225695
2100-Sep-16 10:00:00, 138.40926556964919, 0.23528856219999567, null, null, 138.40926556964919, 0.23528856219999567
2100-Sep-16 11:00:00, 137.47531068613509, 0.23370088740960299, null, null, 137.47531068613509, 0.23370088740960299
2100-Sep-16 12:00:00, 135.14945811581629, 0.22974705884973612, null, null, 135.14945811581629, 0.22974705884973612
2100-Sep-16 13:00:00, 132.2215382208318, 0.22476974711058095, null, null, 132.2215382208318, 0.22476974711058095
2100-Sep-16 14:00:00, 129.14678426428029, 0.21954282509363185, null, null, 129.14678426428029, 0.21954282509363185
2100-Sep-16 15:00:00, 126.16796816287673, 0.21447899244722027, null, null, 126.16796816287673, 0.21447899244722027
2100-Sep-16 16:00:00, 123.58743589322219, 0.21009222162708199, null, null, 123.58743589322219, 0.21009222162708199
2100-Sep-16 17:00:00, 121.64868509037019, 0.20679644596502858, null, null, 121.64868509037019, 0.20679644596502858
2100-Sep-16 18:00:00, 120.46842984441462, 0.20479007335184435, null, null, 120.46842984441462, 0.20479007335184435
2100-Sep-16 19:00:00, 120.04180182190363, 0.20406482787353261, null, null, 120.04180182190363, 0.20406482787353261
2100-Sep-16 20:00:00, 120.30592008859195, 0.20451381520804437, null, null, 120.30592008859195, 0.20451381520804437
2100-Sep-16 21:00:00, 121.15430733835704, 0.20595602946562663, null, null, 121.15430733835704, 0.20595602946562663
2100-Sep-16 22:00:00, 122.52339859956194, 0.20828341349619486, null, null, 122.52339859956194, 0.20828341349619486
2100-Sep-16 23:00:00, 124.33569193184074, 0.21136421802674085, null, null, 124.33569193184074, 0.21136421802674085
2100-Sep-17 00:00:00, 126.49581295125175, 0.21503631155850986, null, null, 126.49581295125175, 0.21503631155850986
2100-Sep-17 01:00:00, 128.92768558595782, 0.21917036872092988, null, null, 128.92768558595782, 0.21917036872092988
2100-Sep-17 02:00:00, 131.58306119422394, 0.22368436932918742, null, null, 131.58306119422394, 0.22368436932918742
2100-Sep-17 03:00:00, 134.4660675010019, 0.22858533030129777, null, null, 134.4660675010019, 0.22858533030129777
2100-Sep-17 04:00:00, 137.55964470814712, 0.23384425086653693, null, null, 137.55964470814712, 0.23384425086653693
2100-Sep-17 05:00:00, 140.82030483742096, 0.23938720372075631, null, null, 140.82030483742096, 0.23938720372075631
2100-Sep-17 06:00:00, 144.19560910338265, 0.24512504565248738, null, null, 144.19560910338265, 0.24512504565248738
2100-Sep-17 07:00:00, 147.5332122269231, 0.25079879760037899, null, null, 147.5332122269231, 0.25079879760037899
2100-Sep-17 08:00:00, 150.5170991453619, 0.25587125037236158, null, null, 150.5170991453619, 0.25587125037236158
2100-Sep-17 09:00:00, 152.73105248214122, 0.25963485604749292, null, null, 152.73105248214122, 0.25963485604749292
2100-Sep-17 10:00:00, 153.64936367084925, 0.26119593736928171, null, null, 153.64936367084925, 0.26119593736928171
2100-Sep-17 11:00:00, 153.36719540396246, 0.26071626597198749, null, null, 153.36719540396246, 0.26071626597198749
2100-Sep-17 12:00:00, 152.03067119769116, 0.25844424424320506, null, null, 152.03067119769116, 0.25844424424320506
2100-Sep-17 13:00:00, 149.52118868787105, 0.25417825432431129, null, null, 149.52118868787105, 0.25417825432431129
2100-Sep-17 14:00:00, 146.19040255050743, 0.24851609089883167, null, null, 146.19040255050743, 0.24851609089883167
2100-Sep-17 15:00:00, 142.66319275266551, 0.24252001745319704, null, null, 142.66319275266551, 0.24252001745319704
2100-Sep-17 16:00:00, 139.43885259470954, 0.23703880666368235, null, null, 139.43885259470954, 0.23703880666368235
2100-Sep-17 17:00:00, 136.8255504809471, 0.23259632881069528, null, null, 136.8255504809471, 0.23259632881069528
2100-Sep-17 18:00:00, 134.98363016938492, 0.22946515995425518, null, null, 134.98363016938492, 0.22946515995425518
2100-Sep-17 19:00:00, 133.92511087843164, 0.22766573214135324, null, null, 133.92511087843164, 0.22766573214135324
2100-Sep-17 20:00:00, 133.65317369305765, 0.2272034530512069, null, null, 133.65317369305765, 0.2272034530512069
2100-Sep-17 21:00:00, 134.09776465206039, 0.22795923458852191, null, null, 134.09776465206039, 0.22795923458852191
2100-Sep-17 22:00:00, 135.1420670287095, 0.2297344943855632, null, null, 135.1420670287095, 0.2297344943855632
2100-Sep-17 23:00:00, 136.64515031280538, 0.23228965789521858, null, null, 136.64515031280538, 0.23228965789521858
2100-Sep-18 00:00:00, 138.52301640446638, 0.23548193271072723, null, null, 138.52301640446638, 0.23548193271072723
2100-Sep-18 01:00:00, 140.70425744680998, 0.23918992918446319, null, null, 140.70425744680998, 0.23918992918446319
2100-Sep-18 02:00:00, 143.13418486560471, 0.24332067958087258, null, null, 143.13418486560471, 0.24332067958087258
2100-Sep-18 03:00:00, 145.7589659245408, 0.24778267104441432, null, null, 145.7589659245408, 0.24778267104441432
2100-Sep-18 04:00:00, 148.54150774392258, 0.25251284760628795, null, null, 148.54150774392258, 0.25251284760628795
2100-Sep-18 05:00:00, 151.45910467134163, 0.25747261083677853, null, null, 151.45910467134163, 0.25747261083677853
2100-Sep-18 06:00:00, 154.50244565297223, 0.2626461324280181, null, null, 154.50244565297223, 0.2626461324280181
2100-Sep-18 07:00:00, 157.53942604217104, 0.26780884134250615, null, null, 157.53942604217104, 0.26780884134250615
2100-Sep-18 08:00:00, 160.15871310636894, 0.27226149330036259, null, null, 160.15871310636894, 0.27226149330036259
2100-Sep-18 09:00:00, 161.91282863652944, 0.2752433985891849, null, null, 161.91282863652944, 0.2752433985891849
2100-Sep-18 10:00:00, 162.55167863477615, 0.27632941040299153, null, null, 162.55167863477615, 0.27632941040299153
2100-Sep-18 11:00:00, 161.95699767010748, 0.27531848365203504, null, null, 161.95699767010748, 0.27531848365203504
2100-Sep-18 12:00:00, 160.13620066700508, 0.27222322332278748, null, null, 160.13620066700508, 0.27222322332278748
2100-Sep-18 13:00:00, 157.30125643147815, 0.26740396537535882, null, null, 157.30125643147815, 0.26740396537535882
2100-Sep-18 14:00:00, 153.73827250734035, 0.26134707777320459, null, null, 153.73827250734035, 0.26134707777320459
2100-Sep-18 15:00:00, 149.89364729594274, 0.25481141461174955, null, null, 149.89364729594274, 0.25481141461174955
2100-Sep-18 16:00:00, 146.18188715794187, 0.24850161517377761, null, null, 146.18188715794187, 0.24850161517377761
2100-Sep-18 17:00:00, 142.98148935264146, 0.24306110514016122, null, null, 142.98148935264146, 0.24306110514016122
2100-Sep-18 18:00:00, 140.55588756469623, 0.23893770809151363, null, null, 140.55588756469623, 0.23893770809151363
2100-Sep-18 19:00:00, 139.01530833162977, 0.23631880341622671, null, null, 139.01530833162977, 0.23631880341622671
2100-Sep-18 20:00:00, 138.32535903822645, 0.23514592545485874, null, null, 138.32535903822645, 0.23514592545485874
2100-Sep-18 21:00:00, 138.41621736746569, 0.2353003798951927, null, null, 138.41621736746569, 0.2353003798951927
2100-Sep-18 22:00:00, 139.16805007296276, 0.23657845644276546, null, null, 139.16805007296276, 0.23657845644276546
2100-Sep-18 23:00:00, 140.43790406449503, 0.23873714226948275, null, null, 140.43790406449503, 0.23873714226948275
2100-Sep-19 00:00:00, 142.12438584761645, 0.24160407370137774, null, null, 142.12438584761645, 0.24160407370137774
2100-Sep-19 01:00:00, 144.15190887886669, 0.24505075754069183, null, null, 144.15190887886669, 0.24505075754069183
2100-Sep-19 02:00:00, 146.48124382323678, 0.24901050595556407, null, null, 146.48124382323678, 0.24901050595556407
2100-Sep-19 03:00:00, 149.08070436234868, 0.25342945385060572, null, null, 149.08070436234868, 0.25342945385060572
2100-Sep-19 04:00:00, 151.90324937560382, 0.25822763376421404, null, null, 151.90324937560382, 0.25822763376421404
2100-Sep-19 05:00:00, 154.93540629680342, 0.26338214303364449, null, null, 154.93540629680342, 0.26338214303364449
2100-Sep-19 06:00:00, 158.16100764859269, 0.26886549778716673, null, null, 158.16100764859269, 0.26886549778716673
2100-Sep-19 07:00:00, 161.35245159632359, 0.27429078672799717, null, null, 161.35245159632359, 0.27429078672799717
2100-Sep-19 08:00:00, 164.13414347477755, 0.27901951843444123, null, null, 164.13414347477755, 0.27901951843444123
2100-Sep-19 09:00:00, 166.17284607894373, 0.28248520696702195, null, null, 166.17284607894373, 0.28248520696702195
2100-Sep-19 10:00:00, 167.303753953664, 0.28440769161231244, null, null, 167.303753953664, 0.28440769161231244
2100-Sep-19 11:00:00, 167.47806577163732, 0.28470401264874456, null, null, 167.47806577163732, 0.28470401264874456
2100-Sep-19 12:00:00, 166.19612160350513, 0.2825247741497966, null, null, 166.19612160350513, 0.2825247741497966
2100-Sep-19 13:00:00, 163.49610444430576, 0.27793488522372861, null, null, 163.49610444430576, 0.27793488522372861
2100-Sep-19 14:00:00, 159.72611214675027, 0.27152609413921469, null, null, 159.72611214675027, 0.27152609413921469
2100-Sep-19 15:00:00, 155.29998408300619, 0.2640019063332521, null, null, 155.29998408300619, 0.2640019063332521
2100-Sep-19 16:00:00, 150.75650254076888, 0.25627822370943748, null, null, 150.75650254076888, 0.25627822370943748
2100-Sep-19 17:00:00, 146.60385439918227, 0.24921893756602015, null, null, 146.60385439918227, 0.24921893756602015
2100-Sep-19 18:00:00, 143.19296262148694, 0.24342059871283209, null, null, 143.19296262148694, 0.24342059871283209
2100-Sep-19 19:00:00, 140.67585790616877, 0.23914165144050503, null, null, 140.67585790616877, 0.23914165144050503
2100-Sep-19 20:00:00, 139.04870299057524, 0.23637557260184519, null, null, 139.04870299057524, 0.23637557260184519
2100-Sep-19 21:00:00, 138.29065291614751, 0.23508692685003352, null, null, 138.29065291614751, 0.23508692685003352
2100-Sep-19 22:00:00, 138.2953955170189, 0.23509498902517423, null, null, 138.2953955170189, 0.23509498902517423
2100-Sep-19 23:00:00, 138.94961578890573, 0.23620712950580472, null, null, 138.94961578890573, 0.23620712950580472
2100-Sep-20 00:00:00, 140.16308892009923, 0.23826997079848658, null, null, 140.16308892009923, 0.23826997079848658
2100-Sep-20 01:00:00, 141.84052324807905, 0.24112152202658468, null, null, 141.84052324807905, 0.24112152202658468
2100-Sep-20 02:00:00, 143.92593006621144, 0.2446666052969928, null, null, 143.92593006621144, 0.2446666052969928
2100-Sep-20 03:00:00, 146.38329129513781, 0.24884399174565616, null, null, 146.38329129513781, 0.24884399174565616
2100-Sep-20 04:00:00, 149.15613657587551, 0.2535576846954935, null, null, 149.15613657587551, 0.2535576846954935
2100-Sep-20 05:00:00, 152.22954374628682, 0.25878231724595913, null, null, 152.22954374628682, 0.25878231724595913
2100-Sep-20 06:00:00, 155.58416097874073, 0.26448499229525502, null, null, 155.58416097874073, 0.26448499229525502
2100-Sep-20 07:00:00, 158.64735951305352, 0.26969227069461121, null, null, 158.64735951305352, 0.26969227069461121
2100-Sep-20 08:00:00, 160.91285043564022, 0.2735434875886445, null, null, 160.91285043564022, 0.2735434875886445
2100-Sep-20 09:00:00, 161.98369797830134, 0.27536387278909441, null, null, 161.98369797830134, 0.27536387278909441
2100-Sep-20 10:00:00, 161.63589356172736, 0.27477262334661168, null, null, 161.63589356172736, 0.27477262334661168
2100-Sep-20 11:00:00, 159.96807027932206, 0.27193741039677233, null, null, 159.96807027932206, 0.27193741039677233
2100-Sep-20 12:00:00, 156.05267023471342, 0.2652814336950523, null, null, 156.05267023471342, 0.2652814336950523
2100-Sep-20 13:00:00, 150.39981656606145, 0.25567187607945469, null, null, 150.39981656606145, 0.25567187607945469
2100-Sep-20 14:00:00, 143.95366596229212, 0.24471375487966918, null, null, 143.95366596229212, 0.24471375487966918
2100-Sep-20 15:00:00, 137.32213494601328, 0.23344049660766605, null, null, 137.32213494601328, 0.23344049660766605
2100-Sep-20 16:00:00, 130.84221955579602, 0.22242497702473307, null, null, 130.84221955579602, 0.22242497702473307
2100-Sep-20 17:00:00, 125.03231138788374, 0.21254843491813402, null, null, 125.03231138788374, 0.21254843491813402
2100-Sep-20 18:00:00, 120.30266163817811, 0.20450827601159161, null, null, 120.30266163817811, 0.20450827601159161
2100-Sep-20 19:00:00, 116.80749175960889, 0.1985666687644998, null, null, 116.80749175960889, 0.1985666687644998
2100-Sep-20 20:00:00, 114.56496077213092, 0.19475448256756406, null, null, 114.56496077213092, 0.19475448256756406
2100-Sep-20 21:00:00, 113.46599496398639, 0.19288629777631419, null, null, 113.46599496398639, 0.19288629777631419
2100-Sep-20 22:00:00, 113.36519707856216, 0.19271494660674721, null, null, 113.36519707856216, 0.19271494660674721
2100-Sep-20 23:00:00, 114.05086401464521, 0.19388054478310537, null, null, 114.05086401464521, 0.19388054478310537
2100-Sep-21 00:00:00, 115.38170824899908, 0.19614291085465788, null, null, 115.38170824899908, 0.19614291085465788
2100-Sep-21 01:00:00, 117.2677440692482, 0.19934907378441347, null, null, 117.2677440692482, 0.19934907378441347
2100-Sep-21 02:00:00, 119.62587332135537, 0.2033577710268018, null, null, 119.62587332135537, 0.2033577710268018
2100-Sep-21 03:00:00, 122.45249032946454, 0.208162873120154, null, null, 122.45249032946454, 0.208162873120154
2100-Sep-21 04:00:00, 125.64833178544488, 0.21359563759659267, null, null, 125.64833178544488, 0.21359563759659267
2100-Sep-21 05:00:00, 129.10440231301385, 0.21947077797788661, null, null, 129.10440231301385, 0.21947077797788661
2100-Sep-21 06:00:00, 132.7509996054217, 0.22566980396304567, null, null, 132.7509996054217, 0.22566980396304567
2100-Sep-21 07:00:00, 136.33430182709088, 0.23176123161562817, null, null, 136.33430182709088, 0.23176123161562817
2100-Sep-21 08:00:00, 139.44845334862057, 0.23705512744664775, null, null, 139.44845334862057, 0.23705512744664775
2100-Sep-21 09:00:00, 140.79852456555685, 0.23935017838990044, null, null, 140.79852456555685, 0.23935017838990044
2100-Sep-21 10:00:00, 140.17886842525013, 0.23829679513762245, null, null, 140.17886842525013, 0.23829679513762245
2100-Sep-21 11:00:00, 138.05234169379636, 0.23468181015042278, null, null, 138.05234169379636, 0.23468181015042278
2100-Sep-21 12:00:00, 134.77644723849306, 0.22911295973325627, null, null, 134.77644723849306, 0.22911295973325627
2100-Sep-21 13:00:00, 130.21410792568719, 0.2213572198789874, null, null, 130.21410792568719, 0.2213572198789874
2100-Sep-21 14:00:00, 124.65221007921973, 0.21190228243666673, null, null, 124.65221007921973, 0.21190228243666673
2100-Sep-21 15:00:00, 118.58726422466614, 0.2015921895099714, null, null, 118.58726422466614, 0.2015921895099714
2100-Sep-21 16:00:00, 112.62975838568872, 0.19146473902909511, null, null, 112.62975838568872, 0.19146473902909511
2100-Sep-21 17:00:00, 107.36740382038312, 0.18251900960584147, null, null, 107.36740382038312, 0.18251900960584147
2100-Sep-21 18:00:00, 103.17879787450819, 0.17539859706285799, null, null, 103.17879787450819, 0.17539859706285799
2100-Sep-21 19:00:00, 100.22165315865963, 0.17037160464623255, null, null, 100.22165315865963, 0.17037160464623255
2100-Sep-21 20:00:00, 98.487391964277236, 0.16742345069695705, null, null, 98.487391964277236, 0.16742345069695705
2100-Sep-21 21:00:00, 97.854799424214079, 0.16634807623703693, null, null, 97.854799424214079, 0.16634807623703693
2100-Sep-21 22:00:00, 98.244514211722816, 0.16701057113319592, null, null, 98.244514211722816, 0.16701057113319592
2100-Sep-21 23:00:00, 99.441844798741187, 0.16904597093925777, null, null, 99.441844798741187, 0.16904597093925777
2100-Sep-22 00:00:00, 101.23789546038088, 0.17209916377339576, null, null, 101.23789546038088, 0.17209916377339576
2100-Sep-22 01:00:00, 103.51588452719304, 0.17597162686343237, null, null, 103.51588452719304, 0.17597162686343237
2100-Sep-22 02:00:00, 106.15982394781116, 0.18046618654670796, null, null, 106.15982394781116, 0.18046618654670796
2100-Sep-22 03:00:00, 109.06925867147766, 0.18541207445478125, null, null, 109.06925867147766, 0.18541207445478125
2100-Sep-22 04:00:00, 112.168963614456, 0.19068141185264922, null, null, 112.168963614456, 0.19068141185264922
2100-Sep-22 05:00:00, 115.43304525605031, 0.19623018110009285, null, null, 115.43304525605031, 0.19623018110009285
2100-Sep-22 06:00:00, 118.79898114173842, 0.20195209727197225, null, null, 118.79898114173842, 0.20195209727197225
2100-Sep-22 07:00:00, 122.09297152827342, 0.2075517098322919, null, null, 122.09297152827342, 0.2075517098322919
2100-Sep-22 08:00:00, 125.05805464118048, 0.21259219711157973, null, null, 125.05805464118048, 0.21259219711157973
2100-Sep-22 09:00:00, 127.27722878402216, 0.21636467788583741, null, null, 127.27722878402216, 0.21636467788583741
2100-Sep-22 10:00:00, 128.56492332348597, 0.21855369171736275, null, null, 128.56492332348597, 0.21855369171736275
2100-Sep-22 11:00:00, 128.77832490715085, 0.2189164633250659, null, null, 128.77832490715085, 0.2189164633250659
2100-Sep-22 12:00:00, 128.18278269163017, 0.21790407249239618, null, null, 128.18278269163017, 0.21790407249239618
2100-Sep-22 13:00:00, 127.05658583186002, 0.21598959632782086, null, null, 127.05658583186002, 0.21598959632782086
2100-Sep-22 14:00:00, 125.57034102564997, 0.21346305735594542, null, null, 125.57034102564997, 0.21346305735594542
2100-Sep-22 15:00:00, 123.81997594795045, 0.21048752764150042, null, null, 123.81997594795045, 0.21048752764150042
2100-Sep-22 16:00:00, 122.07086675650241, 0.20751413286844952, null, null, 122.07086675650241, 0.20751413286844952
2100-Sep-22 17:00:00, 120.56536848159564, 0.20495486399985535, null, null, 120.56536848159564, 0.20495486399985535
2100-Sep-22 18:00:00, 119.47219324793758, 0.20309652288445787, null, null, 119.47219324793758, 0.20309652288445787
2100-Sep-22 19:00:00, 118.91170708832938, 0.20214372552595408, null, null, 118.91170708832938, 0.20214372552595408
2100-Sep-22 20:00:00, 118.92219843133705, 0.20216156026412468, null, null, 118.92219843133705, 0.20216156026412468
2100-Sep-22 21:00:00, 119.49545481725967, 0.20313606634405057, null, null, 119.49545481725967, 0.20313606634405057
2100-Sep-22 22:00:00, 120.54081619662098, 0.20491312639069575, null, null, 120.54081619662098, 0.20491312639069575
2100-Sep-22 23:00:00, 122.00481145178163, 0.20740184228147568, null, null, 122.00481145178163, 0.20740184228147568
2100-Sep-23 00:00:00, 123.86046252509767, 0.2105563527196927, null, null, 123.86046252509767, 0.2105563527196927
2100-Sep-23 01:00:00, 126.05510069831034, 0.21428712362003094, null, null, 126.05510069831034, 0.21428712362003094
2100-Sep-23 02:00:00, 128.51540122743654, 0.21846950672636056, null, null, 128.51540122743654, 0.21846950672636056
2100-Sep-23 03:00:00, 131.18447891561408, 0.22300680015875265, null, null, 131.18447891561408, 0.22300680015875265
2100-Sep-23 04:00:00, 134.08178312642988, 0.22793206682506412, null, null, 134.08178312642988, 0.22793206682506412
2100-Sep-23 05:00:00, 137.12927484889593, 0.2331126444601257, null, null, 137.12927484889593, 0.2331126444601257
2100-Sep-23 06:00:00, 140.18456071125007, 0.23830647172815303, null, null, 140.18456071125007, 0.23830647172815303
2100-Sep-23 07:00:00, 143.08884858294255, 0.2432436102552088, null, null, 143.08884858294255, 0.2432436102552088
2100-Sep-23 08:00:00, 145.72848928072233, 0.24773086233294389, null, null, 145.72848928072233, 0.24773086233294389
2100-Sep-23 09:00:00, 147.95345183696176, 0.25151318310931536, null, null, 147.95345183696176, 0.25151318310931536
2100-Sep-23 10:00:00, 149.66208382299348, 0.25441776873562971, null, null, 149.66208382299348, 0.25441776873562971
2100-Sep-23 11:00:00, 150.63835280394062, 0.25607737529377533, null, null, 150.63835280394062, 0.25607737529377533
2100-Sep-23 12:00:00, 150.8590948828917, 0.25645262536218422, null, null, 150.8590948828917, 0.25645262536218422
2100-Sep-23 13:00:00, 150.44878379572245, 0.25575511782641752, null, null, 150.44878379572245, 0.25575511782641752
2100-Sep-23 14:00:00, 149.55593091263455, 0.254237314301825, null, null, 149.55593091263455, 0.254237314301825
2100-Sep-23 15:00:00, 148.50675959717654, 0.2524537775617115, null, null, 148.50675959717654, 0.2524537775617115
2100-Sep-23 16:00:00, 147.64553697300883, 0.25098974383434114, null, null, 147.64553697300883, 0.25098974383434114
2100-Sep-23 17:00:00, 147.20583977920126, 0.25024228144366545, null, null, 147.20583977920126, 0.25024228144366545
2100-Sep-23 18:00:00, 147.28492232711881, 0.25037671766741143, null, null, 147.28492232711881, 0.25037671766741143
2100-Sep-23 19:00:00, 147.94213200268817, 0.2514939399790263, null, null, 147.94213200268817, 0.2514939399790263
2100-Sep-23 20:00:00, 149.128945953309, 0.25351146204946856, null, null, 149.128945953309, 0.25351146204946856
2100-Sep-23 21:00:00, 150.73999510043257, 0.25625016191829697, null, null, 150.73999510043257, 0.25625016191829697
2100-Sep-23 22:00:00, 152.68425678024926, 0.25955530578494379, null, null, 152.68425678024926, 0.25955530578494379
2100-Sep-23 23:00:00, 154.91765458534917, 0.26335196604623351, null, null, 154.91765458534917, 0.26335196604623351
2100-Sep-24 00:00:00, 157.38839019500864, 0.26755208824744964, null, null, 157.38839019500864, 0.26755208824744964
2100-Sep-24 01:00:00, 160.06475928679455, 0.27210177668724517, null, null, 160.06475928679455, 0.27210177668724517
2100-Sep-24 02:00:00, 162.9231165337923, 0.27696083553805312, null, null, 162.9231165337923, 0.27696083553805312
2100-Sep-24 03:00:00, 165.96340550067885, 0.28212916886275585, null, null, 165.96340550067885, 0.28212916886275585
2100-Sep-24 04:00:00, 169.20377510635839, 0.28763762888079741, null, null, 169.20377510635839, 0.28763762888079741
2100-Sep-24 05:00:00, 172.70498857202324, 0.29358950991203514, null, null, 172.70498857202324, 0.29358950991203514
2100-Sep-24 06:00:00, 176.42444650864255, 0.29991239520781859, null, null, 176.42444650864255, 0.29991239520781859
2100-Sep-24 07:00:00, 180.0469552516652, 0.30607047191023279, null, null, 180.0469552516652, 0.30607047191023279
2100-Sep-24 08:00:00, 183.29035853686452, 0.31158408902588225, null, null, 183.29035853686452, 0.31158408902588225
2100-Sep-24 09:00:00, 185.88395186745009, 0.31599306297118429, null, null, 185.88395186745009, 0.31599306297118429
2100-Sep-24 10:00:00, 187.41112710775121, 0.31858918155500171, null, null, 187.41112710775121, 0.31858918155500171
2100-Sep-24 11:00:00, 187.67173965179128, 0.31903220934310605, null, null, 187.67173965179128, 0.31903220934310605
2100-Sep-24 12:00:00, 186.48985132426816, 0.3170230605760827, null, null, 186.48985132426816, 0.3170230605760827
2100-Sep-24 13:00:00, 184.15760285686116, 0.31305835932338222, null, null, 184.15760285686116, 0.31305835932338222
2100-Sep-24 14:00:00, 181.21530233083311, 0.30805660125841322, null, null, 181.21530233083311, 0.30805660125841322
2100-Sep-24 15:00:00, 177.98531565895846, 0.3025657916885286, null, null, 177.98531565895846, 0.3025657916885286
2100-Sep-24 16:00:00, 174.74554912494759, 0.29705835686099896, null, null, 174.74554912494759, 0.29705835686099896
2100-Sep-24 17:00:00, 171.82891399385619, 0.29210022863430768, null, null, 171.82891399385619, 0.29210022863430768
2100-Sep-24 18:00:00, 169.5042593723696, 0.28814843652523159, null, null, 169.5042593723696, 0.28814843652523159
2100-Sep-24 19:00:00, 167.89958248276167, 0.28542056916319131, null, null, 167.89958248276167, 0.28542056916319131
2100-Sep-24 20:00:00, 167.06774505030839, 0.28400648873540679, null, null, 167.06774505030839, 0.28400648873540679
2100-Sep-24 21:00:00, 166.9516000020561, 0.28380904818619601, null, null, 166.9516000020561, 0.28380904818619601
2100-Sep-24 22:00:00, 167.45740031004598, 0.28466888243744687, null, null, 167.45740031004598, 0.28466888243744687
2100-Sep-24 23:00:00, 168.47722401946686, 0.28640252977167358, null, null, 168.47722401946686, 0.28640252977167358
2100-Sep-25 00:00:00, 169.90945858878001, 0.28883725414622963, null, null, 169.90945858878001, 0.28883725414622963
2100-Sep-25 01:00:00, 171.69166950906626, 0.29186692013893201, null, null, 171.69166950906626, 0.29186692013893201
2100-Sep-25 02:00:00, 173.81745048188122, 0.29548063737518199, null, null, 173.81745048188122, 0.29548063737518199
2100-Sep-25 03:00:00, 176.2706505891839, 0.29965095013322246, null, null, 176.2706505891839, 0.29965095013322246
2100-Sep-25 04:00:00, 179.06085674312126, 0.30439415566573896, null, null, 179.06085674312126, 0.30439415566573896
2100-Sep-25 05:00:00, 182.20808091073792, 0.30974427327724358, null, null, 182.20808091073792, 0.30974427327724358
2100-Sep-25 06:00:00, 185.67854257733967, 0.31564387784738723, null, null, 185.67854257733967, 0.31564387784738723
2100-Sep-25 07:00:00, 189.16062724550636, 0.3215632409164681, null, null, 189.16062724550636, 0.3215632409164681
2100-Sep-25 08:00:00, 192.04267125080366, 0.32646256602604529, null, null, 192.04267125080366, 0.32646256602604529
2100-Sep-25 09:00:00, 193.73264752414883, 0.32933543790980946, null, null, 193.73264752414883, 0.32933543790980946
2100-Sep-25 10:00:00, 194.01014309859443, 0.32980716597266307, null, null, 194.01014309859443, 0.32980716597266307
2100-Sep-25 11:00:00, 192.87151845202965, 0.32787156321606226, null, null, 192.87151845202965, 0.32787156321606226
2100-Sep-25 12:00:00, 190.53407031888372, 0.32389802280168722, null, null, 190.53407031888372, 0.32389802280168722
2100-Sep-25 13:00:00, 187.40614598560904, 0.31858071390609, null, null, 187.40614598560904, 0.31858071390609
2100-Sep-25 14:00:00, 183.87263840441656, 0.31257393455587951, null, null, 183.87263840441656, 0.31257393455587951
2100-Sep-25 15:00:00, 180.15482596066738, 0.30625384651250492, null, null, 180.15482596066738, 0.30625384651250492
2100-Sep-25 16:00:00, 176.45191619428334, 0.29995909224657469, null, null, 176.45191619428334, 0.29995909224657469
2100-Sep-25 17:00:00, 173.05105125898356, 0.29417779850464376, null, null, 173.05105125898356, 0.29417779850464376
2100-Sep-25 18:00:00, 170.21543748457668, 0.28935740237589647, null, null, 170.21543748457668, 0.28935740237589647
2100-Sep-25 19:00:00, 168.07689021103968, 0.28572198309152752, null, null, 168.07689021103968, 0.28572198309152752
2100-Sep-25 20:00:00, 166.64502847906616, 0.28328789252108294, null, null, 166.64502847906616, 0.28328789252108294
2100-Sep-25 21:00:00, 165.98625012500361, 0.28216800353751009, null, null, 165.98625012500361, 0.28216800353751009
2100-Sep-25 22:00:00, 166.04031542086736, 0.28225991173221326, null, null, 166.04031542086736, 0.28225991173221326
2100-Sep-25 23:00:00, 166.69753889169317, 0.28337715749504755, null, null, 166.69753889169317, 0.28337715749504755
2100-Sep-26 00:00:00, 167.79005689156179, 0.28523438134714113, null, null, 167.79005689156179, 0.28523438134714113
2100-Sep-26 01:00:00, 169.19905723637487, 0.28762960874688148, null, null, 169.19905723637487, 0.28762960874688148
2100-Sep-26 02:00:00, 170.84571716879307, 0.29042884510101169, null, null, 170.84571716879307, 0.29042884510101169
2100-Sep-26 03:00:00, 172.72063827849311, 0.29361611360015527, null, null, 172.72063827849311, 0.29361611360015527
2100-Sep-26 04:00:00, 174.81413085761841, 0.29717494224425989, null, null, 174.81413085761841, 0.29717494224425989
2100-Sep-26 05:00:00, 177.08429306890704, 0.30103410008644987, null, null, 177.08429306890704, 0.30103410008644987
2100-Sep-26 06:00:00, 179.67107973863045, 0.30543150306183853, null, null, 179.67107973863045, 0.30543150306183853
2100-Sep-26 07:00:00, 182.16313930611167, 0.30966787488374042, null, null, 182.16313930611167, 0.30966787488374042
2100-Sep-26 08:00:00, 183.9991292220289, 0.31278896237562137, null, null, 183.9991292220289, 0.31278896237562137
2100-Sep-26 09:00:00, 184.65808551538606, 0.3139091538467525, null, null, 184.65808551538606, 0.3139091538467525
2100-Sep-26 10:00:00, 183.77466314534598, 0.31240738170450061, null, null, 183.77466314534598, 0.31240738170450061
2100-Sep-26 11:00:00, 181.55464150604342, 0.30863346023028015, null, null, 181.55464150604342, 0.30863346023028015
2100-Sep-26 12:00:00, 177.85789750139733, 0.30234918743904182, null, null, 177.85789750139733, 0.30234918743904182
2100-Sep-26 13:00:00, 172.83555056136362, 0.29381145851224943, null, null, 172.83555056136362, 0.29381145851224943
2100-Sep-26 14:00:00, 166.89802200950473, 0.28371796838181235, null, null, 166.89802200950473, 0.28371796838181235
2100-Sep-26 15:00:00, 160.73301681527394, 0.27323777977495833, null, null, 160.73301681527394, 0.27323777977495833
2100-Sep-26 16:00:00, 154.94495400429378, 0.2633983736404501, null, null, 154.94495400429378, 0.2633983736404501
2100-Sep-26 17:00:00, 149.98651552278295, 0.25496928577360689, null, null, 149.98651552278295, 0.25496928577360689
2100-Sep-26 18:00:00, 146.14903948316467, 0.2484457758328337, null, null, 146.14903948316467, 0.2484457758328337
2100-Sep-26 19:00:00, 143.54657336951473, 0.24402171861719324, null, null, 143.54657336951473, 0.24402171861719324
2100-Sep-26 20:00:00, 142.1185117074082, 0.24159408796813889, null, null, 142.1185117074082, 0.24159408796813889
2100-Sep-26 21:00:00, 141.80134621045963, 0.2410549230975694, null, null, 141.80134621045963, 0.2410549230975694
2100-Sep-26 22:00:00, 142.35068066228479, 0.2419887631320852, null, null, 142.35068066228479, 0.2419887631320852
2100-Sep-26 23:00:00, 143.57094791534192, 0.24406315407903426, null, null, 143.57094791534192, 0.24406315407903426
2100-Sep-27 00:00:00, 145.30078997468533, 0.24700379572828265, null, null, 145.30078997468533, 0.24700379572828265
2100-Sep-27 01:00:00, 147.43876760935063, 0.25063824665615791, null, null, 147.43876760935063, 0.25063824665615791
2100-Sep-27 02:00:00, 149.91248960161539, 0.25484344555268407, null, null, 149.91248960161539, 0.25484344555268407
2100-Sep-27 03:00:00, 152.67874352351646, 0.25954593353486816, null, null, 152.67874352351646, 0.25954593353486816
2100-Sep-27 04:00:00, 155.71866563261091, 0.26471364322037966, null, null, 155.71866563261091, 0.26471364322037966
2100-Sep-27 05:00:00, 159.00781566098152, 0.27030502742323825, null, null, 159.00781566098152, 0.27030502742323825
2100-Sep-27 06:00:00, 162.5148449573268, 0.27626679506454632, null, null, 162.5148449573268, 0.27626679506454632
2100-Sep-27 07:00:00, 166.03563667946293, 0.28225195811484943, null, null, 166.03563667946293, 0.28225195811484943
2100-Sep-27 08:00:00, 169.2924383791715, 0.2877883518392228, null, null, 169.2924383791715, 0.2877883518392228
2100-Sep-27 09:00:00, 171.94998959323522, 0.2923060508643307, null, null, 171.94998959323522, 0.2923060508643307
2100-Sep-27 10:00:00, 173.43893145964853, 0.29483717469846066, null, null, 173.43893145964853, 0.29483717469846066
2100-Sep-27 11:00:00, 173.17156518524749, 0.29438266591954559, null, null, 173.17156518524749, 0.29438266591954559
2100-Sep-27 12:00:00, 171.02109424031818, 0.29072697701315037, null, null, 171.02109424031818, 0.29072697701315037
2100-Sep-27 13:00:00, 167.39835936593477, 0.28456851589916859, null, null, 167.39835936593477, 0.28456851589916859
2100-Sep-27 14:00:00, 162.98059010238259, 0.27705853761935856, null, null, 162.98059010238259, 0.27705853761935856
2100-Sep-27 15:00:00, 158.40872650561982, 0.26928660697707435, null, null, 158.40872650561982, 0.26928660697707435
2100-Sep-27 16:00:00, 154.0750155278364, 0.261919523416907, null, null, 154.0750155278364, 0.261919523416907
2100-Sep-27 17:00:00, 150.29261573231247, 0.25548964023031828, null, null, 150.29261573231247, 0.25548964023031828
2100-Sep-27 18:00:00, 147.32032380107162, 0.25043689833430416, null, null, 147.32032380107162, 0.25043689833430416
2100-Sep-27 19:00:00, 145.29772012249276, 0.24699857713900986, null, null, 145.29772012249276, 0.24699857713900986
2100-Sep-27 20:00:00, 144.20564864379688, 0.24514211234971672, null, null, 144.20564864379688, 0.24514211234971672
2100-Sep-27 21:00:00, 143.92527213510081, 0.24466548684827907, null, null, 143.92527213510081, 0.24466548684827907
2100-Sep-27 22:00:00, 144.41290763469414, 0.24549444186877409, null, null, 144.41290763469414, 0.24549444186877409
2100-Sep-27 23:00:00, 145.56761964743168, 0.24745739231225697, null, null, 145.56761964743168, 0.24745739231225697
2100-Sep-28 00:00:00, 147.29750705347018, 0.2503981110485316, null, null, 147.29750705347018, 0.2503981110485316
2100-Sep-28 01:00:00, 149.49630914554018, 0.25413596039464459, null, null, 149.49630914554018, 0.25413596039464459
2100-Sep-28 02:00:00, 152.04504955510919, 0.25846868670397355, null, null, 152.04504955510919, 0.25846868670397355
2100-Sep-28 03:00:00, 154.8512353019569, 0.26323905671442394, null, null, 154.8512353019569, 0.26323905671442394
2100-Sep-28 04:00:00, 157.81460844065668, 0.26827663712637906, null, null, 157.81460844065668, 0.26827663712637906
2100-Sep-28 05:00:00, 160.84291739897469, 0.27342460505878213, null, null, 160.84291739897469, 0.27342460505878213
2100-Sep-28 06:00:00, 163.91571565642838, 0.27864820248884803, null, null, 163.91571565642838, 0.27864820248884803
2100-Sep-28 07:00:00, 166.86257801654577, 0.28365771543481766, null, null, 166.86257801654577, 0.28365771543481766
2100-Sep-28 08:00:00, 168.63034589501018, 0.28666282900662493, null, null, 168.63034589501018, 0.28666282900662493
2100-Sep-28 09:00:00, 168.91098934055762, 0.28713990828684466, null, null, 168.91098934055762, 0.28713990828684466
2100-Sep-28 10:00:00, 168.04551260208601, 0.2856686427861253, null, null, 168.04551260208601, 0.2856686427861253
2100-Sep-28 11:00:00, 166.42804554793682, 0.28291903280871294, null, null, 166.42804554793682, 0.28291903280871294
2100-Sep-28 12:00:00, 164.28282245999509, 0.27927226498661184, null, null, 164.28282245999509, 0.27927226498661184
2100-Sep-28 13:00:00, 161.61719478179543, 0.27474083639198138, null, null, 161.61719478179543, 0.27474083639198138
2100-Sep-28 14:00:00, 158.45411705549114, 0.26936376855417493, null, null, 158.45411705549114, 0.26936376855417493
2100-Sep-28 15:00:00, 155.12959946234076, 0.26371226132825648, null, null, 155.12959946234076, 0.26371226132825648
2100-Sep-28 16:00:00, 151.92362591762154, 0.25826227282724368, null, null, 151.92362591762154, 0.25826227282724368
2100-Sep-28 17:00:00, 149.09285970753157, 0.25345011730604244, null, null, 149.09285970753157, 0.25345011730604244
2100-Sep-28 18:00:00, 146.84072159280362, 0.24962159949179613, null, null, 146.84072159280362, 0.24962159949179613
2100-Sep-28 19:00:00, 145.26620807623848, 0.24694500829717958, null, null, 145.26620807623848, 0.24694500829717958
2100-Sep-28 20:00:00, 144.4257691640841, 0.24551630580068215, null, null, 144.4257691640841, 0.24551630580068215
2100-Sep-28 21:00:00, 144.23791675930465, 0.24519696647000613, null, null, 144.23791675930465, 0.24519696647000613
2100-Sep-28 22:00:00, 144.60870885744225, 0.24582729377711848, null, null, 144.60870885744225, 0.24582729377711848
2100-Sep-28 23:00:00, 145.42050557184572, 0.24720730602517538, null, null, 145.42050557184572, 0.24720730602517538
2100-Sep-29 00:00:00, 146.60464108353878, 0.24922027488856419, null, null, 146.60464108353878, 0.24922027488856419
2100-Sep-29 01:00:00, 148.11535969901286, 0.25178841806496732, null, null, 148.11535969901286, 0.25178841806496732
2100-Sep-29 02:00:00, 149.9561941154187, 0.2549177409560453, null, null, 149.9561941154187, 0.2549177409560453
2100-Sep-29 03:00:00, 152.09341430901233, 0.25855090427344185, null, null, 152.09341430901233, 0.25855090427344185
2100-Sep-29 04:00:00, 154.48946746171919, 0.26262407017700246, null, null, 154.48946746171919, 0.26262407017700246
2100-Sep-29 05:00:00, 157.09794251545205, 0.26705834227866693, null, null, 157.09794251545205, 0.26705834227866693
2100-Sep-29 06:00:00, 159.88926883338326, 0.27180345203178924, null, null, 159.88926883338326, 0.27180345203178924
2100-Sep-29 07:00:00, 162.6741509056933, 0.27653760690208329, null, null, 162.6741509056933, 0.27653760690208329
2100-Sep-29 08:00:00, 164.93330413337071, 0.28037805004396393, null, null, 164.93330413337071, 0.28037805004396393
2100-Sep-29 09:00:00, 166.43564235772976, 0.28293194699076668, null, null, 166.43564235772976, 0.28293194699076668
2100-Sep-29 10:00:00, 167.20609722615998, 0.28424168024805146, null, null, 167.20609722615998, 0.28424168024805146
2100-Sep-29 11:00:00, 167.19669065049453, 0.28422568955801752, null, null, 167.19669065049453, 0.28422568955801752
2100-Sep-29 12:00:00, 166.17930435687748, 0.28249618570405277, null, null, 166.17930435687748, 0.28249618570405277
2100-Sep-29 13:00:00, 164.17361158953707, 0.27908661217947556, null, null, 164.17361158953707, 0.27908661217947556
2100-Sep-29 14:00:00, 161.37830946475981, 0.27433474376122668, null, null, 161.37830946475981, 0.27433474376122668
2100-Sep-29 15:00:00, 158.24515019859726, 0.26900853575163347, null, null, 158.24515019859726, 0.26900853575163347
2100-Sep-29 16:00:00, 155.28817518970322, 0.26398183182801577, null, null, 155.28817518970322, 0.26398183182801577
2100-Sep-29 17:00:00, 152.81080705144797, 0.25977043467269428, null, null, 152.81080705144797, 0.25977043467269428
2100-Sep-29 18:00:00, 150.92200097575724, 0.25655956245258088, null, null, 150.92200097575724, 0.25655956245258088
2100-Sep-29 19:00:00, 149.62698957209375, 0.25435811033196937, null, null, 149.62698957209375, 0.25435811033196937
2100-Sep-29 20:00:00, 148.9068398488601, 0.25313389320856372, null, null, 148.9068398488601, 0.25313389320856372
2100-Sep-29 21:00:00, 148.73976893680339, 0.25284988133608188, null, null, 148.73976893680339, 0.25284988133608188
2100-Sep-29 22:00:00, 149.06549546577236, 0.25340359951640806, null, null, 149.06549546577236, 0.25340359951640806
2100-Sep-29 23:00:00, 149.79887484304419, 0.25465030636450259, null, null, 149.79887484304419, 0.25465030636450259
2100-Sep-30 00:00:00, 150.84794056934174, 0.25643366360852782, null, null, 150.84794056934174, 0.25643366360852782
2100-Sep-30 01:00:00, 152.16614213429057, 0.25867453779877858, null, null, 152.16614213429057, 0.25867453779877858
2100-Sep-30 02:00:00, 153.7313624622513, 0.26133533105547546, null, null, 153.7313624622513, 0.26133533105547546
2100-Sep-30 03:00:00, 155.51761981284062, 0.26437187576951299, null, null, 155.51761981284062, 0.26437187576951299
2100-Sep-30 04:00:00, 157.52885495817634, 0.26779087104879945, null, null, 157.52885495817634, 0.26779087104879945
2100-Sep-30 05:00:00, 159.80636330008801, 0.27166251693147514, null, null, 159.80636330008801, 0.27166251693147514
2100-Sep-30 06:00:00, 162.29613254488783, 0.27589499532378281, null, null, 162.29613254488783, 0.27589499532378281
2100-Sep-30 07:00:00, 164.78655924503553, 0.2801285913560323, null, null, 164.78655924503553, 0.2801285913560323
2100-Sep-30 08:00:00, 166.94457396321334, 0.28379710428511057, null, null, 166.94457396321334, 0.28379710428511057
2100-Sep-30 09:00:00, 168.41515901703562, 0.28629702249132727, null, null, 168.41515901703562, 0.28629702249132727
2100-Sep-30 10:00:00, 168.85838723774182, 0.28705048744432166, null, null, 168.85838723774182, 0.28705048744432166
2100-Sep-30 11:00:00, 168.00410643490866, 0.28559825445264725, null, null, 168.00410643490866, 0.28559825445264725
2100-Sep-30 12:00:00, 166.10648773091344, 0.28237240122216262, null, null, 166.10648773091344, 0.28237240122216262
2100-Sep-30 13:00:00, 163.64559740166735, 0.27818901548626462, null, null, 163.64559740166735, 0.27818901548626462
2100-Sep-30 14:00:00, 160.95390505872405, 0.27361327831542348, null, null, 160.95390505872405, 0.27361327831542348
2100-Sep-30 15:00:00, 158.22699043978585, 0.26897766510491017, null, null, 158.22699043978585, 0.26897766510491017
2100-Sep-30 16:00:00, 155.64660255706414, 0.26459113973505793, null, null, 155.64660255706414, 0.26459113973505793
2100-Sep-30 17:00:00, 153.42571049466147, 0.26081573858677892, null, null, 153.42571049466147, 0.26081573858677892
2100-Sep-30 18:00:00, 151.73178358150375, 0.25793615082053795, null, null, 151.73178358150375, 0.25793615082053795
2100-Sep-30 19:00:00, 150.60977923604509, 0.25602880171252412, null, null, 150.60977923604509, 0.25602880171252412
2100-Sep-30 20:00:00, 150.082309966026, 0.25513213135135515, null, null, 150.082309966026, 0.25513213135135515
2100-Sep-30 21:00:00, 150.1728542038035, 0.25528605185251874, null, null, 150.1728542038035, 0.25528605185251874
2100-Sep-30 22:00:00, 150.83455837509354, 0.2564109145734052, null, null, 150.83455837509354, 0.2564109145734052
2100-Sep-30 23:00:00, 151.97384929937957, 0.25834764996752424, null, null, 151.97384929937957, 0.25834764996752424
2100-Oct-01 00:00:00, 153.49222438464997, 0.260928808744888, null, null, 153.49222438464997, 0.260928808744888
2100-Oct-01 01:00:00, 155.30584700865353, 0.26401187300231987, null, null, 155.30584700865353, 0.26401187300231987
2100-Oct-01 02:00:00, 157.34954423223977, 0.26748605212848359, null, null, 157.34954423223977, 0.26748605212848359
2100-Oct-01 03:00:00, 159.57346030353756, 0.27126659393481095, null, null, 159.57346030353756, 0.27126659393481095
2100-Oct-01 04:00:00, 161.9396470912788, 0.27528898856925182, null, null, 161.9396470912788, 0.27528898856925182
2100-Oct-01 05:00:00, 164.44138246110543, 0.27954180875255941, null, null, 164.44138246110543, 0.27954180875255941
2100-Oct-01 06:00:00, 167.05986745151549, 0.2839930972266379, null, null, 167.05986745151549, 0.2839930972266379
2100-Oct-01 07:00:00, 169.66118731280199, 0.28841520587279929, null, null, 169.66118731280199, 0.28841520587279929
2100-Oct-01 08:00:00, 171.98853089835589, 0.29237156908111939, null, null, 171.98853089835589, 0.29237156908111939
2100-Oct-01 09:00:00, 173.753766091655, 0.29537237721969861, null, null, 173.753766091655, 0.29537237721969861
2100-Oct-01 10:00:00, 174.47596210995056, 0.29660007293842067, null, null, 174.47596210995056, 0.29660007293842067
2100-Oct-01 11:00:00, 173.58568052350509, 0.29508664048456174, null, null, 173.58568052350509, 0.29508664048456174
2100-Oct-01 12:00:00, 170.84588316525364, 0.29042912728637243, null, null, 170.84588316525364, 0.29042912728637243
2100-Oct-01 13:00:00, 166.43395466565269, 0.28292907800189793, null, null, 166.43395466565269, 0.28292907800189793
2100-Oct-01 14:00:00, 160.81444732862741, 0.27337620741798707, null, null, 160.81444732862741, 0.27337620741798707
2100-Oct-01 15:00:00, 154.63175710513661, 0.26286595517998868, null, null, 154.63175710513661, 0.26286595517998868
2100-Oct-01 16:00:00, 148.74818150466143, 0.2528641822644741, null, null, 148.74818150466143, 0.2528641822644741
2100-Oct-01 17:00:00, 143.81352907459816, 0.24447552944959419, null, null, 143.81352907459816, 0.24447552944959419
2100-Oct-01 18:00:00, 140.08946071941159, 0.23814480668172125, null, null, 140.08946071941159, 0.23814480668172125
2100-Oct-01 19:00:00, 137.54186074181135, 0.23381401904750274, null, null, 137.54186074181135, 0.23381401904750274
2100-Oct-01 20:00:00, 136.03420909705565, 0.23125108956201593, null, null, 136.03420909705565, 0.23125108956201593
2100-Oct-01 21:00:00, 135.41631457491604, 0.23020070096911988, null, null, 135.41631457491604, 0.23020070096911988
2100-Oct-01 22:00:00, 135.51679695297278, 0.23037151579255025, null, null, 135.51679695297278, 0.23037151579255025
2100-Oct-01 23:00:00, 136.18071845515871, 0.23150014786078688, null, null, 136.18071845515871, 0.23150014786078688
2100-Oct-02 00:00:00, 137.32149386155649, 0.23343940679738878, null, null, 137.32149386155649, 0.23343940679738878
2100-Oct-02 01:00:00, 138.81059428037412, 0.23597080016237057, null, null, 138.81059428037412, 0.23597080016237057
2100-Oct-02 02:00:00, 140.56458583147727, 0.23895249469323512, null, null, 140.56458583147727, 0.23895249469323512
2100-Oct-02 03:00:00, 142.52321185744964, 0.24228205720223223, null, null, 142.52321185744964, 0.24228205720223223
2100-Oct-02 04:00:00, 144.6519191482268, 0.24590074902701883, null, null, 144.6519191482268, 0.24590074902701883
2100-Oct-02 05:00:00, 146.93309300072102, 0.24977862608729048, null, null, 146.93309300072102, 0.24977862608729048
2100-Oct-02 06:00:00, 149.34934365558829, 0.25388612669542304, null, null, 149.34934365558829, 0.25388612669542304
2100-Oct-02 07:00:00, 151.7532860060943, 0.25797270382546073, null, null, 151.7532860060943, 0.25797270382546073
2100-Oct-02 08:00:00, 153.22163682925515, 0.26046882395560361, null, null, 153.22163682925515, 0.26046882395560361
2100-Oct-02 09:00:00, 153.70990831883617, 0.26129886012604309, null, null, 153.70990831883617, 0.26129886012604309
2100-Oct-02 10:00:00, 153.3930968014111, 0.2607602970022771, null, null, 153.3930968014111, 0.2607602970022771
2100-Oct-02 11:00:00, 152.15982182331433, 0.25866379359840924, null, null, 152.15982182331433, 0.25866379359840924
2100-Oct-02 12:00:00, 149.77946432295596, 0.25461730948857586, null, null, 149.77946432295596, 0.25461730948857586
2100-Oct-02 13:00:00, 146.50413042811277, 0.24904941199507483, null, null, 146.50413042811277, 0.24904941199507483
2100-Oct-02 14:00:00, 142.65418166007646, 0.24250469906385078, null, null, 142.65418166007646, 0.24250469906385078
2100-Oct-02 15:00:00, 138.73675120554364, 0.2358452707707234, null, null, 138.73675120554364, 0.2358452707707234
2100-Oct-02 16:00:00, 135.36669116505902, 0.23011634374990722, null, null, 135.36669116505902, 0.23011634374990722
2100-Oct-02 17:00:00, 132.95108940137473, 0.22600994622308093, null, null, 132.95108940137473, 0.22600994622308093
2100-Oct-02 18:00:00, 131.56076289478113, 0.22364646337835523, null, null, 131.56076289478113, 0.22364646337835523
2100-Oct-02 19:00:00, 131.0613775542804, 0.22279753423862905, null, null, 131.0613775542804, 0.22279753423862905
2100-Oct-02 20:00:00, 131.31096768440077, 0.2232218244955973, null, null, 131.31096768440077, 0.2232218244955973
2100-Oct-02 21:00:00, 132.1806094632536, 0.22470017034862377, null, null, 132.1806094632536, 0.22470017034862377
2100-Oct-02 22:00:00, 133.5355028422193, 0.22700341871685323, null, null, 133.5355028422193, 0.22700341871685323
2100-Oct-02 23:00:00, 135.23482088080448, 0.22989217111629445, null, null, 135.23482088080448, 0.22989217111629445
2100-Oct-03 00:00:00, 137.18961725289401, 0.23321522341261103, null, null, 137.18961725289401, 0.23321522341261103
2100-Oct-03 01:00:00, 139.43989364474945, 0.23704057639467585, null, null, 139.43989364474945, 0.23704057639467585
2100-Oct-03 02:00:00, 141.95914512462338, 0.24132317305524023, null, null, 141.95914512462338, 0.24132317305524023
2100-Oct-03 03:00:00, 144.75632649634412, 0.24607823609568097, null, null, 144.75632649634412, 0.24607823609568097
2100-Oct-03 04:00:00, 147.79391916508078, 0.25124198585358026, null, null, 147.79391916508078, 0.25124198585358026
2100-Oct-03 05:00:00, 150.93716825748911, 0.25658534604370453, null, null, 150.93716825748911, 0.25658534604370453
2100-Oct-03 06:00:00, 154.10696054741115, 0.26197382829089255, null, null, 154.10696054741115, 0.26197382829089255
2100-Oct-03 07:00:00, 157.22588005348547, 0.2672758294479789, null, null, 157.22588005348547, 0.2672758294479789
2100-Oct-03 08:00:00, 160.01558034630355, 0.27201817504286807, null, null, 160.01558034630355, 0.27201817504286807
2100-Oct-03 09:00:00, 162.21096463703094, 0.27575021430422642, null, null, 162.21096463703094, 0.27575021430422642
2100-Oct-03 10:00:00, 163.70277006774768, 0.27828620604893267, null, null, 163.70277006774768, 0.27828620604893267
2100-Oct-03 11:00:00, 164.42841228944792, 0.27951976013443963, null, null, 164.42841228944792, 0.27951976013443963
2100-Oct-03 12:00:00, 164.42101899426609, 0.27950719191665385, null, null, 164.42101899426609, 0.27950719191665385
2100-Oct-03 13:00:00, 163.79932440811203, 0.2784503434123165, null, null, 163.79932440811203, 0.2784503434123165
2100-Oct-03 14:00:00, 162.71454258003556, 0.27660627065043658, null, null, 162.71454258003556, 0.27660627065043658
2100-Oct-03 15:00:00, 161.3385921918296, 0.27426722646024404, null, null, 161.3385921918296, 0.27426722646024404
2100-Oct-03 16:00:00, 159.89249134545392, 0.2718089301349253, null, null, 159.89249134545392, 0.2718089301349253
2100-Oct-03 17:00:00, 158.65292741537573, 0.26970173583935042, null, null, 158.65292741537573, 0.26970173583935042
2100-Oct-03 18:00:00, 157.79695446606465, 0.26824662628655721, null, null, 157.79695446606465, 0.26824662628655721
2100-Oct-03 19:00:00, 157.39978797839456, 0.26757146388718089, null, null, 157.39978797839456, 0.26757146388718089
2100-Oct-03 20:00:00, 157.44922742661763, 0.26765550838117114, null, null, 157.44922742661763, 0.26765550838117114
2100-Oct-03 21:00:00, 157.927234969116, 0.26846809637470109, null, null, 157.927234969116, 0.26846809637470109
2100-Oct-03 22:00:00, 158.8270316112542, 0.26999770392900568, null, null, 158.8270316112542, 0.26999770392900568
2100-Oct-03 23:00:00, 160.10440650401932, 0.27216917489716741, null, null, 160.10440650401932, 0.27216917489716741
2100-Oct-04 00:00:00, 161.7194684370466, 0.27491469629359955, null, null, 161.7194684370466, 0.27491469629359955
2100-Oct-04 01:00:00, 163.62807817398652, 0.27815923370919277, null, null, 163.62807817398652, 0.27815923370919277
2100-Oct-04 02:00:00, 165.78903020996981, 0.28183273992596991, null, null, 165.78903020996981, 0.28183273992596991
2100-Oct-04 03:00:00, 168.18560199270988, 0.28590678747364823, null, null, 168.18560199270988, 0.28590678747364823
2100-Oct-04 04:00:00, 170.85738719083275, 0.29044868353231362, null, null, 170.85738719083275, 0.29044868353231362
2100-Oct-04 05:00:00, 173.78318953952038, 0.29542239555275396, null, null, 173.78318953952038, 0.29542239555275396
2100-Oct-04 06:00:00, 176.94865716093949, 0.30080352608811939, null, null, 176.94865716093949, 0.30080352608811939
2100-Oct-04 07:00:00, 180.23705629271743, 0.30639363380577361, null, null, 180.23705629271743, 0.30639363380577361
2100-Oct-04 08:00:00, 183.31835883512323, 0.31163168807852765, null, null, 183.31835883512323, 0.31163168807852765
2100-Oct-04 09:00:00, 185.72439372290123, 0.31572182241323693, null, null, 185.72439372290123, 0.31572182241323693
2100-Oct-04 10:00:00, 187.00536252681334, 0.31789940284367324, null, null, 187.00536252681334, 0.31789940284367324
2100-Oct-04 11:00:00, 186.97399266959894, 0.31784607571582513, null, null, 186.97399266959894, 0.31784607571582513
2100-Oct-04 12:00:00, 185.65911532971685, 0.31561085253552051, null, null, 185.65911532971685, 0.31561085253552051
2100-Oct-04 13:00:00, 183.31869554404665, 0.31163226046620812, null, null, 183.31869554404665, 0.31163226046620812
2100-Oct-04 14:00:00, 180.24506179860157, 0.30640724274995385, null, null, 180.24506179860157, 0.30640724274995385
2100-Oct-04 15:00:00, 175.93910018865157, 0.29908733167374274, null, null, 175.93910018865157, 0.29908733167374274
2100-Oct-04 16:00:00, 170.8814710876112, 0.29048962490586877, null, null, 170.8814710876112, 0.29048962490586877
2100-Oct-04 17:00:00, 166.01825285541693, 0.2822224065169236, null, null, 166.01825285541693, 0.2822224065169236
2100-Oct-04 18:00:00, 162.02360094674975, 0.27543170576281262, null, null, 162.02360094674975, 0.27543170576281262
2100-Oct-04 19:00:00, 159.16644448006443, 0.27057468817616465, null, null, 159.16644448006443, 0.27057468817616465
2100-Oct-04 20:00:00, 157.41108246711391, 0.26759066393134429, null, null, 157.41108246711391, 0.26759066393134429
2100-Oct-04 21:00:00, 156.64665394683738, 0.26629117515289952, null, null, 156.64665394683738, 0.26629117515289952
2100-Oct-04 22:00:00, 156.7168691587955, 0.26641053736610254, null, null, 156.7168691587955, 0.26641053736610254
2100-Oct-04 23:00:00, 157.45132603088706, 0.26765907589942328, null, null, 157.45132603088706, 0.26765907589942328
2100-Oct-05 00:00:00, 158.70900914126349, 0.26979707186035684, null, null, 158.70900914126349, 0.26979707186035684
2100-Oct-05 01:00:00, 160.37273430910497, 0.27262531822830233, null, null, 160.37273430910497, 0.27262531822830233
2100-Oct-05 02:00:00, 162.36378416913587, 0.27600999957103683, null, null, 162.36378416913587, 0.27600999957103683
2100-Oct-05 03:00:00, 164.66338057992772, 0.27991919402350801, null, null, 164.66338057992772, 0.27991919402350801
2100-Oct-05 04:00:00, 167.20117704161615, 0.28423331618989167, null, null, 167.20117704161615, 0.28423331618989167
2100-Oct-05 05:00:00, 169.9967284827479, 0.28898560843299315, null, null, 169.9967284827479, 0.28898560843299315
2100-Oct-05 06:00:00, 173.05375525568013, 0.29418239515857669, null, null, 173.05375525568013, 0.29418239515857669
2100-Oct-05 07:00:00, 175.8797151380563, 0.29898638017231527, null, null, 175.8797151380563, 0.29898638017231527
2100-Oct-05 08:00:00, 178.24402670703503, 0.30300558703226271, null, null, 178.24402670703503, 0.30300558703226271
2100-Oct-05 09:00:00, 180.00606587966408, 0.30600096210171085, null, null, 180.00606587966408, 0.30600096210171085
2100-Oct-05 10:00:00, 180.72031119995816, 0.30721514204680639, null, null, 180.72031119995816, 0.30721514204680639
2100-Oct-05 11:00:00, 179.85827325291248, 0.3057497223128931, null, null, 179.85827325291248, 0.3057497223128931
2100-Oct-05 12:00:00, 177.2312317206023, 0.30128388816202911, null, null, 177.2312317206023, 0.30128388816202911
2100-Oct-05 13:00:00, 173.02065731492701, 0.29412613037847302, null, null, 173.02065731492701, 0.29412613037847302
2100-Oct-05 14:00:00, 167.82156203873916, 0.285287938460899, null, null, 167.82156203873916, 0.285287938460899
2100-Oct-05 15:00:00, 161.60757311587932, 0.27472448005969352, null, null, 161.60757311587932, 0.27472448005969352
2100-Oct-05 16:00:00, 155.16183598334922, 0.26376706173953812, null, null, 155.16183598334922, 0.26376706173953812
2100-Oct-05 17:00:00, 149.45399890414663, 0.25406403518195847, null, null, 149.45399890414663, 0.25406403518195847
2100-Oct-05 18:00:00, 145.0053853150807, 0.24650162315089422, null, null, 145.0053853150807, 0.24650162315089422
2100-Oct-05 19:00:00, 141.96285677793662, 0.24132948267308169, null, null, 141.96285677793662, 0.24132948267308169
2100-Oct-05 20:00:00, 140.23530263596544, 0.23839273036452685, null, null, 140.23530263596544, 0.23839273036452685
2100-Oct-05 21:00:00, 139.59924688131932, 0.23731146861970231, null, null, 139.59924688131932, 0.23731146861970231
2100-Oct-05 22:00:00, 139.80070471184098, 0.23765393646744565, null, null, 139.80070471184098, 0.23765393646744565
2100-Oct-05 23:00:00, 140.64407062949525, 0.23908761472125806, null, null, 140.64407062949525, 0.23908761472125806
2100-Oct-06 00:00:00, 141.9883597199869, 0.24137283634989071, null, null, 141.9883597199869, 0.24137283634989071
2100-Oct-06 01:00:00, 143.76144537160269, 0.24438698985983898, null, null, 143.76144537160269, 0.24438698985983898
2100-Oct-06 02:00:00, 145.9101631105361, 0.24803969840710643, null, null, 145.9101631105361, 0.24803969840710643
2100-Oct-06 03:00:00, 148.40909770289514, 0.25228775741419734, null, null, 148.40909770289514, 0.25228775741419734
2100-Oct-06 04:00:00, 151.26510347374327, 0.25714281887769164, null, null, 151.26510347374327, 0.25714281887769164
2100-Oct-06 05:00:00, 154.47822003258403, 0.26260495013168783, null, null, 154.47822003258403, 0.26260495013168783
2100-Oct-06 06:00:00, 157.94190381973758, 0.26849303265882685, null, null, 157.94190381973758, 0.26849303265882685
2100-Oct-06 07:00:00, 161.06693703704451, 0.27380542680744957, null, null, 161.06693703704451, 0.27380542680744957
2100-Oct-06 08:00:00, 163.52712005158355, 0.277987610145085, null, null, 163.52712005158355, 0.277987610145085
2100-Oct-06 09:00:00, 164.27096510714875, 0.27925210810266893, null, null, 164.27096510714875, 0.27925210810266893
2100-Oct-06 10:00:00, 163.07450853658366, 0.27721819407917936, null, null, 163.07450853658366, 0.27721819407917936
2100-Oct-06 11:00:00, 160.57940009211313, 0.27297663932476074, null, null, 160.57940009211313, 0.27297663932476074
2100-Oct-06 12:00:00, 157.33336193515268, 0.26745854306397809, null, null, 157.33336193515268, 0.26745854306397809
2100-Oct-06 13:00:00, 153.66242065682326, 0.26121813356723017, null, null, 153.66242065682326, 0.26121813356723017
2100-Oct-06 14:00:00, 149.79394141012841, 0.25464191978479866, null, null, 149.79394141012841, 0.25464191978479866
2100-Oct-06 15:00:00, 145.86391768520366, 0.24796108358612595, null, null, 145.86391768520366, 0.24796108358612595
2100-Oct-06 16:00:00, 142.18476892091238, 0.24170672178955696, null, null, 142.18476892091238, 0.24170672178955696
2100-Oct-06 17:00:00, 139.10230843775145, 0.23646669907766504, null, null, 139.10230843775145, 0.23646669907766504
2100-Oct-06 18:00:00, 136.85585368446638, 0.23264784268266592, null, null, 136.85585368446638, 0.23264784268266592
2100-Oct-06 19:00:00, 135.54586282400706, 0.23042092626356603, null, null, 135.54586282400706, 0.23042092626356603
2100-Oct-06 20:00:00, 135.11958569796451, 0.22969627729102432, null, null, 135.11958569796451, 0.22969627729102432
2100-Oct-06 21:00:00, 135.41587896331262, 0.23019996045202062, null, null, 135.41587896331262, 0.23019996045202062
2100-Oct-06 22:00:00, 136.27546663048949, 0.23166121483742966, null, null, 136.27546663048949, 0.23166121483742966
2100-Oct-06 23:00:00, 137.59850368017345, 0.23391030910056493, null, null, 137.59850368017345, 0.23391030910056493
2100-Oct-07 00:00:00, 139.3024836304061, 0.23680698650765739, null, null, 139.3024836304061, 0.23680698650765739
2100-Oct-07 01:00:00, 141.32362856119079, 0.24024282790747201, null, null, 141.32362856119079, 0.24024282790747201
2100-Oct-07 02:00:00, 143.59843503591091, 0.24410988075626269, null, null, 143.59843503591091, 0.24410988075626269
2100-Oct-07 03:00:00, 146.05907765122976, 0.24829284539135113, null, null, 146.05907765122976, 0.24829284539135113
2100-Oct-07 04:00:00, 148.59401750197011, 0.25260211146750144, null, null, 148.59401750197011, 0.25260211146750144
2100-Oct-07 05:00:00, 151.14446457511389, 0.25693773901625983, null, null, 151.14446457511389, 0.25693773901625983
2100-Oct-07 06:00:00, 153.70586207585259, 0.26129198172314139, null, null, 153.70586207585259, 0.26129198172314139
2100-Oct-07 07:00:00, 156.23731895571672, 0.26559532692971494, null, null, 156.23731895571672, 0.26559532692971494
2100-Oct-07 08:00:00, 158.62389787248961, 0.26965238712429956, null, null, 158.62389787248961, 0.26965238712429956
2100-Oct-07 09:00:00, 160.75638543805218, 0.27327750521986593, null, null, 160.75638543805218, 0.27327750521986593
2100-Oct-07 10:00:00, 162.60353745712243, 0.27641756770732384, null, null, 162.60353745712243, 0.27641756770732384
2100-Oct-07 11:00:00, 164.14806526215401, 0.27904318474985429, null, null, 164.14806526215401, 0.27904318474985429
2100-Oct-07 12:00:00, 165.39502040472024, 0.28116294372274375, null, null, 165.39502040472024, 0.28116294372274375
2100-Oct-07 13:00:00, 166.35595359686278, 0.28279648023649467, null, null, 166.35595359686278, 0.28279648023649467
2100-Oct-07 14:00:00, 167.05326446409396, 0.28398187249099438, null, null, 167.05326446409396, 0.28398187249099438
2100-Oct-07 15:00:00, 167.55880209569844, 0.28484126020603395, null, null, 167.55880209569844, 0.28484126020603395
2100-Oct-07 16:00:00, 167.99702076289142, 0.28558620917826266, null, null, 167.99702076289142, 0.28558620917826266
2100-Oct-07 17:00:00, 168.48421137058452, 0.28641440790563588, null, null, 168.48421137058452, 0.28641440790563588
2100-Oct-07 18:00:00, 169.28221211540699, 0.28777096772199678, null, null, 169.28221211540699, 0.28777096772199678
2100-Oct-07 19:00:00, 170.52204937163879, 0.28987862665783565, null, null, 170.52204937163879, 0.28987862665783565
2100-Oct-07 20:00:00, 172.17475962717327, 0.29268814824699702, null, null, 172.17475962717327, 0.29268814824699702
2100-Oct-07 21:00:00, 174.13079464684998, 0.29601330617987381, null, null, 174.13079464684998, 0.29601330617987381
2100-Oct-07 22:00:00, 176.37209749196668, 0.29982340459858769, null, null, 176.37209749196668, 0.29982340459858769
2100-Oct-07 23:00:00, 178.88786247794883, 0.30410007440063186, null, null, 178.88786247794883, 0.30410007440063186
2100-Oct-08 00:00:00, 181.67025991625189, 0.30883000552217116, null, null, 181.67025991625189, 0.30883000552217116
2100-Oct-08 01:00:00, 184.7464452192915, 0.31405936075380286, null, null, 184.7464452192915, 0.31405936075380286
2100-Oct-08 02:00:00, 188.13519354213733, 0.3198200568839244, null, null, 188.13519354213733, 0.3198200568839244
2100-Oct-08 03:00:00, 191.8550125852382, 0.32614355604196982, null, null, 191.8550125852382, 0.32614355604196982
2100-Oct-08 04:00:00, 195.89950951048391, 0.33301899073520935, null, null, 195.89950951048391, 0.33301899073520935
2100-Oct-08 05:00:00, 200.2648760603428, 0.34043988712364798, null, null, 200.2648760603428, 0.34043988712364798
2100-Oct-08 06:00:00, 204.93335782299573, 0.34837606362939472, null, null, 204.93335782299573, 0.34837606362939472
2100-Oct-08 07:00:00, 209.74666778822819, 0.35655844055684516, null, null, 209.74666778822819, 0.35655844055684516
2100-Oct-08 08:00:00, 214.33071608212325, 0.36435108455135545, null, null, 214.33071608212325, 0.36435108455135545
2100-Oct-08 09:00:00, 218.27968540644065, 0.37106412728492139, null, null, 218.27968540644065, 0.37106412728492139
2100-Oct-08 10:00:00, 221.49004154821316, 0.3765215659732834, null, null, 221.49004154821316, 0.3765215659732834
2100-Oct-08 11:00:00, 223.86319223021366, 0.38055579886624574, null, null, 223.86319223021366, 0.38055579886624574
2100-Oct-08 12:00:00, 225.4346027284829, 0.3832271150909366, null, null, 225.4346027284829, 0.3832271150909366
2100-Oct-08 13:00:00, 226.11097743869598, 0.38437691696597359, null, null, 226.11097743869598, 0.38437691696597359
2100-Oct-08 14:00:00, 225.33975849075318, 0.3830658848132053, null, null, 225.33975849075318, 0.3830658848132053
2100-Oct-08 15:00:00, 223.31418244514376, 0.37962251074835002, null, null, 223.31418244514376, 0.37962251074835002
2100-Oct-08 16:00:00, 220.96016413548094, 0.37562080189458608, null, null, 220.96016413548094, 0.37562080189458608
2100-Oct-08 17:00:00, 219.06067231379407, 0.37239176446131939, null, null, 219.06067231379407, 0.37239176446131939
2100-Oct-08 18:00:00, 217.97522402953018, 0.37054655875853798, null, null, 217.97522402953018, 0.37054655875853798
2100-Oct-08 19:00:00, 217.77051462570793, 0.37019856340507717, null, null, 217.77051462570793, 0.37019856340507717
2100-Oct-08 20:00:00, 218.36579251770956, 0.37121050490149404, null, null, 218.36579251770956, 0.37121050490149404
2100-Oct-08 21:00:00, 219.65218238223343, 0.37339730085338907, null, null, 219.65218238223343, 0.37339730085338907
2100-Oct-08 22:00:00, 221.66900275036284, 0.37682579072131656, null, null, 221.66900275036284, 0.37682579072131656
2100-Oct-08 23:00:00, 224.30549205645806, 0.38130768559687783, null, null, 224.30549205645806, 0.38130768559687783
2100-Oct-09 00:00:00, 227.42709314616346, 0.3866142453068499, null, null, 227.42709314616346, 0.3866142453068499
2100-Oct-09 01:00:00, 230.96265179595011, 0.39262451136713361, null, null, 230.96265179595011, 0.39262451136713361
2100-Oct-09 02:00:00, 234.86394351113546, 0.39925650464165036, null, null, 234.86394351113546, 0.39925650464165036
2100-Oct-09 03:00:00, 239.10887659833904, 0.40647267039914237, null, null, 239.10887659833904, 0.40647267039914237
2100-Oct-09 04:00:00, 243.673621587535, 0.4142324997783185, null, null, 243.673621587535, 0.4142324997783185
2100-Oct-09 05:00:00, 248.50443075342611, 0.42244462443794334, null, null, 248.50443075342611, 0.42244462443794334
2100-Oct-09 06:00:00, 253.52963788639883, 0.43098721554416758, null, null, 253.52963788639883, 0.43098721554416758
2100-Oct-09 07:00:00, 258.56491856141253, 0.43954693114862048, null, null, 258.56491856141253, 0.43954693114862048
2100-Oct-09 08:00:00, 263.17634476711066, 0.44738611617112972, null, null, 263.17634476711066, 0.44738611617112972
2100-Oct-09 09:00:00, 266.72924055340837, 0.45342585446295491, null, null, 266.72924055340837, 0.45342585446295491
2100-Oct-09 10:00:00, 268.50615855329721, 0.45644652276590714, null, null, 268.50615855329721, 0.45644652276590714
2100-Oct-09 11:00:00, 267.80751120295758, 0.45525885855954279, null, null, 267.80751120295758, 0.45525885855954279
2100-Oct-09 12:00:00, 263.62887869290222, 0.44815540033941131, null, null, 263.62887869290222, 0.44815540033941131
2100-Oct-09 13:00:00, 256.73207780263851, 0.4364311970603092, null, null, 256.73207780263851, 0.4364311970603092
2100-Oct-09 14:00:00, 248.62610631979132, 0.42265146658067931, null, null, 248.62610631979132, 0.42265146658067931
2100-Oct-09 15:00:00, 240.65582149844431, 0.40910239637774909, null, null, 240.65582149844431, 0.40910239637774909
2100-Oct-09 16:00:00, 233.61818946437128, 0.39713878746923698, null, null, 233.61818946437128, 0.39713878746923698
2100-Oct-09 17:00:00, 227.98970735811491, 0.38757066024380171, null, null, 227.98970735811491, 0.38757066024380171
2100-Oct-09 18:00:00, 223.95084629489571, 0.38070480622326874, null, null, 223.95084629489571, 0.38070480622326874
2100-Oct-09 19:00:00, 221.37220464993453, 0.37632124936690614, null, null, 221.37220464993453, 0.37632124936690614
2100-Oct-09 20:00:00, 220.00964387439527, 0.3740049668227623, null, null, 220.00964387439527, 0.3740049668227623
2100-Oct-09 21:00:00, 219.58398533315511, 0.37328136941225409, null, null, 219.58398533315511, 0.37328136941225409
2100-Oct-09 22:00:00, 219.88866903625066, 0.37379931588160403, null, null, 219.88866903625066, 0.37379931588160403
2100-Oct-09 23:00:00, 220.81289417326263, 0.37537045060832663, null, null, 220.81289417326263, 0.37537045060832663
2100-Oct-10 00:00:00, 222.20421730521221, 0.37773562766439067, null, null, 222.20421730521221, 0.37773562766439067
2100-Oct-10 01:00:00, 223.96913598703347, 0.38073589774989786, null, null, 223.96913598703347, 0.38073589774989786
2100-Oct-10 02:00:00, 226.06168410868901, 0.38429312086536099, null, null, 226.06168410868901, 0.38429312086536099
2100-Oct-10 03:00:00, 228.42839577099105, 0.38831640775929216, null, null, 228.42839577099105, 0.38831640775929216
2100-Oct-10 04:00:00, 231.04608837837645, 0.39276634922338682, null, null, 231.04608837837645, 0.39276634922338682
2100-Oct-10 05:00:00, 233.88511825570097, 0.39759255254965453, null, null, 233.88511825570097, 0.39759255254965453
2100-Oct-10 06:00:00, 236.8913934366274, 0.40270306420497265, null, null, 236.8913934366274, 0.40270306420497265
2100-Oct-10 07:00:00, 239.90604025540861, 0.40782780720980338, null, null, 239.90604025540861, 0.40782780720980338
2100-Oct-10 08:00:00, 242.4896339770745, 0.41221978233934276, null, null, 242.4896339770745, 0.41221978233934276
2100-Oct-10 09:00:00, 244.00417990404216, 0.41479443174648634, null, null, 244.00417990404216, 0.41479443174648634
2100-Oct-10 10:00:00, 242.66393615253023, 0.41251608698399583, null, null, 242.66393615253023, 0.41251608698399583
2100-Oct-10 11:00:00, 238.88867116215908, 0.40609833259557004, null, null, 238.88867116215908, 0.40609833259557004
2100-Oct-10 12:00:00, 234.18392226866709, 0.39810050385118795, null, null, 234.18392226866709, 0.39810050385118795
2100-Oct-10 13:00:00, 229.57072491095951, 0.39025830796226002, null, null, 229.57072491095951, 0.39025830796226002
2100-Oct-10 14:00:00, 225.42532786972885, 0.3832113483128104, null, null, 225.42532786972885, 0.3832113483128104
2100-Oct-10 15:00:00, 221.77799163765965, 0.37701106616860908, null, null, 221.77799163765965, 0.37701106616860908
2100-Oct-10 16:00:00, 218.6282413195008, 0.3716566542323963, null, null, 218.6282413195008, 0.3716566542323963
2100-Oct-10 17:00:00, 216.01757948529448, 0.36721866471751297, null, null, 216.01757948529448, 0.36721866471751297
2100-Oct-10 18:00:00, 213.97564178722757, 0.36374747669333862, null, null, 213.97564178722757, 0.36374747669333862
2100-Oct-10 19:00:00, 212.52198560868581, 0.36127633669577741, null, null, 212.52198560868581, 0.36127633669577741
2100-Oct-10 20:00:00, 211.65566865722633, 0.35980364287662109, null, null, 211.65566865722633, 0.35980364287662109
2100-Oct-10 21:00:00, 211.31967882027965, 0.35923247760583066, null, null, 211.31967882027965, 0.35923247760583066
2100-Oct-10 22:00:00, 211.43207535584457, 0.35942354587817854, null, null, 211.43207535584457, 0.35942354587817854
2100-Oct-10 23:00:00, 211.96166445645903, 0.36032381984125122, null, null, 211.96166445645903, 0.36032381984125122
2100-Oct-11 00:00:00, 212.86750862806724, 0.36186370788153338, null, null, 212.86750862806724, 0.36186370788153338
2100-Oct-11 01:00:00, 214.13350470068858, 0.36401583544649052, null, null, 214.13350470068858, 0.36401583544649052
2100-Oct-11 02:00:00, 215.67127230405174, 0.36662996049732377, null, null, 215.67127230405174, 0.36662996049732377
2100-Oct-11 03:00:00, 217.40190631279637, 0.36957194841941871, null, null, 217.40190631279637, 0.36957194841941871
2100-Oct-11 04:00:00, 219.29241454504395, 0.3727857142172652, null, null, 219.29241454504395, 0.3727857142172652
2100-Oct-11 05:00:00, 221.29357371926682, 0.37618758086902698, null, null, 221.29357371926682, 0.37618758086902698
2100-Oct-11 06:00:00, 223.35311747044724, 0.37968869826899887, null, null, 223.35311747044724, 0.37968869826899887
2100-Oct-11 07:00:00, 225.40653974029104, 0.38317940946866108, null, null, 225.40653974029104, 0.38317940946866108
2100-Oct-11 08:00:00, 227.32663144845273, 0.38644346563893356, null, null, 227.32663144845273, 0.38644346563893356
2100-Oct-11 09:00:00, 228.96340467412762, 0.38922589510513644, null, null, 228.96340467412762, 0.38922589510513644
2100-Oct-11 10:00:00, 230.20534623630655, 0.39133713125178338, null, null, 230.20534623630655, 0.39133713125178338
2100-Oct-11 11:00:00, 230.93197077313894, 0.39257235522199152, null, null, 230.93197077313894, 0.39257235522199152
2100-Oct-11 12:00:00, 231.07541351731561, 0.39281620043637394, null, null, 231.07541351731561, 0.39281620043637394
2100-Oct-11 13:00:00, 230.64673785003234, 0.39208747406830829, null, null, 230.64673785003234, 0.39208747406830829
2100-Oct-11 14:00:00, 229.74929443469722, 0.39056186687733746, null, null, 229.74929443469722, 0.39056186687733746
2100-Oct-11 15:00:00, 228.51778599749073, 0.38846836650122524, null, null, 228.51778599749073, 0.38846836650122524
2100-Oct-11 16:00:00, 227.13122683511833, 0.38611128794599175, null, null, 227.13122683511833, 0.38611128794599175
2100-Oct-11 17:00:00, 225.7843127327919, 0.38382160393358866, null, null, 225.7843127327919, 0.38382160393358866
2100-Oct-11 18:00:00, 224.61897668665634, 0.38184059318516378, null, null, 224.61897668665634, 0.38184059318516378
2100-Oct-11 19:00:00, 223.77738820240222, 0.38040993647580801, null, null, 223.77738820240222, 0.38040993647580801
2100-Oct-11 20:00:00, 223.42995365939822, 0.37981931579918221, null, null, 223.42995365939822, 0.37981931579918221
2100-Oct-11 21:00:00, 223.72452111737925, 0.38032006517729655, null, null, 223.72452111737925, 0.38032006517729655
2100-Oct-11 22:00:00, 224.80548055848155, 0.38215764007986319, null, null, 224.80548055848155, 0.38215764007986319
2100-Oct-11 23:00:00, 226.73527740553033, 0.38543819448213845, null, null, 226.73527740553033, 0.38543819448213845
2100-Oct-12 00:00:00, 229.48899844452879, 0.3901193772143724, null, null, 229.48899844452879, 0.3901193772143724
2100-Oct-12 01:00:00, 232.96015476761954, 0.39602016266446544, null, null, 232.96015476761954, 0.39602016266446544
2100-Oct-12 02:00:00, 237.04676632710613, 0.40296719004839171, null, null, 237.04676632710613, 0.40296719004839171
2100-Oct-12 03:00:00, 241.63754161095318, 0.41077126957640642, null, null, 241.63754161095318, 0.41077126957640642
2100-Oct-12 04:00:00, 246.63787692386367, 0.41927157988041952, null, null, 246.63787692386367, 0.41927157988041952
2100-Oct-12 05:00:00, 251.93558148101678, 0.42827740245366097, null, null, 251.93558148101678, 0.42827740245366097
2100-Oct-12 06:00:00, 257.42597466035289, 0.43761078567596118, null, null, 257.42597466035289, 0.43761078567596118
2100-Oct-12 07:00:00, 263.00158559915906, 0.44708903466297079, null, null, 263.00158559915906, 0.44708903466297079
2100-Oct-12 08:00:00, 268.36511896149761, 0.4562067627857409, null, null, 268.36511896149761, 0.4562067627857409
2100-Oct-12 09:00:00, 273.36417885463823, 0.46470490494239319, null, null, 273.36417885463823, 0.46470490494239319
2100-Oct-12 10:00:00, 277.88095411743228, 0.47238318827833459, null, null, 277.88095411743228, 0.47238318827833459
2100-Oct-12 11:00:00, 281.87884111486898, 0.47917938851531644, null, null, 281.87884111486898, 0.47917938851531644
2100-Oct-12 12:00:00, 285.47990537380008, 0.48530101070864662, null, null, 285.47990537380008, 0.48530101070864662
2100-Oct-12 13:00:00, 288.75714244367424, 0.49087214350084535, null, null, 288.75714244367424, 0.49087214350084535
2100-Oct-12 14:00:00, 291.66835697841168, 0.49582105699529211, null, null, 291.66835697841168, 0.49582105699529211
2100-Oct-12 15:00:00, 294.24217751981115, 0.50019641822601801, null, null, 294.24217751981115, 0.50019641822601801
2100-Oct-12 16:00:00, 296.62986366528384, 0.50425536065188059, null, null, 296.62986366528384, 0.50425536065188059
2100-Oct-12 17:00:00, 299.08438480311185, 0.50842791909319696, null, null, 299.08438480311185, 0.50842791909319696
2100-Oct-12 18:00:00, 301.82195705093528, 0.51308164971923564, null, null, 301.82195705093528, 0.51308164971923564
2100-Oct-12 19:00:00, 304.92290829350873, 0.51835310576167981, null, null, 304.92290829350873, 0.51835310576167981
2100-Oct-12 20:00:00, 308.38079765142464, 0.5242313380600897, null, null, 308.38079765142464, 0.5242313380600897
2100-Oct-12 21:00:00, 312.18353065684613, 0.53069578664735462, null, null, 312.18353065684613, 0.53069578664735462
2100-Oct-12 22:00:00, 316.32826281949826, 0.53774161603775594, null, null, 316.32826281949826, 0.53774161603775594
2100-Oct-12 23:00:00, 320.7926679174679, 0.54533087281371229, null, null, 320.7926679174679, 0.54533087281371229
2100-Oct-13 00:00:00, 325.52040481274099, 0.55336777996707709, null, null, 325.52040481274099, 0.55336777996707709
2100-Oct-13 01:00:00, 330.54129159954493, 0.56190302670922232, null, null, 330.54129159954493, 0.56190302670922232
2100-Oct-13 02:00:00, 335.82081046986696, 0.57087793455945368, null, null, 335.82081046986696, 0.57087793455945368
2100-Oct-13 03:00:00, 341.32763813126326, 0.58023925554761469, null, null, 341.32763813126326, 0.58023925554761469
2100-Oct-13 04:00:00, 347.01935798400672, 0.58991488365737643, null, null, 347.01935798400672, 0.58991488365737643
2100-Oct-13 05:00:00, 352.84273789902767, 0.59981432703430937, null, null, 352.84273789902767, 0.59981432703430937
2100-Oct-13 06:00:00, 358.77331313582204, 0.6098959968903066, null, null, 358.77331313582204, 0.6098959968903066
2100-Oct-13 07:00:00, 364.65357172868102, 0.61989213106516594, null, null, 364.65357172868102, 0.61989213106516594
2100-Oct-13 08:00:00, 370.13588479161024, 0.62921177850927268, null, null, 370.13588479161024, 0.62921177850927268
2100-Oct-13 09:00:00, 374.90433742186968, 0.63731790029725333, null, null, 374.90433742186968, 0.63731790029725333
2100-Oct-13 10:00:00, 378.59951210176587, 0.64359950531793086, null, null, 378.59951210176587, 0.64359950531793086
2100-Oct-13 11:00:00, 381.00150903382405, 0.64768277533765639, null, null, 381.00150903382405, 0.64768277533765639
2100-Oct-13 12:00:00, 381.81794738533364, 0.64907067812769725, null, null, 381.81794738533364, 0.64907067812769725
2100-Oct-13 13:00:00, 380.87856759621383, 0.6474737812795559, null, null, 380.87856759621383, 0.6474737812795559
2100-Oct-13 14:00:00, 378.59923342150068, 0.64359903157595533, null, null, 378.59923342150068, 0.64359903157595533
2100-Oct-13 15:00:00, 375.75322142419225, 0.63876095900838092, null, null, 375.75322142419225, 0.63876095900838092
2100-Oct-13 16:00:00, 372.81628733646289, 0.63376832360977564, null, null, 372.81628733646289, 0.63376832360977564
2100-Oct-13 17:00:00, 370.33795384026587, 0.62955528539609584, null, null, 370.33795384026587, 0.62955528539609584
2100-Oct-13 18:00:00, 368.671213977224, 0.62672191420289924, null, null, 368.671213977224, 0.62672191420289924
2100-Oct-13 19:00:00, 367.90937996512906, 0.62542683595359905, null, null, 367.90937996512906, 0.62542683595359905
2100-Oct-13 20:00:00, 367.99721404883883, 0.62557614933361849, null, null, 367.99721404883883, 0.62557614933361849
2100-Oct-13 21:00:00, 368.81327118536194, 0.62696340407798357, null, null, 368.81327118536194, 0.62696340407798357
2100-Oct-13 22:00:00, 370.23303758465488, 0.6293769332111282, null, null, 370.23303758465488, 0.6293769332111282
2100-Oct-13 23:00:00, 372.14595955840753, 0.63262880120531639, null, null, 372.14595955840753, 0.63262880120531639
2100-Oct-14 00:00:00, 374.55594728580536, 0.63672565516206048, null, null, 374.55594728580536, 0.63672565516206048
2100-Oct-14 01:00:00, 377.41344266465666, 0.64158324888178675, null, null, 377.41344266465666, 0.64158324888178675
2100-Oct-14 02:00:00, 380.66116976404879, 0.64710421625697601, null, null, 380.66116976404879, 0.64710421625697601
2100-Oct-14 03:00:00, 384.23204127341569, 0.653174512344322, null, null, 384.23204127341569, 0.653174512344322
2100-Oct-14 04:00:00, 388.14519484500795, 0.65982667015860075, null, null, 388.14519484500795, 0.65982667015860075
2100-Oct-14 05:00:00, 392.33447929398716, 0.66694823612161858, null, null, 392.33447929398716, 0.66694823612161858
2100-Oct-14 06:00:00, 396.72343238018033, 0.67440922839669115, null, null, 396.72343238018033, 0.67440922839669115
2100-Oct-14 07:00:00, 401.13262652221204, 0.68190462941532626, null, null, 401.13262652221204, 0.68190462941532626
2100-Oct-14 08:00:00, 405.22024715939659, 0.6888533721789255, null, null, 405.22024715939659, 0.6888533721789255
2100-Oct-14 09:00:00, 408.55442881262729, 0.69452130780500898, null, null, 408.55442881262729, 0.69452130780500898
2100-Oct-14 10:00:00, 410.15417867894615, 0.6972407994833778, null, null, 410.15417867894615, 0.6972407994833778
2100-Oct-14 11:00:00, 407.83897121412264, 0.69330506704992367, null, null, 407.83897121412264, 0.69330506704992367
2100-Oct-14 12:00:00, 401.00633932015671, 0.68168994773145519, null, null, 401.00633932015671, 0.68168994773145519
2100-Oct-14 13:00:00, 390.43459578266356, 0.66371853283631466, null, null, 390.43459578266356, 0.66371853283631466
2100-Oct-14 14:00:00, 378.12377146743574, 0.64279077095053905, null, null, 378.12377146743574, 0.64279077095053905
2100-Oct-14 15:00:00, 365.98882700948087, 0.62216199568655761, null, null, 365.98882700948087, 0.62216199568655761
2100-Oct-14 16:00:00, 354.71345868929529, 0.6029944552085913, null, null, 354.71345868929529, 0.6029944552085913
2100-Oct-14 17:00:00, 345.25505599148516, 0.58691566191164668, null, null, 345.25505599148516, 0.58691566191164668
2100-Oct-14 18:00:00, 338.14747369035774, 0.57483314118250606, null, null, 338.14747369035774, 0.57483314118250606
2100-Oct-14 19:00:00, 333.4169770850375, 0.56679154266540632, null, null, 333.4169770850375, 0.56679154266540632
2100-Oct-14 20:00:00, 330.8055909458962, 0.56235232186975537, null, null, 330.8055909458962, 0.56235232186975537
2100-Oct-14 21:00:00, 329.89957883771734, 0.56081214834602611, null, null, 329.89957883771734, 0.56081214834602611
2100-Oct-14 22:00:00, 330.30137726481439, 0.56149518480183558, null, null, 330.30137726481439, 0.56149518480183558
2100-Oct-14 23:00:00, 331.79239085579502, 0.56402983046012023, null, null, 331.79239085579502, 0.56402983046012023
2100-Oct-15 00:00:00, 334.21810758198461, 0.56815342289781312, null, null, 334.21810758198461, 0.56815342289781312
2100-Oct-15 01:00:00, 337.36974755891356, 0.57351104715578227, null, null, 337.36974755891356, 0.57351104715578227
2100-Oct-15 02:00:00, 341.10553102452968, 0.57986168500287794, null, null, 341.10553102452968, 0.57986168500287794
2100-Oct-15 03:00:00, 345.31408562159385, 0.58701600921670827, null, null, 345.31408562159385, 0.58701600921670827
2100-Oct-15 04:00:00, 349.93861482575119, 0.59487746865600077, null, null, 349.93861482575119, 0.59487746865600077
2100-Oct-15 05:00:00, 354.86231625120195, 0.60324750533185767, null, null, 354.86231625120195, 0.60324750533185767
2100-Oct-15 06:00:00, 359.96429807172541, 0.61192060941907944, null, null, 359.96429807172541, 0.61192060941907944
2100-Oct-15 07:00:00, 365.09449697804996, 0.62064168108650819, null, null, 365.09449697804996, 0.62064168108650819
2100-Oct-15 08:00:00, 369.52845448682882, 0.62817917854235206, null, null, 369.52845448682882, 0.62817917854235206
2100-Oct-15 09:00:00, 372.57398115720764, 0.63335641569093437, null, null, 372.57398115720764, 0.63335641569093437
2100-Oct-15 10:00:00, 373.86798998717239, 0.63555616348833377, null, null, 373.86798998717239, 0.63555616348833377
2100-Oct-15 11:00:00, 371.49494901999583, 0.63152211710487327, null, null, 371.49494901999583, 0.63152211710487327
2100-Oct-15 12:00:00, 364.90279388799331, 0.6203157957908737, null, null, 364.90279388799331, 0.6203157957908737
2100-Oct-15 13:00:00, 355.56687906978476, 0.60444522552697355, null, null, 355.56687906978476, 0.60444522552697355
2100-Oct-15 14:00:00, 345.05719037268182, 0.5865793006372374, null, null, 345.05719037268182, 0.5865793006372374
2100-Oct-15 15:00:00, 334.50634073098416, 0.5686434042796763, null, null, 334.50634073098416, 0.5686434042796763
2100-Oct-15 16:00:00, 324.86226632988888, 0.55224897873132572, null, null, 324.86226632988888, 0.55224897873132572
2100-Oct-15 17:00:00, 316.96286285871219, 0.53882040314195867, null, null, 316.96286285871219, 0.53882040314195867
2100-Oct-15 18:00:00, 311.23743178466873, 0.52908746770701864, null, null, 311.23743178466873, 0.52908746770701864
2100-Oct-15 19:00:00, 307.54548300796262, 0.52281134655420403, null, null, 307.54548300796262, 0.52281134655420403
2100-Oct-15 20:00:00, 305.46214560433805, 0.51926978118096945, null, null, 305.46214560433805, 0.51926978118096945
2100-Oct-15 21:00:00, 304.74730434750512, 0.51805458817471206, null, null, 304.74730434750512, 0.51805458817471206
2100-Oct-15 22:00:00, 305.08228035738546, 0.51862402999215007, null, null, 305.08228035738546, 0.51862402999215007
2100-Oct-15 23:00:00, 306.18917758182653, 0.52050569777912958, null, null, 306.18917758182653, 0.52050569777912958
2100-Oct-16 00:00:00, 307.83927499075918, 0.52331077766478451, null, null, 307.83927499075918, 0.52331077766478451
2100-Oct-16 01:00:00, 309.88457720485826, 0.52678768519145358, null, null, 309.88457720485826, 0.52678768519145358
2100-Oct-16 02:00:00, 312.24070272888719, 0.53079297620018673, null, null, 312.24070272888719, 0.53079297620018673
2100-Oct-16 03:00:00, 314.83751630193967, 0.53520742439041635, null, null, 314.83751630193967, 0.53520742439041635
2100-Oct-16 04:00:00, 317.63465952042861, 0.53996242257234484, null, null, 317.63465952042861, 0.53996242257234484
2100-Oct-16 05:00:00, 320.59124879390851, 0.54498847076579437, null, null, 320.59124879390851, 0.54498847076579437
2100-Oct-16 06:00:00, 323.70405220231157, 0.55028007487452246, null, null, 323.70405220231157, 0.55028007487452246
2100-Oct-16 07:00:00, 326.85862981629839, 0.55564269296290292, null, null, 326.85862981629839, 0.55564269296290292
2100-Oct-16 08:00:00, 329.8273625203953, 0.56068938435764604, null, null, 329.8273625203953, 0.56068938435764604
2100-Oct-16 09:00:00, 332.16965641728621, 0.56467116231868841, null, null, 332.16965641728621, 0.56467116231868841
2100-Oct-16 10:00:00, 333.459470350608, 0.56686377900968654, null, null, 333.459470350608, 0.56686377900968654
2100-Oct-16 11:00:00, 333.14899346892474, 0.56633598443764732, null, null, 333.14899346892474, 0.56633598443764732
2100-Oct-16 12:00:00, 330.88544013637056, 0.56248806134602691, null, null, 330.88544013637056, 0.56248806134602691
2100-Oct-16 13:00:00, 326.29277969570927, 0.55468077714934705, null, null, 326.29277969570927, 0.55468077714934705
2100-Oct-16 14:00:00, 320.48501073160867, 0.54480787157811306, null, null, 320.48501073160867, 0.54480787157811306
2100-Oct-16 15:00:00, 313.54519146451275, 0.53301053929286113, null, null, 313.54519146451275, 0.53301053929286113
2100-Oct-16 16:00:00, 306.53674835025811, 0.52109655003190636, null, null, 306.53674835025811, 0.52109655003190636
2100-Oct-16 17:00:00, 300.69506542842578, 0.51116599249409078, null, null, 300.69506542842578, 0.51116599249409078
2100-Oct-16 18:00:00, 296.51150345201825, 0.50405415443720747, null, null, 296.51150345201825, 0.50405415443720747
2100-Oct-16 19:00:00, 293.94810713639788, 0.49969651384884983, null, null, 293.94810713639788, 0.49969651384884983
2100-Oct-16 20:00:00, 292.88247683300898, 0.49788499768416827, null, null, 292.88247683300898, 0.49788499768416827
2100-Oct-16 21:00:00, 293.13347838747512, 0.49831168728921199, null, null, 293.13347838747512, 0.49831168728921199
2100-Oct-16 22:00:00, 294.50206684304828, 0.50063821657632301, null, null, 294.50206684304828, 0.50063821657632301
2100-Oct-16 23:00:00, 296.7141300063854, 0.50439860905478218, null, null, 296.7141300063854, 0.50439860905478218
2100-Oct-17 00:00:00, 299.59076705103683, 0.50928874261211032, null, null, 299.59076705103683, 0.50928874261211032
2100-Oct-17 01:00:00, 303.07485665365107, 0.51521151396561149, null, null, 303.07485665365107, 0.51521151396561149
2100-Oct-17 02:00:00, 307.0342253536063, 0.5219422350975963, null, null, 307.0342253536063, 0.5219422350975963
2100-Oct-17 03:00:00, 311.40047046147356, 0.52936462498901504, null, null, 311.40047046147356, 0.52936462498901504
2100-Oct-17 04:00:00, 316.14343945303995, 0.53742742591489123, null, null, 316.14343945303995, 0.53742742591489123
2100-Oct-17 05:00:00, 321.21753985149729, 0.54605313303282033, null, null, 321.21753985149729, 0.54605313303282033
2100-Oct-17 06:00:00, 326.4923029356911, 0.5550199562936593, null, null, 326.4923029356911, 0.5550199562936593
2100-Oct-17 07:00:00, 331.6961628033381, 0.563866247769231, null, null, 331.6961628033381, 0.563866247769231
2100-Oct-17 08:00:00, 336.15087272913325, 0.57143902325607843, null, null, 336.15087272913325, 0.57143902325607843
2100-Oct-17 09:00:00, 337.97404363205573, 0.57453831909171471, null, null, 337.97404363205573, 0.57453831909171471
2100-Oct-17 10:00:00, 337.1773791027918, 0.57318403077239755, null, null, 337.1773791027918, 0.57318403077239755
2100-Oct-17 11:00:00, 334.45600221379146, 0.56855783141513716, null, null, 334.45600221379146, 0.56855783141513716
2100-Oct-17 12:00:00, 330.41290423190742, 0.56168477485294843, null, null, 330.41290423190742, 0.56168477485294843
2100-Oct-17 13:00:00, 325.49875305120128, 0.55333097309709767, null, null, 325.49875305120128, 0.55333097309709767
2100-Oct-17 14:00:00, 319.99364354527501, 0.54397257288399115, null, null, 319.99364354527501, 0.54397257288399115
2100-Oct-17 15:00:00, 314.31827158723956, 0.53432473534608893, null, null, 314.31827158723956, 0.53432473534608893
2100-Oct-17 16:00:00, 309.08459315630716, 0.52542775386177099, null, null, 309.08459315630716, 0.52542775386177099
2100-Oct-17 17:00:00, 304.86465630316604, 0.51825408040382814, null, null, 304.86465630316604, 0.51825408040382814
2100-Oct-17 18:00:00, 301.96577841981616, 0.51332613857594867, null, null, 301.96577841981616, 0.51332613857594867
2100-Oct-17 19:00:00, 300.48136517127517, 0.51080271315697567, null, null, 300.48136517127517, 0.51080271315697567
2100-Oct-17 20:00:00, 300.26132283420105, 0.51042865261341153, null, null, 300.26132283420105, 0.51042865261341153
2100-Oct-17 21:00:00, 301.10556213152398, 0.51186381556729554, null, null, 301.10556213152398, 0.51186381556729554
2100-Oct-17 22:00:00, 302.76359508605697, 0.51468238546828216, null, null, 302.76359508605697, 0.51468238546828216
2100-Oct-17 23:00:00, 305.0424669068783, 0.51855634919428228, null, null, 305.0424669068783, 0.51855634919428228
2100-Oct-18 00:00:00, 307.82964810536703, 0.52329441245965858, null, null, 307.82964810536703, 0.52329441245965858
2100-Oct-18 01:00:00, 311.06548773689263, 0.5287951717569348, null, null, 311.06548773689263, 0.5287951717569348
2100-Oct-18 02:00:00, 314.72664724275103, 0.53501895274856781, null, null, 314.72664724275103, 0.53501895274856781
2100-Oct-18 03:00:00, 318.75670001457411, 0.54186983313124859, null, null, 318.75670001457411, 0.54186983313124859
2100-Oct-18 04:00:00, 323.11519969217176, 0.54927905619352291, null, null, 323.11519969217176, 0.54927905619352291
2100-Oct-18 05:00:00, 327.72548662712222, 0.55711630451493721, null, null, 327.72548662712222, 0.55711630451493721
2100-Oct-18 06:00:00, 332.58510108138876, 0.56537739666859299, null, null, 332.58510108138876, 0.56537739666859299
2100-Oct-18 07:00:00, 337.49103337488532, 0.57371722674309378, null, null, 337.49103337488532, 0.57371722674309378
2100-Oct-18 08:00:00, 341.88457619171265, 0.58118602132184427, null, null, 341.88457619171265, 0.58118602132184427
2100-Oct-18 09:00:00, 344.78899393305932, 0.58612338062056646, null, null, 344.78899393305932, 0.58612338062056646
2100-Oct-18 10:00:00, 345.72239443859127, 0.58771011299718501, null, null, 345.72239443859127, 0.58771011299718501
2100-Oct-18 11:00:00, 344.75047759536244, 0.5860579048471013, null, null, 344.75047759536244, 0.5860579048471013
2100-Oct-18 12:00:00, 341.4948947829958, 0.58052358316789765, null, null, 341.4948947829958, 0.58052358316789765
2100-Oct-18 13:00:00, 335.12146153873761, 0.56968907770218846, null, null, 335.12146153873761, 0.56968907770218846
2100-Oct-18 14:00:00, 327.05867586193159, 0.55598276084966691, null, null, 327.05867586193159, 0.55598276084966691
2100-Oct-18 15:00:00, 317.87836742909508, 0.54037671335837634, null, null, 317.87836742909508, 0.54037671335837634
2100-Oct-18 16:00:00, 308.94682864746642, 0.52519356135252016, null, null, 308.94682864746642, 0.52519356135252016
2100-Oct-18 17:00:00, 301.50862142624317, 0.51254899543257049, null, null, 301.50862142624317, 0.51254899543257049
2100-Oct-18 18:00:00, 295.99564191220509, 0.50317721661445869, null, null, 295.99564191220509, 0.50317721661445869
2100-Oct-18 19:00:00, 292.32130533395696, 0.49693103528420796, null, null, 292.32130533395696, 0.49693103528420796
2100-Oct-18 20:00:00, 290.31266688023902, 0.4935164542457941, null, null, 290.31266688023902, 0.4935164542457941
2100-Oct-18 21:00:00, 289.75482731373006, 0.49256815595808939, null, null, 289.75482731373006, 0.49256815595808939
2100-Oct-18 22:00:00, 290.35598078877075, 0.49359008564048251, null, null, 290.35598078877075, 0.49359008564048251
2100-Oct-18 23:00:00, 291.94362332340046, 0.49628899548386002, null, null, 291.94362332340046, 0.49628899548386002
2100-Oct-19 00:00:00, 294.2974985229115, 0.5002904610577994, null, null, 294.2974985229115, 0.5002904610577994
2100-Oct-19 01:00:00, 297.28714734566699, 0.50537270876783491, null, null, 297.28714734566699, 0.50537270876783491
2100-Oct-19 02:00:00, 300.82005914382944, 0.51137847531784053, null, null, 300.82005914382944, 0.51137847531784053
2100-Oct-19 03:00:00, 304.87501891617654, 0.5182716963076901, null, null, 304.87501891617654, 0.5182716963076901
2100-Oct-19 04:00:00, 309.33069305225064, 0.52584611090192857, null, null, 309.33069305225064, 0.52584611090192857
2100-Oct-19 05:00:00, 314.18502776386288, 0.53409822776731308, null, null, 314.18502776386288, 0.53409822776731308
2100-Oct-19 06:00:00, 319.37884763825241, 0.54292745177584534, null, null, 319.37884763825241, 0.54292745177584534
2100-Oct-19 07:00:00, 324.05967961735951, 0.55088462300806795, null, null, 324.05967961735951, 0.55088462300806795
2100-Oct-19 08:00:00, 326.93435614733426, 0.55577142379227895, null, null, 326.93435614733426, 0.55577142379227895
2100-Oct-19 09:00:00, 327.67310662184229, 0.557027261226689, null, null, 327.67310662184229, 0.557027261226689
2100-Oct-19 10:00:00, 326.25395301388176, 0.55461477380697977, null, null, 326.25395301388176, 0.55461477380697977
2100-Oct-19 11:00:00, 322.64821385953348, 0.5484852045342643, null, null, 322.64821385953348, 0.5484852045342643
2100-Oct-19 12:00:00, 316.98212360319587, 0.53885314540713736, null, null, 316.98212360319587, 0.53885314540713736
2100-Oct-19 13:00:00, 310.35245999456379, 0.52758306163113666, null, null, 310.35245999456379, 0.52758306163113666
2100-Oct-19 14:00:00, 303.32601591847299, 0.51563847167006827, null, null, 303.32601591847299, 0.51563847167006827
2100-Oct-19 15:00:00, 296.14794722500511, 0.50343612773516033, null, null, 296.14794722500511, 0.50343612773516033
2100-Oct-19 16:00:00, 289.44648043098135, 0.4920439822736023, null, null, 289.44648043098135, 0.4920439822736023
2100-Oct-19 17:00:00, 283.96359422538541, 0.48272336051673237, null, null, 283.96359422538541, 0.48272336051673237
2100-Oct-19 18:00:00, 280.09992772150383, 0.47615532814709943, null, null, 280.09992772150383, 0.47615532814709943
2100-Oct-19 19:00:00, 277.78205348966333, 0.47221506234823402, null, null, 277.78205348966333, 0.47221506234823402
2100-Oct-19 20:00:00, 276.75590441097637, 0.47047066221480788, null, null, 276.75590441097637, 0.47047066221480788
2100-Oct-19 21:00:00, 276.80084291626525, 0.47054705533959851, null, null, 276.80084291626525, 0.47054705533959851
2100-Oct-19 22:00:00, 277.70658269893721, 0.47208676592411125, null, null, 277.70658269893721, 0.47208676592411125
2100-Oct-19 23:00:00, 279.31877647232028, 0.47482741159812647, null, null, 279.31877647232028, 0.47482741159812647
2100-Oct-20 00:00:00, 281.5193946023756, 0.47856834811448568, null, null, 281.5193946023756, 0.47856834811448568
2100-Oct-20 01:00:00, 284.21274080928191, 0.48314689676815875, null, null, 284.21274080928191, 0.48314689676815875
2100-Oct-20 02:00:00, 287.34156234171689, 0.48846573085572614, null, null, 287.34156234171689, 0.48846573085572614
2100-Oct-20 03:00:00, 290.85420503560181, 0.49443704098127988, null, null, 290.85420503560181, 0.49443704098127988
2100-Oct-20 04:00:00, 294.71626722624984, 0.50100234610174721, null, null, 294.71626722624984, 0.50100234610174721
2100-Oct-20 05:00:00, 298.89602659394387, 0.50810771992133308, null, null, 298.89602659394387, 0.50810771992133308
2100-Oct-20 06:00:00, 303.32101191801451, 0.51562996512920711, null, null, 303.32101191801451, 0.51562996512920711
2100-Oct-20 07:00:00, 307.82884668144709, 0.52329305008062232, null, null, 307.82884668144709, 0.52329305008062232
2100-Oct-20 08:00:00, 312.25863549400862, 0.53082346096942756, null, null, 312.25863549400862, 0.53082346096942756
2100-Oct-20 09:00:00, 316.43419448560036, 0.53792169436781589, null, null, 316.43419448560036, 0.53792169436781589
2100-Oct-20 10:00:00, 319.75952213487739, 0.5435745786470737, null, null, 319.75952213487739, 0.5435745786470737
2100-Oct-20 11:00:00, 320.44696891641803, 0.54474320246826091, null, null, 320.44696891641803, 0.54474320246826091
2100-Oct-20 12:00:00, 318.43845066842823, 0.54132882577334107, null, null, 318.43845066842823, 0.54132882577334107
2100-Oct-20 13:00:00, 314.47448015523673, 0.53459028179788248, null, null, 314.47448015523673, 0.53459028179788248
2100-Oct-20 14:00:00, 309.19688801590922, 0.52561864929026325, null, null, 309.19688801590922, 0.52561864929026325
2100-Oct-20 15:00:00, 303.83801501252282, 0.51650884353564297, null, null, 303.83801501252282, 0.51650884353564297
2100-Oct-20 16:00:00, 299.2277231037458, 0.50867158675898183, null, null, 299.2277231037458, 0.50867158675898183
2100-Oct-20 17:00:00, 295.82547041146813, 0.5028879339022716, null, null, 295.82547041146813, 0.5028879339022716
2100-Oct-20 18:00:00, 293.84944590327763, 0.49952879487721735, null, null, 293.84944590327763, 0.49952879487721735
2100-Oct-20 19:00:00, 293.14453075353561, 0.49833047573743167, null, null, 293.14453075353561, 0.49833047573743167
2100-Oct-20 20:00:00, 293.48664479956375, 0.49891205184555631, null, null, 293.48664479956375, 0.49891205184555631
2100-Oct-20 21:00:00, 294.66262214038568, 0.50091115224221672, null, null, 294.66262214038568, 0.50091115224221672
2100-Oct-20 22:00:00, 296.51678609276297, 0.50406313465208208, null, null, 296.51678609276297, 0.50406313465208208
2100-Oct-20 23:00:00, 298.92867714523544, 0.50816322416259041, null, null, 298.92867714523544, 0.50816322416259041
2100-Oct-21 00:00:00, 301.80231468193705, 0.51304825871220461, null, null, 301.80231468193705, 0.51304825871220461
2100-Oct-21 01:00:00, 305.10998549432873, 0.51867112728589049, null, null, 305.10998549432873, 0.51867112728589049
2100-Oct-21 02:00:00, 308.88707342906514, 0.52509198058504969, null, null, 308.88707342906514, 0.52509198058504969
2100-Oct-21 03:00:00, 313.08570275851167, 0.53222943235946929, null, null, 313.08570275851167, 0.53222943235946929
2100-Oct-21 04:00:00, 317.57715284650214, 0.5398646642136874, null, null, 317.57715284650214, 0.5398646642136874
2100-Oct-21 05:00:00, 322.22133735986961, 0.54775953665769905, null, null, 322.22133735986961, 0.54775953665769905
2100-Oct-21 06:00:00, 327.04076192175438, 0.55595230808185347, null, null, 327.04076192175438, 0.55595230808185347
2100-Oct-21 07:00:00, 331.89278557408068, 0.56420049626649305, null, null, 331.89278557408068, 0.56420049626649305
2100-Oct-21 08:00:00, 336.2481445503787, 0.57160438029969263, null, null, 336.2481445503787, 0.57160438029969263
2100-Oct-21 09:00:00, 339.66361512352654, 0.57741050286731765, null, null, 339.66361512352654, 0.57741050286731765
2100-Oct-21 10:00:00, 341.18555410130796, 0.57999772007683403, null, null, 341.18555410130796, 0.57999772007683403
2100-Oct-21 11:00:00, 339.21608266878047, 0.57664972094002653, null, null, 339.21608266878047, 0.57664972094002653
2100-Oct-21 12:00:00, 334.73909338027102, 0.56903907169380175, null, null, 334.73909338027102, 0.56903907169380175
2100-Oct-21 13:00:00, 329.02960847929933, 0.55933324392480599, null, null, 329.02960847929933, 0.55933324392480599
2100-Oct-21 14:00:00, 323.03069246720037, 0.54913539830055458, null, null, 323.03069246720037, 0.54913539830055458
2100-Oct-21 15:00:00, 317.46006866099884, 0.53966562717993072, null, null, 317.46006866099884, 0.53966562717993072
2100-Oct-21 16:00:00, 312.07622121117237, 0.53051336616358757, null, null, 312.07622121117237, 0.53051336616358757
2100-Oct-21 17:00:00, 307.5087070143108, 0.52274882927521837, null, null, 307.5087070143108, 0.52274882927521837
2100-Oct-21 18:00:00, 304.33717522988178, 0.51735738997772152, null, null, 304.33717522988178, 0.51735738997772152
2100-Oct-21 19:00:00, 302.7296305415299, 0.51462464750677595, null, null, 302.7296305415299, 0.51462464750677595
2100-Oct-21 20:00:00, 302.57604629334929, 0.51436356226235791, null, null, 302.57604629334929, 0.51436356226235791
2100-Oct-21 21:00:00, 303.60001170420435, 0.51610425027389406, null, null, 303.60001170420435, 0.51610425027389406
2100-Oct-21 22:00:00, 305.51961330638312, 0.51936747328945276, null, null, 305.51961330638312, 0.51936747328945276
2100-Oct-21 23:00:00, 308.17272330852069, 0.52387762248497205, null, null, 308.17272330852069, 0.52387762248497205
2100-Oct-22 00:00:00, 311.43808885512931, 0.52942857430425128, null, null, 311.43808885512931, 0.52942857430425128
2100-Oct-22 01:00:00, 315.21306452229334, 0.53584583685825304, null, null, 315.21306452229334, 0.53584583685825304
2100-Oct-22 02:00:00, 319.40625979015044, 0.54297405101022722, null, null, 319.40625979015044, 0.54297405101022722
2100-Oct-22 03:00:00, 323.94578784097502, 0.5506910129039928, null, null, 323.94578784097502, 0.5506910129039928
2100-Oct-22 04:00:00, 328.75323079062696, 0.55886341620970148, null, null, 328.75323079062696, 0.55886341620970148
2100-Oct-22 05:00:00, 333.77008874404066, 0.56739181414434936, null, null, 333.77008874404066, 0.56739181414434936
2100-Oct-22 06:00:00, 338.96286577048147, 0.57621926536553658, null, null, 338.96286577048147, 0.57621926536553658
2100-Oct-22 07:00:00, 344.18297640092777, 0.58509318229376817, null, null, 344.18297640092777, 0.58509318229376817
2100-Oct-22 08:00:00, 349.08016236037923, 0.5934181440546954, null, null, 349.08016236037923, 0.5934181440546954
2100-Oct-22 09:00:00, 353.03311439952125, 0.60013795719659258, null, null, 353.03311439952125, 0.60013795719659258
2100-Oct-22 10:00:00, 354.0418785104365, 0.60185280378781858, null, null, 354.0418785104365, 0.60185280378781858
2100-Oct-22 11:00:00, 352.46874710112616, 0.59917856210374554, null, null, 352.46874710112616, 0.59917856210374554
2100-Oct-22 12:00:00, 350.07563625131758, 0.5951103979622826, null, null, 350.07563625131758, 0.5951103979622826
2100-Oct-22 13:00:00, 348.03239401490441, 0.59163699229068012, null, null, 348.03239401490441, 0.59163699229068012
2100-Oct-22 14:00:00, 346.93491284190713, 0.58977133130206549, null, null, 346.93491284190713, 0.58977133130206549
2100-Oct-22 15:00:00, 346.89127691694756, 0.58969715249617594, null, null, 346.89127691694756, 0.58969715249617594
2100-Oct-22 16:00:00, 347.7710354766798, 0.59119269635121052, null, null, 347.7710354766798, 0.59119269635121052
2100-Oct-22 17:00:00, 349.42507444592184, 0.5940044766846585, null, null, 349.42507444592184, 0.5940044766846585
2100-Oct-22 18:00:00, 351.72024419391022, 0.59790614604029402, null, null, 351.72024419391022, 0.59790614604029402
2100-Oct-22 19:00:00, 354.5373349668883, 0.60269505402873602, null, null, 354.5373349668883, 0.60269505402873602
2100-Oct-22 20:00:00, 357.75302537230732, 0.60816156068822425, null, null, 357.75302537230732, 0.60816156068822425
2100-Oct-22 21:00:00, 361.30223432576076, 0.61419503155571609, null, null, 361.30223432576076, 0.61419503155571609
2100-Oct-22 22:00:00, 365.13853495830131, 0.62071654336551019, null, null, 365.13853495830131, 0.62071654336551019
2100-Oct-22 23:00:00, 369.20193798685295, 0.62762411745234703, null, null, 369.20193798685295, 0.62762411745234703
2100-Oct-23 00:00:00, 373.45154760237455, 0.63484823306507088, null, null, 373.45154760237455, 0.63484823306507088
2100-Oct-23 01:00:00, 377.86253935593373, 0.64234668992993094, null, null, 377.86253935593373, 0.64234668992993094
2100-Oct-23 02:00:00, 382.380687896219, 0.65002730776627649, null, null, 382.380687896219, 0.65002730776627649
2100-Oct-23 03:00:00, 386.95210029650059, 0.65779847139797876, null, null, 386.95210029650059, 0.65779847139797876
2100-Oct-23 04:00:00, 391.55667263149269, 0.66562600519629223, null, null, 391.55667263149269, 0.66562600519629223
2100-Oct-23 05:00:00, 396.22501921268116, 0.673561951900571, null, null, 396.22501921268116, 0.673561951900571
2100-Oct-23 06:00:00, 400.98959587041168, 0.68166148473657862, null, null, 400.98959587041168, 0.68166148473657862
2100-Oct-23 07:00:00, 405.67895461998586, 0.68963315103569689, null, null, 405.67895461998586, 0.68963315103569689
2100-Oct-23 08:00:00, 408.59442797284066, 0.6945893042997312, null, null, 408.59442797284066, 0.6945893042997312
2100-Oct-23 09:00:00, 409.38559886831359, 0.6959342537269545, null, null, 409.38559886831359, 0.6959342537269545
2100-Oct-23 10:00:00, 408.26341323567522, 0.69402659644015163, null, null, 408.26341323567522, 0.69402659644015163
2100-Oct-23 11:00:00, 406.00428897083691, 0.69018620253359309, null, null, 406.00428897083691, 0.69018620253359309
2100-Oct-23 12:00:00, 400.81224761566915, 0.68136000191535773, null, null, 400.81224761566915, 0.68136000191535773
2100-Oct-23 13:00:00, 393.98647702717432, 0.66975654645979943, null, null, 393.98647702717432, 0.66975654645979943
2100-Oct-23 14:00:00, 387.18765595409951, 0.65819890378064061, null, null, 387.18765595409951, 0.65819890378064061
2100-Oct-23 15:00:00, 381.48248263741874, 0.64850040548098664, null, null, 381.48248263741874, 0.64850040548098664
2100-Oct-23 16:00:00, 377.26719651407262, 0.64133463802212665, null, null, 377.26719651407262, 0.64133463802212665
2100-Oct-23 17:00:00, 374.51147289971419, 0.63665005101579875, null, null, 374.51147289971419, 0.63665005101579875
2100-Oct-23 18:00:00, 373.02041596262302, 0.63411533167137757, null, null, 373.02041596262302, 0.63411533167137757
2100-Oct-23 19:00:00, 372.59818016925436, 0.63339755275446619, null, null, 372.59818016925436, 0.63339755275446619
2100-Oct-23 20:00:00, 373.05047108945757, 0.63416642382586985, null, null, 373.05047108945757, 0.63416642382586985
2100-Oct-23 21:00:00, 374.23233888229328, 0.63617553768499124, null, null, 374.23233888229328, 0.63617553768499124
2100-Oct-23 22:00:00, 376.13116104370107, 0.6394034367305671, null, null, 376.13116104370107, 0.6394034367305671
2100-Oct-23 23:00:00, 378.57350623170669, 0.64355529668962985, null, null, 378.57350623170669, 0.64355529668962985
2100-Oct-24 00:00:00, 381.35787245048658, 0.64828857463571721, null, null, 381.35787245048658, 0.64828857463571721
2100-Oct-24 01:00:00, 384.39046276910489, 0.65344382065824791, null, null, 384.39046276910489, 0.65344382065824791
2100-Oct-24 02:00:00, 387.5897307214189, 0.65888241000047432, null, null, 387.5897307214189, 0.65888241000047432
2100-Oct-24 03:00:00, 390.91290261421716, 0.66453162960569279, null, null, 390.91290261421716, 0.66453162960569279
2100-Oct-24 04:00:00, 394.32596806502397, 0.67033366359026514, null, null, 394.32596806502397, 0.67033366359026514
2100-Oct-24 05:00:00, 397.81551107862032, 0.6762657054591743, null, null, 397.81551107862032, 0.6762657054591743
2100-Oct-24 06:00:00, 401.35607821958547, 0.68228448569430988, null, null, 401.35607821958547, 0.68228448569430988
2100-Oct-24 07:00:00, 404.93506809973132, 0.68836858259029488, null, null, 404.93506809973132, 0.68836858259029488
2100-Oct-24 08:00:00, 408.47468648604922, 0.69438574999181046, null, null, 408.47468648604922, 0.69438574999181046
2100-Oct-24 09:00:00, 411.84916196973091, 0.70012218303671425, null, null, 411.84916196973091, 0.70012218303671425
2100-Oct-24 10:00:00, 414.83324267914196, 0.70519496524328373, null, null, 414.83324267914196, 0.70519496524328373
2100-Oct-24 11:00:00, 417.30204160343391, 0.70939179517997053, null, null, 417.30204160343391, 0.70939179517997053
2100-Oct-24 12:00:00, 419.17083494792138, 0.71256864679654186, null, null, 419.17083494792138, 0.71256864679654186
2100-Oct-24 13:00:00, 420.53496821910699, 0.71488760250160566, null, null, 420.53496821910699, 0.71488760250160566
2100-Oct-24 14:00:00, 421.97112900008682, 0.71732900123205934, null, null, 421.97112900008682, 0.71732900123205934
2100-Oct-24 15:00:00, 423.99335186467215, 0.72076667506334491, null, null, 423.99335186467215, 0.72076667506334491
2100-Oct-24 16:00:00, 426.82424213658857, 0.72557904148320718, null, null, 426.82424213658857, 0.72557904148320718
2100-Oct-24 17:00:00, 430.47215829129146, 0.73178030946576333, null, null, 430.47215829129146, 0.73178030946576333
2100-Oct-24 18:00:00, 434.84196286277813, 0.73920875026044897, null, null, 434.84196286277813, 0.73920875026044897
2100-Oct-24 19:00:00, 439.78385282014011, 0.74760970649580438, null, null, 439.78385282014011, 0.74760970649580438
2100-Oct-24 20:00:00, 445.16208022870296, 0.75675241373391611, null, null, 445.16208022870296, 0.75675241373391611
2100-Oct-24 21:00:00, 450.85690331209224, 0.7664333171745874, null, null, 450.85690331209224, 0.7664333171745874
2100-Oct-24 22:00:00, 456.76457158307898, 0.77647604637854761, null, null, 456.76457158307898, 0.77647604637854761
2100-Oct-24 23:00:00, 462.82577952028561, 0.78677978503990842, null, null, 462.82577952028561, 0.78677978503990842
2100-Oct-25 00:00:00, 469.01277825885671, 0.79729736152975006, null, null, 469.01277825885671, 0.79729736152975006
2100-Oct-25 01:00:00, 475.28445368762345, 0.80795888399463878, null, null, 475.28445368762345, 0.80795888399463878
2100-Oct-25 02:00:00, 481.69968397878512, 0.81886444226905741, null, null, 481.69968397878512, 0.81886444226905741
2100-Oct-25 03:00:00, 488.25811632581815, 0.83001343660024129, null, null, 488.25811632581815, 0.83001343660024129
2100-Oct-25 04:00:00, 494.95935711180749, 0.84140519785988022, null, null, 494.95935711180749, 0.84140519785988022
2100-Oct-25 05:00:00, 501.73649117739399, 0.85292597375277768, null, null, 501.73649117739399, 0.85292597375277768
2100-Oct-25 06:00:00, 508.50920687248697, 0.86443923864533556, null, null, 508.50920687248697, 0.86443923864533556
2100-Oct-25 07:00:00, 515.13246375511062, 0.87569843131990077, null, null, 515.13246375511062, 0.87569843131990077
2100-Oct-25 08:00:00, 521.46416970794098, 0.886462002557586, null, null, 521.46416970794098, 0.886462002557586
2100-Oct-25 09:00:00, 527.28285303560074, 0.89635346197995547, null, null, 527.28285303560074, 0.89635346197995547
2100-Oct-25 10:00:00, 531.87991605773641, 0.90416823033646254, null, null, 531.87991605773641, 0.90416823033646254
2100-Oct-25 11:00:00, 534.99719427797072, 0.90946744139287261, null, null, 534.99719427797072, 0.90946744139287261
2100-Oct-25 12:00:00, 537.32507480063271, 0.91342471736638686, null, null, 537.32507480063271, 0.91342471736638686
2100-Oct-25 13:00:00, 539.6170899724799, 0.91732102410643757, null, null, 539.6170899724799, 0.91732102410643757
2100-Oct-25 14:00:00, 542.00665458262324, 0.92138315982466878, null, null, 542.00665458262324, 0.92138315982466878
2100-Oct-25 15:00:00, 544.54442682040462, 0.92569724081166871, null, null, 544.54442682040462, 0.92569724081166871
2100-Oct-25 16:00:00, 547.33877666214914, 0.9304474903982255, null, null, 547.33877666214914, 0.9304474903982255
2100-Oct-25 17:00:00, 550.43075619865203, 0.93570369500635908, null, null, 550.43075619865203, 0.93570369500635908
2100-Oct-25 18:00:00, 553.8061725817837, 0.9414417275314555, null, null, 553.8061725817837, 0.9414417275314555
2100-Oct-25 19:00:00, 557.43873810510365, 0.94761690023800482, null, null, 557.43873810510365, 0.94761690023800482
2100-Oct-25 20:00:00, 561.2590350240406, 0.9541112065659394, null, null, 561.2590350240406, 0.9541112065659394
2100-Oct-25 21:00:00, 565.1915653776864, 0.96079630390323822, null, null, 565.1915653776864, 0.96079630390323822
2100-Oct-25 22:00:00, 569.233196614549, 0.96766686707507632, null, null, 569.233196614549, 0.96766686707507632
2100-Oct-25 23:00:00, 573.37779302945614, 0.97471246570136227, null, null, 573.37779302945614, 0.97471246570136227
2100-Oct-26 00:00:00, 577.56957812304825, 0.98183828263033335, null, null, 577.56957812304825, 0.98183828263033335
2100-Oct-26 01:00:00, 581.84587528643817, 0.989107765688226, null, null, 581.84587528643817, 0.989107765688226
2100-Oct-26 02:00:00, 586.27096478842793, 0.9966301879931514, null, null, 586.27096478842793, 0.9966301879931514
2100-Oct-26 03:00:00, 590.82442630663184, 1.0043708360577281, null, null, 590.82442630663184, 1.0043708360577281
2100-Oct-26 04:00:00, 595.60782815645359, 1.012502370742471, null, null, 595.60782815645359, 1.012502370742471
2100-Oct-26 05:00:00, 600.67169973793591, 1.0211106894028485, null, null, 600.67169973793591, 1.0211106894028485
2100-Oct-26 06:00:00, 605.89932290337731, 1.029997377250355, null, null, 605.89932290337731, 1.029997377250355
2100-Oct-26 07:00:00, 610.40003566021483, 1.0376483551604907, null, null, 610.40003566021483, 1.0376483551604907
2100-Oct-26 08:00:00, 613.77378589555883, 1.0433835553208914, null, null, 613.77378589555883, 1.0433835553208914
2100-Oct-26 09:00:00, 616.03123497157651, 1.0472211014934676, null, null, 616.03123497157651, 1.0472211014934676
2100-Oct-26 10:00:00, 617.09489596377352, 1.0490292699314132, null, null, 617.09489596377352, 1.0490292699314132
2100-Oct-26 11:00:00, 616.43501933060588, 1.0479075139304086, null, null, 616.43501933060588, 1.0479075139304086
2100-Oct-26 12:00:00, 611.99509415761065, 1.0403598717553699, null, null, 611.99509415761065, 1.0403598717553699
2100-Oct-26 13:00:00, 603.37099681527866, 1.0256993542271629, null, null, 603.37099681527866, 1.0256993542271629
2100-Oct-26 14:00:00, 591.71142667670154, 1.0058786906141817, null, null, 591.71142667670154, 1.0058786906141817
2100-Oct-26 15:00:00, 579.58067301553604, 0.98525703948706334, null, null, 579.58067301553604, 0.98525703948706334
2100-Oct-26 16:00:00, 568.40527364271657, 0.96625944102702199, null, null, 568.40527364271657, 0.96625944102702199
2100-Oct-26 17:00:00, 559.44413805448437, 0.95102597598726013, null, null, 559.44413805448437, 0.95102597598726013
2100-Oct-26 18:00:00, 553.15707499928669, 0.94033829535670443, null, null, 553.15707499928669, 0.94033829535670443
2100-Oct-26 19:00:00, 549.32670594875265, 0.93382686692822259, null, null, 549.32670594875265, 0.93382686692822259
2100-Oct-26 20:00:00, 547.49991941704241, 0.93072142471145036, null, null, 547.49991941704241, 0.93072142471145036
2100-Oct-26 21:00:00, 547.22787775373524, 0.93025896801424446, null, null, 547.22787775373524, 0.93025896801424446
2100-Oct-26 22:00:00, 548.16911493452255, 0.93185902233174378, null, null, 548.16911493452255, 0.93185902233174378
2100-Oct-26 23:00:00, 550.13795365715896, 0.93520594589460082, null, null, 550.13795365715896, 0.93520594589460082
2100-Oct-27 00:00:00, 552.95008094453976, 0.93998641621534129, null, null, 552.95008094453976, 0.93998641621534129
2100-Oct-27 01:00:00, 556.37692719233098, 0.9458118768389836, null, null, 556.37692719233098, 0.9458118768389836
2100-Oct-27 02:00:00, 560.24557010970796, 0.95238836885307343, null, null, 560.24557010970796, 0.95238836885307343
2100-Oct-27 03:00:00, 564.52559496526248, 0.95966418879402171, null, null, 564.52559496526248, 0.95966418879402171
2100-Oct-27 04:00:00, 569.18282596080405, 0.9675812395800677, null, null, 569.18282596080405, 0.9675812395800677
2100-Oct-27 05:00:00, 574.1545125216046, 0.9760328484935703, null, null, 574.1545125216046, 0.9760328484935703
2100-Oct-27 06:00:00, 579.3854985514638, 0.98492525303591283, null, null, 579.3854985514638, 0.98492525303591283
2100-Oct-27 07:00:00, 584.71069782057339, 0.99397781519134709, null, null, 584.71069782057339, 0.99397781519134709
2100-Oct-27 08:00:00, 589.59295446738213, 1.0022773978962416, null, null, 589.59295446738213, 1.0022773978962416
2100-Oct-27 09:00:00, 591.57593922287936, 1.0056483689801872, null, null, 591.57593922287936, 1.0056483689801872
2100-Oct-27 10:00:00, 590.53338570784092, 1.0038760821570445, null, null, 590.53338570784092, 1.0038760821570445
2100-Oct-27 11:00:00, 586.87608915255157, 0.99765886798072911, null, null, 586.87608915255157, 0.99765886798072911
2100-Oct-27 12:00:00, 580.79253025247101, 0.98731713384343867, null, null, 580.79253025247101, 0.98731713384343867
2100-Oct-27 13:00:00, 573.23029347155648, 0.97446172411437015, null, null, 573.23029347155648, 0.97446172411437015
2100-Oct-27 14:00:00, 565.12256980246093, 0.96067901500913033, null, null, 565.12256980246093, 0.96067901500913033
2100-Oct-27 15:00:00, 556.90846323368999, 0.94671546050019384, null, null, 556.90846323368999, 0.94671546050019384
2100-Oct-27 16:00:00, 549.52849209013675, 0.93416989288737884, null, null, 549.52849209013675, 0.93416989288737884
2100-Oct-27 17:00:00, 543.83075314400071, 0.92448403263149403, null, null, 543.83075314400071, 0.92448403263149403
2100-Oct-27 18:00:00, 540.03015819579014, 0.91802321863043257, null, null, 540.03015819579014, 0.91802321863043257
2100-Oct-27 19:00:00, 538.0599312399487, 0.9146739351432347, null, null, 538.0599312399487, 0.9146739351432347
2100-Oct-27 20:00:00, 537.66092193981331, 0.91399564005838696, null, null, 537.66092193981331, 0.91399564005838696
2100-Oct-27 21:00:00, 538.51432364722143, 0.91544637863350087, null, null, 538.51432364722143, 0.91544637863350087
2100-Oct-27 22:00:00, 540.35356355232, 0.91857299093817879, null, null, 540.35356355232, 0.91857299093817879
2100-Oct-27 23:00:00, 542.91666139892482, 0.9229301241447132, null, null, 542.91666139892482, 0.9229301241447132
2100-Oct-28 00:00:00, 546.01092266375815, 0.92819020757249071, null, null, 546.01092266375815, 0.92819020757249071
2100-Oct-28 01:00:00, 549.51148365832046, 0.9341409794367449, null, null, 549.51148365832046, 0.9341409794367449
2100-Oct-28 02:00:00, 553.33827393084812, 0.94064632412850524, null, null, 553.33827393084812, 0.94064632412850524
2100-Oct-28 03:00:00, 557.4170716960183, 0.9475800684679585, null, null, 557.4170716960183, 0.9475800684679585
2100-Oct-28 04:00:00, 561.69912975151158, 0.95485934474319412, null, null, 561.69912975151158, 0.95485934474319412
2100-Oct-28 05:00:00, 566.21175263308737, 0.96253056924674785, null, null, 566.21175263308737, 0.96253056924674785
2100-Oct-28 06:00:00, 570.95170741188622, 0.97058824616748385, null, null, 570.95170741188622, 0.97058824616748385
2100-Oct-28 07:00:00, 575.75292407244729, 0.97875006510514451, null, null, 575.75292407244729, 0.97875006510514451
2100-Oct-28 08:00:00, 578.51571996474308, 0.98344667461661706, null, null, 578.51571996474308, 0.98344667461661706
2100-Oct-28 09:00:00, 577.8263326426769, 0.98227475197733216, null, null, 577.8263326426769, 0.98227475197733216
2100-Oct-28 10:00:00, 574.09461587851115, 0.97593102731146908, null, null, 574.09461587851115, 0.97593102731146908
2100-Oct-28 11:00:00, 568.25478011239545, 0.96600360984242661, null, null, 568.25478011239545, 0.96600360984242661
2100-Oct-28 12:00:00, 561.26839096445985, 0.95412711117868487, null, null, 561.26839096445985, 0.95412711117868487
2100-Oct-28 13:00:00, 553.14712229721965, 0.94032137628015477, null, null, 553.14712229721965, 0.94032137628015477
2100-Oct-28 14:00:00, 544.38846381890073, 0.9254321118101585, null, null, 544.38846381890073, 0.9254321118101585
2100-Oct-28 15:00:00, 535.70820306885878, 0.91067611940609006, null, null, 535.70820306885878, 0.91067611940609006
2100-Oct-28 16:00:00, 527.97216389644291, 0.89752525463913102, null, null, 527.97216389644291, 0.89752525463913102
2100-Oct-28 17:00:00, 521.81241117226659, 0.88705399495854531, null, null, 521.81241117226659, 0.88705399495854531
2100-Oct-28 18:00:00, 517.42834224755075, 0.87960130550429061, null, null, 517.42834224755075, 0.87960130550429061
2100-Oct-28 19:00:00, 514.68814843070777, 0.8749431183470886, null, null, 514.68814843070777, 0.8749431183470886
2100-Oct-28 20:00:00, 513.33856769382362, 0.87264890119444793, null, null, 513.33856769382362, 0.87264890119444793
2100-Oct-28 21:00:00, 513.13651774278765, 0.87230542677258627, null, null, 513.13651774278765, 0.87230542677258627
2100-Oct-28 22:00:00, 513.93595105512406, 0.87366442187931026, null, null, 513.93595105512406, 0.87366442187931026
2100-Oct-28 23:00:00, 515.77874570537153, 0.87679707706610033, null, null, 515.77874570537153, 0.87679707706610033
2100-Oct-29 00:00:00, 518.48808125469418, 0.88140280677136107, null, null, 518.48808125469418, 0.88140280677136107
2100-Oct-29 01:00:00, 521.78280312191612, 0.88700366281085397, null, null, 521.78280312191612, 0.88700366281085397
2100-Oct-29 02:00:00, 525.48821040388884, 0.89330266272355874, null, null, 525.48821040388884, 0.89330266272355874
2100-Oct-29 03:00:00, 529.63750634920598, 0.90035625030743816, null, null, 529.63750634920598, 0.90035625030743816
2100-Oct-29 04:00:00, 534.13212499367421, 0.90799686854308692, null, null, 534.13212499367421, 0.90799686854308692
2100-Oct-29 05:00:00, 538.95320758245327, 0.91619245852684017, null, null, 538.95320758245327, 0.91619245852684017
2100-Oct-29 06:00:00, 544.00415142222516, 0.92477880069780427, null, null, 544.00415142222516, 0.92477880069780427
2100-Oct-29 07:00:00, 548.44583845010823, 0.93232943793463785, null, null, 548.44583845010823, 0.93232943793463785
2100-Oct-29 08:00:00, 551.96063517001676, 0.93830440979254714, null, null, 551.96063517001676, 0.93830440979254714
2100-Oct-29 09:00:00, 554.47854857958021, 0.94258473180308588, null, null, 554.47854857958021, 0.94258473180308588
2100-Oct-29 10:00:00, 555.11019893929176, 0.94365850460534706, null, null, 555.11019893929176, 0.94365850460534706
2100-Oct-29 11:00:00, 553.98984078647538, 0.94175395393931849, null, null, 553.98984078647538, 0.94175395393931849
2100-Oct-29 12:00:00, 551.36206336501414, 0.93728686881512135, null, null, 551.36206336501414, 0.93728686881512135
2100-Oct-29 13:00:00, 547.93640279696297, 0.93146342378545044, null, null, 547.93640279696297, 0.93146342378545044
2100-Oct-29 14:00:00, 544.10289259726835, 0.92494665556655342, null, null, 544.10289259726835, 0.92494665556655342
2100-Oct-29 15:00:00, 540.31743331474377, 0.91851157141097972, null, null, 540.31743331474377, 0.91851157141097972
2100-Oct-29 16:00:00, 536.94679794372234, 0.91278166635813485, null, null, 536.94679794372234, 0.91278166635813485
2100-Oct-29 17:00:00, 534.31732744245153, 0.90831170308620357, null, null, 534.31732744245153, 0.90831170308620357
2100-Oct-29 18:00:00, 532.58583253272104, 0.90536825167714974, null, null, 532.58583253272104, 0.90536825167714974
2100-Oct-29 19:00:00, 531.89436956991608, 0.90419280055642215, null, null, 531.89436956991608, 0.90419280055642215
2100-Oct-29 20:00:00, 532.26074746285212, 0.90481562394397497, null, null, 532.26074746285212, 0.90481562394397497
2100-Oct-29 21:00:00, 533.59764636736111, 0.90708828264029884, null, null, 533.59764636736111, 0.90708828264029884
2100-Oct-29 22:00:00, 535.55741723562517, 0.91041979132172635, null, null, 535.55741723562517, 0.91041979132172635
2100-Oct-29 23:00:00, 538.05819386005123, 0.91467098168765215, null, null, 538.05819386005123, 0.91467098168765215
2100-Oct-30 00:00:00, 541.11710459237122, 0.91987097104633808, null, null, 541.11710459237122, 0.91987097104633808
2100-Oct-30 01:00:00, 544.63237087298046, 0.92584674113304855, null, null, 544.63237087298046, 0.92584674113304855
2100-Oct-30 02:00:00, 548.56202102613531, 0.93252694227911648, null, null, 548.56202102613531, 0.93252694227911648
2100-Oct-30 03:00:00, 552.80710919391072, 0.93974337166552546, null, null, 552.80710919391072, 0.93974337166552546
2100-Oct-30 04:00:00, 557.33169150107983, 0.94743492657139006, null, null, 557.33169150107983, 0.94743492657139006
2100-Oct-30 05:00:00, 562.04981675269119, 0.95545549442977884, null, null, 562.04981675269119, 0.95545549442977884
2100-Oct-30 06:00:00, 566.92030042534577, 0.96373506369012429, null, null, 566.92030042534577, 0.96373506369012429
2100-Oct-30 07:00:00, 571.61171919677963, 0.97171023191940209, null, null, 571.61171919677963, 0.97171023191940209
2100-Oct-30 08:00:00, 575.37901688984732, 0.97811444231625022, null, null, 575.37901688984732, 0.97811444231625022
2100-Oct-30 09:00:00, 577.23289103080015, 0.98126593206174739, null, null, 577.23289103080015, 0.98126593206174739
2100-Oct-30 10:00:00, 576.39970105020586, 0.97984955237237736, null, null, 576.39970105020586, 0.97984955237237736
2100-Oct-30 11:00:00, 572.60613032590481, 0.97340067918710904, null, null, 572.60613032590481, 0.97340067918710904
2100-Oct-30 12:00:00, 566.84964790951415, 0.96361495808305087, null, null, 566.84964790951415, 0.96361495808305087
2100-Oct-30 13:00:00, 560.59866536542677, 0.95298861244728506, null, null, 560.59866536542677, 0.95298861244728506
2100-Oct-30 14:00:00, 554.75634946841672, 0.94305697888454543, null, null, 554.75634946841672, 0.94305697888454543
2100-Oct-30 15:00:00, 549.65417522701671, 0.9343835476918283, null, null, 549.65417522701671, 0.9343835476918283
2100-Oct-30 16:00:00, 545.45182366331858, 0.92723976831252164, null, null, 545.45182366331858, 0.92723976831252164
2100-Oct-30 17:00:00, 542.19628438402947, 0.92170552063728861, null, null, 542.19628438402947, 0.92170552063728861
2100-Oct-30 18:00:00, 539.85484868272351, 0.91772520156416415, null, null, 539.85484868272351, 0.91772520156416415
2100-Oct-30 19:00:00, 538.37526658977345, 0.91520998885875537, null, null, 538.37526658977345, 0.91520998885875537
2100-Oct-30 20:00:00, 537.68217632497397, 0.91403177140916259, null, null, 537.68217632497397, 0.91403177140916259
2100-Oct-30 21:00:00, 537.66712109794832, 0.91400617830521913, null, null, 537.66712109794832, 0.91400617830521913
2100-Oct-30 22:00:00, 538.16010653147225, 0.91484422793550935, null, null, 538.16010653147225, 0.91484422793550935
2100-Oct-30 23:00:00, 539.05671014022266, 0.91636840749890758, null, null, 539.05671014022266, 0.91636840749890758
2100-Oct-31 00:00:00, 540.32762527423142, 0.91852889721271691, null, null, 540.32762527423142, 0.91852889721271691
2100-Oct-31 01:00:00, 542.00069719311773, 0.9213730325719488, null, null, 542.00069719311773, 0.9213730325719488
2100-Oct-31 02:00:00, 544.24757520670028, 0.92519260848746854, null, null, 544.24757520670028, 0.92519260848746854
2100-Oct-31 03:00:00, 547.10915402735486, 0.9300571438461579, null, null, 547.10915402735486, 0.9300571438461579
2100-Oct-31 04:00:00, 550.51411110091874, 0.93584539401058353, null, null, 550.51411110091874, 0.93584539401058353
2100-Oct-31 05:00:00, 554.28225002267902, 0.94225103445251379, null, null, 554.28225002267902, 0.94225103445251379
2100-Oct-31 06:00:00, 558.41815972450968, 0.94928186611777587, null, null, 558.41815972450968, 0.94928186611777587
2100-Oct-31 07:00:00, 562.67040638907247, 0.95651046457689592, null, null, 562.67040638907247, 0.95651046457689592
2100-Oct-31 08:00:00, 566.40286277786117, 0.96285544656620037, null, null, 566.40286277786117, 0.96285544656620037
2100-Oct-31 09:00:00, 568.43532265846125, 0.9663105227929788, null, null, 568.43532265846125, 0.9663105227929788
2100-Oct-31 10:00:00, 568.36863760116341, 0.96619716165933467, null, null, 568.36863760116341, 0.96619716165933467
2100-Oct-31 11:00:00, 566.28582222433113, 0.96265648370453183, null, null, 566.28582222433113, 0.96265648370453183
2100-Oct-31 12:00:00, 562.36477856951501, 0.95599091315860008, null, null, 562.36477856951501, 0.95599091315860008
2100-Oct-31 13:00:00, 556.77216764522893, 0.94648376507928966, null, null, 556.77216764522893, 0.94648376507928966
2100-Oct-31 14:00:00, 550.41989019278174, 0.93568522336078275, null, null, 550.41989019278174, 0.93568522336078275
2100-Oct-31 15:00:00, 544.15171260956026, 0.92502964705163548, null, null, 544.15171260956026, 0.92502964705163548
2100-Oct-31 16:00:00, 538.47623817569752, 0.91538163531014971, null, null, 538.47623817569752, 0.91538163531014971
2100-Oct-31 17:00:00, 533.6795260015607, 0.90722747376543766, null, null, 533.6795260015607, 0.90722747376543766
2100-Oct-31 18:00:00, 529.88267252080527, 0.90077302006471027, null, null, 529.88267252080527, 0.90077302006471027
2100-Oct-31 19:00:00, 527.02221621287231, 0.89591039291934205, null, null, 527.02221621287231, 0.89591039291934205
2100-Oct-31 20:00:00, 525.01421520826375, 0.89249689551130362, null, null, 525.01421520826375, 0.89249689551130362
2100-Oct-31 21:00:00, 523.77353986369587, 0.89038781186882554, null, null, 523.77353986369587, 0.89038781186882554
2100-Oct-31 22:00:00, 523.21585422649707, 0.8894397752529527, null, null, 523.21585422649707, 0.8894397752529527
2100-Oct-31 23:00:00, 523.273278608071, 0.88953739371888518, null, null, 523.273278608071, 0.88953739371888518
2100-Nov-01 00:00:00, 523.89167809566368, 0.89058864072682253, null, null, 523.89167809566368, 0.89058864072682253
2100-Nov-01 01:00:00, 525.0315804692757, 0.8925264155530358, null, null, 525.0315804692757, 0.8925264155530358
2100-Nov-01 02:00:00, 526.66371808818496, 0.89530096472852028, null, null, 526.66371808818496, 0.89530096472852028
2100-Nov-01 03:00:00, 528.77792165623089, 0.89889500097801767, null, null, 528.77792165623089, 0.89889500097801767
2100-Nov-01 04:00:00, 531.39936790620027, 0.90335132343953295, null, null, 531.39936790620027, 0.90335132343953295
2100-Nov-01 05:00:00, 534.46621841219758, 0.90856481000106171, null, null, 534.46621841219758, 0.90856481000106171
2100-Nov-01 06:00:00, 537.88579436590965, 0.91437791150240388, null, null, 537.88579436590965, 0.91437791150240388
2100-Nov-01 07:00:00, 541.40740678773727, 0.92036446969955366, null, null, 541.40740678773727, 0.92036446969955366
2100-Nov-01 08:00:00, 544.65120756519434, 0.92587876253139478, null, null, 544.65120756519434, 0.92587876253139478
2100-Nov-01 09:00:00, 547.01652519202025, 0.92989967963742559, null, null, 547.01652519202025, 0.92989967963742559
2100-Nov-01 10:00:00, 548.35923082184252, 0.93218220946516861, null, null, 548.35923082184252, 0.93218220946516861
2100-Nov-01 11:00:00, 548.88124790857785, 0.93306961139795308, null, null, 548.88124790857785, 0.93306961139795308
2100-Nov-01 12:00:00, 548.8535655771708, 0.93302255287243963, null, null, 548.8535655771708, 0.93302255287243963
2100-Nov-01 13:00:00, 548.48603084513491, 0.93239776291850573, null, null, 548.48603084513491, 0.93239776291850573
2100-Nov-01 14:00:00, 548.0422101854532, 0.93164329085002551, null, null, 548.0422101854532, 0.93164329085002551
2100-Nov-01 15:00:00, 547.73948895347064, 0.93112868047963271, null, null, 547.73948895347064, 0.93112868047963271
2100-Nov-01 16:00:00, 547.89988534007398, 0.9314013460055327, null, null, 547.89988534007398, 0.9314013460055327
2100-Nov-01 17:00:00, 548.71979123381334, 0.93279514343725267, null, null, 548.71979123381334, 0.93279514343725267
2100-Nov-01 18:00:00, 550.23226862330603, 0.93536627643813308, null, null, 550.23226862330603, 0.93536627643813308
2100-Nov-01 19:00:00, 552.34575850187741, 0.93895909945259426, null, null, 552.34575850187741, 0.93895909945259426
2100-Nov-01 20:00:00, 554.94425212469366, 0.94337640364015696, null, null, 554.94425212469366, 0.94337640364015696
2100-Nov-01 21:00:00, 557.9092656701082, 0.94841677265832103, null, null, 557.9092656701082, 0.94841677265832103
2100-Nov-01 22:00:00, 561.11151554266746, 0.95386043111007723, null, null, 561.11151554266746, 0.95386043111007723
2100-Nov-01 23:00:00, 564.47531319989741, 0.95957871240464176, null, null, 564.47531319989741, 0.95957871240464176
2100-Nov-02 00:00:00, 567.93799883873567, 0.96546509813149073, null, null, 567.93799883873567, 0.96546509813149073
2100-Nov-02 01:00:00, 571.45961920012996, 0.97145166982549147, null, null, 571.45961920012996, 0.97145166982549147
2100-Nov-02 02:00:00, 575.01519030909424, 0.97749595602688788, null, null, 575.01519030909424, 0.97749595602688788
2100-Nov-02 03:00:00, 578.58897949076584, 0.98357121200560182, null, null, 578.58897949076584, 0.98357121200560182
2100-Nov-02 04:00:00, 582.15858587531284, 0.98963935744646714, null, null, 582.15858587531284, 0.98963935744646714
2100-Nov-02 05:00:00, 585.73128130189957, 0.9957127540983487, null, null, 585.73128130189957, 0.9957127540983487
2100-Nov-02 06:00:00, 589.33017172687892, 1.0018306808868744, null, null, 589.33017172687892, 1.0018306808868744
2100-Nov-02 07:00:00, 592.94324197237427, 1.0079727126337477, null, null, 592.94324197237427, 1.0079727126337477
2100-Nov-02 08:00:00, 596.41562358992655, 1.0138755810207809, null, null, 596.41562358992655, 1.0138755810207809
2100-Nov-02 09:00:00, 599.52171356479732, 1.0191557726412139, null, null, 599.52171356479732, 1.0191557726412139
2100-Nov-02 10:00:00, 600.13486683492397, 1.0201981013519585, null, null, 600.13486683492397, 1.0201981013519585
2100-Nov-02 11:00:00, 597.6377384171376, 1.0159531127478247, null, null, 597.6377384171376, 1.0159531127478247
2100-Nov-02 12:00:00, 592.55766568330705, 1.0073172529699768, null, null, 592.55766568330705, 1.0073172529699768
2100-Nov-02 13:00:00, 585.61704969239736, 0.99551856629562507, null, null, 585.61704969239736, 0.99551856629562507
2100-Nov-02 14:00:00, 577.54255344271428, 0.98179234207748434, null, null, 577.54255344271428, 0.98179234207748434
2100-Nov-02 15:00:00, 569.49380764707416, 0.96810989229368394, null, null, 569.49380764707416, 0.96810989229368394
2100-Nov-02 16:00:00, 562.46394953402444, 0.95615949864711758, null, null, 562.46394953402444, 0.95615949864711758
2100-Nov-02 17:00:00, 557.01688515053229, 0.94689977212716336, null, null, 557.01688515053229, 0.94689977212716336
2100-Nov-02 18:00:00, 553.22901211891087, 0.94046058472350025, null, null, 553.22901211891087, 0.94046058472350025
2100-Nov-02 19:00:00, 550.86507540669379, 0.93644201510057679, null, null, 550.86507540669379, 0.93644201510057679
2100-Nov-02 20:00:00, 549.69740880083759, 0.93445704252168105, null, null, 549.69740880083759, 0.93445704252168105
2100-Nov-02 21:00:00, 549.62737777320126, 0.93433799341225809, null, null, 549.62737777320126, 0.93433799341225809
2100-Nov-02 22:00:00, 550.48461424252059, 0.93579525088343551, null, null, 550.48461424252059, 0.93579525088343551
2100-Nov-02 23:00:00, 552.04857924132716, 0.93845391014577473, null, null, 552.04857924132716, 0.93845391014577473
2100-Nov-03 00:00:00, 554.21069305856406, 0.94212939133033768, null, null, 554.21069305856406, 0.94212939133033768
2100-Nov-03 01:00:00, 556.86192174805115, 0.94663634239207051, null, null, 556.86192174805115, 0.94663634239207051
2100-Nov-03 02:00:00, 559.87593226171828, 0.95176000371125835, null, null, 559.87593226171828, 0.95176000371125835
2100-Nov-03 03:00:00, 563.22026599533547, 0.95744519734667832, null, null, 563.22026599533547, 0.95744519734667832
2100-Nov-03 04:00:00, 566.89455187313536, 0.96369129248880059, null, null, 566.89455187313536, 0.96369129248880059
2100-Nov-03 05:00:00, 570.80747109000117, 0.97034305191221715, null, null, 570.80747109000117, 0.97034305191221715
2100-Nov-03 06:00:00, 574.83064818044431, 0.97718224399368936, null, null, 574.83064818044431, 0.97718224399368936
2100-Nov-03 07:00:00, 578.81149811347098, 0.98394948210611521, null, null, 578.81149811347098, 0.98394948210611521
2100-Nov-03 08:00:00, 582.53961351756573, 0.99028708464691984, null, null, 582.53961351756573, 0.99028708464691984
2100-Nov-03 09:00:00, 585.81588101148736, 0.99585656921036103, null, null, 585.81588101148736, 0.99585656921036103
2100-Nov-03 10:00:00, 588.44738629625283, 1.0003299915085424, null, null, 588.44738629625283, 1.0003299915085424
2100-Nov-03 11:00:00, 590.33882613154594, 1.0035453409831767, null, null, 590.33882613154594, 1.0035453409831767
2100-Nov-03 12:00:00, 591.38367801456752, 1.0053215349125086, null, null, 591.38367801456752, 1.0053215349125086
2100-Nov-03 13:00:00, 591.81808181586575, 1.0060599988108685, null, null, 591.81808181586575, 1.0060599988108685
2100-Nov-03 14:00:00, 591.61483097721236, 1.0057144829424338, null, null, 591.61483097721236, 1.0057144829424338
2100-Nov-03 15:00:00, 590.92037974173934, 1.0045339519133878, null, null, 590.92037974173934, 1.0045339519133878
2100-Nov-03 16:00:00, 590.07009368603292, 1.0030885097843332, null, null, 590.07009368603292, 1.0030885097843332
2100-Nov-03 17:00:00, 589.58329935636141, 1.0022609847090131, null, null, 589.58329935636141, 1.0022609847090131
2100-Nov-03 18:00:00, 589.81296246467309, 1.0026514000639579, null, null, 589.81296246467309, 1.0026514000639579
2100-Nov-03 19:00:00, 590.87707732366721, 1.0044603400518837, null, null, 590.87707732366721, 1.0044603400518837
2100-Nov-03 20:00:00, 592.72602071741733, 1.0076034477832496, null, null, 592.72602071741733, 1.0076034477832496
2100-Nov-03 21:00:00, 595.23965630799705, 1.0118764977237151, null, null, 595.23965630799705, 1.0118764977237151
2100-Nov-03 22:00:00, 598.2969518674056, 1.017073741372347, null, null, 598.2969518674056, 1.017073741372347
2100-Nov-03 23:00:00, 601.77189870407301, 1.022980970498633, null, null, 601.77189870407301, 1.022980970498633
2100-Nov-04 00:00:00, 605.54533485585728, 1.0293956159564548, null, null, 605.54533485585728, 1.0293956159564548
2100-Nov-04 01:00:00, 609.51845736271548, 1.036149717845773, null, null, 609.51845736271548, 1.036149717845773
2100-Nov-04 02:00:00, 613.64228975569517, 1.0431600187133092, null, null, 613.64228975569517, 1.0431600187133092
2100-Nov-04 03:00:00, 617.87668490873989, 1.0503582705300936, null, null, 617.87668490873989, 1.0503582705300936
2100-Nov-04 04:00:00, 622.18032831694734, 1.0576742407837547, null, null, 622.18032831694734, 1.0576742407837547
2100-Nov-04 05:00:00, 626.4897801244141, 1.0650000850144561, null, null, 626.4897801244141, 1.0650000850144561
2100-Nov-04 06:00:00, 630.85962704306712, 1.0724285977971248, null, null, 630.85962704306712, 1.0724285977971248
2100-Nov-04 07:00:00, 635.39055501951702, 1.0801309400111594, null, null, 635.39055501951702, 1.0801309400111594
2100-Nov-04 08:00:00, 639.92860068637071, 1.0878453819291727, null, null, 639.92860068637071, 1.0878453819291727
2100-Nov-04 09:00:00, 644.37894181017816, 1.0954107306795657, null, null, 644.37894181017816, 1.0954107306795657
2100-Nov-04 10:00:00, 648.64238049503626, 1.1026583549918507, null, null, 648.64238049503626, 1.1026583549918507
2100-Nov-04 11:00:00, 652.66902148425743, 1.1095034355213234, null, null, 652.66902148425743, 1.1095034355213234
2100-Nov-04 12:00:00, 655.60202370404772, 1.1144893869486618, null, null, 655.60202370404772, 1.1144893869486618
2100-Nov-04 13:00:00, 656.56359815295775, 1.1161240135656092, null, null, 656.56359815295775, 1.1161240135656092
2100-Nov-04 14:00:00, 656.43931698769995, 1.1159127420400963, null, null, 656.43931698769995, 1.1159127420400963
2100-Nov-04 15:00:00, 656.33844175750755, 1.1157412593884408, null, null, 656.33844175750755, 1.1157412593884408
2100-Nov-04 16:00:00, 656.78262403859696, 1.1164963461945308, null, null, 656.78262403859696, 1.1164963461945308
2100-Nov-04 17:00:00, 657.96689672709601, 1.1185095482513645, null, null, 657.96689672709601, 1.1185095482513645
2100-Nov-04 18:00:00, 659.81857270388446, 1.1216573012319595, null, null, 659.81857270388446, 1.1216573012319595
2100-Nov-04 19:00:00, 662.21801119549752, 1.1257362220358189, null, null, 662.21801119549752, 1.1257362220358189
2100-Nov-04 20:00:00, 664.97365101972014, 1.1304206666032683, null, null, 664.97365101972014, 1.1304206666032683
2100-Nov-04 21:00:00, 667.97826709435901, 1.1355283578640749, null, null, 667.97826709435901, 1.1355283578640749
2100-Nov-04 22:00:00, 671.17914143050211, 1.140969677975372, null, null, 671.17914143050211, 1.140969677975372
2100-Nov-04 23:00:00, 674.47783037634042, 1.1465772778424541, null, null, 674.47783037634042, 1.1465772778424541
2100-Nov-05 00:00:00, 677.84270088218057, 1.15229738292393, null, null, 677.84270088218057, 1.15229738292393
2100-Nov-05 01:00:00, 681.29169171671083, 1.1581604881947924, null, null, 681.29169171671083, 1.1581604881947924
2100-Nov-05 02:00:00, 684.79992971622755, 1.1641243105687094, null, null, 684.79992971622755, 1.1641243105687094
2100-Nov-05 03:00:00, 688.34932185928233, 1.1701580928490081, null, null, 688.34932185928233, 1.1701580928490081
2100-Nov-05 04:00:00, 691.9538086976504, 1.1762855332496052, null, null, 691.9538086976504, 1.1762855332496052
2100-Nov-05 05:00:00, 695.61187691877035, 1.1825040592177507, null, null, 695.61187691877035, 1.1825040592177507
2100-Nov-05 06:00:00, 699.37058067212126, 1.1888936603634674, null, null, 699.37058067212126, 1.1888936603634674
2100-Nov-05 07:00:00, 703.06542241777925, 1.1951746994132335, null, null, 703.06542241777925, 1.1951746994132335
2100-Nov-05 08:00:00, 706.33488034440177, 1.2007326080659695, null, null, 706.33488034440177, 1.2007326080659695
2100-Nov-05 09:00:00, 708.74933196416134, 1.2048370504078647, null, null, 708.74933196416134, 1.2048370504078647
2100-Nov-05 10:00:00, 710.04376817862362, 1.2070375247367107, null, null, 710.04376817862362, 1.2070375247367107
2100-Nov-05 11:00:00, 710.11044625959016, 1.207150874010954, null, null, 710.11044625959016, 1.207150874010954
2100-Nov-05 12:00:00, 708.77129588024911, 1.2048743879243617, null, null, 708.77129588024911, 1.2048743879243617
2100-Nov-05 13:00:00, 706.48779010033729, 1.2009925467086056, null, null, 706.48779010033729, 1.2009925467086056
2100-Nov-05 14:00:00, 703.82599904806818, 1.1964676401787746, null, null, 703.82599904806818, 1.1964676401787746
2100-Nov-05 15:00:00, 701.11343462672869, 1.1918564215587995, null, null, 701.11343462672869, 1.1918564215587995
2100-Nov-05 16:00:00, 698.63781305658631, 1.1876479934785495, null, null, 698.63781305658631, 1.1876479934785495
2100-Nov-05 17:00:00, 696.68539880486298, 1.1843289906631231, null, null, 696.68539880486298, 1.1843289906631231
2100-Nov-05 18:00:00, 695.39075465019096, 1.1821281628467215, null, null, 695.39075465019096, 1.1821281628467215
2100-Nov-05 19:00:00, 694.76474006889339, 1.1810639705750299, null, null, 694.76474006889339, 1.1810639705750299
2100-Nov-05 20:00:00, 694.72073415414297, 1.1809891628057139, null, null, 694.72073415414297, 1.1809891628057139
2100-Nov-05 21:00:00, 695.3126084257384, 1.1819953183242313, null, null, 695.3126084257384, 1.1819953183242313
2100-Nov-05 22:00:00, 696.47183279709111, 1.1839659395429787, null, null, 696.47183279709111, 1.1839659395429787
2100-Nov-05 23:00:00, 698.16993342927981, 1.1868526224147804, null, null, 698.16993342927981, 1.1868526224147804
2100-Nov-06 00:00:00, 700.34133097813583, 1.1905438854608794, null, null, 700.34133097813583, 1.1905438854608794
2100-Nov-06 01:00:00, 703.00162495473614, 1.1950662470398346, null, null, 703.00162495473614, 1.1950662470398346
2100-Nov-06 02:00:00, 706.10201803545124, 1.2003367542361116, null, null, 706.10201803545124, 1.2003367542361116
2100-Nov-06 03:00:00, 709.51251025259307, 1.2061344138571128, null, null, 709.51251025259307, 1.2061344138571128
2100-Nov-06 04:00:00, 713.10894127542315, 1.2122481597897312, null, null, 713.10894127542315, 1.2122481597897312
2100-Nov-06 05:00:00, 716.86033259055137, 1.218625330170293, null, null, 716.86033259055137, 1.218625330170293
2100-Nov-06 06:00:00, 720.77644218058208, 1.2252825130623752, null, null, 720.77644218058208, 1.2252825130623752
2100-Nov-06 07:00:00, 724.49981290519577, 1.2316120498945107, null, null, 724.49981290519577, 1.2316120498945107
2100-Nov-06 08:00:00, 727.4126288087615, 1.2365636856327871, null, null, 727.4126288087615, 1.2365636856327871
2100-Nov-06 09:00:00, 728.80493779390338, 1.2389305385880709, null, null, 728.80493779390338, 1.2389305385880709
2100-Nov-06 10:00:00, 728.08596412676013, 1.2377083206989319, null, null, 728.08596412676013, 1.2377083206989319
2100-Nov-06 11:00:00, 723.33320813631326, 1.2296288823833161, null, null, 723.33320813631326, 1.2296288823833161
2100-Nov-06 12:00:00, 714.97966259066493, 1.2154282888564421, null, null, 714.97966259066493, 1.2154282888564421
2100-Nov-06 13:00:00, 704.48145148329604, 1.1975818752730836, null, null, 704.48145148329604, 1.1975818752730836
2100-Nov-06 14:00:00, 693.15817635121937, 1.178332895703283, null, null, 693.15817635121937, 1.178332895703283
2100-Nov-06 15:00:00, 681.14888784558605, 1.1579177290314138, null, null, 681.14888784558605, 1.1579177290314138
2100-Nov-06 16:00:00, 669.73129413526328, 1.1385084127777001, null, null, 669.73129413526328, 1.1385084127777001
2100-Nov-06 17:00:00, 660.43221824878503, 1.12270046678425, null, null, 660.43221824878503, 1.12270046678425
2100-Nov-06 18:00:00, 653.74052388923997, 1.1113249339537048, null, null, 653.74052388923997, 1.1113249339537048
2100-Nov-06 19:00:00, 649.46372512229595, 1.1040545981958245, null, null, 649.46372512229595, 1.1040545981958245
2100-Nov-06 20:00:00, 647.2622432070624, 1.1003121932895292, null, null, 647.2622432070624, 1.1003121932895292
2100-Nov-06 21:00:00, 646.69349518992692, 1.0993453512023672, null, null, 646.69349518992692, 1.0993453512023672
2100-Nov-06 22:00:00, 647.36808478949308, 1.1004921184820269, null, null, 647.36808478949308, 1.1004921184820269
2100-Nov-06 23:00:00, 649.07199661208995, 1.1033886800756771, null, null, 649.07199661208995, 1.1033886800756771
2100-Nov-07 00:00:00, 651.61201182170748, 1.1077065739982939, null, null, 651.61201182170748, 1.1077065739982939
2100-Nov-07 01:00:00, 654.84295143777365, 1.1131990035238062, null, null, 654.84295143777365, 1.1131990035238062
2100-Nov-07 02:00:00, 658.56309750196237, 1.1195230586007148, null, null, 658.56309750196237, 1.1195230586007148
2100-Nov-07 03:00:00, 662.60651294537342, 1.1263966548310098, null, null, 662.60651294537342, 1.1263966548310098
2100-Nov-07 04:00:00, 666.93929306727114, 1.1337621559845221, null, null, 666.93929306727114, 1.1337621559845221
2100-Nov-07 05:00:00, 671.631370701984, 1.1417384442471514, null, null, 671.631370701984, 1.1417384442471514
2100-Nov-07 06:00:00, 676.61054267357054, 1.1502027779701824, null, null, 676.61054267357054, 1.1502027779701824
2100-Nov-07 07:00:00, 681.65582073736289, 1.1587794886162737, null, null, 681.65582073736289, 1.1587794886162737
2100-Nov-07 08:00:00, 686.32300887546785, 1.1667134660274823, null, null, 686.32300887546785, 1.1667134660274823
2100-Nov-07 09:00:00, 689.43583819491278, 1.1720051141836358, null, null, 689.43583819491278, 1.1720051141836358
2100-Nov-07 10:00:00, 688.70386812644404, 1.170760803087304, null, null, 688.70386812644404, 1.170760803087304
2100-Nov-07 11:00:00, 684.39529581071463, 1.1634364539468736, null, null, 684.39529581071463, 1.1634364539468736
2100-Nov-07 12:00:00, 677.37773722930683, 1.1515069688652351, null, null, 677.37773722930683, 1.1515069688652351
2100-Nov-07 13:00:00, 668.72758946255067, 1.1368021669686208, null, null, 668.72758946255067, 1.1368021669686208
2100-Nov-07 14:00:00, 659.75827337281976, 1.1215547955012235, null, null, 659.75827337281976, 1.1215547955012235
2100-Nov-07 15:00:00, 651.41436032888464, 1.1073705767269293, null, null, 651.41436032888464, 1.1073705767269293
2100-Nov-07 16:00:00, 643.94175406998966, 1.0946675342296961, null, null, 643.94175406998966, 1.0946675342296961
2100-Nov-07 17:00:00, 637.96062509018509, 1.0844999256364494, null, null, 637.96062509018509, 1.0844999256364494
2100-Nov-07 18:00:00, 633.88776948504039, 1.0775762826603912, null, null, 633.88776948504039, 1.0775762826603912
2100-Nov-07 19:00:00, 631.61811446823128, 1.0737179870224716, null, null, 631.61811446823128, 1.0737179870224716
2100-Nov-07 20:00:00, 630.84827293414389, 1.0724092964017118, null, null, 630.84827293414389, 1.0724092964017118
2100-Nov-07 21:00:00, 631.32544363668967, 1.0732204618107895, null, null, 631.32544363668967, 1.0732204618107895
2100-Nov-07 22:00:00, 632.80233350661285, 1.0757310978768924, null, null, 632.80233350661285, 1.0757310978768924
2100-Nov-07 23:00:00, 635.05370918388485, 1.0795583195870662, null, null, 635.05370918388485, 1.0795583195870662
2100-Nov-08 00:00:00, 637.83700528473094, 1.0842897783882501, null, null, 637.83700528473094, 1.0842897783882501
2100-Nov-08 01:00:00, 640.88897659082988, 1.0894779710828086, null, null, 640.88897659082988, 1.0894779710828086
2100-Nov-08 02:00:00, 644.03693626212976, 1.0948293390123711, null, null, 644.03693626212976, 1.0948293390123711
2100-Nov-08 03:00:00, 647.14717121766409, 1.1001165768846333, null, null, 647.14717121766409, 1.1001165768846333
2100-Nov-08 04:00:00, 650.079995308045, 1.1051022255012282, null, null, 650.079995308045, 1.1051022255012282
2100-Nov-08 05:00:00, 652.78934230839457, 1.1097079746726399, null, null, 652.78934230839457, 1.1097079746726399
2100-Nov-08 06:00:00, 655.29471667185442, 1.113966980956107, null, null, 655.29471667185442, 1.113966980956107
2100-Nov-08 07:00:00, 657.6606917136628, 1.1179890156334604, null, null, 657.6606917136628, 1.1179890156334604
2100-Nov-08 08:00:00, 659.93115979079857, 1.1218486934317033, null, null, 659.93115979079857, 1.1218486934317033
2100-Nov-08 09:00:00, 662.08105718315721, 1.1255034073285199, null, null, 662.08105718315721, 1.1255034073285199
2100-Nov-08 10:00:00, 663.64374411224242, 1.1281598939387185, null, null, 663.64374411224242, 1.1281598939387185
2100-Nov-08 11:00:00, 664.44100065362477, 1.1295151886478867, null, null, 664.44100065362477, 1.1295151886478867
2100-Nov-08 12:00:00, 664.76438785341259, 1.1300649300901144, null, null, 664.76438785341259, 1.1300649300901144
2100-Nov-08 13:00:00, 664.43422149649211, 1.1295036644328849, null, null, 664.43422149649211, 1.1295036644328849
2100-Nov-08 14:00:00, 663.46778834771942, 1.1278607782785419, null, null, 663.46778834771942, 1.1278607782785419
2100-Nov-08 15:00:00, 662.24268427903144, 1.1257781649962548, null, null, 662.24268427903144, 1.1257781649962548
2100-Nov-08 16:00:00, 661.07823828060123, 1.1237986672826981, null, null, 661.07823828060123, 1.1237986672826981
2100-Nov-08 17:00:00, 660.13357980874741, 1.1221927969480947, null, null, 660.13357980874741, 1.1221927969480947
2100-Nov-08 18:00:00, 659.46473313454101, 1.1210557923432471, null, null, 659.46473313454101, 1.1210557923432471
2100-Nov-08 19:00:00, 659.07632957342912, 1.120395526463855, null, null, 659.07632957342912, 1.120395526463855
2100-Nov-08 20:00:00, 658.9985004718385, 1.1202632210337582, null, null, 658.9985004718385, 1.1202632210337582
2100-Nov-08 21:00:00, 659.18084007052403, 1.1205731888804211, null, null, 659.18084007052403, 1.1205731888804211
2100-Nov-08 22:00:00, 659.5428202947827, 1.1211885364596466, null, null, 659.5428202947827, 1.1211885364596466
2100-Nov-08 23:00:00, 660.10869159092579, 1.1221504882705444, null, null, 660.10869159092579, 1.1221504882705444
2100-Nov-09 00:00:00, 660.85537118152558, 1.1234198047904553, null, null, 660.85537118152558, 1.1234198047904553
2100-Nov-09 01:00:00, 661.78617209578294, 1.1250021179969354, null, null, 661.78617209578294, 1.1250021179969354
2100-Nov-09 02:00:00, 662.8963879831731, 1.1268894273385501, null, null, 662.8963879831731, 1.1268894273385501
2100-Nov-09 03:00:00, 664.09309324895605, 1.1289237641309922, null, null, 664.09309324895605, 1.1289237641309922
2100-Nov-09 04:00:00, 665.30114780105419, 1.1309773941206644, null, null, 665.30114780105419, 1.1309773941206644
2100-Nov-09 05:00:00, 666.49183971210061, 1.1330015085224008, null, null, 666.49183971210061, 1.1330015085224008
2100-Nov-09 06:00:00, 667.68305588063504, 1.1350265141346356, null, null, 667.68305588063504, 1.1350265141346356
2100-Nov-09 07:00:00, 668.75425730884228, 1.1368475009221324, null, null, 668.75425730884228, 1.1368475009221324
2100-Nov-09 08:00:00, 669.36706205463895, 1.1378892371596192, null, null, 669.36706205463895, 1.1378892371596192
2100-Nov-09 09:00:00, 669.57116678714453, 1.1382362046032495, null, null, 669.57116678714453, 1.1382362046032495
2100-Nov-09 10:00:00, 669.50830197127721, 1.138129337681606, null, null, 669.50830197127721, 1.138129337681606
2100-Nov-09 11:00:00, 669.20823483222478, 1.1376192391313351, null, null, 669.20823483222478, 1.1376192391313351
2100-Nov-09 12:00:00, 668.6864201488238, 1.1367321812737059, null, null, 668.6864201488238, 1.1367321812737059
2100-Nov-09 13:00:00, 667.91464228790403, 1.1354201989979078, null, null, 667.91464228790403, 1.1354201989979078
2100-Nov-09 14:00:00, 666.85980113467247, 1.1336270238280826, null, null, 666.85980113467247, 1.1336270238280826
2100-Nov-09 15:00:00, 665.60255145092742, 1.1314897646699094, null, null, 665.60255145092742, 1.1314897646699094
2100-Nov-09 16:00:00, 664.32355728911705, 1.129315541028479, null, null, 664.32355728911705, 1.129315541028479
2100-Nov-09 17:00:00, 663.18976914525717, 1.1273881600752582, null, null, 663.18976914525717, 1.1273881600752582
2100-Nov-09 18:00:00, 662.29090110522088, 1.1258601310962935, null, null, 662.29090110522088, 1.1258601310962935
2100-Nov-09 19:00:00, 661.66115656058753, 1.124789598080673, null, null, 661.66115656058753, 1.124789598080673
2100-Nov-09 20:00:00, 661.30761781618753, 1.1241886005787392, null, null, 661.30761781618753, 1.1241886005787392
2100-Nov-09 21:00:00, 661.27685877667818, 1.1241363118092624, null, null, 661.27685877667818, 1.1241363118092624
2100-Nov-09 22:00:00, 661.7124295414219, 1.124876759484865, null, null, 661.7124295414219, 1.124876759484865
2100-Nov-09 23:00:00, 662.78366463582438, 1.126697803503145, null, null, 662.78366463582438, 1.126697803503145
2100-Nov-10 00:00:00, 664.5086508939745, 1.1296301905425854, null, null, 664.5086508939745, 1.1296301905425854
2100-Nov-10 01:00:00, 666.78637325446505, 1.1335022002457285, null, null, 666.78637325446505, 1.1335022002457285
2100-Nov-10 02:00:00, 669.56491062927569, 1.1382255694598304, null, null, 669.56491062927569, 1.1382255694598304
2100-Nov-10 03:00:00, 672.74808826085473, 1.1436368060925726, null, null, 672.74808826085473, 1.1436368060925726
2100-Nov-10 04:00:00, 676.22271797214228, 1.1495434961221851, null, null, 676.22271797214228, 1.1495434961221851
2100-Nov-10 05:00:00, 679.89334575761291, 1.1557833726973565, null, null, 679.89334575761291, 1.1557833726973565
2100-Nov-10 06:00:00, 683.68491859145217, 1.1622288495726145, null, null, 683.68491859145217, 1.1622288495726145
2100-Nov-10 07:00:00, 687.51412191159045, 1.1687382963199742, null, null, 687.51412191159045, 1.1687382963199742
2100-Nov-10 08:00:00, 691.27590960344219, 1.1751331400009561, null, null, 691.27590960344219, 1.1751331400009561
2100-Nov-10 09:00:00, 694.79159468243392, 1.1811096220231636, null, null, 694.79159468243392, 1.1811096220231636
2100-Nov-10 10:00:00, 697.81372891511978, 1.1862470932427203, null, null, 697.81372891511978, 1.1862470932427203
2100-Nov-10 11:00:00, 700.19846019821023, 1.1903010125560147, null, null, 700.19846019821023, 1.1903010125560147
2100-Nov-10 12:00:00, 701.9380580223692, 1.1932582384987145, null, null, 701.9380580223692, 1.1932582384987145
2100-Nov-10 13:00:00, 703.2047520976306, 1.195411552631904, null, null, 703.2047520976306, 1.195411552631904
2100-Nov-10 14:00:00, 704.16917210224619, 1.1970510165457469, null, null, 704.16917210224619, 1.1970510165457469
2100-Nov-10 15:00:00, 704.92405000222163, 1.1983342697657591, null, null, 704.92405000222163, 1.1983342697657591
2100-Nov-10 16:00:00, 705.64058301766806, 1.1995523386737859, null, null, 705.64058301766806, 1.1995523386737859
2100-Nov-10 17:00:00, 706.56309288927446, 1.2011205575384134, null, null, 706.56309288927446, 1.2011205575384134
2100-Nov-10 18:00:00, 707.84854194390061, 1.20330575416235, null, null, 707.84854194390061, 1.20330575416235
2100-Nov-10 19:00:00, 709.54035545865929, 1.2061817492610869, null, null, 709.54035545865929, 1.2061817492610869
2100-Nov-10 20:00:00, 711.59575791262682, 1.2096758266709045, null, null, 711.59575791262682, 1.2096758266709045
2100-Nov-10 21:00:00, 713.95707699028492, 1.2136899464510431, null, null, 713.95707699028492, 1.2136899464510431
2100-Nov-10 22:00:00, 716.5585811106464, 1.2181123683280612, null, null, 716.5585811106464, 1.2181123683280612
2100-Nov-10 23:00:00, 719.33390120868967, 1.2228302683387708, null, null, 719.33390120868967, 1.2228302683387708
2100-Nov-11 00:00:00, 722.25460498100676, 1.2277953130442121, null, null, 722.25460498100676, 1.2277953130442121
2100-Nov-11 01:00:00, 725.34487282101054, 1.2330486078572063, null, null, 725.34487282101054, 1.2330486078572063
2100-Nov-11 02:00:00, 728.66314903725288, 1.2386895050665712, null, null, 728.66314903725288, 1.2386895050665712
2100-Nov-11 03:00:00, 732.17887158057124, 1.244666050776188, null, null, 732.17887158057124, 1.244666050776188
2100-Nov-11 04:00:00, 735.84643977033284, 1.250900726197576, null, null, 735.84643977033284, 1.250900726197576
2100-Nov-11 05:00:00, 739.62299621833643, 1.2573206759968958, null, null, 739.62299621833643, 1.2573206759968958
2100-Nov-11 06:00:00, 743.46816346742958, 1.2638572605942786, null, null, 743.46816346742958, 1.2638572605942786
2100-Nov-11 07:00:00, 747.13992235550461, 1.2700990599851258, null, null, 747.13992235550461, 1.2700990599851258
2100-Nov-11 08:00:00, 750.51933684673622, 1.275843889086322, null, null, 750.51933684673622, 1.275843889086322
2100-Nov-11 09:00:00, 753.09186935816263, 1.2802170607329968, null, null, 753.09186935816263, 1.2802170607329968
2100-Nov-11 10:00:00, 754.29623257891387, 1.2822644156511147, null, null, 754.29623257891387, 1.2822644156511147
2100-Nov-11 11:00:00, 754.69723283249778, 1.2829460952534106, null, null, 754.69723283249778, 1.2829460952534106
2100-Nov-11 12:00:00, 754.76187267641205, 1.2830559796305354, null, null, 754.76187267641205, 1.2830559796305354
2100-Nov-11 13:00:00, 754.43640217242103, 1.2825026966793733, null, null, 754.43640217242103, 1.2825026966793733
2100-Nov-11 14:00:00, 753.94708675848074, 1.2816708858917467, null, null, 753.94708675848074, 1.2816708858917467
2100-Nov-11 15:00:00, 753.35736427731592, 1.2806683883051928, null, null, 753.35736427731592, 1.2806683883051928
2100-Nov-11 16:00:00, 752.77919843873929, 1.2796855364107622, null, null, 752.77919843873929, 1.2796855364107622
2100-Nov-11 17:00:00, 752.46558318729899, 1.2791524067731497, null, null, 752.46558318729899, 1.2791524067731497
2100-Nov-11 18:00:00, 752.58569605070045, 1.2793565924020174, null, null, 752.58569605070045, 1.2793565924020174
2100-Nov-11 19:00:00, 753.20110728471525, 1.2804027595340886, null, null, 753.20110728471525, 1.2804027595340886
2100-Nov-11 20:00:00, 754.36007744447056, 1.2823729486063244, null, null, 754.36007744447056, 1.2823729486063244
2100-Nov-11 21:00:00, 755.98763328392204, 1.2851397089947179, null, null, 755.98763328392204, 1.2851397089947179
2100-Nov-11 22:00:00, 757.98402721622574, 1.2885334749827337, null, null, 757.98402721622574, 1.2885334749827337
2100-Nov-11 23:00:00, 760.34760808750161, 1.2925514396945403, null, null, 760.34760808750161, 1.2925514396945403
2100-Nov-12 00:00:00, 763.04024556744298, 1.2971287835491858, null, null, 763.04024556744298, 1.2971287835491858
2100-Nov-12 01:00:00, 766.05960229956679, 1.3022615331620562, null, null, 766.05960229956679, 1.3022615331620562
2100-Nov-12 02:00:00, 769.40234431539341, 1.3079440209599094, null, null, 769.40234431539341, 1.3079440209599094
2100-Nov-12 03:00:00, 772.99511469025515, 1.3140515439811236, null, null, 772.99511469025515, 1.3140515439811236
2100-Nov-12 04:00:00, 776.77894701684227, 1.320483862396111, null, null, 776.77894701684227, 1.320483862396111
2100-Nov-12 05:00:00, 780.70379382155613, 1.3271558980993252, null, null, 780.70379382155613, 1.3271558980993252
2100-Nov-12 06:00:00, 784.74555360624083, 1.3340266797957838, null, null, 784.74555360624083, 1.3340266797957838
2100-Nov-12 07:00:00, 788.80666496221409, 1.3409303581582717, null, null, 788.80666496221409, 1.3409303581582717
2100-Nov-12 08:00:00, 792.52050013940629, 1.3472436850550871, null, null, 792.52050013940629, 1.3472436850550871
2100-Nov-12 09:00:00, 794.72889720717069, 1.3509978453614973, null, null, 794.72889720717069, 1.3509978453614973
2100-Nov-12 10:00:00, 793.30018677692601, 1.3485691118403065, null, null, 793.30018677692601, 1.3485691118403065
2100-Nov-12 11:00:00, 788.80094459850557, 1.3409206338370949, null, null, 788.80094459850557, 1.3409206338370949
2100-Nov-12 12:00:00, 781.90858150021563, 1.32920397457384, null, null, 781.90858150021563, 1.32920397457384
2100-Nov-12 13:00:00, 773.12659785327639, 1.3142750585287475, null, null, 773.12659785327639, 1.3142750585287475
2100-Nov-12 14:00:00, 763.70995491160033, 1.2982672546481413, null, null, 763.70995491160033, 1.2982672546481413
2100-Nov-12 15:00:00, 754.45612990159498, 1.2825362327942693, null, null, 754.45612990159498, 1.2825362327942693
2100-Nov-12 16:00:00, 746.40469299309291, 1.2688492082583855, null, null, 746.40469299309291, 1.2688492082583855
2100-Nov-12 17:00:00, 740.35588942865695, 1.2585665563864257, null, null, 740.35588942865695, 1.2585665563864257
2100-Nov-12 18:00:00, 736.41502243149216, 1.2518672871881673, null, null, 736.41502243149216, 1.2518672871881673
2100-Nov-12 19:00:00, 734.38413138937233, 1.2484148779053164, null, null, 734.38413138937233, 1.2484148779053164
2100-Nov-12 20:00:00, 733.97785118841443, 1.2477242226667362, null, null, 733.97785118841443, 1.2477242226667362
2100-Nov-12 21:00:00, 734.92254110729266, 1.2493301464596476, null, null, 734.92254110729266, 1.2493301464596476
2100-Nov-12 22:00:00, 736.94305753842082, 1.2527649194426917, null, null, 736.94305753842082, 1.2527649194426917
2100-Nov-12 23:00:00, 739.68923997709146, 1.2574332869459393, null, null, 739.68923997709146, 1.2574332869459393
2100-Nov-13 00:00:00, 742.90799236381201, 1.2629049988145944, null, null, 742.90799236381201, 1.2629049988145944
2100-Nov-13 01:00:00, 746.52656216071671, 1.269056379513205, null, null, 746.52656216071671, 1.269056379513205
2100-Nov-13 02:00:00, 750.52780080582443, 1.2758582773771361, null, null, 750.52780080582443, 1.2758582773771361
2100-Nov-13 03:00:00, 754.81702943755295, 1.2831497432595167, null, null, 754.81702943755295, 1.2831497432595167
2100-Nov-13 04:00:00, 759.3468804605526, 1.2908502547086251, null, null, 759.3468804605526, 1.2908502547086251
2100-Nov-13 05:00:00, 764.07967070527786, 1.2988957522935769, null, null, 764.07967070527786, 1.2988957522935769
2100-Nov-13 06:00:00, 768.95961614560508, 1.3071914060675018, null, null, 768.95961614560508, 1.3071914060675018
2100-Nov-13 07:00:00, 773.70967297039385, 1.315266255941699, null, null, 773.70967297039385, 1.315266255941699
2100-Nov-13 08:00:00, 777.92186763561676, 1.3224267680823265, null, null, 777.92186763561676, 1.3224267680823265
2100-Nov-13 09:00:00, 781.22540928987416, 1.3280426173016613, null, null, 781.22540928987416, 1.3280426173016613
2100-Nov-13 10:00:00, 782.62558825266979, 1.330422848810173, null, null, 782.62558825266979, 1.330422848810173
2100-Nov-13 11:00:00, 780.55988228153137, 1.3269112559563514, null, null, 780.55988228153137, 1.3269112559563514
2100-Nov-13 12:00:00, 775.31796206651495, 1.3180002638671862, null, null, 775.31796206651495, 1.3180002638671862
2100-Nov-13 13:00:00, 768.65668774290566, 1.3066764435176512, null, null, 768.65668774290566, 1.3066764435176512
2100-Nov-13 14:00:00, 761.9925272028845, 1.2953477167501322, null, null, 761.9925272028845, 1.2953477167501322
2100-Nov-13 15:00:00, 755.76970032609097, 1.2847692342863013, null, null, 755.76970032609097, 1.2847692342863013
2100-Nov-13 16:00:00, 750.41720813407096, 1.2756702755795712, null, null, 750.41720813407096, 1.2756702755795712
2100-Nov-13 17:00:00, 746.4199535362817, 1.2688751503891418, null, null, 746.4199535362817, 1.2688751503891418
2100-Nov-13 18:00:00, 743.99076537237818, 1.2647456566876489, null, null, 743.99076537237818, 1.2647456566876489
2100-Nov-13 19:00:00, 742.99364086176502, 1.2630505968123513, null, null, 742.99364086176502, 1.2630505968123513
2100-Nov-13 20:00:00, 743.13386742272007, 1.2632889746823124, null, null, 743.13386742272007, 1.2632889746823124
2100-Nov-13 21:00:00, 744.16742355869405, 1.2650459664283882, null, null, 744.16742355869405, 1.2650459664283882
2100-Nov-13 22:00:00, 745.88459420773984, 1.2679650673383103, null, null, 745.88459420773984, 1.2679650673383103
2100-Nov-13 23:00:00, 748.19903696352901, 1.2718994998061266, null, null, 748.19903696352901, 1.2718994998061266
2100-Nov-14 00:00:00, 750.924876238254, 1.2765332849873332, null, null, 750.924876238254, 1.2765332849873332
2100-Nov-14 01:00:00, 753.902499160449, 1.2815950892910664, null, null, 753.902499160449, 1.2815950892910664
2100-Nov-14 02:00:00, 757.00914428843259, 1.2868762246429555, null, null, 757.00914428843259, 1.2868762246429555
2100-Nov-14 03:00:00, 760.16388393555394, 1.2922391181792483, null, null, 760.16388393555394, 1.2922391181792483
2100-Nov-14 04:00:00, 763.32209313031728, 1.2976079097663169, null, null, 763.32209313031728, 1.2976079097663169
2100-Nov-14 05:00:00, 766.54167903813789, 1.3030810385775471, null, null, 766.54167903813789, 1.3030810385775471
2100-Nov-14 06:00:00, 769.88072569406643, 1.3087572444555184, null, null, 769.88072569406643, 1.3087572444555184
2100-Nov-14 07:00:00, 773.21849407814693, 1.3144312773377442, null, null, 773.21849407814693, 1.3144312773377442
2100-Nov-14 08:00:00, 776.19113363409633, 1.3194846101777065, null, null, 776.19113363409633, 1.3194846101777065
2100-Nov-14 09:00:00, 778.3700766432969, 1.323188700114464, null, null, 778.3700766432969, 1.323188700114464
2100-Nov-14 10:00:00, 779.63911682501566, 1.3253460025067694, null, null, 779.63911682501566, 1.3253460025067694
2100-Nov-14 11:00:00, 780.24451836700291, 1.3263751536823181, null, null, 780.24451836700291, 1.3263751536823181
2100-Nov-14 12:00:00, 780.05051755540671, 1.3260453623794148, null, null, 780.05051755540671, 1.3260453623794148
2100-Nov-14 13:00:00, 778.88261510263123, 1.3240599888730067, null, null, 778.88261510263123, 1.3240599888730067
2100-Nov-14 14:00:00, 777.00363405542157, 1.3208658186909783, null, null, 777.00363405542157, 1.3208658186909783
2100-Nov-14 15:00:00, 775.01842035578966, 1.3174910585177797, null, null, 775.01842035578966, 1.3174910585177797
2100-Nov-14 16:00:00, 773.31743188030157, 1.3145994664623695, null, null, 773.31743188030157, 1.3145994664623695
2100-Nov-14 17:00:00, 772.13463240789395, 1.3125887687963693, null, null, 772.13463240789395, 1.3125887687963693
2100-Nov-14 18:00:00, 771.56714035023299, 1.311624061775077, null, null, 771.56714035023299, 1.311624061775077
2100-Nov-14 19:00:00, 771.5906621971036, 1.3116640476929826, null, null, 771.5906621971036, 1.3116640476929826
2100-Nov-14 20:00:00, 772.15670324441078, 1.3126262880720423, null, null, 772.15670324441078, 1.3126262880720423
2100-Nov-14 21:00:00, 773.231713204843, 1.3144537491664983, null, null, 773.231713204843, 1.3144537491664983
2100-Nov-14 22:00:00, 774.74693302846822, 1.317029544162956, null, null, 774.74693302846822, 1.317029544162956
2100-Nov-14 23:00:00, 776.65593369578187, 1.3202747461398789, null, null, 776.65593369578187, 1.3202747461398789
2100-Nov-15 00:00:00, 778.91621966632158, 1.3241171148857884, null, null, 778.91621966632158, 1.3241171148857884
2100-Nov-15 01:00:00, 781.48870193608127, 1.3284902011242394, null, null, 781.48870193608127, 1.3284902011242394
2100-Nov-15 02:00:00, 784.31366990426704, 1.3332924999353764, null, null, 784.31366990426704, 1.3332924999353764
2100-Nov-15 03:00:00, 787.40197163138862, 1.3385424524585949, null, null, 787.40197163138862, 1.3385424524585949
2100-Nov-15 04:00:00, 790.63155591074155, 1.3440325779820939, null, null, 790.63155591074155, 1.3440325779820939
2100-Nov-15 05:00:00, 793.91435658788748, 1.3496131686176691, null, null, 793.91435658788748, 1.3496131686176691
2100-Nov-15 06:00:00, 797.20871106463142, 1.3552134001124323, null, null, 797.20871106463142, 1.3552134001124323
2100-Nov-15 07:00:00, 800.38866121481306, 1.3606191501944411, null, null, 800.38866121481306, 1.3606191501944411
2100-Nov-15 08:00:00, 803.3006032925432, 1.3655693004741853, null, null, 803.3006032925432, 1.3655693004741853
2100-Nov-15 09:00:00, 805.62469141194606, 1.3695201295591444, null, null, 805.62469141194606, 1.3695201295591444
2100-Nov-15 10:00:00, 807.13328219204607, 1.3720846555259358, null, null, 807.13328219204607, 1.3720846555259358
2100-Nov-15 11:00:00, 807.73306487088075, 1.3731042549259806, null, null, 807.73306487088075, 1.3731042549259806
2100-Nov-15 12:00:00, 807.52015685229856, 1.3727423223532813, null, null, 807.52015685229856, 1.3727423223532813
2100-Nov-15 13:00:00, 806.54558070244479, 1.3710855935200652, null, null, 806.54558070244479, 1.3710855935200652
2100-Nov-15 14:00:00, 805.04866523236979, 1.3685409149738761, null, null, 805.04866523236979, 1.3685409149738761
2100-Nov-15 15:00:00, 803.42818625487655, 1.3657861848832245, null, null, 803.42818625487655, 1.3657861848832245
2100-Nov-15 16:00:00, 802.0077931703056, 1.3633715904176587, null, null, 802.0077931703056, 1.3633715904176587
2100-Nov-15 17:00:00, 801.10071775563642, 1.3618296093281261, null, null, 801.10071775563642, 1.3618296093281261
2100-Nov-15 18:00:00, 800.93404405050205, 1.3615462726867806, null, null, 800.93404405050205, 1.3615462726867806
2100-Nov-15 19:00:00, 801.54035179538266, 1.3625769643601779, null, null, 801.54035179538266, 1.3625769643601779
2100-Nov-15 20:00:00, 802.83827556447397, 1.3647833673507423, null, null, 802.83827556447397, 1.3647833673507423
2100-Nov-15 21:00:00, 804.69033050813425, 1.3679317645553351, null, null, 804.69033050813425, 1.3679317645553351
2100-Nov-15 22:00:00, 806.95234900099058, 1.3717770784991921, null, null, 806.95234900099058, 1.3717770784991921
2100-Nov-15 23:00:00, 809.55545314657752, 1.3762022203359847, null, null, 809.55545314657752, 1.3762022203359847
2100-Nov-16 00:00:00, 812.46194771166176, 1.381143110127186, null, null, 812.46194771166176, 1.381143110127186
2100-Nov-16 01:00:00, 815.6629376522518, 1.3865846267600381, null, null, 815.6629376522518, 1.3865846267600381
2100-Nov-16 02:00:00, 819.17106338767678, 1.3925482582908304, null, null, 819.17106338767678, 1.3925482582908304
2100-Nov-16 03:00:00, 822.93212238304, 1.3989418632256319, null, null, 822.93212238304, 1.3989418632256319
2100-Nov-16 04:00:00, 826.94391245566021, 1.4057616979682708, null, null, 826.94391245566021, 1.4057616979682708
2100-Nov-16 05:00:00, 831.19761574705944, 1.4129927726173526, null, null, 831.19761574705944, 1.4129927726173526
2100-Nov-16 06:00:00, 835.62785813562675, 1.420523954561808, null, null, 835.62785813562675, 1.420523954561808
2100-Nov-16 07:00:00, 840.05688683458891, 1.4280530732969763, null, null, 840.05688683458891, 1.4280530732969763
2100-Nov-16 08:00:00, 844.02886585962972, 1.4348052313265998, null, null, 844.02886585962972, 1.4348052313265998
2100-Nov-16 09:00:00, 846.79482177522493, 1.4395072127135429, null, null, 846.79482177522493, 1.4395072127135429
2100-Nov-16 10:00:00, 847.74104951670847, 1.4411157507250056, null, null, 847.74104951670847, 1.4411157507250056
2100-Nov-16 11:00:00, 846.67778873452937, 1.4393082626233027, null, null, 846.67778873452937, 1.4393082626233027
2100-Nov-16 12:00:00, 843.56101717313834, 1.4340099128606092, null, null, 843.56101717313834, 1.4340099128606092
2100-Nov-16 13:00:00, 836.96132697567748, 1.4227907823267176, null, null, 836.96132697567748, 1.4227907823267176
2100-Nov-16 14:00:00, 828.0828877875332, 1.4076978968716802, null, null, 828.0828877875332, 1.4076978968716802
2100-Nov-16 15:00:00, 818.96379747648052, 1.3921959170076241, null, null, 818.96379747648052, 1.3921959170076241
2100-Nov-16 16:00:00, 811.03746855549343, 1.3787215695521438, null, null, 811.03746855549343, 1.3787215695521438
2100-Nov-16 17:00:00, 805.02471656208979, 1.3685002034783444, null, null, 805.02471656208979, 1.3685002034783444
2100-Nov-16 18:00:00, 801.08400673612664, 1.361801201462965, null, null, 801.08400673612664, 1.361801201462965
2100-Nov-16 19:00:00, 798.9722904461272, 1.3582113934569522, null, null, 798.9722904461272, 1.3582113934569522
2100-Nov-16 20:00:00, 798.39055299042707, 1.3572224699989293, null, null, 798.39055299042707, 1.3572224699989293
2100-Nov-16 21:00:00, 799.05789578291979, 1.3583569180829784, null, null, 799.05789578291979, 1.3583569180829784
2100-Nov-16 22:00:00, 800.69965543322019, 1.3611478242120392, null, null, 800.69965543322019, 1.3611478242120392
2100-Nov-16 23:00:00, 803.14912241828472, 1.3653117908561812, null, null, 803.14912241828472, 1.3653117908561812
2100-Nov-17 00:00:00, 806.23069336339063, 1.3705503013995839, null, null, 806.23069336339063, 1.3705503013995839
2100-Nov-17 01:00:00, 809.74831637415036, 1.3765300778051368, null, null, 809.74831637415036, 1.3765300778051368
2100-Nov-17 02:00:00, 813.59029159141505, 1.3830612361142121, null, null, 813.59029159141505, 1.3830612361142121
2100-Nov-17 03:00:00, 817.77106880992415, 1.3901683402273142, null, null, 817.77106880992415, 1.3901683402273142
2100-Nov-17 04:00:00, 822.19903548954301, 1.3976956535847624, null, null, 822.19903548954301, 1.3976956535847624
2100-Nov-17 05:00:00, 826.78705439995133, 1.405495047421103, null, null, 826.78705439995133, 1.405495047421103
2100-Nov-17 06:00:00, 831.50558769749784, 1.4135163089363869, null, null, 831.50558769749784, 1.4135163089363869
2100-Nov-17 07:00:00, 835.43452804273488, 1.4201953034458634, null, null, 835.43452804273488, 1.4201953034458634
2100-Nov-17 08:00:00, 838.02584331617834, 1.4246004048123511, null, null, 838.02584331617834, 1.4246004048123511
2100-Nov-17 09:00:00, 838.041020679403, 1.4246262055414889, null, null, 838.041020679403, 1.4246262055414889
2100-Nov-17 10:00:00, 835.7734771863154, 1.4207714993842189, null, null, 835.7734771863154, 1.4207714993842189
2100-Nov-17 11:00:00, 831.65970130853998, 1.4137782940701733, null, null, 831.65970130853998, 1.4137782940701733
2100-Nov-17 12:00:00, 824.29102182572319, 1.4012519216940977, null, null, 824.29102182572319, 1.4012519216940977
2100-Nov-17 13:00:00, 814.9172665293712, 1.3853170245828679, null, null, 814.9172665293712, 1.3853170245828679
2100-Nov-17 14:00:00, 805.21665038352194, 1.3688264810053328, null, null, 805.21665038352194, 1.3688264810053328
2100-Nov-17 15:00:00, 796.19719613901634, 1.3534938772790996, null, null, 796.19719613901634, 1.3534938772790996
2100-Nov-17 16:00:00, 788.56634024265384, 1.3405218186179908, null, null, 788.56634024265384, 1.3405218186179908
2100-Nov-17 17:00:00, 782.81813252079041, 1.3307501640648238, null, null, 782.81813252079041, 1.3307501640648238
2100-Nov-17 18:00:00, 779.06871387497063, 1.3243763471196219, null, null, 779.06871387497063, 1.3243763471196219
2100-Nov-17 19:00:00, 777.1630688964558, 1.3211368496393554, null, null, 777.1630688964558, 1.3211368496393554
2100-Nov-17 20:00:00, 776.71804954507058, 1.3203803398572418, null, null, 776.71804954507058, 1.3203803398572418
2100-Nov-17 21:00:00, 777.2811406230104, 1.3213375654416044, null, null, 777.2811406230104, 1.3213375654416044
2100-Nov-17 22:00:00, 778.55713870732097, 1.3235066959069077, null, null, 778.55713870732097, 1.3235066959069077
2100-Nov-17 23:00:00, 780.50400599941156, 1.3268162691790792, null, null, 780.50400599941156, 1.3268162691790792
2100-Nov-18 00:00:00, 783.0373178703361, 1.3311227677741033, null, null, 783.0373178703361, 1.3311227677741033
2100-Nov-18 01:00:00, 785.91612457326619, 1.3360165896378087, null, null, 785.91612457326619, 1.3360165896378087
2100-Nov-18 02:00:00, 788.94333459348854, 1.3411626894325301, null, null, 788.94333459348854, 1.3411626894325301
2100-Nov-18 03:00:00, 792.11783941884653, 1.3465591827451804, null, null, 792.11783941884653, 1.3465591827451804
2100-Nov-18 04:00:00, 795.44950572456742, 1.3522228424111495, null, null, 795.44950572456742, 1.3522228424111495
2100-Nov-18 05:00:00, 798.96263269616611, 1.3581949757836622, null, null, 798.96263269616611, 1.3581949757836622
2100-Nov-18 06:00:00, 802.64362030233406, 1.3644524635159083, null, null, 802.64362030233406, 1.3644524635159083
2100-Nov-18 07:00:00, 806.39781478531791, 1.3708343991362222, null, null, 806.39781478531791, 1.3708343991362222
2100-Nov-18 08:00:00, 809.96707037406145, 1.3769019482424427, null, null, 809.96707037406145, 1.3769019482424427
2100-Nov-18 09:00:00, 810.75390769298565, 1.3782395308146282, null, null, 810.75390769298565, 1.3782395308146282
2100-Nov-18 10:00:00, 808.71616182202365, 1.3747754686788001, null, null, 808.71616182202365, 1.3747754686788001
2100-Nov-18 11:00:00, 804.8388278157563, 1.3681842022650301, null, null, 804.8388278157563, 1.3681842022650301
2100-Nov-18 12:00:00, 799.41747303676607, 1.3589681807373182, null, null, 799.41747303676607, 1.3589681807373182
2100-Nov-18 13:00:00, 793.06588024246332, 1.3481708029020942, null, null, 793.06588024246332, 1.3481708029020942
2100-Nov-18 14:00:00, 786.72200960144687, 1.3373865523263522, null, null, 786.72200960144687, 1.3373865523263522
2100-Nov-18 15:00:00, 780.95466505973036, 1.3275823661734416, null, null, 780.95466505973036, 1.3275823661734416
2100-Nov-18 16:00:00, 776.19298319491827, 1.3194877543350336, null, null, 776.19298319491827, 1.3194877543350336
2100-Nov-18 17:00:00, 772.73965067948268, 1.3136172684321483, null, null, 772.73965067948268, 1.3136172684321483
2100-Nov-18 18:00:00, 770.64701780106122, 1.3100599012345857, null, null, 770.64701780106122, 1.3100599012345857
2100-Nov-18 19:00:00, 769.78435745503668, 1.3085934234547369, null, null, 769.78435745503668, 1.3085934234547369
2100-Nov-18 20:00:00, 769.97063486245384, 1.3089100853717057, null, null, 769.97063486245384, 1.3089100853717057
2100-Nov-18 21:00:00, 771.03528626722073, 1.3107199374595759, null, null, 771.03528626722073, 1.3107199374595759
2100-Nov-18 22:00:00, 772.81144024927278, 1.3137393069718903, null, null, 772.81144024927278, 1.3137393069718903
2100-Nov-18 23:00:00, 775.23612735977429, 1.3178611491163938, null, null, 775.23612735977429, 1.3178611491163938
2100-Nov-19 00:00:00, 778.34553239667173, 1.3231469761700809, null, null, 778.34553239667173, 1.3231469761700809
2100-Nov-19 01:00:00, 782.11012182225579, 1.3295465826528801, null, null, 782.11012182225579, 1.3295465826528801
2100-Nov-19 02:00:00, 786.41037361387919, 1.3368567873345159, null, null, 786.41037361387919, 1.3368567873345159
2100-Nov-19 03:00:00, 791.15551737114777, 1.344923285249124, null, null, 791.15551737114777, 1.344923285249124
2100-Nov-19 04:00:00, 796.21551080072561, 1.3535250112527035, null, null, 796.21551080072561, 1.3535250112527035
2100-Nov-19 05:00:00, 801.49245325821244, 1.3624955393349394, null, null, 801.49245325821244, 1.3624955393349394
2100-Nov-19 06:00:00, 806.93978278716872, 1.3717557165884104, null, null, 806.93978278716872, 1.3717557165884104
2100-Nov-19 07:00:00, 812.27896311974291, 1.3808320458255288, null, null, 812.27896311974291, 1.3808320458255288
2100-Nov-19 08:00:00, 817.04230771725008, 1.3889294842231525, null, null, 817.04230771725008, 1.3889294842231525
2100-Nov-19 09:00:00, 820.78674718357991, 1.3952948368218505, null, null, 820.78674718357991, 1.3952948368218505
2100-Nov-19 10:00:00, 820.90375329507356, 1.3954937411338462, null, null, 820.90375329507356, 1.3954937411338462
2100-Nov-19 11:00:00, 817.13336811183217, 1.3890842821640736, null, null, 817.13336811183217, 1.3890842821640736
2100-Nov-19 12:00:00, 810.50384333691795, 1.377814434398182, null, null, 810.50384333691795, 1.377814434398182
2100-Nov-19 13:00:00, 802.51727711941123, 1.3642376866674701, null, null, 802.51727711941123, 1.3642376866674701
2100-Nov-19 14:00:00, 794.24157545450225, 1.3501694236944779, null, null, 794.24157545450225, 1.3501694236944779
2100-Nov-19 15:00:00, 786.66017309993026, 1.337281433485692, null, null, 786.66017309993026, 1.337281433485692
2100-Nov-19 16:00:00, 780.43745106442464, 1.3267031292466047, null, null, 780.43745106442464, 1.3267031292466047
2100-Nov-19 17:00:00, 775.86716006625556, 1.3189338719402457, null, null, 775.86716006625556, 1.3189338719402457
2100-Nov-19 18:00:00, 772.9200822525886, 1.3139239927344331, null, null, 772.9200822525886, 1.3139239927344331
2100-Nov-19 19:00:00, 771.358186224468, 1.3112688506147931, null, null, 771.358186224468, 1.3112688506147931
2100-Nov-19 20:00:00, 770.95518790896858, 1.3105837744110245, null, null, 770.95518790896858, 1.3105837744110245
2100-Nov-19 21:00:00, 771.50484938672105, 1.3115181703726302, null, null, 771.50484938672105, 1.3115181703726302
2100-Nov-19 22:00:00, 772.84559185848036, 1.3137973629336368, null, null, 772.84559185848036, 1.3137973629336368
2100-Nov-19 23:00:00, 774.93703534477481, 1.3173527082263632, null, null, 774.93703534477481, 1.3173527082263632
2100-Nov-20 00:00:00, 777.61137775376756, 1.3218989514106805, null, null, 777.61137775376756, 1.3218989514106805
2100-Nov-20 01:00:00, 780.72343859773287, 1.3271892931984348, null, null, 780.72343859773287, 1.3271892931984348
2100-Nov-20 02:00:00, 784.15851871340533, 1.3330287509697907, null, null, 784.15851871340533, 1.3330287509697907
2100-Nov-20 03:00:00, 787.81839054439297, 1.3392503429810281, null, null, 787.81839054439297, 1.3392503429810281
2100-Nov-20 04:00:00, 791.70211952675004, 1.345852480521982, null, null, 791.70211952675004, 1.345852480521982
2100-Nov-20 05:00:00, 795.85682626584514, 1.3529152661742359, null, null, 795.85682626584514, 1.3529152661742359
2100-Nov-20 06:00:00, 800.25738111128385, 1.3603959808374062, null, null, 800.25738111128385, 1.3603959808374062
2100-Nov-20 07:00:00, 804.35316037468738, 1.3673585928418015, null, null, 804.35316037468738, 1.3673585928418015
2100-Nov-20 08:00:00, 807.6626446614207, 1.3729845442276725, null, null, 807.6626446614207, 1.3729845442276725
2100-Nov-20 09:00:00, 809.7890703537455, 1.3765993574536011, null, null, 809.7890703537455, 1.3765993574536011
2100-Nov-20 10:00:00, 810.63390043092613, 1.3780355247025569, null, null, 810.63390043092613, 1.3780355247025569
2100-Nov-20 11:00:00, 809.71755493239323, 1.3764777849519636, null, null, 809.71755493239323, 1.3764777849519636
2100-Nov-20 12:00:00, 804.99243005348342, 1.3684453180907428, null, null, 804.99243005348342, 1.3684453180907428
2100-Nov-20 13:00:00, 796.88343273357407, 1.3546604438452756, null, null, 796.88343273357407, 1.3546604438452756
2100-Nov-20 14:00:00, 786.84817678829597, 1.3376010299906065, null, null, 786.84817678829597, 1.3376010299906065
2100-Nov-20 15:00:00, 776.46627218411948, 1.3199523314214707, null, null, 776.46627218411948, 1.3199523314214707
2100-Nov-20 16:00:00, 767.0627770668915, 1.3039668781595006, null, null, 767.0627770668915, 1.3039668781595006
2100-Nov-20 17:00:00, 759.65212139858977, 1.291369148448432, null, null, 759.65212139858977, 1.291369148448432
2100-Nov-20 18:00:00, 754.578069373581, 1.2827435235628528, null, null, 754.578069373581, 1.2827435235628528
2100-Nov-20 19:00:00, 751.67015553016302, 1.2778002210722044, null, null, 751.67015553016302, 1.2778002210722044
2100-Nov-20 20:00:00, 750.47799401115378, 1.2757736084132656, null, null, 750.47799401115378, 1.2757736084132656
2100-Nov-20 21:00:00, 750.73027731902164, 1.2762024769325153, null, null, 750.73027731902164, 1.2762024769325153
2100-Nov-20 22:00:00, 752.24578249695628, 1.2787787570164773, null, null, 752.24578249695628, 1.2787787570164773
2100-Nov-20 23:00:00, 754.66474381863918, 1.2828908656173987, null, null, 754.66474381863918, 1.2828908656173987
2100-Nov-21 00:00:00, 757.64515955172158, 1.287957417554576, null, null, 757.64515955172158, 1.287957417554576
2100-Nov-21 01:00:00, 761.06536271131097, 1.2937715852733314, null, null, 761.06536271131097, 1.2937715852733314
2100-Nov-21 02:00:00, 764.77978248326997, 1.3000859059508851, null, null, 764.77978248326997, 1.3000859059508851
2100-Nov-21 03:00:00, 768.7830932643476, 1.3068913263383337, null, null, 768.7830932643476, 1.3068913263383337
2100-Nov-21 04:00:00, 773.14124350332054, 1.3142999553730967, null, null, 773.14124350332054, 1.3142999553730967
2100-Nov-21 05:00:00, 777.76924912491745, 1.322167324541464, null, null, 777.76924912491745, 1.322167324541464
2100-Nov-21 06:00:00, 782.63372910839223, 1.3304366878420482, null, null, 782.63372910839223, 1.3304366878420482
2100-Nov-21 07:00:00, 787.65538613700403, 1.3389732439552586, null, null, 787.65538613700403, 1.3389732439552586
2100-Nov-21 08:00:00, 791.57453920499427, 1.3456356006017876, null, null, 791.57453920499427, 1.3456356006017876
2100-Nov-21 09:00:00, 793.3846965955604, 1.3487127741423672, null, null, 793.3846965955604, 1.3487127741423672
2100-Nov-21 10:00:00, 792.63307304564603, 1.3474350531484212, null, null, 792.63307304564603, 1.3474350531484212
2100-Nov-21 11:00:00, 790.0843021180774, 1.3431022749600778, null, null, 790.0843021180774, 1.3431022749600778
2100-Nov-21 12:00:00, 786.41060627133936, 1.3368571828401135, null, null, 786.41060627133936, 1.3368571828401135
2100-Nov-21 13:00:00, 781.31951920703318, 1.3282025992725646, null, null, 781.31951920703318, 1.3282025992725646
2100-Nov-21 14:00:00, 775.00204822751368, 1.3174632267501134, null, null, 775.00204822751368, 1.3174632267501134
2100-Nov-21 15:00:00, 768.26283818026752, 1.3060069197185411, null, null, 768.26283818026752, 1.3060069197185411
2100-Nov-21 16:00:00, 762.20798481998816, 1.2957139835078866, null, null, 762.20798481998816, 1.2957139835078866
2100-Nov-21 17:00:00, 757.58016666631966, 1.28784693302526, null, null, 757.58016666631966, 1.28784693302526
2100-Nov-21 18:00:00, 754.51143548993991, 1.282630249421767, null, null, 754.51143548993991, 1.282630249421767
2100-Nov-21 19:00:00, 752.91716721166699, 1.2799200761583511, null, null, 752.91716721166699, 1.2799200761583511
2100-Nov-21 20:00:00, 752.63765556211331, 1.2794449208725329, null, null, 752.63765556211331, 1.2794449208725329
2100-Nov-21 21:00:00, 753.51668699588811, 1.2809392286512082, null, null, 753.51668699588811, 1.2809392286512082
2100-Nov-21 22:00:00, 755.15783192944411, 1.2837290897937335, null, null, 755.15783192944411, 1.2837290897937335
2100-Nov-21 23:00:00, 757.28965732299594, 1.287353082231276, null, null, 757.28965732299594, 1.287353082231276
2100-Nov-22 00:00:00, 759.8026980263885, 1.2916251208944229, null, null, 759.8026980263885, 1.2916251208944229
2100-Nov-22 01:00:00, 762.66345489402443, 1.2964882589756745, null, null, 762.66345489402443, 1.2964882589756745
2100-Nov-22 02:00:00, 765.89273666471308, 1.301977870250157, null, null, 765.89273666471308, 1.301977870250157
2100-Nov-22 03:00:00, 769.46163023848817, 1.308044803949735, null, null, 769.46163023848817, 1.308044803949735
2100-Nov-22 04:00:00, 773.32292338682112, 1.3146088017382123, null, null, 773.32292338682112, 1.3146088017382123
2100-Nov-22 05:00:00, 777.46105399723103, 1.3216434088327005, null, null, 777.46105399723103, 1.3216434088327005
2100-Nov-22 06:00:00, 781.85904264796727, 1.32911976109817, null, null, 781.85904264796727, 1.32911976109817
2100-Nov-22 07:00:00, 786.43788715184223, 1.3369035589199421, null, null, 786.43788715184223, 1.3369035589199421
2100-Nov-22 08:00:00, 789.28940639872224, 1.3417509935257299, null, null, 789.28940639872224, 1.3417509935257299
2100-Nov-22 09:00:00, 788.96940931918516, 1.3412070151118383, null, null, 788.96940931918516, 1.3412070151118383
2100-Nov-22 10:00:00, 784.80546066713578, 1.3341285186876066, null, null, 784.80546066713578, 1.3341285186876066
2100-Nov-22 11:00:00, 777.63838218955595, 1.3219448575488535, null, null, 777.63838218955595, 1.3219448575488535
2100-Nov-22 12:00:00, 767.41630565070477, 1.3045678583889648, null, null, 767.41630565070477, 1.3045678583889648
2100-Nov-22 13:00:00, 755.56869760532686, 1.2844275401015066, null, null, 755.56869760532686, 1.2844275401015066
2100-Nov-22 14:00:00, 743.80954138652112, 1.2644375853248471, null, null, 743.80954138652112, 1.2644375853248471
2100-Nov-22 15:00:00, 733.15908833202218, 1.2463323683391345, null, null, 733.15908833202218, 1.2463323683391345
2100-Nov-22 16:00:00, 724.40827315917136, 1.2314564370810361, null, null, 724.40827315917136, 1.2314564370810361
2100-Nov-22 17:00:00, 717.98416685474206, 1.2205357900451015, null, null, 717.98416685474206, 1.2205357900451015
2100-Nov-22 18:00:00, 713.91711419866942, 1.2136220117810483, null, null, 713.91711419866942, 1.2136220117810483
2100-Nov-22 19:00:00, 711.88772842728997, 1.2101721613802692, null, null, 711.88772842728997, 1.2101721613802692
2100-Nov-22 20:00:00, 711.48784960628097, 1.209492388155101, null, null, 711.48784960628097, 1.209492388155101
2100-Nov-22 21:00:00, 712.34628091249238, 1.2109516767869326, null, null, 712.34628091249238, 1.2109516767869326
2100-Nov-22 22:00:00, 714.16703051323486, 1.2140468565346305, null, null, 714.16703051323486, 1.2140468565346305
2100-Nov-22 23:00:00, 716.8374489843676, 1.2185864292284032, null, null, 716.8374489843676, 1.2185864292284032
2100-Nov-23 00:00:00, 720.12318718767801, 1.2241720135058769, null, null, 720.12318718767801, 1.2241720135058769
2100-Nov-23 01:00:00, 723.93177139115971, 1.2306464088259206, null, null, 723.93177139115971, 1.2306464088259206
2100-Nov-23 02:00:00, 728.19821445684136, 1.2378991404295518, null, null, 728.19821445684136, 1.2378991404295518
2100-Nov-23 03:00:00, 732.81543106285767, 1.2457481688318364, null, null, 732.81543106285767, 1.2457481688318364
2100-Nov-23 04:00:00, 737.67252716679468, 1.2540049799207404, null, null, 737.67252716679468, 1.2540049799207404
2100-Nov-23 05:00:00, 742.7759650131926, 1.2626805591763197, null, null, 742.7759650131926, 1.2626805591763197
2100-Nov-23 06:00:00, 748.11806948637354, 1.2717618593005833, null, null, 748.11806948637354, 1.2717618593005833
2100-Nov-23 07:00:00, 753.1176525441083, 1.2802608908098714, null, null, 753.1176525441083, 1.2802608908098714
2100-Nov-23 08:00:00, 757.04332152517759, 1.2869343241701845, null, null, 757.04332152517759, 1.2869343241701845
2100-Nov-23 09:00:00, 759.26233533407594, 1.2907065323850666, null, null, 759.26233533407594, 1.2907065323850666
2100-Nov-23 10:00:00, 757.99086081165569, 1.2885450917400134, null, null, 757.99086081165569, 1.2885450917400134
2100-Nov-23 11:00:00, 752.70731841744134, 1.2795633441081553, null, null, 752.70731841744134, 1.2795633441081553
2100-Nov-23 12:00:00, 743.89616157037995, 1.2645848351381725, null, null, 743.89616157037995, 1.2645848351381725
2100-Nov-23 13:00:00, 734.00598124675605, 1.2477720423047827, null, null, 734.00598124675605, 1.2477720423047827
2100-Nov-23 14:00:00, 725.18119506988512, 1.2327703641820598, null, null, 725.18119506988512, 1.2327703641820598
2100-Nov-23 15:00:00, 717.97137286984002, 1.2205140409353146, null, null, 717.97137286984002, 1.2205140409353146
2100-Nov-23 16:00:00, 712.47153678724248, 1.2111646052679541, null, null, 712.47153678724248, 1.2111646052679541
2100-Nov-23 17:00:00, 708.9082111402696, 1.2051071367547301, null, null, 708.9082111402696, 1.2051071367547301
2100-Nov-23 18:00:00, 707.12735550285731, 1.2020797746725171, null, null, 707.12735550285731, 1.2020797746725171
2100-Nov-23 19:00:00, 706.74428251489201, 1.2014285704905929, null, null, 706.74428251489201, 1.2014285704905929
2100-Nov-23 20:00:00, 707.40357287104166, 1.2025493298511194, null, null, 707.40357287104166, 1.2025493298511194
2100-Nov-23 21:00:00, 709.02155408225963, 1.2052998138688422, null, null, 709.02155408225963, 1.2052998138688422
2100-Nov-23 22:00:00, 711.5148705763396, 1.2095383224006746, null, null, 711.5148705763396, 1.2095383224006746
2100-Nov-23 23:00:00, 714.7445246084776, 1.2150285665002849, null, null, 714.7445246084776, 1.2150285665002849
2100-Nov-24 00:00:00, 718.59880687056034, 1.2215806461462972, null, null, 718.59880687056034, 1.2215806461462972
2100-Nov-24 01:00:00, 722.94776447712184, 1.2289736481834452, null, null, 722.94776447712184, 1.2289736481834452
2100-Nov-24 02:00:00, 727.65277797509737, 1.2369719267417052, null, null, 727.65277797509737, 1.2369719267417052
2100-Nov-24 03:00:00, 732.61853655532627, 1.2454134583961478, null, null, 732.61853655532627, 1.2454134583961478
2100-Nov-24 04:00:00, 737.81640320092026, 1.25424956170553, null, null, 737.81640320092026, 1.25424956170553
2100-Nov-24 05:00:00, 743.23453269917479, 1.2634601004235191, null, null, 743.23453269917479, 1.2634601004235191
2100-Nov-24 06:00:00, 748.80413259460886, 1.2729281309490224, null, null, 748.80413259460886, 1.2729281309490224
2100-Nov-24 07:00:00, 753.66390065859594, 1.2811894842312244, null, null, 753.66390065859594, 1.2811894842312244
2100-Nov-24 08:00:00, 756.484845838605, 1.2859849445114129, null, null, 756.484845838605, 1.2859849445114129
2100-Nov-24 09:00:00, 757.00766115015028, 1.2868737033849129, null, null, 757.00766115015028, 1.2868737033849129
2100-Nov-24 10:00:00, 755.34505966901997, 1.2840473672260098, null, null, 755.34505966901997, 1.2840473672260098
2100-Nov-24 11:00:00, 750.45425900582188, 1.2757332601370475, null, null, 750.45425900582188, 1.2757332601370475
2100-Nov-24 12:00:00, 742.90391887148007, 1.2628980740892157, null, null, 742.90391887148007, 1.2628980740892157
2100-Nov-24 13:00:00, 734.14942193470802, 1.2480158840236899, null, null, 734.14942193470802, 1.2480158840236899
2100-Nov-24 14:00:00, 724.8419949053947, 1.2321937415211961, null, null, 724.8419949053947, 1.2321937415211961
2100-Nov-24 15:00:00, 715.82808842876148, 1.2168705687121835, null, null, 715.82808842876148, 1.2168705687121835
2100-Nov-24 16:00:00, 708.18026804808972, 1.2038696713089196, null, null, 708.18026804808972, 1.2038696713089196
2100-Nov-24 17:00:00, 702.55986572981749, 1.1943152793033762, null, null, 702.55986572981749, 1.1943152793033762
2100-Nov-24 18:00:00, 699.03949684416284, 1.1883308350531288, null, null, 699.03949684416284, 1.1883308350531288
2100-Nov-24 19:00:00, 697.4974516146134, 1.1857094382599676, null, null, 697.4974516146134, 1.1857094382599676
2100-Nov-24 20:00:00, 697.65447756220226, 1.1859763742146108, null, null, 697.65447756220226, 1.1859763742146108
2100-Nov-24 21:00:00, 699.21021823753711, 1.1886210525542367, null, null, 699.21021823753711, 1.1886210525542367
2100-Nov-24 22:00:00, 701.88949090718518, 1.1931756769255799, null, null, 701.88949090718518, 1.1931756769255799
2100-Nov-24 23:00:00, 705.45720885359333, 1.1992406121196986, null, null, 705.45720885359333, 1.1992406121196986
2100-Nov-25 00:00:00, 709.7190102919144, 1.2064854531979128, null, null, 709.7190102919144, 1.2064854531979128
2100-Nov-25 01:00:00, 714.49749545770692, 1.2146086297751886, null, null, 714.49749545770692, 1.2146086297751886
2100-Nov-25 02:00:00, 719.71548463444424, 1.2234789403423076, null, null, 719.71548463444424, 1.2234789403423076
2100-Nov-25 03:00:00, 725.29226289367193, 1.2329591737134009, null, null, 725.29226289367193, 1.2329591737134009
2100-Nov-25 04:00:00, 731.14868664906624, 1.2429147899026018, null, null, 731.14868664906624, 1.2429147899026018
2100-Nov-25 05:00:00, 737.20401688972606, 1.2532085367851331, null, null, 737.20401688972606, 1.2532085367851331
2100-Nov-25 06:00:00, 743.40918434615389, 1.2637569991516096, null, null, 743.40918434615389, 1.2637569991516096
2100-Nov-25 07:00:00, 749.67101800158036, 1.2744017911130223, null, null, 749.67101800158036, 1.2744017911130223
2100-Nov-25 08:00:00, 755.78907821226642, 1.2848021756862715, null, null, 755.78907821226642, 1.2848021756862715
2100-Nov-25 09:00:00, 761.5526712095666, 1.2945999844085374, null, null, 761.5526712095666, 1.2945999844085374
2100-Nov-25 10:00:00, 766.71292369415994, 1.303372145597977, null, null, 766.71292369415994, 1.303372145597977
2100-Nov-25 11:00:00, 770.93148905024862, 1.3105434875821691, null, null, 770.93148905024862, 1.3105434875821691
2100-Nov-25 12:00:00, 773.47766915324291, 1.3148718615033088, null, null, 773.47766915324291, 1.3148718615033088
2100-Nov-25 13:00:00, 774.39523240288747, 1.3164316713675392, null, null, 774.39523240288747, 1.3164316713675392
2100-Nov-25 14:00:00, 773.87010189826299, 1.3155389767860606, null, null, 773.87010189826299, 1.3155389767860606
2100-Nov-25 15:00:00, 772.70622364057226, 1.3135604442022715, null, null, 772.70622364057226, 1.3135604442022715
2100-Nov-25 16:00:00, 771.78918202010425, 1.3120015210805467, null, null, 771.78918202010425, 1.3120015210805467
2100-Nov-25 17:00:00, 771.71274273739209, 1.3118715782703532, null, null, 771.71274273739209, 1.3118715782703532
2100-Nov-25 18:00:00, 772.6334150444892, 1.3134366733707619, null, null, 772.6334150444892, 1.3134366733707619
2100-Nov-25 19:00:00, 774.45902428972317, 1.3165401142616751, null, null, 774.45902428972317, 1.3165401142616751
2100-Nov-25 20:00:00, 777.00119157203471, 1.3208616665960884, null, null, 777.00119157203471, 1.3208616665960884
2100-Nov-25 21:00:00, 780.06452560663422, 1.3260691753388938, null, null, 780.06452560663422, 1.3260691753388938
2100-Nov-25 22:00:00, 783.58659244994919, 1.3320565060289686, null, null, 783.58659244994919, 1.3320565060289686
2100-Nov-25 23:00:00, 787.50336305133942, 1.3387148126060278, null, null, 787.50336305133942, 1.3387148126060278
2100-Nov-26 00:00:00, 791.76957848843756, 1.3459671572528904, null, null, 791.76957848843756, 1.3459671572528904
2100-Nov-26 01:00:00, 796.31999727367338, 1.3537026328294675, null, null, 796.31999727367338, 1.3537026328294675
2100-Nov-26 02:00:00, 801.12527195755536, 1.3618713501959914, null, null, 801.12527195755536, 1.3618713501959914
2100-Nov-26 03:00:00, 806.08977079131193, 1.3703107403468651, null, null, 806.08977079131193, 1.3703107403468651
2100-Nov-26 04:00:00, 811.14801436645382, 1.3789094916887945, null, null, 811.14801436645382, 1.3789094916887945
2100-Nov-26 05:00:00, 816.25722359464464, 1.3875948819936441, null, null, 816.25722359464464, 1.3875948819936441
2100-Nov-26 06:00:00, 821.40473147058094, 1.3963453780103485, null, null, 821.40473147058094, 1.3963453780103485
2100-Nov-26 07:00:00, 826.57592488570219, 1.4051361382133907, null, null, 826.57592488570219, 1.4051361382133907
2100-Nov-26 08:00:00, 831.6041254310943, 1.4136838179652438, null, null, 831.6041254310943, 1.4136838179652438
2100-Nov-26 09:00:00, 836.21008951030433, 1.4215137176564374, null, null, 836.21008951030433, 1.4215137176564374
2100-Nov-26 10:00:00, 840.15798093957051, 1.4282249280244044, null, null, 840.15798093957051, 1.4282249280244044
2100-Nov-26 11:00:00, 843.24319110966474, 1.4334696250612584, null, null, 843.24319110966474, 1.4334696250612584
2100-Nov-26 12:00:00, 845.14265861797787, 1.4366986211630528, null, null, 845.14265861797787, 1.4366986211630528
2100-Nov-26 13:00:00, 845.72365372561285, 1.4376862826679242, null, null, 845.72365372561285, 1.4376862826679242
2100-Nov-26 14:00:00, 845.41551088405197, 1.437162455842858, null, null, 845.41551088405197, 1.437162455842858
2100-Nov-26 15:00:00, 844.74750135287593, 1.4360268743376789, null, null, 844.74750135287593, 1.4360268743376789
2100-Nov-26 16:00:00, 844.30490674381588, 1.4352744864915719, null, null, 844.30490674381588, 1.4352744864915719
2100-Nov-26 17:00:00, 844.54915548303734, 1.4356896966614552, null, null, 844.54915548303734, 1.4356896966614552
2100-Nov-26 18:00:00, 845.64521892677692, 1.4375529475839715, null, null, 845.64521892677692, 1.4375529475839715
2100-Nov-26 19:00:00, 847.54514287361974, 1.4407827196075578, null, null, 847.54514287361974, 1.4407827196075578
2100-Nov-26 20:00:00, 850.14998103662663, 1.445210809183896, null, null, 850.14998103662663, 1.445210809183896
2100-Nov-26 21:00:00, 853.32161099124323, 1.4506024153656125, null, null, 853.32161099124323, 1.4506024153656125
2100-Nov-26 22:00:00, 856.93700110091311, 1.4567483907610839, null, null, 856.93700110091311, 1.4567483907610839
2100-Nov-26 23:00:00, 860.9366332915223, 1.4635475577358099, null, null, 860.9366332915223, 1.4635475577358099
2100-Nov-27 00:00:00, 865.30204241304409, 1.4709685264938641, null, null, 865.30204241304409, 1.4709685264938641
2100-Nov-27 01:00:00, 869.97969571548686, 1.4789202941408646, null, null, 869.97969571548686, 1.4789202941408646
2100-Nov-27 02:00:00, 874.93978857805735, 1.4873521943695771, null, null, 874.93978857805735, 1.4873521943695771
2100-Nov-27 03:00:00, 880.15580567813072, 1.4962191525088016, null, null, 880.15580567813072, 1.4962191525088016
2100-Nov-27 04:00:00, 885.60239220499318, 1.5054780666973062, null, null, 885.60239220499318, 1.5054780666973062
2100-Nov-27 05:00:00, 891.2302227067745, 1.5150450862289795, null, null, 891.2302227067745, 1.5150450862289795
2100-Nov-27 06:00:00, 897.00113752061816, 1.5248553416590589, null, null, 897.00113752061816, 1.5248553416590589
2100-Nov-27 07:00:00, 902.77261754925621, 1.5346665579249301, null, null, 902.77261754925621, 1.5346665579249301
2100-Nov-27 08:00:00, 907.97099421794519, 1.5435035282470819, null, null, 907.97099421794519, 1.5435035282470819
2100-Nov-27 09:00:00, 911.54269318875777, 1.5495752309759054, null, null, 911.54269318875777, 1.5495752309759054
2100-Nov-27 10:00:00, 913.0642993939399, 1.552161882489288, null, null, 913.0642993939399, 1.552161882489288
2100-Nov-27 11:00:00, 910.65510521739884, 1.5480663775277816, null, null, 910.65510521739884, 1.5480663775277816
2100-Nov-27 12:00:00, 904.98651655150616, 1.5384300712341836, null, null, 904.98651655150616, 1.5384300712341836
2100-Nov-27 13:00:00, 897.62914508692438, 1.5259229219017454, null, null, 897.62914508692438, 1.5259229219017454
2100-Nov-27 14:00:00, 888.24110885542416, 1.5099637479425452, null, null, 888.24110885542416, 1.5099637479425452
2100-Nov-27 15:00:00, 878.29699162400709, 1.4930592651675034, null, null, 878.29699162400709, 1.4930592651675034
2100-Nov-27 16:00:00, 869.7041108125884, 1.4784518141203968, null, null, 869.7041108125884, 1.4784518141203968
2100-Nov-27 17:00:00, 863.47259992995112, 1.4678585692976971, null, null, 863.47259992995112, 1.4678585692976971
2100-Nov-27 18:00:00, 859.72325497170687, 1.461484877617546, null, null, 859.72325497170687, 1.461484877617546
2100-Nov-27 19:00:00, 858.14242226090357, 1.4587975441209569, null, null, 858.14242226090357, 1.4587975441209569
2100-Nov-27 20:00:00, 858.31725528270795, 1.4590947511768293, null, null, 858.31725528270795, 1.4590947511768293
2100-Nov-27 21:00:00, 859.82525037499795, 1.4616582645052851, null, null, 859.82525037499795, 1.4616582645052851
2100-Nov-27 22:00:00, 862.40135055345775, 1.4660375010006044, null, null, 862.40135055345775, 1.4660375010006044
2100-Nov-27 23:00:00, 865.71539430206849, 1.4716712032348391, null, null, 865.71539430206849, 1.4716712032348391
2100-Nov-28 00:00:00, 869.48298125818712, 1.4780759053638488, null, null, 869.48298125818712, 1.4780759053638488
2100-Nov-28 01:00:00, 873.56782991913099, 1.4850199359118212, null, null, 873.56782991913099, 1.4850199359118212
2100-Nov-28 02:00:00, 877.91334689481789, 1.4924070890551961, null, null, 877.91334689481789, 1.4924070890551961
2100-Nov-28 03:00:00, 882.51468692758567, 1.5002291281076208, null, null, 882.51468692758567, 1.5002291281076208
2100-Nov-28 04:00:00, 887.31679673917733, 1.5083924653556413, null, null, 887.31679673917733, 1.5083924653556413
2100-Nov-28 05:00:00, 892.27009252918776, 1.5168128109140562, null, null, 892.27009252918776, 1.5168128109140562
2100-Nov-28 06:00:00, 897.37828526305407, 1.5254964732313527, null, null, 897.37828526305407, 1.5254964732313527
2100-Nov-28 07:00:00, 902.47669532868315, 1.5341635055207785, null, null, 902.47669532868315, 1.5341635055207785
2100-Nov-28 08:00:00, 907.108018913161, 1.5420365150537014, null, null, 907.108018913161, 1.5420365150537014
2100-Nov-28 09:00:00, 910.46850070625351, 1.5477491595514654, null, null, 910.46850070625351, 1.5477491595514654
2100-Nov-28 10:00:00, 911.5100753122839, 1.549519782280141, null, null, 911.5100753122839, 1.549519782280141
2100-Nov-28 11:00:00, 910.22802528209309, 1.547340363821192, null, null, 910.22802528209309, 1.547340363821192
2100-Nov-28 12:00:00, 907.1340411783741, 1.5420807515529127, null, null, 907.1340411783741, 1.5420807515529127
2100-Nov-28 13:00:00, 901.95833671854098, 1.5332823228081733, null, null, 901.95833671854098, 1.5332823228081733
2100-Nov-28 14:00:00, 895.12416045439841, 1.5216645781406224, null, null, 895.12416045439841, 1.5216645781406224
2100-Nov-28 15:00:00, 887.34215478884164, 1.5084355727229202, null, null, 887.34215478884164, 1.5084355727229202
2100-Nov-28 16:00:00, 879.73361253706253, 1.4955014460985854, null, null, 879.73361253706253, 1.4955014460985854
2100-Nov-28 17:00:00, 873.52604182437233, 1.4849488983212931, null, null, 873.52604182437233, 1.4849488983212931
2100-Nov-28 18:00:00, 869.14294650407248, 1.4774978639439744, null, null, 869.14294650407248, 1.4774978639439744
2100-Nov-28 19:00:00, 866.52866098726588, 1.4730537143568923, null, null, 866.52866098726588, 1.4730537143568923
2100-Nov-28 20:00:00, 865.45562929353275, 1.4712296162130694, null, null, 865.45562929353275, 1.4712296162130694
2100-Nov-28 21:00:00, 865.6754683369353, 1.4716033311679513, null, null, 865.6754683369353, 1.4716033311679513
2100-Nov-28 22:00:00, 866.92467015566979, 1.4737269093736296, null, null, 866.92467015566979, 1.4737269093736296
2100-Nov-28 23:00:00, 868.94073297923785, 1.4771541114551514, null, null, 868.94073297923785, 1.4771541114551514
2100-Nov-29 00:00:00, 871.55033094864939, 1.481590292455143, null, null, 871.55033094864939, 1.481590292455143
2100-Nov-29 01:00:00, 874.5261310908387, 1.4866489981275455, null, null, 874.5261310908387, 1.4866489981275455
2100-Nov-29 02:00:00, 877.77725250828803, 1.4921757356671239, null, null, 877.77725250828803, 1.4921757356671239
2100-Nov-29 03:00:00, 881.18522463806369, 1.4979691112705014, null, null, 881.18522463806369, 1.4979691112705014
2100-Nov-29 04:00:00, 884.64601508642204, 1.5038522752719745, null, null, 884.64601508642204, 1.5038522752719745
2100-Nov-29 05:00:00, 888.13133164049339, 1.5097771323792224, null, null, 888.13133164049339, 1.5097771323792224
2100-Nov-29 06:00:00, 891.62497742934227, 1.515716148752954, null, null, 891.62497742934227, 1.515716148752954
2100-Nov-29 07:00:00, 895.09906699461408, 1.5216219205623962, null, null, 895.09906699461408, 1.5216219205623962
2100-Nov-29 08:00:00, 897.95430519646891, 1.5264756771984709, null, null, 897.95430519646891, 1.5264756771984709
2100-Nov-29 09:00:00, 899.5944085757061, 1.5292637677527545, null, null, 899.5944085757061, 1.5292637677527545
2100-Nov-29 10:00:00, 899.16043390841719, 1.5285260333599204, null, null, 899.16043390841719, 1.5285260333599204
2100-Nov-29 11:00:00, 895.77636830525455, 1.5227732976100301, null, null, 895.77636830525455, 1.5227732976100301
2100-Nov-29 12:00:00, 889.69754908555069, 1.5124396206831912, null, null, 889.69754908555069, 1.5124396206831912
2100-Nov-29 13:00:00, 881.93505007934141, 1.4992437755731627, null, null, 881.93505007934141, 1.4992437755731627
2100-Nov-29 14:00:00, 873.31792578880277, 1.4845951118708094, null, null, 873.31792578880277, 1.4845951118708094
2100-Nov-29 15:00:00, 864.6490301857383, 1.4698584396262731, null, null, 864.6490301857383, 1.4698584396262731
2100-Nov-29 16:00:00, 856.88848883909009, 1.4566659224358136, null, null, 856.88848883909009, 1.4566659224358136
2100-Nov-29 17:00:00, 850.81804714494547, 1.4463464868672788, null, null, 850.81804714494547, 1.4463464868672788
2100-Nov-29 18:00:00, 846.59861571648401, 1.4391736726050388, null, null, 846.59861571648401, 1.4391736726050388
2100-Nov-29 19:00:00, 844.17860149381568, 1.435059774127132, null, null, 844.17860149381568, 1.435059774127132
2100-Nov-29 20:00:00, 843.31359376580406, 1.4335893059198332, null, null, 843.31359376580406, 1.4335893059198332
2100-Nov-29 21:00:00, 843.69599455716809, 1.4342393674024505, null, null, 843.69599455716809, 1.4342393674024505
2100-Nov-29 22:00:00, 845.09606239420827, 1.4366194100029503, null, null, 845.09606239420827, 1.4366194100029503
2100-Nov-29 23:00:00, 847.29761375934856, 1.4403619329704798, null, null, 847.29761375934856, 1.4403619329704798
2100-Nov-30 00:00:00, 850.0965202986273, 1.4451199287061602, null, null, 850.0965202986273, 1.4451199287061602
2100-Nov-30 01:00:00, 853.31350298566917, 1.4505886321772834, null, null, 853.31350298566917, 1.4505886321772834
2100-Nov-30 02:00:00, 856.83228155176471, 1.4565703729668851, null, null, 856.83228155176471, 1.4565703729668851
2100-Nov-30 03:00:00, 860.64502718042343, 1.4630518424935766, null, null, 860.64502718042343, 1.4630518424935766
2100-Nov-30 04:00:00, 864.77508594753476, 1.4700727278737256, null, null, 864.77508594753476, 1.4700727278737256
2100-Nov-30 05:00:00, 869.16206924756364, 1.4775303716146337, null, null, 869.16206924756364, 1.4775303716146337
2100-Nov-30 06:00:00, 873.74472365775023, 1.485320646079241, null, null, 873.74472365775023, 1.485320646079241
2100-Nov-30 07:00:00, 878.48996275007482, 1.4933873060584923, null, null, 878.48996275007482, 1.4933873060584923
2100-Nov-30 08:00:00, 883.16380674715265, 1.5013325980842356, null, null, 883.16380674715265, 1.5013325980842356
2100-Nov-30 09:00:00, 887.19384069916146, 1.5081834464742097, null, null, 887.19384069916146, 1.5081834464742097
2100-Nov-30 10:00:00, 890.06247576493138, 1.5130599770830788, null, null, 890.06247576493138, 1.5130599770830788
2100-Nov-30 11:00:00, 891.35178434071997, 1.5152517346925198, null, null, 891.35178434071997, 1.5152517346925198
2100-Nov-30 12:00:00, 891.1260463280895, 1.5148679917963552, null, null, 891.1260463280895, 1.5148679917963552
2100-Nov-30 13:00:00, 889.97221517889147, 1.5129065387751357, null, null, 889.97221517889147, 1.5129065387751357
2100-Nov-30 14:00:00, 888.37305736231338, 1.5101880535505738, null, null, 888.37305736231338, 1.5101880535505738
2100-Nov-30 15:00:00, 885.21107817317682, 1.5048128531688922, null, null, 885.21107817317682, 1.5048128531688922
2100-Nov-30 16:00:00, 880.82615198690394, 1.4973587064145186, null, null, 880.82615198690394, 1.4973587064145186
2100-Nov-30 17:00:00, 876.63845430711808, 1.4902398378767092, null, null, 876.63845430711808, 1.4902398378767092
2100-Nov-30 18:00:00, 873.51444387234483, 1.4849291824052682, null, null, 873.51444387234483, 1.4849291824052682
2100-Nov-30 19:00:00, 871.64004011504721, 1.4817427933783365, null, null, 871.64004011504721, 1.4817427933783365
2100-Nov-30 20:00:00, 870.90401441494521, 1.4804915879188862, null, null, 870.90401441494521, 1.4804915879188862
2100-Nov-30 21:00:00, 871.13853390231566, 1.4808902588659805, null, null, 871.13853390231566, 1.4808902588659805
2100-Nov-30 22:00:00, 872.16174666764698, 1.4826296674192203, null, null, 872.16174666764698, 1.4826296674192203
2100-Nov-30 23:00:00, 873.80738098750089, 1.4854271602852636, null, null, 873.80738098750089, 1.4854271602852636
2100-Dec-01 00:00:00, 875.94319000558505, 1.4890579246775935, null, null, 875.94319000558505, 1.4890579246775935
2100-Dec-01 01:00:00, 878.46536366203816, 1.4933454888865585, null, null, 878.46536366203816, 1.4933454888865585
2100-Dec-01 02:00:00, 881.29903357171747, 1.4981625805462373, null, null, 881.29903357171747, 1.4981625805462373
2100-Dec-01 03:00:00, 884.39294155172399, 1.5034220634081596, null, null, 884.39294155172399, 1.5034220634081596
2100-Dec-01 04:00:00, 887.71121363557677, 1.5090629535926772, null, null, 887.71121363557677, 1.5090629535926772
2100-Dec-01 05:00:00, 891.17839812046725, 1.5149569871241353, null, null, 891.17839812046725, 1.5149569871241353
2100-Dec-01 06:00:00, 894.72175807713666, 1.5209805150009035, null, null, 894.72175807713666, 1.5209805150009035
2100-Dec-01 07:00:00, 898.29384719124585, 1.5270528809530663, null, null, 898.29384719124585, 1.5270528809530663
2100-Dec-01 08:00:00, 901.48154867231642, 1.5324718078949657, null, null, 901.48154867231642, 1.5324718078949657
2100-Dec-01 09:00:00, 903.42338505115561, 1.535772828875926, null, null, 903.42338505115561, 1.535772828875926
2100-Dec-01 10:00:00, 904.25461692392889, 1.5371858798837086, null, null, 904.25461692392889, 1.5371858798837086
2100-Dec-01 11:00:00, 904.18338935521763, 1.5370647967166091, null, null, 904.18338935521763, 1.5370647967166091
2100-Dec-01 12:00:00, 903.16042115450898, 1.5353258039105246, null, null, 903.16042115450898, 1.5353258039105246
2100-Dec-01 13:00:00, 901.43632922645463, 1.5323949371857939, null, null, 901.43632922645463, 1.5323949371857939
2100-Dec-01 14:00:00, 899.50368616890125, 1.529109544373499, null, null, 899.50368616890125, 1.529109544373499
2100-Dec-01 15:00:00, 897.4837121484461, 1.525675693460425, null, null, 897.4837121484461, 1.525675693460425
2100-Dec-01 16:00:00, 895.58850599661389, 1.5224539414433045, null, null, 895.58850599661389, 1.5224539414433045
2100-Dec-01 17:00:00, 894.04816699530295, 1.5198354451495237, null, null, 894.04816699530295, 1.5198354451495237
2100-Dec-01 18:00:00, 892.97309581786885, 1.5180078799893444, null, null, 892.97309581786885, 1.5180078799893444
2100-Dec-01 19:00:00, 892.30603062591501, 1.516873903811792, null, null, 892.30603062591501, 1.516873903811792
2100-Dec-01 20:00:00, 891.99157572142553, 1.5163393468076092, null, null, 891.99157572142553, 1.5163393468076092
2100-Dec-01 21:00:00, 892.02818621608992, 1.5164015827469126, null, null, 892.02818621608992, 1.5164015827469126
2100-Dec-01 22:00:00, 892.38261549855736, 1.5170040941173046, null, null, 892.38261549855736, 1.5170040941173046
2100-Dec-01 23:00:00, 893.1231146181409, 1.5182629041575146, null, null, 893.1231146181409, 1.5182629041575146
2100-Dec-02 00:00:00, 894.23859630947254, 1.520159165092313, null, null, 894.23859630947254, 1.520159165092313
2100-Dec-02 01:00:00, 895.62288926543226, 1.5225123912143563, null, null, 895.62288926543226, 1.5225123912143563
2100-Dec-02 02:00:00, 897.20722483279258, 1.5252056793851467, null, null, 897.20722483279258, 1.5252056793851467
2100-Dec-02 03:00:00, 899.00071660093738, 1.5282545222332578, null, null, 899.00071660093738, 1.5282545222332578
2100-Dec-02 04:00:00, 901.06806680890099, 1.5317689102042773, null, null, 901.06806680890099, 1.5317689102042773
2100-Dec-02 05:00:00, 903.51865731668329, 1.5359347867786812, null, null, 903.51865731668329, 1.5359347867786812
2100-Dec-02 06:00:00, 906.39313294064868, 1.5408212460331119, null, null, 906.39313294064868, 1.5408212460331119
2100-Dec-02 07:00:00, 909.64348626976118, 1.5463466778624138, null, null, 909.64348626976118, 1.5463466778624138
2100-Dec-02 08:00:00, 913.13645927171331, 1.5522845505333669, null, null, 913.13645927171331, 1.5522845505333669
2100-Dec-02 09:00:00, 916.19675944425921, 1.5574869018682664, null, null, 916.19675944425921, 1.5574869018682664
2100-Dec-02 10:00:00, 918.11495009989005, 1.5607477263479812, null, null, 918.11495009989005, 1.5607477263479812
2100-Dec-02 11:00:00, 916.42829846405732, 1.5578805061752994, null, null, 916.42829846405732, 1.5578805061752994
2100-Dec-02 12:00:00, 910.12829899964424, 1.547170834321022, null, null, 910.12829899964424, 1.547170834321022
2100-Dec-02 13:00:00, 900.68715141617042, 1.5311213738221821, null, null, 900.68715141617042, 1.5311213738221821
2100-Dec-02 14:00:00, 890.10431041290337, 1.5131310938116516, null, null, 890.10431041290337, 1.5131310938116516
2100-Dec-02 15:00:00, 880.04869453326671, 1.4960370691261109, null, null, 880.04869453326671, 1.4960370691261109
2100-Dec-02 16:00:00, 871.7260086926193, 1.4818889354948201, null, null, 871.7260086926193, 1.4818889354948201
2100-Dec-02 17:00:00, 865.60593127621723, 1.4714851217766318, null, null, 865.60593127621723, 1.4714851217766318
2100-Dec-02 18:00:00, 861.63683378806479, 1.4647378622100453, null, null, 861.63683378806479, 1.4647378622100453
2100-Dec-02 19:00:00, 859.64774727514794, 1.4613565184554245, null, null, 859.64774727514794, 1.4613565184554245
2100-Dec-02 20:00:00, 859.37072446235436, 1.4608855940628229, null, null, 859.37072446235436, 1.4608855940628229
2100-Dec-02 21:00:00, 860.48290501976021, 1.4627762432414153, null, null, 860.48290501976021, 1.4627762432414153
2100-Dec-02 22:00:00, 862.6559528220148, 1.4664703116325739, null, null, 862.6559528220148, 1.4664703116325739
2100-Dec-02 23:00:00, 865.67251719405738, 1.4715983143783473, null, null, 865.67251719405738, 1.4715983143783473
2100-Dec-03 00:00:00, 869.32111392290017, 1.4778007393015908, null, null, 869.32111392290017, 1.4778007393015908
2100-Dec-03 01:00:00, 873.41122383202639, 1.484753713698193, null, null, 873.41122383202639, 1.484753713698193
2100-Dec-03 02:00:00, 877.84649141208899, 1.4922934382071713, null, null, 877.84649141208899, 1.4922934382071713
2100-Dec-03 03:00:00, 882.28544958558598, 1.499839436533291, null, null, 882.28544958558598, 1.499839436533291
2100-Dec-03 04:00:00, 886.61872650640646, 1.5072057822191671, null, null, 886.61872650640646, 1.5072057822191671
2100-Dec-03 05:00:00, 890.78091622254999, 1.5142812885437218, null, null, 890.78091622254999, 1.5142812885437218
2100-Dec-03 06:00:00, 894.76059735206695, 1.5210465397508912, null, null, 894.76059735206695, 1.5210465397508912
2100-Dec-03 07:00:00, 898.60633285768722, 1.5275840903548537, null, null, 898.60633285768722, 1.5275840903548537
2100-Dec-03 08:00:00, 902.263745555583, 1.5338015019675675, null, null, 902.263745555583, 1.5338015019675675
2100-Dec-03 09:00:00, 905.74341869180159, 1.5397167655575965, null, null, 905.74341869180159, 1.5397167655575965
2100-Dec-03 10:00:00, 909.11381993567886, 1.5454462726064575, null, null, 909.11381993567886, 1.5454462726064575
2100-Dec-03 11:00:00, 912.14508502268518, 1.550599265804083, null, null, 912.14508502268518, 1.550599265804083
2100-Dec-03 12:00:00, 914.93130913839468, 1.5553357020784475, null, null, 914.93130913839468, 1.5553357020784475
2100-Dec-03 13:00:00, 917.67804125733869, 1.5600050040096083, null, null, 917.67804125733869, 1.5600050040096083
2100-Dec-03 14:00:00, 920.60021053069306, 1.5649725399906915, null, null, 920.60021053069306, 1.5649725399906915
2100-Dec-03 15:00:00, 923.74727047530757, 1.5703223784316227, null, null, 923.74727047530757, 1.5703223784316227
2100-Dec-03 16:00:00, 927.08604467164844, 1.575998121142447, null, null, 927.08604467164844, 1.575998121142447
2100-Dec-03 17:00:00, 930.57391186145355, 1.5819273141979568, null, null, 930.57391186145355, 1.5819273141979568
2100-Dec-03 18:00:00, 934.16656279104893, 1.5880346341684224, null, null, 934.16656279104893, 1.5880346341684224
2100-Dec-03 19:00:00, 937.91980115019146, 1.594414944427869, null, null, 937.91980115019146, 1.594414944427869
2100-Dec-03 20:00:00, 941.85741623065064, 1.6011086855366392, null, null, 941.85741623065064, 1.6011086855366392
2100-Dec-03 21:00:00, 945.92040539827667, 1.6080155560813993, null, null, 945.92040539827667, 1.6080155560813993
2100-Dec-03 22:00:00, 950.09778071795199, 1.6151168771431859, null, null, 950.09778071795199, 1.6151168771431859
2100-Dec-03 23:00:00, 954.32040084817584, 1.6222951120327942, null, null, 954.32040084817584, 1.6222951120327942
2100-Dec-04 00:00:00, 958.55045435510488, 1.6294859832766961, null, null, 958.55045435510488, 1.6294859832766961
2100-Dec-04 01:00:00, 962.77166414744852, 1.6366618206651642, null, null, 962.77166414744852, 1.6366618206651642
2100-Dec-04 02:00:00, 966.96970394944128, 1.6437982702735336, null, null, 966.96970394944128, 1.6437982702735336
2100-Dec-04 03:00:00, 971.16008175594004, 1.6509216948875436, null, null, 971.16008175594004, 1.6509216948875436
2100-Dec-04 04:00:00, 975.32118628292119, 1.6579953564468892, null, null, 975.32118628292119, 1.6579953564468892
2100-Dec-04 05:00:00, 979.45564834075014, 1.6650237271925419, null, null, 979.45564834075014, 1.6650237271925419
2100-Dec-04 06:00:00, 983.5678710604675, 1.672014292218563, null, null, 983.5678710604675, 1.672014292218563
2100-Dec-04 07:00:00, 987.65257120041201, 1.6789580702885509, null, null, 987.65257120041201, 1.6789580702885509
2100-Dec-04 08:00:00, 990.43383555791058, 1.6836860752315772, null, null, 990.43383555791058, 1.6836860752315772
2100-Dec-04 09:00:00, 991.77522297321957, 1.6859663641631184, null, null, 991.77522297321957, 1.6859663641631184
2100-Dec-04 10:00:00, 991.57316818202548, 1.6856228815132392, null, null, 991.57316818202548, 1.6856228815132392
2100-Dec-04 11:00:00, 989.80761964996816, 1.6826215407150467, null, null, 989.80761964996816, 1.6826215407150467
2100-Dec-04 12:00:00, 986.65794385256754, 1.6772672554602521, null, null, 986.65794385256754, 1.6772672554602521
2100-Dec-04 13:00:00, 982.04334832986092, 1.6694226827634493, null, null, 982.04334832986092, 1.6694226827634493
2100-Dec-04 14:00:00, 976.59672547106732, 1.660163706812549, null, null, 976.59672547106732, 1.660163706812549
2100-Dec-04 15:00:00, 970.8999170338252, 1.6504794283734512, null, null, 970.8999170338252, 1.6504794283734512
2100-Dec-04 16:00:00, 965.85008341821822, 1.6418949735259001, null, null, 965.85008341821822, 1.6418949735259001
2100-Dec-04 17:00:00, 962.19267000684363, 1.6356775607003096, null, null, 962.19267000684363, 1.6356775607003096
2100-Dec-04 18:00:00, 960.09895790113114, 1.6321183588724093, null, null, 960.09895790113114, 1.6321183588724093
2100-Dec-04 19:00:00, 959.58738597307001, 1.6312487131668274, null, null, 959.58738597307001, 1.6312487131668274
2100-Dec-04 20:00:00, 960.45329826925331, 1.6327207190930328, null, null, 960.45329826925331, 1.6327207190930328
2100-Dec-04 21:00:00, 962.33311526977423, 1.6359163103522691, null, null, 962.33311526977423, 1.6359163103522691
2100-Dec-04 22:00:00, 964.95281076060087, 1.6403696566141799, null, null, 964.95281076060087, 1.6403696566141799
2100-Dec-04 23:00:00, 968.11343219033552, 1.6457425488754032, null, null, 968.11343219033552, 1.6457425488754032
2100-Dec-05 00:00:00, 971.74034777902182, 1.6519081169865446, null, null, 971.74034777902182, 1.6519081169865446
2100-Dec-05 01:00:00, 975.79844244357912, 1.6588066671303188, null, null, 975.79844244357912, 1.6588066671303188
2100-Dec-05 02:00:00, 980.31472352095057, 1.6664841103767107, null, null, 980.31472352095057, 1.6664841103767107
2100-Dec-05 03:00:00, 985.1509392481322, 1.6747054259097012, null, null, 985.1509392481322, 1.6747054259097012
2100-Dec-05 04:00:00, 990.280056315107, 1.6834246585064285, null, null, 990.280056315107, 1.6834246585064285
2100-Dec-05 05:00:00, 995.59280220150356, 1.6924560505581054, null, null, 995.59280220150356, 1.6924560505581054
2100-Dec-05 06:00:00, 1000.9560036713641, 1.7015732144809022, null, null, 1000.9560036713641, 1.7015732144809022
2100-Dec-05 07:00:00, 1006.3396098281771, 1.7107250653116557, null, null, 1006.3396098281771, 1.7107250653116557
2100-Dec-05 08:00:00, 1011.1026881358515, 1.7188220510303953, null, null, 1011.1026881358515, 1.7188220510303953
2100-Dec-05 09:00:00, 1014.8421821367845, 1.7251789965947966, null, null, 1014.8421821367845, 1.7251789965947966
2100-Dec-05 10:00:00, 1016.6214793813047, 1.7282037094900393, null, null, 1016.6214793813047, 1.7282037094900393
2100-Dec-05 11:00:00, 1014.3115201246831, 1.7242768987379256, null, null, 1014.3115201246831, 1.7242768987379256
2100-Dec-05 12:00:00, 1007.3822844766738, 1.7124975580553854, null, null, 1007.3822844766738, 1.7124975580553854
2100-Dec-05 13:00:00, 997.6486373722114, 1.6959508635639053, null, null, 997.6486373722114, 1.6959508635639053
2100-Dec-05 14:00:00, 985.96116687951405, 1.6760827707981227, null, null, 985.96116687951405, 1.6760827707981227
2100-Dec-05 15:00:00, 973.2706967244311, 1.6545096307041971, null, null, 973.2706967244311, 1.6545096307041971
2100-Dec-05 16:00:00, 961.71937070443414, 1.6348729764703747, null, null, 961.71937070443414, 1.6348729764703747
2100-Dec-05 17:00:00, 952.85525785935124, 1.6198044450544014, null, null, 952.85525785935124, 1.6198044450544014
2100-Dec-05 18:00:00, 947.0542893440803, 1.6099430998929483, null, null, 947.0542893440803, 1.6099430998929483
2100-Dec-05 19:00:00, 944.07833981131319, 1.604884140264323, null, null, 944.07833981131319, 1.604884140264323
2100-Dec-05 20:00:00, 943.43878202024257, 1.6037969252394799, null, null, 943.43878202024257, 1.6037969252394799
2100-Dec-05 21:00:00, 944.56179027196731, 1.605705980936001, null, null, 944.56179027196731, 1.605705980936001
2100-Dec-05 22:00:00, 947.09231366610015, 1.6100077392653187, null, null, 947.09231366610015, 1.6100077392653187
2100-Dec-05 23:00:00, 950.61288829017735, 1.6159925332601981, null, null, 950.61288829017735, 1.6159925332601981
2100-Dec-06 00:00:00, 954.78061859935008, 1.6230774583051124, null, null, 954.78061859935008, 1.6230774583051124
2100-Dec-06 01:00:00, 959.38627252999026, 1.6309068307598471, null, null, 959.38627252999026, 1.6309068307598471
2100-Dec-06 02:00:00, 964.29481707036746, 1.6392511015183595, null, null, 964.29481707036746, 1.6392511015183595
2100-Dec-06 03:00:00, 969.45240652669759, 1.6480187356980749, null, null, 969.45240652669759, 1.6480187356980749
2100-Dec-06 04:00:00, 974.80684763913575, 1.6571210074682849, null, null, 974.80684763913575, 1.6571210074682849
2100-Dec-06 05:00:00, 980.31220066856463, 1.6664798216586969, null, null, 980.31220066856463, 1.6664798216586969
2100-Dec-06 06:00:00, 985.92339852330247, 1.676018566554331, null, null, 985.92339852330247, 1.676018566554331
2100-Dec-06 07:00:00, 991.67302499855305, 1.6857926329145632, null, null, 991.67302499855305, 1.6857926329145632
2100-Dec-06 08:00:00, 996.09013473707466, 1.6933014900360783, null, null, 996.09013473707466, 1.6933014900360783
2100-Dec-06 09:00:00, 998.36002967966931, 1.6971601935353711, null, null, 998.36002967966931, 1.6971601935353711
2100-Dec-06 10:00:00, 997.00602857258832, 1.6948584619829989, null, null, 997.00602857258832, 1.6948584619829989
2100-Dec-06 11:00:00, 992.912127652903, 1.6878990430653595, null, null, 992.912127652903, 1.6878990430653595
2100-Dec-06 12:00:00, 987.35685118695642, 1.6784553616259961, null, null, 987.35685118695642, 1.6784553616259961
2100-Dec-06 13:00:00, 980.50625955361738, 1.6668097116834597, null, null, 980.50625955361738, 1.6668097116834597
2100-Dec-06 14:00:00, 971.83216230598373, 1.6520641969133403, null, null, 971.83216230598373, 1.6520641969133403
2100-Dec-06 15:00:00, 962.7236049808464, 1.6365801225782348, null, null, 962.7236049808464, 1.6365801225782348
2100-Dec-06 16:00:00, 954.88938817330711, 1.6232623609311188, null, null, 954.88938817330711, 1.6232623609311188
2100-Dec-06 17:00:00, 949.24381254158254, 1.6136651756002613, null, null, 949.24381254158254, 1.6136651756002613
2100-Dec-06 18:00:00, 945.8442197876044, 1.6078860445004974, null, null, 945.8442197876044, 1.6078860445004974
2100-Dec-06 19:00:00, 944.5270891278883, 1.6056469907935171, null, null, 944.5270891278883, 1.6056469907935171
2100-Dec-06 20:00:00, 944.98286881425543, 1.6064217925861857, null, null, 944.98286881425543, 1.6064217925861857
2100-Dec-06 21:00:00, 946.79364210647236, 1.6095000131275805, null, null, 946.79364210647236, 1.6095000131275805
2100-Dec-06 22:00:00, 949.55339430956599, 1.6141914485255049, null, null, 949.55339430956599, 1.6141914485255049
2100-Dec-06 23:00:00, 952.97144132979759, 1.6200019509193462, null, null, 952.97144132979759, 1.6200019509193462
2100-Dec-07 00:00:00, 956.96687769130119, 1.626793985202533, null, null, 956.96687769130119, 1.626793985202533
2100-Dec-07 01:00:00, 961.48605580540493, 1.6344763532608917, null, null, 961.48605580540493, 1.6344763532608917
2100-Dec-07 02:00:00, 966.42520100419824, 1.6428726435492489, null, null, 966.42520100419824, 1.6428726435492489
2100-Dec-07 03:00:00, 971.74264135947703, 1.6519120159541851, null, null, 971.74264135947703, 1.6519120159541851
2100-Dec-07 04:00:00, 977.29957377218568, 1.6613585124170309, null, null, 977.29957377218568, 1.6613585124170309
2100-Dec-07 05:00:00, 983.01250945316337, 1.671070206332796, null, null, 983.01250945316337, 1.671070206332796
2100-Dec-07 06:00:00, 988.90423661758894, 1.681085836483617, null, null, 988.90423661758894, 1.681085836483617
2100-Dec-07 07:00:00, 994.89129560464494, 1.6912635257811741, null, null, 994.89129560464494, 1.6912635257811741
2100-Dec-07 08:00:00, 1000.4836273693516, 1.7007701993036997, null, null, 1000.4836273693516, 1.7007701993036997
2100-Dec-07 09:00:00, 1003.5507271561672, 1.7059841096296715, null, null, 1003.5507271561672, 1.7059841096296715
2100-Dec-07 10:00:00, 1004.4618225924952, 1.7075329245472155, null, null, 1004.4618225924952, 1.7075329245472155
2100-Dec-07 11:00:00, 1003.7567803201932, 1.7063343893056808, null, null, 1003.7567803201932, 1.7063343893056808
2100-Dec-07 12:00:00, 1002.3881596260354, 1.7040078052146506, null, null, 1002.3881596260354, 1.7040078052146506
2100-Dec-07 13:00:00, 1001.1722886848993, 1.7019408877696134, null, null, 1001.1722886848993, 1.7019408877696134
2100-Dec-07 14:00:00, 1000.14465242815, 1.7001939595107285, null, null, 1000.14465242815, 1.7001939595107285
2100-Dec-07 15:00:00, 999.28937067462152, 1.6987400249548634, null, null, 999.28937067462152, 1.6987400249548634
2100-Dec-07 16:00:00, 998.74838538723839, 1.697820378066226, null, null, 998.74838538723839, 1.697820378066226
2100-Dec-07 17:00:00, 998.66720439498044, 1.6976823745960989, null, null, 998.66720439498044, 1.6976823745960989
2100-Dec-07 18:00:00, 999.20912643762324, 1.6986036139200209, null, null, 999.20912643762324, 1.6986036139200209
2100-Dec-07 19:00:00, 1000.3839048190849, 1.7006006761480454, null, null, 1000.3839048190849, 1.7006006761480454
2100-Dec-07 20:00:00, 1002.1074495102187, 1.703530612598436, null, null, 1002.1074495102187, 1.703530612598436
2100-Dec-07 21:00:00, 1004.2108013024163, 1.7071062013926552, null, null, 1004.2108013024163, 1.7071062013926552
2100-Dec-07 22:00:00, 1006.697828914988, 1.7113340191525812, null, null, 1006.697828914988, 1.7113340191525812
2100-Dec-07 23:00:00, 1009.6203966837298, 1.7163022325551247, null, null, 1009.6203966837298, 1.7163022325551247
2100-Dec-08 00:00:00, 1012.8707924153816, 1.7218277364665409, null, null, 1012.8707924153816, 1.7218277364665409
2100-Dec-08 01:00:00, 1016.3613410564988, 1.7277614878500009, null, null, 1016.3613410564988, 1.7277614878500009
2100-Dec-08 02:00:00, 1019.9793295799976, 1.7339118804140146, null, null, 1019.9793295799976, 1.7339118804140146
2100-Dec-08 03:00:00, 1023.7042258071504, 1.7402440105212285, null, null, 1023.7042258071504, 1.7402440105212285
2100-Dec-08 04:00:00, 1027.5624214656318, 1.7468027427378485, null, null, 1027.5624214656318, 1.7468027427378485
2100-Dec-08 05:00:00, 1031.5750871145551, 1.7536240659147233, null, null, 1031.5750871145551, 1.7536240659147233
2100-Dec-08 06:00:00, 1035.8016598540394, 1.7608090200347675, null, null, 1035.8016598540394, 1.7608090200347675
2100-Dec-08 07:00:00, 1040.2236187567196, 1.7683261204834766, null, null, 1040.2236187567196, 1.7683261204834766
2100-Dec-08 08:00:00, 1044.669102984524, 1.7758832127629418, null, null, 1044.669102984524, 1.7758832127629418
2100-Dec-08 09:00:00, 1048.9258457335941, 1.7831194543321882, null, null, 1048.9258457335941, 1.7831194543321882
2100-Dec-08 10:00:00, 1052.8516555931717, 1.7897931271786478, null, null, 1052.8516555931717, 1.7897931271786478
2100-Dec-08 11:00:00, 1056.3592826570007, 1.795755910993629, null, null, 1056.3592826570007, 1.795755910993629
2100-Dec-08 12:00:00, 1059.0176756529388, 1.8002750410041994, null, null, 1059.0176756529388, 1.8002750410041994
2100-Dec-08 13:00:00, 1060.9221867474871, 1.803512610940619, null, null, 1060.9221867474871, 1.803512610940619
2100-Dec-08 14:00:00, 1062.2341556146559, 1.8057428898683832, null, null, 1062.2341556146559, 1.8057428898683832
2100-Dec-08 15:00:00, 1063.0762296860055, 1.8071743720505788, null, null, 1063.0762296860055, 1.8071743720505788
2100-Dec-08 16:00:00, 1063.8560780337298, 1.8085000737347463, null, null, 1063.8560780337298, 1.8085000737347463
2100-Dec-08 17:00:00, 1064.8974736082516, 1.8102703921191567, null, null, 1064.8974736082516, 1.8102703921191567
2100-Dec-08 18:00:00, 1066.2644808434914, 1.812594233413833, null, null, 1066.2644808434914, 1.812594233413833
2100-Dec-08 19:00:00, 1067.8994668432615, 1.8153736246888299, null, null, 1067.8994668432615, 1.8153736246888299
2100-Dec-08 20:00:00, 1069.7502247712673, 1.8185198170341799, null, null, 1069.7502247712673, 1.8185198170341799
2100-Dec-08 21:00:00, 1071.7675461383635, 1.8219491585743279, null, null, 1071.7675461383635, 1.8219491585743279
2100-Dec-08 22:00:00, 1073.8494723178417, 1.8254883249398157, null, null, 1073.8494723178417, 1.8254883249398157
2100-Dec-08 23:00:00, 1075.9513648812615, 1.8290614331209081, null, null, 1075.9513648812615, 1.8290614331209081
2100-Dec-09 00:00:00, 1078.1150099870003, 1.8327395174163861, null, null, 1078.1150099870003, 1.8327395174163861
2100-Dec-09 01:00:00, 1080.4168241343723, 1.8366524819058494, null, null, 1080.4168241343723, 1.8366524819058494
2100-Dec-09 02:00:00, 1082.9126957676665, 1.8408953340416268, null, null, 1082.9126957676665, 1.8408953340416268
2100-Dec-09 03:00:00, 1085.7233836283538, 1.845673357411755, null, null, 1085.7233836283538, 1.845673357411755
2100-Dec-09 04:00:00, 1088.9568535425042, 1.8511700883125817, null, null, 1088.9568535425042, 1.8511700883125817
2100-Dec-09 05:00:00, 1092.6345732430811, 1.8574220207750649, null, null, 1092.6345732430811, 1.8574220207750649
2100-Dec-09 06:00:00, 1096.6350458278189, 1.8642226163761577, null, null, 1096.6350458278189, 1.8642226163761577
2100-Dec-09 07:00:00, 1100.7525642219425, 1.8712221837736009, null, null, 1100.7525642219425, 1.8712221837736009
2100-Dec-09 08:00:00, 1103.3187597940794, 1.8755845829526374, null, null, 1103.3187597940794, 1.8755845829526374
2100-Dec-09 09:00:00, 1103.5319808750894, 1.8759470477152029, null, null, 1103.5319808750894, 1.8759470477152029
2100-Dec-09 10:00:00, 1101.1219756136938, 1.8718501639515734, null, null, 1101.1219756136938, 1.8718501639515734
2100-Dec-09 11:00:00, 1096.4653561740497, 1.8639341527787876, null, null, 1096.4653561740497, 1.8639341527787876
2100-Dec-09 12:00:00, 1090.7060826233717, 1.8541436868914183, null, null, 1090.7060826233717, 1.8541436868914183
2100-Dec-09 13:00:00, 1084.3140814141041, 1.8432776168496521, null, null, 1084.3140814141041, 1.8432776168496521
2100-Dec-09 14:00:00, 1077.4103017701111, 1.8315415500517014, null, null, 1077.4103017701111, 1.8315415500517014
2100-Dec-09 15:00:00, 1070.6901374912445, 1.8201176198370972, null, null, 1070.6901374912445, 1.8201176198370972
2100-Dec-09 16:00:00, 1065.2070705117615, 1.810796690774009, null, null, 1065.2070705117615, 1.810796690774009
2100-Dec-09 17:00:00, 1061.4978117389505, 1.8044911435269337, null, null, 1061.4978117389505, 1.8044911435269337
2100-Dec-09 18:00:00, 1059.5284132177014, 1.8011432683355124, null, null, 1059.5284132177014, 1.8011432683355124
2100-Dec-09 19:00:00, 1059.1287073672906, 1.8004637891513766, null, null, 1059.1287073672906, 1.8004637891513766
2100-Dec-09 20:00:00, 1059.9700276700571, 1.8018939899661333, null, null, 1059.9700276700571, 1.8018939899661333
2100-Dec-09 21:00:00, 1061.6875375416255, 1.8048136675367239, null, null, 1061.6875375416255, 1.8048136675367239
2100-Dec-09 22:00:00, 1064.0320443850155, 1.8087992073918697, null, null, 1064.0320443850155, 1.8087992073918697
2100-Dec-09 23:00:00, 1066.7903764121677, 1.8134882285644605, null, null, 1066.7903764121677, 1.8134882285644605
2100-Dec-10 00:00:00, 1069.8009715039427, 1.818606083843836, null, null, 1069.8009715039427, 1.818606083843836
2100-Dec-10 01:00:00, 1073.0178266733308, 1.8240745705415713, null, null, 1073.0178266733308, 1.8240745705415713
2100-Dec-10 02:00:00, 1076.4685278250981, 1.8299405832628992, null, null, 1076.4685278250981, 1.8299405832628992
2100-Dec-10 03:00:00, 1080.1602016992906, 1.8362162370957196, null, null, 1080.1602016992906, 1.8362162370957196
2100-Dec-10 04:00:00, 1084.011302156576, 1.8427629078388461, null, null, 1084.011302156576, 1.8427629078388461
2100-Dec-10 05:00:00, 1087.9253577970785, 1.8494165991234168, null, null, 1087.9253577970785, 1.8494165991234168
2100-Dec-10 06:00:00, 1091.8935205113646, 1.8561622696229845, null, null, 1091.8935205113646, 1.8561622696229845
2100-Dec-10 07:00:00, 1095.9161265131529, 1.863000490883407, null, null, 1095.9161265131529, 1.863000490883407
2100-Dec-10 08:00:00, 1099.5160170045681, 1.869120117732928, null, null, 1099.5160170045681, 1.869120117732928
2100-Dec-10 09:00:00, 1101.6056359324466, 1.8726723613711187, null, null, 1101.6056359324466, 1.8726723613711187
2100-Dec-10 10:00:00, 1101.7515202714173, 1.8729203571698296, null, null, 1101.7515202714173, 1.8729203571698296
2100-Dec-10 11:00:00, 1098.3797371881128, 1.8671885010657179, null, null, 1098.3797371881128, 1.8671885010657179
2100-Dec-10 12:00:00, 1091.0322904395, 1.8546982232349163, null, null, 1091.0322904395, 1.8546982232349163
2100-Dec-10 13:00:00, 1081.0945787843589, 1.8378046296068244, null, null, 1081.0945787843589, 1.8378046296068244
2100-Dec-10 14:00:00, 1070.8485958669369, 1.8203869908451129, null, null, 1070.8485958669369, 1.8203869908451129
2100-Dec-10 15:00:00, 1062.0466762540532, 1.8054241846934309, null, null, 1062.0466762540532, 1.8054241846934309
2100-Dec-10 16:00:00, 1055.3337947972077, 1.7940126348979775, null, null, 1055.3337947972077, 1.7940126348979775
2100-Dec-10 17:00:00, 1050.7713685644555, 1.7862567472843147, null, null, 1050.7713685644555, 1.7862567472843147
2100-Dec-10 18:00:00, 1047.9620075868431, 1.7814809795464925, null, null, 1047.9620075868431, 1.7814809795464925
2100-Dec-10 19:00:00, 1046.468673124604, 1.7789423885276194, null, null, 1046.468673124604, 1.7789423885276194
2100-Dec-10 20:00:00, 1045.9931615780708, 1.778134043597583, null, null, 1045.9931615780708, 1.778134043597583
2100-Dec-10 21:00:00, 1046.4565559531422, 1.7789217899655256, null, null, 1046.4565559531422, 1.7789217899655256
2100-Dec-10 22:00:00, 1047.6683172608848, 1.7809817212472567, null, null, 1047.6683172608848, 1.7809817212472567
2100-Dec-10 23:00:00, 1049.423363819762, 1.7839652092365377, null, null, 1049.423363819762, 1.7839652092365377
2100-Dec-11 00:00:00, 1051.5872600922623, 1.787643720502464, null, null, 1051.5872600922623, 1.787643720502464
2100-Dec-11 01:00:00, 1054.0770523681424, 1.7918762380464119, null, null, 1054.0770523681424, 1.7918762380464119
2100-Dec-11 02:00:00, 1056.7871049030905, 1.7964831865899942, null, null, 1056.7871049030905, 1.7964831865899942
2100-Dec-11 03:00:00, 1059.6535482884169, 1.8013559914559498, null, null, 1059.6535482884169, 1.8013559914559498
2100-Dec-11 04:00:00, 1062.6313743089365, 1.8064181410162856, null, null, 1062.6313743089365, 1.8064181410162856
2100-Dec-11 05:00:00, 1065.702413619246, 1.8116387483275698, null, null, 1065.702413619246, 1.8116387483275698
2100-Dec-11 06:00:00, 1068.8455744130554, 1.8169819584146623, null, null, 1068.8455744130554, 1.8169819584146623
2100-Dec-11 07:00:00, 1072.0308335213113, 1.8223967334496387, null, null, 1072.0308335213113, 1.8223967334496387
2100-Dec-11 08:00:00, 1075.055463469655, 1.8275384472561811, null, null, 1075.055463469655, 1.8275384472561811
2100-Dec-11 09:00:00, 1077.6397526513103, 1.8319316046315788, null, null, 1077.6397526513103, 1.8319316046315788
2100-Dec-11 10:00:00, 1079.695819694919, 1.835426811809266, null, null, 1079.695819694919, 1.835426811809266
2100-Dec-11 11:00:00, 1080.9803893454848, 1.8376105134919782, null, null, 1080.9803893454848, 1.8376105134919782
2100-Dec-11 12:00:00, 1081.2081854655514, 1.8379977550638817, null, null, 1081.2081854655514, 1.8379977550638817
2100-Dec-11 13:00:00, 1079.8653619661818, 1.8357150248640306, null, null, 1079.8653619661818, 1.8357150248640306
2100-Dec-11 14:00:00, 1077.224715545676, 1.8312260631099007, null, null, 1077.224715545676, 1.8312260631099007
2100-Dec-11 15:00:00, 1073.5548787557448, 1.8249875311860602, null, null, 1073.5548787557448, 1.8249875311860602
2100-Dec-11 16:00:00, 1069.7801928708, 1.8185707612467792, null, null, 1069.7801928708, 1.8185707612467792
2100-Dec-11 17:00:00, 1066.7714083309327, 1.8134559838116031, null, null, 1066.7714083309327, 1.8134559838116031
2100-Dec-11 18:00:00, 1064.8416330164353, 1.8101754660135467, null, null, 1064.8416330164353, 1.8101754660135467
2100-Dec-11 19:00:00, 1063.9140549699021, 1.8085986315147953, null, null, 1063.9140549699021, 1.8085986315147953
2100-Dec-11 20:00:00, 1063.8361378820591, 1.8084661765126397, null, null, 1063.8361378820591, 1.8084661765126397
2100-Dec-11 21:00:00, 1064.450981508217, 1.8095113787408368, null, null, 1064.450981508217, 1.8095113787408368
2100-Dec-11 22:00:00, 1065.6503751502448, 1.8115502856332553, null, null, 1065.6503751502448, 1.8115502856332553
2100-Dec-11 23:00:00, 1067.3488219544522, 1.8144375569795081, null, null, 1067.3488219544522, 1.8144375569795081
2100-Dec-12 00:00:00, 1069.5220865161068, 1.8181319938503879, null, null, 1069.5220865161068, 1.8181319938503879
2100-Dec-12 01:00:00, 1072.1407533857953, 1.8225835915097925, null, null, 1072.1407533857953, 1.8225835915097925
2100-Dec-12 02:00:00, 1075.1576182026824, 1.827712104996196, null, null, 1075.1576182026824, 1.827712104996196
2100-Dec-12 03:00:00, 1078.5471942317906, 1.8334742081839706, null, null, 1078.5471942317906, 1.8334742081839706
2100-Dec-12 04:00:00, 1082.2754710240204, 1.8398120850762218, null, null, 1082.2754710240204, 1.8398120850762218
2100-Dec-12 05:00:00, 1086.3271174555944, 1.846699673558859, null, null, 1086.3271174555944, 1.846699673558859
2100-Dec-12 06:00:00, 1090.6819281433136, 1.854102625529954, null, null, 1090.6819281433136, 1.854102625529954
2100-Dec-12 07:00:00, 1095.2548028985721, 1.8618762750891593, null, null, 1095.2548028985721, 1.8618762750891593
2100-Dec-12 08:00:00, 1099.4983213876963, 1.8690900361033935, null, null, 1099.4983213876963, 1.8690900361033935
2100-Dec-12 09:00:00, 1102.1745312877124, 1.8736394539254491, null, null, 1102.1745312877124, 1.8736394539254491
2100-Dec-12 10:00:00, 1102.1997421191984, 1.8736823110294716, null, null, 1102.1997421191984, 1.8736823110294716
2100-Dec-12 11:00:00, 1099.7956697474958, 1.8695955128701534, null, null, 1099.7956697474958, 1.8695955128701534
2100-Dec-12 12:00:00, 1095.8031191319594, 1.8628083842052192, null, null, 1095.8031191319594, 1.8628083842052192
2100-Dec-12 13:00:00, 1091.0848551093641, 1.8547875804433656, null, null, 1091.0848551093641, 1.8547875804433656
2100-Dec-12 14:00:00, 1085.5549758107504, 1.8453870728692856, null, null, 1085.5549758107504, 1.8453870728692856
2100-Dec-12 15:00:00, 1078.3701007639033, 1.8331731584871696, null, null, 1078.3701007639033, 1.8331731584871696
2100-Dec-12 16:00:00, 1070.7841511789686, 1.8202774382229596, null, null, 1070.7841511789686, 1.8202774382229596
2100-Dec-12 17:00:00, 1064.4815563581121, 1.8095633543975365, null, null, 1064.4815563581121, 1.8095633543975365
2100-Dec-12 18:00:00, 1060.2581194788397, 1.8023837310769693, null, null, 1060.2581194788397, 1.8023837310769693
2100-Dec-12 19:00:00, 1058.1515263068654, 1.7988026321054937, null, null, 1058.1515263068654, 1.7988026321054937
2100-Dec-12 20:00:00, 1057.8043659866887, 1.7982124775934305, null, null, 1057.8043659866887, 1.7982124775934305
2100-Dec-12 21:00:00, 1058.723320492571, 1.7997746525210003, null, null, 1058.723320492571, 1.7997746525210003
2100-Dec-12 22:00:00, 1060.5660322634537, 1.8029071668171752, null, null, 1060.5660322634537, 1.8029071668171752
2100-Dec-12 23:00:00, 1063.1361020365641, 1.8072761519366327, null, null, 1063.1361020365641, 1.8072761519366327
2100-Dec-13 00:00:00, 1066.3698186176462, 1.8127733021584305, null, null, 1066.3698186176462, 1.8127733021584305
2100-Dec-13 01:00:00, 1070.2758791467802, 1.8194134021689579, null, null, 1070.2758791467802, 1.8194134021689579
2100-Dec-13 02:00:00, 1074.6875352386166, 1.826912988374382, null, null, 1074.6875352386166, 1.826912988374382
2100-Dec-13 03:00:00, 1079.4208752999152, 1.8349594206189499, null, null, 1079.4208752999152, 1.8349594206189499
2100-Dec-13 04:00:00, 1084.5040101842512, 1.8436004858936026, null, null, 1084.5040101842512, 1.8436004858936026
2100-Dec-13 05:00:00, 1089.8705899147672, 1.8527233926840394, null, null, 1089.8705899147672, 1.8527233926840394
2100-Dec-13 06:00:00, 1095.5177943153249, 1.8623233468373115, null, null, 1095.5177943153249, 1.8623233468373115
2100-Dec-13 07:00:00, 1101.3451082231722, 1.8722294777977095, null, null, 1101.3451082231722, 1.8722294777977095
2100-Dec-13 08:00:00, 1106.8736289376495, 1.8816276758493253, null, null, 1106.8736289376495, 1.8816276758493253
2100-Dec-13 09:00:00, 1110.8556523499728, 1.8883969088156025, null, null, 1110.8556523499728, 1.8883969088156025
2100-Dec-13 10:00:00, 1110.8809777418503, 1.88843996066634, null, null, 1110.8809777418503, 1.88843996066634
2100-Dec-13 11:00:00, 1107.2162987383224, 1.882210196711479, null, null, 1107.2162987383224, 1.882210196711479
2100-Dec-13 12:00:00, 1101.5110604140712, 1.8725115879023317, null, null, 1101.5110604140712, 1.8725115879023317
2100-Dec-13 13:00:00, 1095.151712243219, 1.8617010263298044, null, null, 1095.151712243219, 1.8617010263298044
2100-Dec-13 14:00:00, 1088.6287223120926, 1.8506122822647082, null, null, 1088.6287223120926, 1.8506122822647082
2100-Dec-13 15:00:00, 1082.3911902393775, 1.8400088017316296, null, null, 1082.3911902393775, 1.8400088017316296
2100-Dec-13 16:00:00, 1077.0431365016818, 1.830917388166708, null, null, 1077.0431365016818, 1.830917388166708
2100-Dec-13 17:00:00, 1073.0604818013567, 1.8241470820436183, null, null, 1073.0604818013567, 1.8241470820436183
2100-Dec-13 18:00:00, 1070.5025244115504, 1.8197986873466354, null, null, 1070.5025244115504, 1.8197986873466354
2100-Dec-13 19:00:00, 1069.2639191653809, 1.8176931227639093, null, null, 1069.2639191653809, 1.8176931227639093
2100-Dec-13 20:00:00, 1069.1794914656127, 1.8175496000596556, null, null, 1069.1794914656127, 1.8175496000596556
2100-Dec-13 21:00:00, 1069.9305864394228, 1.8188264225016797, null, null, 1069.9305864394228, 1.8188264225016797
2100-Dec-13 22:00:00, 1071.2536947792105, 1.8210756379542885, null, null, 1071.2536947792105, 1.8210756379542885
2100-Dec-13 23:00:00, 1072.9353194583784, 1.8239343125617506, null, null, 1072.9353194583784, 1.8239343125617506
2100-Dec-14 00:00:00, 1074.8805316481439, 1.8272410722459389, null, null, 1074.8805316481439, 1.8272410722459389
2100-Dec-14 01:00:00, 1077.1110641121452, 1.8310328615761928, null, null, 1077.1110641121452, 1.8310328615761928
2100-Dec-14 02:00:00, 1079.6703949260125, 1.835383591022741, null, null, 1079.6703949260125, 1.835383591022741
2100-Dec-14 03:00:00, 1082.5603211150142, 1.8402963154351986, null, null, 1082.5603211150142, 1.8402963154351986
2100-Dec-14 04:00:00, 1085.8122696654621, 1.8458244590579114, null, null, 1085.8122696654621, 1.8458244590579114
2100-Dec-14 05:00:00, 1089.4859313848783, 1.8520694931632016, null, null, 1089.4859313848783, 1.8520694931632016
2100-Dec-14 06:00:00, 1093.5836015681689, 1.8590353196331864, null, null, 1093.5836015681689, 1.8590353196331864
2100-Dec-14 07:00:00, 1098.0651053902973, 1.8666536433520691, null, null, 1098.0651053902973, 1.8666536433520691
2100-Dec-14 08:00:00, 1102.6136554795444, 1.8743859422425293, null, null, 1102.6136554795444, 1.8743859422425293
2100-Dec-14 09:00:00, 1106.8050160014036, 1.8815110374216075, null, null, 1106.8050160014036, 1.8815110374216075
2100-Dec-14 10:00:00, 1110.4406545794268, 1.8876914341615314, null, null, 1110.4406545794268, 1.8876914341615314
2100-Dec-14 11:00:00, 1113.3629300777436, 1.8926591507195334, null, null, 1113.3629300777436, 1.8926591507195334
2100-Dec-14 12:00:00, 1115.4212321084299, 1.8961581572591628, null, null, 1115.4212321084299, 1.8961581572591628
2100-Dec-14 13:00:00, 1116.7859880392689, 1.8984781714532952, null, null, 1116.7859880392689, 1.8984781714532952
2100-Dec-14 14:00:00, 1117.6967869192611, 1.900026482240472, null, null, 1117.6967869192611, 1.900026482240472
2100-Dec-14 15:00:00, 1118.3597307400444, 1.9011534523011071, null, null, 1118.3597307400444, 1.9011534523011071
2100-Dec-14 16:00:00, 1119.0809742478184, 1.902379528801418, null, null, 1119.0809742478184, 1.902379528801418
2100-Dec-14 17:00:00, 1120.1990646412123, 1.9042802243942207, null, null, 1120.1990646412123, 1.9042802243942207
2100-Dec-14 18:00:00, 1121.8892216730278, 1.9071534035579953, null, null, 1121.8892216730278, 1.9071534035579953
2100-Dec-14 19:00:00, 1124.1525212912641, 1.9110008953484539, null, null, 1124.1525212912641, 1.9110008953484539
2100-Dec-14 20:00:00, 1126.9183594796389, 1.9157026766052374, null, null, 1126.9183594796389, 1.9157026766052374
2100-Dec-14 21:00:00, 1130.077724233488, 1.9210734325827294, null, null, 1130.077724233488, 1.9210734325827294
2100-Dec-14 22:00:00, 1133.5703123017747, 1.9270106508864457, null, null, 1133.5703123017747, 1.9270106508864457
2100-Dec-14 23:00:00, 1137.3317316758942, 1.9334048684464142, null, null, 1137.3317316758942, 1.9334048684464142
2100-Dec-15 00:00:00, 1141.392920486506, 1.9403086784777643, null, null, 1141.392920486506, 1.9403086784777643
2100-Dec-15 01:00:00, 1145.7475492021319, 1.9477113211057528, null, null, 1145.7475492021319, 1.9477113211057528
2100-Dec-15 02:00:00, 1150.3611521362952, 1.9555542064535889, null, null, 1150.3611521362952, 1.9555542064535889
2100-Dec-15 03:00:00, 1155.2129909682903, 1.9638020804532654, null, null, 1155.2129909682903, 1.9638020804532654
2100-Dec-15 04:00:00, 1160.2724519870544, 1.972402901386116, null, null, 1160.2724519870544, 1.972402901386116
2100-Dec-15 05:00:00, 1165.5531024473999, 1.9813797328806102, null, null, 1165.5531024473999, 1.9813797328806102
2100-Dec-15 06:00:00, 1171.016926199673, 1.9906679494569752, null, null, 1171.016926199673, 1.9906679494569752
2100-Dec-15 07:00:00, 1176.6193265143202, 2.0001917389914179, null, null, 1176.6193265143202, 2.0001917389914179
2100-Dec-15 08:00:00, 1180.2451197272708, 2.0063553991221075, null, null, 1180.2451197272708, 2.0063553991221075
2100-Dec-15 09:00:00, 1181.8210069907259, 2.0090343256150818, null, null, 1181.8210069907259, 2.0090343256150818
2100-Dec-15 10:00:00, 1181.9130069442997, 2.0091907207574859, null, null, 1181.9130069442997, 2.0091907207574859
2100-Dec-15 11:00:00, 1178.1896487096303, 2.0028612051576071, null, null, 1178.1896487096303, 2.0028612051576071
2100-Dec-15 12:00:00, 1170.799246678285, 1.990297905577348, null, null, 1170.799246678285, 1.990297905577348
2100-Dec-15 13:00:00, 1161.3852387731915, 1.9742945811220627, null, null, 1161.3852387731915, 1.9742945811220627
2100-Dec-15 14:00:00, 1151.3745484745293, 1.9572769275906492, null, null, 1151.3745484745293, 1.9572769275906492
2100-Dec-15 15:00:00, 1141.7718500961321, 1.9409528391317277, null, null, 1141.7718500961321, 1.9409528391317277
2100-Dec-15 16:00:00, 1133.6572895127192, 1.9271585076272721, null, null, 1133.6572895127192, 1.9271585076272721
2100-Dec-15 17:00:00, 1127.7621142821274, 1.9171370159430685, null, null, 1127.7621142821274, 1.9171370159430685
2100-Dec-15 18:00:00, 1124.0757539668116, 1.9108703948843409, null, null, 1124.0757539668116, 1.9108703948843409
2100-Dec-15 19:00:00, 1122.2544582898468, 1.9077742868354295, null, null, 1122.2544582898468, 1.9077742868354295
2100-Dec-15 20:00:00, 1121.8763342985321, 1.9071314956907501, null, null, 1121.8763342985321, 1.9071314956907501
2100-Dec-15 21:00:00, 1122.5771952560515, 1.9083229229143406, null, null, 1122.5771952560515, 1.9083229229143406
2100-Dec-15 22:00:00, 1124.1155024106583, 1.9109379651742626, null, null, 1124.1155024106583, 1.9109379651742626
2100-Dec-15 23:00:00, 1126.264703291816, 1.9145914950382159, null, null, 1126.264703291816, 1.9145914950382159
2100-Dec-16 00:00:00, 1128.8569107822298, 1.9189981131272094, null, null, 1128.8569107822298, 1.9189981131272094
2100-Dec-16 01:00:00, 1131.7629562264297, 1.9239382394362357, null, null, 1131.7629562264297, 1.9239382394362357
2100-Dec-16 02:00:00, 1134.99090275712, 1.9294255808720762, null, null, 1134.99090275712, 1.9294255808720762
2100-Dec-16 03:00:00, 1138.5522771490998, 1.9354797323531643, null, null, 1138.5522771490998, 1.9354797323531643
2100-Dec-16 04:00:00, 1142.3971933009175, 1.9420158900982214, null, null, 1142.3971933009175, 1.9420158900982214
2100-Dec-16 05:00:00, 1146.4472338188416, 1.9489007486110683, null, null, 1146.4472338188416, 1.9489007486110683
2100-Dec-16 06:00:00, 1150.6036836550697, 1.9559664974379083, null, null, 1150.6036836550697, 1.9559664974379083
2100-Dec-16 07:00:00, 1154.7917272831248, 1.963085954069806, null, null, 1154.7917272831248, 1.963085954069806
2100-Dec-16 08:00:00, 1158.6463105103251, 1.9696385453408851, null, null, 1158.6463105103251, 1.9696385453408851
2100-Dec-16 09:00:00, 1161.4596898458371, 1.974421144078415, null, null, 1161.4596898458371, 1.974421144078415
2100-Dec-16 10:00:00, 1162.0457309501433, 1.9754173835155275, null, null, 1162.0457309501433, 1.9754173835155275
2100-Dec-16 11:00:00, 1160.6475925820091, 1.9730406209119473, null, null, 1160.6475925820091, 1.9730406209119473
2100-Dec-16 12:00:00, 1158.1084252691558, 1.9687241683697883, null, null, 1158.1084252691558, 1.9687241683697883
2100-Dec-16 13:00:00, 1155.1232953256876, 1.9636496025198211, null, null, 1155.1232953256876, 1.9636496025198211
2100-Dec-16 14:00:00, 1151.9859410418353, 1.9583162631980533, null, null, 1151.9859410418353, 1.9583162631980533
2100-Dec-16 15:00:00, 1148.9627320068598, 1.9531769648704318, null, null, 1148.9627320068598, 1.9531769648704318
2100-Dec-16 16:00:00, 1146.341664742132, 1.9487212866641419, null, null, 1146.341664742132, 1.9487212866641419
2100-Dec-16 17:00:00, 1144.3472150139589, 1.945330825722162, null, null, 1144.3472150139589, 1.945330825722162
2100-Dec-16 18:00:00, 1143.0284744488595, 1.9430890352596519, null, null, 1143.0284744488595, 1.9430890352596519
2100-Dec-16 19:00:00, 1142.3787610006136, 1.9419845561451172, null, null, 1142.3787610006136, 1.9419845561451172
2100-Dec-16 20:00:00, 1142.3387769089884, 1.9419165852662121, null, null, 1142.3387769089884, 1.9419165852662121
2100-Dec-16 21:00:00, 1142.8731035700041, 1.9428249128358881, null, null, 1142.8731035700041, 1.9428249128358881
2100-Dec-16 22:00:00, 1143.9336556805415, 1.9446277963364942, null, null, 1143.9336556805415, 1.9446277963364942
2100-Dec-16 23:00:00, 1145.4277968874865, 1.9471677587794634, null, null, 1145.4277968874865, 1.9471677587794634
2100-Dec-17 00:00:00, 1147.2729652116082, 1.9503044490885459, null, null, 1147.2729652116082, 1.9503044490885459
2100-Dec-17 01:00:00, 1149.4401458217458, 1.9539885435578601, null, null, 1149.4401458217458, 1.9539885435578601
2100-Dec-17 02:00:00, 1151.9126577256607, 1.958191685367046, null, null, 1151.9126577256607, 1.958191685367046
2100-Dec-17 03:00:00, 1154.6125695913399, 1.9627813952995992, null, null, 1154.6125695913399, 1.9627813952995992
2100-Dec-17 04:00:00, 1157.511823811903, 1.9677099768811932, null, null, 1157.511823811903, 1.9677099768811932
2100-Dec-17 05:00:00, 1160.677569208458, 1.9730915796198614, null, null, 1160.677569208458, 1.9730915796198614
2100-Dec-17 06:00:00, 1164.0791016623966, 1.9788740081088061, null, null, 1164.0791016623966, 1.9788740081088061
2100-Dec-17 07:00:00, 1167.6081993740872, 1.9848732909099214, null, null, 1167.6081993740872, 1.9848732909099214
2100-Dec-17 08:00:00, 1170.8259977388227, 1.9903433809907556, null, null, 1170.8259977388227, 1.9903433809907556
2100-Dec-17 09:00:00, 1173.3193780478487, 1.9945819980046815, null, null, 1173.3193780478487, 1.9945819980046815
2100-Dec-17 10:00:00, 1174.7233468396428, 1.996968672025639, null, null, 1174.7233468396428, 1.996968672025639
2100-Dec-17 11:00:00, 1174.8266102029793, 1.9971442143795948, null, null, 1174.8266102029793, 1.9971442143795948
2100-Dec-17 12:00:00, 1173.5654969157779, 1.9950003872962294, null, null, 1173.5654969157779, 1.9950003872962294
2100-Dec-17 13:00:00, 1171.1426784769671, 1.9908817217965376, null, null, 1171.1426784769671, 1.9908817217965376
2100-Dec-17 14:00:00, 1167.9843450713938, 1.9855127190575437, null, null, 1167.9843450713938, 1.9855127190575437
2100-Dec-17 15:00:00, 1164.467579053814, 1.9795343994958827, null, null, 1164.467579053814, 1.9795343994958827
2100-Dec-17 16:00:00, 1160.9253551725003, 1.9735128028882092, null, null, 1160.9253551725003, 1.9735128028882092
2100-Dec-17 17:00:00, 1157.7313990120547, 1.9680832433162534, null, null, 1157.7313990120547, 1.9680832433162534
2100-Dec-17 18:00:00, 1155.1030025052924, 1.9636151057792011, null, null, 1155.1030025052924, 1.9636151057792011
2100-Dec-17 19:00:00, 1153.1881916579866, 1.9603600267980845, null, null, 1153.1881916579866, 1.9603600267980845
2100-Dec-17 20:00:00, 1152.1620771595651, 1.9586156854493135, null, null, 1152.1620771595651, 1.9586156854493135
2100-Dec-17 21:00:00, 1151.9348891684454, 1.9582294776650322, null, null, 1151.9348891684454, 1.9582294776650322
2100-Dec-17 22:00:00, 1152.4955289190304, 1.9591825361202189, null, null, 1152.4955289190304, 1.9591825361202189
2100-Dec-17 23:00:00, 1153.7299400048819, 1.9612809708482577, null, null, 1153.7299400048819, 1.9612809708482577
2100-Dec-18 00:00:00, 1155.4160793089525, 1.9641473200835555, null, null, 1155.4160793089525, 1.9641473200835555
2100-Dec-18 01:00:00, 1157.4333763208726, 1.9675766202211693, null, null, 1157.4333763208726, 1.9675766202211693
2100-Dec-18 02:00:00, 1159.7256550855077, 1.971473375055268, null, null, 1159.7256550855077, 1.971473375055268
2100-Dec-18 03:00:00, 1162.3653265199005, 1.9759606793836486, null, null, 1162.3653265199005, 1.9759606793836486
2100-Dec-18 04:00:00, 1165.3996121335895, 1.9811188073197423, null, null, 1165.3996121335895, 1.9811188073197423
2100-Dec-18 05:00:00, 1168.7572010475183, 1.9868265340731901, null, null, 1168.7572010475183, 1.9868265340731901
2100-Dec-18 06:00:00, 1172.3137579296053, 1.9928724960376922, null, null, 1172.3137579296053, 1.9928724960376922
2100-Dec-18 07:00:00, 1176.1289052309528, 1.9993580482832065, null, null, 1176.1289052309528, 1.9993580482832065
2100-Dec-18 08:00:00, 1178.6862111785128, 2.0037053355622083, null, null, 1178.6862111785128, 2.0037053355622083
2100-Dec-18 09:00:00, 1178.2580421087846, 2.0029774703836725, null, null, 1178.2580421087846, 2.0029774703836725
2100-Dec-18 10:00:00, 1173.7357413044372, 1.9952897939140986, null, null, 1173.7357413044372, 1.9952897939140986
2100-Dec-18 11:00:00, 1164.8899189071069, 1.9802523553092604, null, null, 1164.8899189071069, 1.9802523553092604
2100-Dec-18 12:00:00, 1153.5202861354492, 1.9609245701600853, null, null, 1153.5202861354492, 1.9609245701600853
2100-Dec-18 13:00:00, 1142.1409517600887, 1.9415802927885371, null, null, 1142.1409517600887, 1.9415802927885371
2100-Dec-18 14:00:00, 1132.1565168623736, 1.924607272074973, null, null, 1132.1565168623736, 1.924607272074973
2100-Dec-18 15:00:00, 1122.5965403448822, 1.9083558085605281, null, null, 1122.5965403448822, 1.9083558085605281
2100-Dec-18 16:00:00, 1113.5182295961463, 1.8929231518342342, null, null, 1113.5182295961463, 1.8929231518342342
2100-Dec-18 17:00:00, 1106.0901699321566, 1.8802958362344964, null, null, 1106.0901699321566, 1.8802958362344964
2100-Dec-18 18:00:00, 1100.9181153818886, 1.8715036121464337, null, null, 1100.9181153818886, 1.8715036121464337
2100-Dec-18 19:00:00, 1097.8299927900928, 1.8662539641439644, null, null, 1097.8299927900928, 1.8662539641439644
2100-Dec-18 20:00:00, 1096.3516142998449, 1.8637407975006315, null, null, 1096.3516142998449, 1.8637407975006315
2100-Dec-18 21:00:00, 1096.1544898549378, 1.8634056961833478, null, null, 1096.1544898549378, 1.8634056961833478
2100-Dec-18 22:00:00, 1097.0191507804302, 1.8648755748443777, null, null, 1097.0191507804302, 1.8648755748443777
2100-Dec-18 23:00:00, 1098.7732076164025, 1.8678573803561287, null, null, 1098.7732076164025, 1.8678573803561287
2100-Dec-19 00:00:00, 1101.2244472852726, 1.8720243604706632, null, null, 1101.2244472852726, 1.8720243604706632
2100-Dec-19 01:00:00, 1104.0545408794103, 1.8768353725796827, null, null, 1104.0545408794103, 1.8768353725796827
2100-Dec-19 02:00:00, 1107.104910423574, 1.8820208423621501, null, null, 1107.104910423574, 1.8820208423621501
2100-Dec-19 03:00:00, 1110.3045394888429, 1.8874600455776429, null, null, 1110.3045394888429, 1.8874600455776429
2100-Dec-19 04:00:00, 1113.5965898971492, 1.8930563602757404, null, null, 1113.5965898971492, 1.8930563602757404
2100-Dec-19 05:00:00, 1116.9628263724819, 1.8987787874344022, null, null, 1116.9628263724819, 1.8987787874344022
2100-Dec-19 06:00:00, 1120.439555475027, 1.9046890463201058, null, null, 1120.439555475027, 1.9046890463201058
2100-Dec-19 07:00:00, 1124.1132276764565, 1.910934098244274, null, null, 1124.1132276764565, 1.910934098244274
2100-Dec-19 08:00:00, 1127.7228483586523, 1.9170702659127155, null, null, 1127.7228483586523, 1.9170702659127155
2100-Dec-19 09:00:00, 1130.7782977723746, 1.9222643712095735, null, null, 1130.7782977723746, 1.9222643712095735
2100-Dec-19 10:00:00, 1132.4323926846423, 1.9250762466432594, null, null, 1132.4323926846423, 1.9250762466432594
2100-Dec-19 11:00:00, 1132.7832397280499, 1.9256726683933187, null, null, 1132.7832397280499, 1.9256726683933187
2100-Dec-19 12:00:00, 1132.1079074982354, 1.9245246386808106, null, null, 1132.1079074982354, 1.9245246386808106
2100-Dec-19 13:00:00, 1130.2520172262073, 1.9213697216172076, null, null, 1130.2520172262073, 1.9213697216172076
2100-Dec-19 14:00:00, 1127.1717507850442, 1.9161334286627489, null, null, 1127.1717507850442, 1.9161334286627489
2100-Dec-19 15:00:00, 1123.2529220035144, 1.9094716232863587, null, null, 1123.2529220035144, 1.9094716232863587
2100-Dec-19 16:00:00, 1119.2688386680186, 1.9026988885576852, null, null, 1119.2688386680186, 1.9026988885576852
2100-Dec-19 17:00:00, 1116.1660408162086, 1.8974242933754555, null, null, 1116.1660408162086, 1.8974242933754555
2100-Dec-19 18:00:00, 1114.327117535903, 1.8942982193164795, null, null, 1114.327117535903, 1.8942982193164795
2100-Dec-19 19:00:00, 1113.6787531759774, 1.8931960335820146, null, null, 1113.6787531759774, 1.8931960335820146
2100-Dec-19 20:00:00, 1114.0346805995671, 1.8938010917144981, null, null, 1114.0346805995671, 1.8938010917144981
2100-Dec-19 21:00:00, 1115.1773372946554, 1.8957435487441558, null, null, 1115.1773372946554, 1.8957435487441558
2100-Dec-19 22:00:00, 1116.9523263435026, 1.898760937930531, null, null, 1116.9523263435026, 1.898760937930531
2100-Dec-19 23:00:00, 1119.2740035391939, 1.902707668570409, null, null, 1119.2740035391939, 1.902707668570409
2100-Dec-20 00:00:00, 1122.3039812695311, 1.9078584733285648, null, null, 1122.3039812695311, 1.9078584733285648
2100-Dec-20 01:00:00, 1126.0087789488255, 1.9141564369483808, null, null, 1126.0087789488255, 1.9141564369483808
2100-Dec-20 02:00:00, 1130.2807319459866, 1.9214185351493296, null, null, 1130.2807319459866, 1.9214185351493296
2100-Dec-20 03:00:00, 1135.1413773036143, 1.929681379785152, null, null, 1135.1413773036143, 1.929681379785152
2100-Dec-20 04:00:00, 1140.5347665867016, 1.9388498614224157, null, null, 1140.5347665867016, 1.9388498614224157
2100-Dec-20 05:00:00, 1146.2766376561797, 1.9486107439956666, null, null, 1146.2766376561797, 1.9486107439956666
2100-Dec-20 06:00:00, 1152.0950025957286, 1.9585016621747855, null, null, 1152.0950025957286, 1.9585016621747855
2100-Dec-20 07:00:00, 1157.8730966288285, 1.9683241219046965, null, null, 1157.8730966288285, 1.9683241219046965
2100-Dec-20 08:00:00, 1163.2895025522305, 1.9775317306349625, null, null, 1163.2895025522305, 1.9775317306349625
2100-Dec-20 09:00:00, 1167.7231328040255, 1.985068671770932, null, null, 1167.7231328040255, 1.985068671770932
2100-Dec-20 10:00:00, 1169.845722614378, 1.9886769641967517, null, null, 1169.845722614378, 1.9886769641967517
2100-Dec-20 11:00:00, 1167.6846426210404, 1.9850032404591187, null, null, 1167.6846426210404, 1.9850032404591187
2100-Dec-20 12:00:00, 1161.9964819835459, 1.975333662830407, null, null, 1161.9964819835459, 1.975333662830407
2100-Dec-20 13:00:00, 1154.7615041269303, 1.9630345762741295, null, null, 1154.7615041269303, 1.9630345762741295
2100-Dec-20 14:00:00, 1146.8016987184517, 1.9495033205287529, null, null, 1146.8016987184517, 1.9495033205287529
2100-Dec-20 15:00:00, 1138.7851914639498, 1.9358756745903498, null, null, 1138.7851914639498, 1.9358756745903498
2100-Dec-20 16:00:00, 1131.7982500763051, 1.9239982371477871, null, null, 1131.7982500763051, 1.9239982371477871
2100-Dec-20 17:00:00, 1126.6975032896692, 1.9153272325540238, null, null, 1126.6975032896692, 1.9153272325540238
2100-Dec-20 18:00:00, 1123.6394075244793, 1.9101286285971282, null, null, 1123.6394075244793, 1.9101286285971282
2100-Dec-20 19:00:00, 1122.3304988403795, 1.907903551821629, null, null, 1122.3304988403795, 1.907903551821629
2100-Dec-20 20:00:00, 1122.4067675019016, 1.9080332045846617, null, null, 1122.4067675019016, 1.9080332045846617
2100-Dec-20 21:00:00, 1123.6026288372734, 1.9100661067392406, null, null, 1123.6026288372734, 1.9100661067392406
2100-Dec-20 22:00:00, 1125.7308520933791, 1.9136839757302273, null, null, 1125.7308520933791, 1.9136839757302273
2100-Dec-20 23:00:00, 1128.6200325201125, 1.9185954323855652, null, null, 1128.6200325201125, 1.9185954323855652
2100-Dec-21 00:00:00, 1132.0904668594569, 1.9244949905007909, null, null, 1132.0904668594569, 1.9244949905007909
2100-Dec-21 01:00:00, 1136.0042837330338, 1.9311482758939902, null, null, 1136.0042837330338, 1.9311482758939902
2100-Dec-21 02:00:00, 1140.2412398180884, 1.938350881162171, null, null, 1140.2412398180884, 1.938350881162171
2100-Dec-21 03:00:00, 1144.7474178365792, 1.94601114973324, null, null, 1144.7474178365792, 1.94601114973324
2100-Dec-21 04:00:00, 1149.5193212495062, 1.9541231376725146, null, null, 1149.5193212495062, 1.9541231376725146
2100-Dec-21 05:00:00, 1154.5447724989479, 1.962666143764056, null, null, 1154.5447724989479, 1.962666143764056
2100-Dec-21 06:00:00, 1159.7964791543045, 1.9715937722934713, null, null, 1159.7964791543045, 1.9715937722934713
2100-Dec-21 07:00:00, 1165.2954826888858, 1.9809417926724484, null, null, 1165.2954826888858, 1.9809417926724484
2100-Dec-21 08:00:00, 1170.5452758363583, 1.9898661683378522, null, null, 1170.5452758363583, 1.9898661683378522
2100-Dec-21 09:00:00, 1173.5404033627105, 1.994957729559427, null, null, 1173.5404033627105, 1.994957729559427
2100-Dec-21 10:00:00, 1173.9170825701522, 1.9955980646465672, null, null, 1173.9170825701522, 1.9955980646465672
2100-Dec-21 11:00:00, 1172.758668688743, 1.9936288212186255, null, null, 1172.758668688743, 1.9936288212186255
2100-Dec-21 12:00:00, 1170.9863398962023, 1.9906159543297919, null, null, 1170.9863398962023, 1.9906159543297919
2100-Dec-21 13:00:00, 1168.9666133031837, 1.9871825240305083, null, null, 1168.9666133031837, 1.9871825240305083
2100-Dec-21 14:00:00, 1166.9849008891476, 1.9838137158609583, null, null, 1166.9849008891476, 1.9838137158609583
2100-Dec-21 15:00:00, 1165.7747645259876, 1.9817565469006146, null, null, 1165.7747645259876, 1.9817565469006146
2100-Dec-21 16:00:00, 1165.7313710936407, 1.9816827803195711, null, null, 1165.7313710936407, 1.9816827803195711
2100-Dec-21 17:00:00, 1166.821057436224, 1.9835351905013618, null, null, 1166.821057436224, 1.9835351905013618
2100-Dec-21 18:00:00, 1168.8249760334677, 1.9869417480289289, null, null, 1168.8249760334677, 1.9869417480289289
2100-Dec-21 19:00:00, 1171.4974839724487, 1.9914848727095122, null, null, 1171.4974839724487, 1.9914848727095122
2100-Dec-21 20:00:00, 1174.6906899513103, 1.9969131570117413, null, null, 1174.6906899513103, 1.9969131570117413
2100-Dec-21 21:00:00, 1178.2166651640216, 2.002907131726781, null, null, 1178.2166651640216, 2.002907131726781
2100-Dec-21 22:00:00, 1181.9458030017415, 2.009246472351641, null, null, 1181.9458030017415, 2.009246472351641
2100-Dec-21 23:00:00, 1185.8238490033673, 2.0158389491205377, null, null, 1185.8238490033673, 2.0158389491205377
2100-Dec-22 00:00:00, 1189.8113552443426, 2.0226175026107334, null, null, 1189.8113552443426, 2.0226175026107334
2100-Dec-22 01:00:00, 1193.8943759802339, 2.0295584257810626, null, null, 1193.8943759802339, 2.0295584257810626
2100-Dec-22 02:00:00, 1198.1277336796545, 2.0367549139805736, null, null, 1198.1277336796545, 2.0367549139805736
2100-Dec-22 03:00:00, 1202.5264719085542, 2.0442325404899866, null, null, 1202.5264719085542, 2.0442325404899866
2100-Dec-22 04:00:00, 1207.1125598679992, 2.0520286518099873, null, null, 1207.1125598679992, 2.0520286518099873
2100-Dec-22 05:00:00, 1211.8154969132243, 2.0600234005064268, null, null, 1211.8154969132243, 2.0600234005064268
2100-Dec-22 06:00:00, 1216.6370071987126, 2.06821971755237, null, null, 1216.6370071987126, 2.06821971755237
2100-Dec-22 07:00:00, 1221.5788387716482, 2.0766205745372335, null, null, 1221.5788387716482, 2.0766205745372335
2100-Dec-22 08:00:00, 1226.3875139522024, 2.0847950725714712, null, null, 1226.3875139522024, 2.0847950725714712
2100-Dec-22 09:00:00, 1230.5673517536291, 2.0919005797243284, null, null, 1230.5673517536291, 2.0919005797243284
2100-Dec-22 10:00:00, 1233.4908633541766, 2.0968703975919167, null, null, 1233.4908633541766, 2.0968703975919167
2100-Dec-22 11:00:00, 1234.3617543135563, 2.0983508669869542, null, null, 1234.3617543135563, 2.0983508669869542
2100-Dec-22 12:00:00, 1232.186707782065, 2.0946534008599111, null, null, 1232.186707782065, 2.0946534008599111
2100-Dec-22 13:00:00, 1225.7304961595257, 2.0836781764508072, null, null, 1225.7304961595257, 2.0836781764508072
2100-Dec-22 14:00:00, 1216.5654119735766, 2.0680980093884456, null, null, 1216.5654119735766, 2.0680980093884456
2100-Dec-22 15:00:00, 1206.9690808376026, 2.0517847449109157, null, null, 1206.9690808376026, 2.0517847449109157
2100-Dec-22 16:00:00, 1197.8608638538001, 2.0363012491384014, null, null, 1197.8608638538001, 2.0363012491384014
2100-Dec-22 17:00:00, 1190.4401378358034, 2.0236864003559263, null, null, 1190.4401378358034, 2.0236864003559263
2100-Dec-22 18:00:00, 1185.2771754439414, 2.0149096324648883, null, null, 1185.2771754439414, 2.0149096324648883
2100-Dec-22 19:00:00, 1182.2283122483125, 2.0097267233966871, null, null, 1182.2283122483125, 2.0097267233966871
2100-Dec-22 20:00:00, 1180.945715333982, 2.0075463752631069, null, null, 1180.945715333982, 2.0075463752631069
2100-Dec-22 21:00:00, 1181.0679548506373, 2.0077541760920434, null, null, 1181.0679548506373, 2.0077541760920434
2100-Dec-22 22:00:00, 1182.281632298422, 2.0098173647123176, null, null, 1182.281632298422, 2.0098173647123176
2100-Dec-22 23:00:00, 1184.3348673688192, 2.0133077576826444, null, null, 1184.3348673688192, 2.0133077576826444
2100-Dec-23 00:00:00, 1187.0629683867078, 2.0179453877097493, null, null, 1187.0629683867078, 2.0179453877097493
2100-Dec-23 01:00:00, 1190.3684157378705, 2.0235644765148368, null, null, 1190.3684157378705, 2.0235644765148368
2100-Dec-23 02:00:00, 1194.1685365455278, 2.030024484501586, null, null, 1194.1685365455278, 2.030024484501586
2100-Dec-23 03:00:00, 1198.3576952180902, 2.0371458366512281, null, null, 1198.3576952180902, 2.0371458366512281
2100-Dec-23 04:00:00, 1202.8767892416522, 2.0448280617600338, null, null, 1202.8767892416522, 2.0448280617600338
2100-Dec-23 05:00:00, 1207.6622285669632, 2.0529630600472775, null, null, 1207.6622285669632, 2.0529630600472775
2100-Dec-23 06:00:00, 1212.661658552878, 2.0614618313424224, null, null, 1212.661658552878, 2.0614618313424224
2100-Dec-23 07:00:00, 1217.7908772086728, 2.0701812366348671, null, null, 1217.7908772086728, 2.0701812366348671
2100-Dec-23 08:00:00, 1222.8010235735796, 2.0786982252176673, null, null, 1222.8010235735796, 2.0786982252176673
2100-Dec-23 09:00:00, 1226.9159916571364, 2.0856934572196151, null, null, 1226.9159916571364, 2.0856934572196151
2100-Dec-23 10:00:00, 1228.743265674095, 2.0887997281359887, null, null, 1228.743265674095, 2.0887997281359887
2100-Dec-23 11:00:00, 1227.6955036250363, 2.0870185870755535, null, null, 1227.6955036250363, 2.0870185870755535
2100-Dec-23 12:00:00, 1224.2683154296992, 2.0811925451588449, null, null, 1224.2683154296992, 2.0811925451588449
2100-Dec-23 13:00:00, 1219.1586627683566, 2.0725064010406702, null, null, 1219.1586627683566, 2.0725064010406702
2100-Dec-23 14:00:00, 1212.4173879617038, 2.0610465840253545, null, null, 1212.4173879617038, 2.0610465840253545
2100-Dec-23 15:00:00, 1204.4693353706289, 2.0475353074590981, null, null, 1204.4693353706289, 2.0475353074590981
2100-Dec-23 16:00:00, 1196.7063157719886, 2.0343385773689779, null, null, 1196.7063157719886, 2.0343385773689779
2100-Dec-23 17:00:00, 1190.3924418554193, 2.0236053196667028, null, null, 1190.3924418554193, 2.0236053196667028
2100-Dec-23 18:00:00, 1185.9508209923235, 2.0160547949065712, null, null, 1185.9508209923235, 2.0160547949065712
2100-Dec-23 19:00:00, 1183.2386932821751, 2.0114443186729369, null, null, 1183.2386932821751, 2.0114443186729369
2100-Dec-23 20:00:00, 1182.0673806711134, 2.0094531480745732, null, null, 1182.0673806711134, 2.0094531480745732
2100-Dec-23 21:00:00, 1182.226662846399, 2.0097239194991077, null, null, 1182.226662846399, 2.0097239194991077
2100-Dec-23 22:00:00, 1183.4438156651045, 2.0117930160694288, null, null, 1183.4438156651045, 2.0117930160694288
2100-Dec-23 23:00:00, 1185.4099423004768, 2.0151353292248086, null, null, 1185.4099423004768, 2.0151353292248086
2100-Dec-24 00:00:00, 1187.9338464355289, 2.0194258351575072, null, null, 1187.9338464355289, 2.0194258351575072
2100-Dec-24 01:00:00, 1191.0089354755858, 2.0246533267990103, null, null, 1191.0089354755858, 2.0246533267990103
2100-Dec-24 02:00:00, 1194.5424236480658, 2.0306600731554179, null, null, 1194.5424236480658, 2.0306600731554179
2100-Dec-24 03:00:00, 1198.4518610466275, 2.0373059136685705, null, null, 1198.4518610466275, 2.0373059136685705
2100-Dec-24 04:00:00, 1202.6311175515443, 2.0444104326475547, null, null, 1202.6311175515443, 2.0444104326475547
2100-Dec-24 05:00:00, 1207.0308811633076, 2.0518898022545753, null, null, 1207.0308811633076, 2.0518898022545753
2100-Dec-24 06:00:00, 1211.578470957325, 2.0596204686930246, null, null, 1211.578470957325, 2.0596204686930246
2100-Dec-24 07:00:00, 1216.1755995154217, 2.0674353484572614, null, null, 1216.1755995154217, 2.0674353484572614
2100-Dec-24 08:00:00, 1220.4986290451022, 2.0747842741104705, null, null, 1220.4986290451022, 2.0747842741104705
2100-Dec-24 09:00:00, 1223.8688381736974, 2.0805134545733308, null, null, 1223.8688381736974, 2.0805134545733308
2100-Dec-24 10:00:00, 1226.0027440586314, 2.0841409837381581, null, null, 1226.0027440586314, 2.0841409837381581
2100-Dec-24 11:00:00, 1226.6431592677968, 2.0852296563292261, null, null, 1226.6431592677968, 2.0852296563292261
2100-Dec-24 12:00:00, 1225.6779505689449, 2.083588851676148, null, null, 1225.6779505689449, 2.083588851676148
2100-Dec-24 13:00:00, 1223.0168061435127, 2.0790650443783529, null, null, 1223.0168061435127, 2.0790650443783529
2100-Dec-24 14:00:00, 1218.3749494098079, 2.0711741290388579, null, null, 1218.3749494098079, 2.0711741290388579
2100-Dec-24 15:00:00, 1212.6966683514886, 2.061521346181578, null, null, 1212.6966683514886, 2.061521346181578
2100-Dec-24 16:00:00, 1207.0954081231314, 2.0519994947346096, null, null, 1207.0954081231314, 2.0519994947346096
2100-Dec-24 17:00:00, 1202.2713964139984, 2.0437989253983995, null, null, 1202.2713964139984, 2.0437989253983995
2100-Dec-24 18:00:00, 1198.5249593847391, 2.0374301770464789, null, null, 1198.5249593847391, 2.0374301770464789
2100-Dec-24 19:00:00, 1195.883350654841, 2.0329395794163663, null, null, 1195.883350654841, 2.0329395794163663
2100-Dec-24 20:00:00, 1194.1362099277376, 2.0299695309304551, null, null, 1194.1362099277376, 2.0299695309304551
2100-Dec-24 21:00:00, 1193.0151350755698, 2.0280637619127559, null, null, 1193.0151350755698, 2.0280637619127559
2100-Dec-24 22:00:00, 1192.4439973284334, 2.0270928574087201, null, null, 1192.4439973284334, 2.0270928574087201
2100-Dec-24 23:00:00, 1192.336115150697, 2.0269094633101954, null, null, 1192.336115150697, 2.0269094633101954
2100-Dec-25 00:00:00, 1192.5775959977393, 2.0273199682071441, null, null, 1192.5775959977393, 2.0273199682071441
2100-Dec-25 01:00:00, 1193.207132476334, 2.0283901475213062, null, null, 1193.207132476334, 2.0283901475213062
2100-Dec-25 02:00:00, 1194.1776914158916, 2.0300400473056812, null, null, 1194.1776914158916, 2.0300400473056812
2100-Dec-25 03:00:00, 1195.366825903732, 2.0320615141688632, null, null, 1195.366825903732, 2.0320615141688632
2100-Dec-25 04:00:00, 1196.7353448583237, 2.0343879253079158, null, null, 1196.7353448583237, 2.0343879253079158
2100-Dec-25 05:00:00, 1198.173386537085, 2.0368325214668999, null, null, 1198.173386537085, 2.0368325214668999
2100-Dec-25 06:00:00, 1199.6251648154853, 2.0393004691317627, null, null, 1199.6251648154853, 2.0393004691317627
2100-Dec-25 07:00:00, 1201.0435050805772, 2.0417115739108422, null, null, 1201.0435050805772, 2.0417115739108422
2100-Dec-25 08:00:00, 1202.5119966128063, 2.0442079332390923, null, null, 1202.5119966128063, 2.0442079332390923
2100-Dec-25 09:00:00, 1204.0532865290795, 2.0468280460389163, null, null, 1204.0532865290795, 2.0468280460389163
2100-Dec-25 10:00:00, 1205.6494537448298, 2.049541447397409, null, null, 1205.6494537448298, 2.049541447397409
2100-Dec-25 11:00:00, 1207.2424803747833, 2.0522495099231759, null, null, 1207.2424803747833, 2.0522495099231759
2100-Dec-25 12:00:00, 1208.8120448343302, 2.0549176879779258, null, null, 1208.8120448343302, 2.0549176879779258
2100-Dec-25 13:00:00, 1210.3172468039511, 2.0574764531429248, null, null, 1210.3172468039511, 2.0574764531429248
2100-Dec-25 14:00:00, 1211.6984369170805, 2.0598244045933245, null, null, 1211.6984369170805, 2.0598244045933245
2100-Dec-25 15:00:00, 1212.8682191159824, 2.0618129735705097, null, null, 1212.8682191159824, 2.0618129735705097
2100-Dec-25 16:00:00, 1213.8295159329732, 2.0634471282276152, null, null, 1213.8295159329732, 2.0634471282276152
2100-Dec-25 17:00:00, 1214.7594958527066, 2.0650280457860486, null, null, 1214.7594958527066, 2.0650280457860486
2100-Dec-25 18:00:00, 1215.8633448591395, 2.0669045317607453, null, null, 1215.8633448591395, 2.0669045317607453
2100-Dec-25 19:00:00, 1217.2165356699747, 2.0692048858515881, null, null, 1217.2165356699747, 2.0692048858515881
2100-Dec-25 20:00:00, 1218.8767314131971, 2.0720271323810069, null, null, 1218.8767314131971, 2.0720271323810069
2100-Dec-25 21:00:00, 1220.8669194059398, 2.0754103485941187, null, null, 1220.8669194059398, 2.0754103485941187
2100-Dec-25 22:00:00, 1223.2019888452226, 2.0793798453524803, null, null, 1223.2019888452226, 2.0793798453524803
2100-Dec-25 23:00:00, 1225.655491339626, 2.0835506721528856, null, null, 1225.655491339626, 2.0835506721528856
2100-Dec-26 00:00:00, 1228.0712596615724, 2.0876573528201061, null, null, 1228.0712596615724, 2.0876573528201061
2100-Dec-26 01:00:00, 1230.4799770482482, 2.0917520472636069, null, null, 1230.4799770482482, 2.0917520472636069
2100-Dec-26 02:00:00, 1232.9236884511424, 2.0959062297170163, null, null, 1232.9236884511424, 2.0959062297170163
2100-Dec-26 03:00:00, 1235.4103465804553, 2.1001334193745942, null, null, 1235.4103465804553, 2.1001334193745942
2100-Dec-26 04:00:00, 1237.9256775439583, 2.1044093513609679, null, null, 1237.9256775439583, 2.1044093513609679
2100-Dec-26 05:00:00, 1240.5320223596052, 2.1088400021685354, null, null, 1240.5320223596052, 2.1088400021685354
2100-Dec-26 06:00:00, 1243.2395443495686, 2.1134426489170854, null, null, 1243.2395443495686, 2.1134426489170854
2100-Dec-26 07:00:00, 1246.0627520656781, 2.1182419553911238, null, null, 1246.0627520656781, 2.1182419553911238
2100-Dec-26 08:00:00, 1247.1905438122665, 2.1201591427804485, null, null, 1247.1905438122665, 2.1201591427804485
2100-Dec-26 09:00:00, 1246.022383539811, 2.1181733309939759, null, null, 1246.022383539811, 2.1181733309939759
2100-Dec-26 10:00:00, 1242.9799489983432, 2.1130013503039309, null, null, 1242.9799489983432, 2.1130013503039309
2100-Dec-26 11:00:00, 1238.6980637876381, 2.1057223678558574, null, null, 1238.6980637876381, 2.1057223678558574
2100-Dec-26 12:00:00, 1232.9878191745431, 2.0960152486157129, null, null, 1232.9878191745431, 2.0960152486157129
2100-Dec-26 13:00:00, 1226.025759315324, 2.0841801084790745, null, null, 1226.025759315324, 2.0841801084790745
2100-Dec-26 14:00:00, 1218.4595925539636, 2.0713180179873798, null, null, 1218.4595925539636, 2.0713180179873798
2100-Dec-26 15:00:00, 1211.1444255147742, 2.0588826139859218, null, null, 1211.1444255147742, 2.0588826139859218
2100-Dec-26 16:00:00, 1204.7771351983502, 2.0480585511784537, null, null, 1204.7771351983502, 2.0480585511784537
2100-Dec-26 17:00:00, 1199.8763034723279, 2.0397273918037251, null, null, 1199.8763034723279, 2.0397273918037251
2100-Dec-26 18:00:00, 1196.5854534515377, 2.0341331177020545, null, null, 1196.5854534515377, 2.0341331177020545
2100-Dec-26 19:00:00, 1194.7396604236517, 2.0309953654290207, null, null, 1194.7396604236517, 2.0309953654290207
2100-Dec-26 20:00:00, 1194.0646075953555, 2.0298478106845814, null, null, 1194.0646075953555, 2.0298478106845814
2100-Dec-26 21:00:00, 1194.3593151276666, 2.0303487981817812, null, null, 1194.3593151276666, 2.0303487981817812
2100-Dec-26 22:00:00, 1195.4274761417851, 2.0321646164232523, null, null, 1195.4274761417851, 2.0321646164232523
2100-Dec-26 23:00:00, 1197.1602220893906, 2.035110194531712, null, null, 1197.1602220893906, 2.035110194531712
2100-Dec-27 00:00:00, 1199.5117276363167, 2.0391076318193417, null, null, 1199.5117276363167, 2.0391076318193417
2100-Dec-27 01:00:00, 1202.376771383216, 2.0439780573726716, null, null, 1202.376771383216, 2.0439780573726716
2100-Dec-27 02:00:00, 1205.7615240090036, 2.0497319610253393, null, null, 1205.7615240090036, 2.0497319610253393
2100-Dec-27 03:00:00, 1209.5342594037434, 2.0561454152325842, null, null, 1209.5342594037434, 2.0561454152325842
2100-Dec-27 04:00:00, 1213.5497650902885, 2.0629715663258987, null, null, 1213.5497650902885, 2.0629715663258987
2100-Dec-27 05:00:00, 1217.706824168936, 2.0700383508332063, null, null, 1217.706824168936, 2.0700383508332063
2100-Dec-27 06:00:00, 1222.0198055115359, 2.0773701950903023, null, null, 1222.0198055115359, 2.0773701950903023
2100-Dec-27 07:00:00, 1226.4810083130203, 2.0849540081285678, null, null, 1226.4810083130203, 2.0849540081285678
2100-Dec-27 08:00:00, 1230.785974238918, 2.0922722265936078, null, null, 1230.785974238918, 2.0922722265936078
2100-Dec-27 09:00:00, 1234.3718021764298, 2.0983679478319317, null, null, 1234.3718021764298, 2.0983679478319317
2100-Dec-27 10:00:00, 1236.4502150939184, 2.1019011418345235, null, null, 1236.4502150939184, 2.1019011418345235
2100-Dec-27 11:00:00, 1235.7288871103638, 2.1006749217297735, null, null, 1235.7288871103638, 2.1006749217297735
2100-Dec-27 12:00:00, 1231.6124349466822, 2.0936771668686993, null, null, 1231.6124349466822, 2.0936771668686993
2100-Dec-27 13:00:00, 1224.8979186821346, 2.0822628379850676, null, null, 1224.8979186821346, 2.0822628379850676
2100-Dec-27 14:00:00, 1215.1427745221463, 2.0656795996157959, null, null, 1215.1427745221463, 2.0656795996157959
2100-Dec-27 15:00:00, 1203.6438205778747, 2.046131975190391, null, null, 1203.6438205778747, 2.046131975190391
2100-Dec-27 16:00:00, 1192.5277558096716, 2.0272352424762334, null, null, 1192.5277558096716, 2.0272352424762334
2100-Dec-27 17:00:00, 1183.4484345824824, 2.0118008679890553, null, null, 1183.4484345824824, 2.0118008679890553
2100-Dec-27 18:00:00, 1176.8735720519041, 2.0006239431992627, null, null, 1176.8735720519041, 2.0006239431992627
2100-Dec-27 19:00:00, 1172.6917133845677, 1.9935150006793267, null, null, 1172.6917133845677, 1.9935150006793267
2100-Dec-27 20:00:00, 1170.5886478579744, 1.9899398985217656, null, null, 1170.5886478579744, 1.9899398985217656
2100-Dec-27 21:00:00, 1170.0970885800575, 1.9891042732819297, null, null, 1170.0970885800575, 1.9891042732819297
2100-Dec-27 22:00:00, 1170.9058117436259, 1.9904790606532139, null, null, 1170.9058117436259, 1.9904790606532139
2100-Dec-27 23:00:00, 1172.8457404169033, 1.9937768386338093, null, null, 1172.8457404169033, 1.9937768386338093
2100-Dec-28 00:00:00, 1175.6865503128981, 1.9986060678993587, null, null, 1175.6865503128981, 1.9986060678993587
2100-Dec-28 01:00:00, 1179.1522295473062, 2.0044975425831826, null, null, 1179.1522295473062, 2.0044975425831826
2100-Dec-28 02:00:00, 1183.0248302913076, 2.011080762696956, null, null, 1183.0248302913076, 2.011080762696956
2100-Dec-28 03:00:00, 1187.1520069853862, 2.0180967487026504, null, null, 1187.1520069853862, 2.0180967487026504
2100-Dec-28 04:00:00, 1191.4058900277669, 2.0253281289190639, null, null, 1191.4058900277669, 2.0253281289190639
2100-Dec-28 05:00:00, 1195.7041885858623, 2.0326350132051574, null, null, 1195.7041885858623, 2.0326350132051574
2100-Dec-28 06:00:00, 1200.1035428285716, 2.0401136869060492, null, null, 1200.1035428285716, 2.0401136869060492
2100-Dec-28 07:00:00, 1204.3236684757496, 2.0472876813040486, null, null, 1204.3236684757496, 2.0472876813040486
2100-Dec-28 08:00:00, 1207.9573843457342, 2.0534648095401762, null, null, 1207.9573843457342, 2.0534648095401762
2100-Dec-28 09:00:00, 1210.5016862019866, 2.0577899905394146, null, null, 1210.5016862019866, 2.0577899905394146
2100-Dec-28 10:00:00, 1211.6757869933365, 2.0597859008994446, null, null, 1211.6757869933365, 2.0597859008994446
2100-Dec-28 11:00:00, 1211.2837171423726, 2.0591194025177386, null, null, 1211.2837171423726, 2.0591194025177386
2100-Dec-28 12:00:00, 1209.7983353546067, 2.0565943306323913, null, null, 1209.7983353546067, 2.0565943306323913
2100-Dec-28 13:00:00, 1207.5996715223814, 2.0528567163208331, null, null, 1207.5996715223814, 2.0528567163208331
2100-Dec-28 14:00:00, 1204.1901404391369, 2.0470606905775339, null, null, 1204.1901404391369, 2.0470606905775339
2100-Dec-28 15:00:00, 1199.8196357233771, 2.0396310595739511, null, null, 1199.8196357233771, 2.0396310595739511
2100-Dec-28 16:00:00, 1195.5307675485255, 2.0323402064495384, null, null, 1195.5307675485255, 2.0323402064495384
2100-Dec-28 17:00:00, 1192.2446747587967, 2.0267540193935711, null, null, 1192.2446747587967, 2.0267540193935711
2100-Dec-28 18:00:00, 1190.2604460910691, 2.0233809337234452, null, null, 1190.2604460910691, 2.0233809337234452
2100-Dec-28 19:00:00, 1189.4809200484565, 2.0220557799412262, null, null, 1189.4809200484565, 2.0220557799412262
2100-Dec-28 20:00:00, 1189.6985946939694, 2.0224258155321193, null, null, 1189.6985946939694, 2.0224258155321193
2100-Dec-28 21:00:00, 1190.7004279703904, 2.024128880064707, null, null, 1190.7004279703904, 2.024128880064707
2100-Dec-28 22:00:00, 1192.2607969117153, 2.0267814262161141, null, null, 1192.2607969117153, 2.0267814262161141
2100-Dec-28 23:00:00, 1194.282712137373, 2.0302185770772021, null, null, 1194.282712137373, 2.0302185770772021
2100-Dec-29 00:00:00, 1196.6831512574622, 2.0342991988974966, null, null, 1196.6831512574622, 2.0342991988974966
2100-Dec-29 01:00:00, 1199.4626276078322, 2.039024164321277, null, null, 1199.4626276078322, 2.039024164321277
2100-Dec-29 02:00:00, 1202.5622435722985, 2.0442933504602965, null, null, 1202.5622435722985, 2.0442933504602965
2100-Dec-29 03:00:00, 1205.8610546309608, 2.0499011579128363, null, null, 1205.8610546309608, 2.0499011579128363
2100-Dec-29 04:00:00, 1209.2612321342431, 2.0556812830560443, null, null, 1209.2612321342431, 2.0556812830560443
2100-Dec-29 05:00:00, 1212.7021560465191, 2.0615306749780875, null, null, 1212.7021560465191, 2.0615306749780875
2100-Dec-29 06:00:00, 1216.1918345122897, 2.0674629471086572, null, null, 1216.1918345122897, 2.0674629471086572
2100-Dec-29 07:00:00, 1219.7097773195189, 2.073443267151597, null, null, 1219.7097773195189, 2.073443267151597
2100-Dec-29 08:00:00, 1222.689131678615, 2.0785080148081279, null, null, 1222.689131678615, 2.0785080148081279
2100-Dec-29 09:00:00, 1222.8727680865518, 2.0788201871631591, null, null, 1222.8727680865518, 2.0788201871631591
2100-Dec-29 10:00:00, 1219.8519000187321, 2.0736848683581073, null, null, 1219.8519000187321, 2.0736848683581073
2100-Dec-29 11:00:00, 1213.9838114867159, 2.0637094226545423, null, null, 1213.9838114867159, 2.0637094226545423
2100-Dec-29 12:00:00, 1206.4557658196568, 2.0509121360430695, null, null, 1206.4557658196568, 2.0509121360430695
2100-Dec-29 13:00:00, 1197.4076650379216, 2.0355308346915075, null, null, 1197.4076650379216, 2.0355308346915075
2100-Dec-29 14:00:00, 1187.5993036024254, 2.0188571297180897, null, null, 1187.5993036024254, 2.0188571297180897
2100-Dec-29 15:00:00, 1177.9011028925986, 2.00237069225633, null, null, 1177.9011028925986, 2.00237069225633
2100-Dec-29 16:00:00, 1168.5109033724827, 1.986407840818849, null, null, 1168.5109033724827, 1.986407840818849
2100-Dec-29 17:00:00, 1160.4879285496149, 1.9727692003501631, null, null, 1160.4879285496149, 1.9727692003501631
2100-Dec-29 18:00:00, 1154.5456763430186, 1.9626676802520289, null, null, 1154.5456763430186, 1.9626676802520289
2100-Dec-29 19:00:00, 1150.7529717928569, 1.9562202795178065, null, null, 1150.7529717928569, 1.9562202795178065
2100-Dec-29 20:00:00, 1148.9738887650617, 1.9531959307798696, null, null, 1148.9738887650617, 1.9531959307798696
2100-Dec-29 21:00:00, 1148.8854016673836, 1.9530455073100228, null, null, 1148.8854016673836, 1.9530455073100228
2100-Dec-29 22:00:00, 1150.0725742835261, 1.9550636390932221, null, null, 1150.0725742835261, 1.9550636390932221
2100-Dec-29 23:00:00, 1152.2272426552611, 1.9587264634071637, null, null, 1152.2272426552611, 1.9587264634071637
2100-Dec-30 00:00:00, 1154.9956766238975, 1.9634326573555616, null, null, 1154.9956766238975, 1.9634326573555616
2100-Dec-30 01:00:00, 1158.2381294123197, 1.9689446586760611, null, null, 1158.2381294123197, 1.9689446586760611
2100-Dec-30 02:00:00, 1161.9867246151266, 1.9753170758109124, null, null, 1161.9867246151266, 1.9753170758109124
2100-Dec-30 03:00:00, 1166.162197502968, 1.9824151628373974, null, null, 1166.162197502968, 1.9824151628373974
2100-Dec-30 04:00:00, 1170.6055623929624, 1.9899686523526687, null, null, 1170.6055623929624, 1.9899686523526687
2100-Dec-30 05:00:00, 1175.1096720564574, 1.9976254048276796, null, null, 1175.1096720564574, 1.9976254048276796
2100-Dec-30 06:00:00, 1179.6783560457834, 2.0053919303024768, null, null, 1179.6783560457834, 2.0053919303024768
2100-Dec-30 07:00:00, 1184.1506891314255, 2.0129946642456797, null, null, 1184.1506891314255, 2.0129946642456797
2100-Dec-30 08:00:00, 1186.918559269561, 2.0176998997115128, null, null, 1186.918559269561, 2.0176998997115128
2100-Dec-30 09:00:00, 1187.4548182532219, 2.0186115121293167, null, null, 1187.4548182532219, 2.0186115121293167
2100-Dec-30 10:00:00, 1185.8804541146044, 2.0159351748694521, null, null, 1185.8804541146044, 2.0159351748694521
2100-Dec-30 11:00:00, 1180.7263315611331, 2.0071734342445184, null, null, 1180.7263315611331, 2.0071734342445184
2100-Dec-30 12:00:00, 1171.3454586145247, 1.9912264374975583, null, null, 1171.3454586145247, 1.9912264374975583
2100-Dec-30 13:00:00, 1159.8849247298276, 1.9717441251778114, null, null, 1159.8849247298276, 1.9717441251778114
2100-Dec-30 14:00:00, 1148.2748667355613, 1.9520076296383937, null, null, 1148.2748667355613, 1.9520076296383937
2100-Dec-30 15:00:00, 1137.719049535988, 1.9340632886904692, null, null, 1137.719049535988, 1.9340632886904692
2100-Dec-30 16:00:00, 1128.8975817841724, 1.9190672517179743, null, null, 1128.8975817841724, 1.9190672517179743
2100-Dec-30 17:00:00, 1122.3129082328542, 1.907873648702529, null, null, 1122.3129082328542, 1.907873648702529
2100-Dec-30 18:00:00, 1118.164134631498, 1.9008209490762515, null, null, 1118.164134631498, 1.9008209490762515
2100-Dec-30 19:00:00, 1116.2018850710285, 1.8974852267468234, null, null, 1116.2018850710285, 1.8974852267468234
2100-Dec-30 20:00:00, 1116.0273276939718, 1.8971884882727044, null, null, 1116.0273276939718, 1.8971884882727044
2100-Dec-30 21:00:00, 1117.3013581877528, 1.8993542739363083, null, null, 1117.3013581877528, 1.8993542739363083
2100-Dec-30 22:00:00, 1119.7262585032408, 1.9034764785182146, null, null, 1119.7262585032408, 1.9034764785182146
2100-Dec-30 23:00:00, 1123.0111051079609, 1.909060547124396, null, null, 1123.0111051079609, 1.909060547124396
2100-Dec-31 00:00:00, 1126.9059596109792, 1.9156815974725911, null, null, 1126.9059596109792, 1.9156815974725911
2100-Dec-31 01:00:00, 1131.3175831262813, 1.9231811282995992, null, null, 1131.3175831262813, 1.9231811282995992
2100-Dec-31 02:00:00, 1136.0782782540414, 1.9312740627362719, null, null, 1136.0782782540414, 1.9312740627362719
2100-Dec-31 03:00:00, 1141.1033110968349, 1.9398163575582443, null, null, 1141.1033110968349, 1.9398163575582443
2100-Dec-31 04:00:00, 1146.2849081440424, 1.9486248033954467, null, null, 1146.2849081440424, 1.9486248033954467
2100-Dec-31 05:00:00, 1151.5526891235111, 1.9575797574409182, null, null, 1151.5526891235111, 1.9575797574409182
2100-Dec-31 06:00:00, 1156.9152110544944, 1.9666957661829203, null, null, 1156.9152110544944, 1.9666957661829203
2100-Dec-31 07:00:00, 1162.3505770203985, 1.9759356060006152, null, null, 1162.3505770203985, 1.9759356060006152
2100-Dec-31 08:00:00, 1167.6384231142124, 1.9849246696982494, null, null, 1167.6384231142124, 1.9849246696982494
2100-Dec-31 09:00:00, 1170.0561199099022, 1.9890346286706648, null, null, 1170.0561199099022, 1.9890346286706648
2100-Dec-31 10:00:00, 1169.0255834560764, 1.9872827702273921, null, null, 1169.0255834560764, 1.9872827702273921
2100-Dec-31 11:00:00, 1165.0048445190821, 1.98044772288014, null, null, 1165.0048445190821, 1.98044772288014
2100-Dec-31 12:00:00, 1158.7221470628124, 1.9697674635410036, null, null, 1158.7221470628124, 1.9697674635410036
2100-Dec-31 13:00:00, 1150.4779475360187, 1.9557527525665201, null, null, 1150.4779475360187, 1.9557527525665201
2100-Dec-31 14:00:00, 1139.7584942004416, 1.9375302386869944, null, null, 1139.7584942004416, 1.9375302386869944
2100-Dec-31 15:00:00, 1127.1690625916208, 1.9161288588735597, null, null, 1127.1690625916208, 1.9161288588735597
2100-Dec-31 16:00:00, 1114.711902978429, 1.8949523345822084, null, null, 1114.711902978429, 1.8949523345822084
2100-Dec-31 17:00:00, 1104.483832051124, 1.8775651452733093, null, null, 1104.483832051124, 1.8775651452733093
2100-Dec-31 18:00:00, 1097.3456343022224, 1.8654305798731834, null, null, 1097.3456343022224, 1.8654305798731834
2100-Dec-31 19:00:00, 1093.0965217438923, 1.8582073092318669, null, null, 1093.0965217438923, 1.8582073092318669
2100-Dec-31 20:00:00, 1091.188275322156, 1.8549633894332485, null, null, 1091.188275322156, 1.8549633894332485
2100-Dec-31 21:00:00, 1091.0245520373453, 1.8546850683532021, null, null, 1091.0245520373453, 1.8546850683532021
2100-Dec-31 22:00:00, 1092.1671073448135, 1.8566273530291719, null, null, 1092.1671073448135, 1.8566273530291719
2100-Dec-31 23:00:00, 1094.2326552016218, 1.8601386770968453, null, null, 1094.2326552016218, 1.8601386770968453
