Time Stamp, Foundation Total Heat Transfer Rate [W], Foundation Average Heat Flux [W/m2], Wall Total Heat Transfer Rate [W], Wall Average Heat Flux [W/m2], Slab Total Heat Transfer Rate [W], Slab Average Heat Flux [W/m2]
2100-Jan-01 00:00:00, 9578.2490250850969, 0.55656622222484875, null, null, 9578.2490250850969, 0.55656622222484875
2100-Jan-01 01:00:00, 9583.570127003688, 0.55687541710850097, null, null, 9583.570127003688, 0.55687541710850097
2100-Jan-01 02:00:00, 9592.5701287885586, 0.55739838294289346, null, null, 9592.5701287885586, 0.55739838294289346
2100-Jan-01 03:00:00, 9604.9712211244623, 0.55811897697785529, null, null, 9604.9712211244623, 0.55811897697785529
2100-Jan-01 04:00:00, 9620.4957888932568, 0.55902106774748583, null, null, 9620.4957888932568, 0.55902106774748583
2100-Jan-01 05:00:00, 9638.9255801660074, 0.56009197322073079, null, null, 9638.9255801660074, 0.56009197322073079
2100-Jan-01 06:00:00, 9659.8682651338804, 0.56130889617035218, null, null, 9659.8682651338804, 0.56130889617035218
2100-Jan-01 07:00:00, 9682.7814253949764, 0.56264031812569615, null, null, 9682.7814253949764, 0.56264031812569615
2100-Jan-01 08:00:00, 9706.4358272901718, 0.56401481163357192, null, null, 9706.4358272901718, 0.56401481163357192
2100-Jan-01 09:00:00, 9728.3589380064641, 0.56528870447962642, null, null, 9728.3589380064641, 0.56528870447962642
2100-Jan-01 10:00:00, 9745.6263303434444, 0.56629206608522864, null, null, 9745.6263303434444, 0.56629206608522864
2100-Jan-01 11:00:00, 9755.227356541247, 0.56684995582753939, null, null, 9755.227356541247, 0.56684995582753939
2100-Jan-01 12:00:00, 9755.4778657276511, 0.56686451224084045, null, null, 9755.4778657276511, 0.56686451224084045
2100-Jan-01 13:00:00, 9746.2360851480516, 0.56632749729266485, null, null, 9746.2360851480516, 0.56632749729266485
2100-Jan-01 14:00:00, 9728.5812783402744, 0.56530162407686313, null, null, 9728.5812783402744, 0.56530162407686313
2100-Jan-01 15:00:00, 9704.8698170151929, 0.5639238149993826, null, null, 9704.8698170151929, 0.5639238149993826
2100-Jan-01 16:00:00, 9678.1861211662999, 0.56237329738862507, null, null, 9678.1861211662999, 0.56237329738862507
2100-Jan-01 17:00:00, 9651.8741606208878, 0.56084438031393469, null, null, 9651.8741606208878, 0.56084438031393469
2100-Jan-01 18:00:00, 9628.7761841829488, 0.55950221918892806, null, null, 9628.7761841829488, 0.55950221918892806
2100-Jan-01 19:00:00, 9610.6390940700185, 0.55844832179078474, null, null, 9610.6390940700185, 0.55844832179078474
2100-Jan-01 20:00:00, 9597.9598060610642, 0.55771156255544196, null, null, 9597.9598060610642, 0.55771156255544196
2100-Jan-01 21:00:00, 9590.4794181059478, 0.55727689738291919, null, null, 9590.4794181059478, 0.55727689738291919
2100-Jan-01 22:00:00, 9587.5907101732228, 0.55710904235461312, null, null, 9587.5907101732228, 0.55710904235461312
2100-Jan-01 23:00:00, 9588.7719737332063, 0.55717768239469878, null, null, 9588.7719737332063, 0.55717768239469878
2100-Jan-02 00:00:00, 9593.8327625481215, 0.55747175118585446, null, null, 9593.8327625481215, 0.55747175118585446
2100-Jan-02 01:00:00, 9602.7068218331988, 0.55798739884119941, null, null, 9602.7068218331988, 0.55798739884119941
2100-Jan-02 02:00:00, 9615.1919338337611, 0.55871287503230782, null, null, 9615.1919338337611, 0.55871287503230782
2100-Jan-02 03:00:00, 9631.0098564620948, 0.55963201186176803, null, null, 9631.0098564620948, 0.55963201186176803
2100-Jan-02 04:00:00, 9649.8620270674783, 0.56072746065904788, null, null, 9649.8620270674783, 0.56072746065904788
2100-Jan-02 05:00:00, 9671.3558492560805, 0.561976408706374, null, null, 9671.3558492560805, 0.561976408706374
2100-Jan-02 06:00:00, 9695.2260027653174, 0.56336343895874785, null, null, 9695.2260027653174, 0.56336343895874785
2100-Jan-02 07:00:00, 9721.0453615153529, 0.56486373227145459, null, null, 9721.0453615153529, 0.56486373227145459
2100-Jan-02 08:00:00, 9747.4680301305907, 0.56639908229354818, null, null, 9747.4680301305907, 0.56639908229354818
2100-Jan-02 09:00:00, 9772.1334235708528, 0.56783232179387677, null, null, 9772.1334235708528, 0.56783232179387677
2100-Jan-02 10:00:00, 9792.3373677460986, 0.56900631850812056, null, null, 9792.3373677460986, 0.56900631850812056
2100-Jan-02 11:00:00, 9804.9687776216597, 0.56974029567423956, null, null, 9804.9687776216597, 0.56974029567423956
2100-Jan-02 12:00:00, 9808.5144849194294, 0.56994632716398963, null, null, 9808.5144849194294, 0.56994632716398963
2100-Jan-02 13:00:00, 9802.7597590487676, 0.56961193556178902, null, null, 9802.7597590487676, 0.56961193556178902
2100-Jan-02 14:00:00, 9786.8085030652055, 0.56868505109060219, null, null, 9786.8085030652055, 0.56868505109060219
2100-Jan-02 15:00:00, 9761.8003361210485, 0.56723189394628226, null, null, 9761.8003361210485, 0.56723189394628226
2100-Jan-02 16:00:00, 9731.7458534043144, 0.56548550900026895, null, null, 9731.7458534043144, 0.56548550900026895
2100-Jan-02 17:00:00, 9701.2816986428716, 0.56371531911645578, null, null, 9701.2816986428716, 0.56371531911645578
2100-Jan-02 18:00:00, 9674.0113600104578, 0.5621307132754837, null, null, 9674.0113600104578, 0.5621307132754837
2100-Jan-02 19:00:00, 9652.2521069008271, 0.56086634175309535, null, null, 9652.2521069008271, 0.56086634175309535
2100-Jan-02 20:00:00, 9636.9997747448979, 0.55998006986082027, null, null, 9636.9997747448979, 0.55998006986082027
2100-Jan-02 21:00:00, 9628.3245308222395, 0.55947597483006173, null, null, 9628.3245308222395, 0.55947597483006173
2100-Jan-02 22:00:00, 9625.7215635902176, 0.55932472342334771, null, null, 9625.7215635902176, 0.55932472342334771
2100-Jan-02 23:00:00, 9628.3138849916759, 0.55947535622955513, null, null, 9628.3138849916759, 0.55947535622955513
2100-Jan-03 00:00:00, 9635.2094217695485, 0.55987603727727298, null, null, 9635.2094217695485, 0.55987603727727298
2100-Jan-03 01:00:00, 9645.6569549760115, 0.56048311525917349, null, null, 9645.6569549760115, 0.56048311525917349
2100-Jan-03 02:00:00, 9659.094235961973, 0.56126391942241294, null, null, 9659.094235961973, 0.56126391942241294
2100-Jan-03 03:00:00, 9675.0687829219823, 0.56219215726943494, null, null, 9675.0687829219823, 0.56219215726943494
2100-Jan-03 04:00:00, 9693.169043210466, 0.56324391458579459, null, null, 9693.169043210466, 0.56324391458579459
2100-Jan-03 05:00:00, 9713.0265438912847, 0.56439778040279365, null, null, 9713.0265438912847, 0.56439778040279365
2100-Jan-03 06:00:00, 9734.3301203089013, 0.56563567378138291, null, null, 9734.3301203089013, 0.56563567378138291
2100-Jan-03 07:00:00, 9756.8045250890373, 0.56694160083887257, null, null, 9756.8045250890373, 0.56694160083887257
2100-Jan-03 08:00:00, 9779.6668965714161, 0.5682700715952419, null, null, 9779.6668965714161, 0.5682700715952419
2100-Jan-03 09:00:00, 9801.2518377019369, 0.56952431431857231, null, null, 9801.2518377019369, 0.56952431431857231
2100-Jan-03 10:00:00, 9819.2791680561168, 0.57057183387311172, null, null, 9819.2791680561168, 0.57057183387311172
2100-Jan-03 11:00:00, 9831.5118003474727, 0.57128263914915278, null, null, 9831.5118003474727, 0.57128263914915278
2100-Jan-03 12:00:00, 9836.1068337165834, 0.57154964414730491, null, null, 9836.1068337165834, 0.57154964414730491
2100-Jan-03 13:00:00, 9831.9386661166282, 0.57130744316791593, null, null, 9831.9386661166282, 0.57130744316791593
2100-Jan-03 14:00:00, 9818.8951791359068, 0.57054952131241954, null, null, 9818.8951791359068, 0.57054952131241954
2100-Jan-03 15:00:00, 9798.2099120535477, 0.56934755622197464, null, null, 9798.2099120535477, 0.56934755622197464
2100-Jan-03 16:00:00, 9772.3997171366227, 0.56784779539489871, null, null, 9772.3997171366227, 0.56784779539489871
2100-Jan-03 17:00:00, 9745.0269838964668, 0.56625723967938724, null, null, 9745.0269838964668, 0.56625723967938724
2100-Jan-03 18:00:00, 9719.5019892491091, 0.56477405107090739, null, null, 9719.5019892491091, 0.56477405107090739
2100-Jan-03 19:00:00, 9698.1607307124741, 0.56353396808599532, null, null, 9698.1607307124741, 0.56353396808599532
2100-Jan-03 20:00:00, 9682.1276152689534, 0.5626023269823317, null, null, 9682.1276152689534, 0.5626023269823317
2100-Jan-03 21:00:00, 9671.6192479883466, 0.56199171409642723, null, null, 9671.6192479883466, 0.56199171409642723
2100-Jan-03 22:00:00, 9666.6780977633225, 0.56170459718111376, null, null, 9666.6780977633225, 0.56170459718111376
2100-Jan-03 23:00:00, 9667.1707007097284, 0.56173322100998058, null, null, 9667.1707007097284, 0.56173322100998058
2100-Jan-04 00:00:00, 9672.596769449925, 0.5620485152325837, null, null, 9672.596769449925, 0.5620485152325837
2100-Jan-04 01:00:00, 9682.1747895659664, 0.56260506815352129, null, null, 9682.1747895659664, 0.56260506815352129
2100-Jan-04 02:00:00, 9695.2458535933747, 0.56336459243683668, null, null, 9695.2458535933747, 0.56336459243683668
2100-Jan-04 03:00:00, 9711.212236663876, 0.56429235590225402, null, null, 9711.212236663876, 0.56429235590225402
2100-Jan-04 04:00:00, 9729.6122480485665, 0.5653615309465081, null, null, 9729.6122480485665, 0.5653615309465081
2100-Jan-04 05:00:00, 9750.1129626044149, 0.56655277218730016, null, null, 9750.1129626044149, 0.56655277218730016
2100-Jan-04 06:00:00, 9772.4550040537524, 0.56785100796856691, null, null, 9772.4550040537524, 0.56785100796856691
2100-Jan-04 07:00:00, 9796.1545491640372, 0.56922812462693884, null, null, 9796.1545491640372, 0.56922812462693884
2100-Jan-04 08:00:00, 9820.7016587898197, 0.57065449097377108, null, null, 9820.7016587898197, 0.57065449097377108
2100-Jan-04 09:00:00, 9845.0124683379054, 0.57206712656029324, null, null, 9845.0124683379054, 0.57206712656029324
2100-Jan-04 10:00:00, 9867.554483189766, 0.57337698225673406, null, null, 9867.554483189766, 0.57337698225673406
2100-Jan-04 11:00:00, 9886.0658994714267, 0.57445263073913755, null, null, 9886.0658994714267, 0.57445263073913755
2100-Jan-04 12:00:00, 9898.9124378533561, 0.57519910844264799, null, null, 9898.9124378533561, 0.57519910844264799
2100-Jan-04 13:00:00, 9905.586383333839, 0.5755869134176157, null, null, 9905.586383333839, 0.5755869134176157
2100-Jan-04 14:00:00, 9906.4643921484076, 0.57563793214219927, null, null, 9906.4643921484076, 0.57563793214219927
2100-Jan-04 15:00:00, 9902.571841490435, 0.57541174652008276, null, null, 9902.571841490435, 0.57541174652008276
2100-Jan-04 16:00:00, 9895.5395160177068, 0.57500311705017004, null, null, 9895.5395160177068, 0.57500311705017004
2100-Jan-04 17:00:00, 9887.2186846527657, 0.57451961597743462, null, null, 9887.2186846527657, 0.57451961597743462
2100-Jan-04 18:00:00, 9879.1905615722262, 0.57405312339379122, null, null, 9879.1905615722262, 0.57405312339379122
2100-Jan-04 19:00:00, 9872.6009838406371, 0.57367022080120644, null, null, 9872.6009838406371, 0.57367022080120644
2100-Jan-04 20:00:00, 9868.106125571443, 0.57340903670797927, null, null, 9868.106125571443, 0.57340903670797927
2100-Jan-04 21:00:00, 9866.1185986276341, 0.57329354687682232, null, null, 9866.1185986276341, 0.57329354687682232
2100-Jan-04 22:00:00, 9866.7631388229984, 0.57333099936951348, null, null, 9866.7631388229984, 0.57333099936951348
2100-Jan-04 23:00:00, 9869.8831386477486, 0.57351229414596538, null, null, 9869.8831386477486, 0.57351229414596538
2100-Jan-05 00:00:00, 9875.0866651981378, 0.57381465704202417, null, null, 9875.0866651981378, 0.57381465704202417
2100-Jan-05 01:00:00, 9882.0256574957675, 0.57421786317281331, null, null, 9882.0256574957675, 0.57421786317281331
2100-Jan-05 02:00:00, 9890.5910404956448, 0.57471557448159905, null, null, 9890.5910404956448, 0.57471557448159905
2100-Jan-05 03:00:00, 9900.5757044295515, 0.5752957563782406, null, null, 9900.5757044295515, 0.5752957563782406
2100-Jan-05 04:00:00, 9911.8605467674115, 0.57595148813588615, null, null, 9911.8605467674115, 0.57595148813588615
2100-Jan-05 05:00:00, 9924.4059558643021, 0.57668046802866557, null, null, 9924.4059558643021, 0.57668046802866557
2100-Jan-05 06:00:00, 9937.9686914543836, 0.57746856202065067, null, null, 9937.9686914543836, 0.57746856202065067
2100-Jan-05 07:00:00, 9952.3408338377594, 0.57830368845875468, null, null, 9952.3408338377594, 0.57830368845875468
2100-Jan-05 08:00:00, 9967.1791249932048, 0.57916590154499104, null, null, 9967.1791249932048, 0.57916590154499104
2100-Jan-05 09:00:00, 9980.9970157460029, 0.57996882191543231, null, null, 9980.9970157460029, 0.57996882191543231
2100-Jan-05 10:00:00, 9991.1836448348895, 0.58056073946261233, null, null, 9991.1836448348895, 0.58056073946261233
2100-Jan-05 11:00:00, 9995.08357199897, 0.58078735371360746, null, null, 9995.08357199897, 0.58078735371360746
2100-Jan-05 12:00:00, 9991.5761377405688, 0.58058354616696839, null, null, 9991.5761377405688, 0.58058354616696839
2100-Jan-05 13:00:00, 9980.9765061626294, 0.57996763015884845, null, null, 9980.9765061626294, 0.57996763015884845
2100-Jan-05 14:00:00, 9963.7232718891064, 0.57896509124013518, null, null, 9963.7232718891064, 0.57896509124013518
2100-Jan-05 15:00:00, 9941.0496247451429, 0.57764758674615879, null, null, 9941.0496247451429, 0.57764758674615879
2100-Jan-05 16:00:00, 9915.0151880702015, 0.57613479583521299, null, null, 9915.0151880702015, 0.57613479583521299
2100-Jan-05 17:00:00, 9888.2620237128413, 0.57458024159675669, null, null, 9888.2620237128413, 0.57458024159675669
2100-Jan-05 18:00:00, 9863.2268172660079, 0.57312551325985073, null, null, 9863.2268172660079, 0.57312551325985073
2100-Jan-05 19:00:00, 9841.7154071240329, 0.5718755432239816, null, null, 9841.7154071240329, 0.5718755432239816
2100-Jan-05 20:00:00, 9824.8104841933982, 0.57089324373815031, null, null, 9824.8104841933982, 0.57089324373815031
2100-Jan-05 21:00:00, 9812.9525172158137, 0.57020420925317328, null, null, 9812.9525172158137, 0.57020420925317328
2100-Jan-05 22:00:00, 9806.1510091226464, 0.56980899195876678, null, null, 9806.1510091226464, 0.56980899195876678
2100-Jan-05 23:00:00, 9804.1291105315431, 0.56969150488387188, null, null, 9804.1291105315431, 0.56969150488387188
2100-Jan-06 00:00:00, 9806.4374057238692, 0.56982563369296924, null, null, 9806.4374057238692, 0.56982563369296924
2100-Jan-06 01:00:00, 9812.6539901178949, 0.57018686264851881, null, null, 9812.6539901178949, 0.57018686264851881
2100-Jan-06 02:00:00, 9822.371179680018, 0.57075150233068506, null, null, 9822.371179680018, 0.57075150233068506
2100-Jan-06 03:00:00, 9835.1252625523448, 0.57149260769384724, null, null, 9835.1252625523448, 0.57149260769384724
2100-Jan-06 04:00:00, 9850.5122981618115, 0.57238670684056725, null, null, 9850.5122981618115, 0.57238670684056725
2100-Jan-06 05:00:00, 9868.1808463503039, 0.57341337853094743, null, null, 9868.1808463503039, 0.57341337853094743
2100-Jan-06 06:00:00, 9887.7388602154242, 0.57454984197667991, null, null, 9887.7388602154242, 0.57454984197667991
2100-Jan-06 07:00:00, 9908.8208571660834, 0.57577485996995348, null, null, 9908.8208571660834, 0.57577485996995348
2100-Jan-06 08:00:00, 9930.9961060322676, 0.57706340388398458, null, null, 9930.9961060322676, 0.57706340388398458
2100-Jan-06 09:00:00, 9953.6422273417356, 0.57837930892594436, null, null, 9953.6422273417356, 0.57837930892594436
2100-Jan-06 10:00:00, 9975.8093383115593, 0.57966737996876261, null, null, 9975.8093383115593, 0.57966737996876261
2100-Jan-06 11:00:00, 9995.4737354130193, 0.58081002505748658, null, null, 9995.4737354130193, 0.58081002505748658
2100-Jan-06 12:00:00, 10009.856756713441, 0.5816457836401242, null, null, 10009.856756713441, 0.5816457836401242
2100-Jan-06 13:00:00, 10017.069891341804, 0.58206491944250238, null, null, 10017.069891341804, 0.58206491944250238
2100-Jan-06 14:00:00, 10016.180620598776, 0.58201324631762474, null, null, 10016.180620598776, 0.58201324631762474
2100-Jan-06 15:00:00, 10007.867851005369, 0.58153021369269386, null, null, 10007.867851005369, 0.58153021369269386
2100-Jan-06 16:00:00, 9994.7798835381054, 0.58076970719607024, null, null, 9994.7798835381054, 0.58076970719607024
2100-Jan-06 17:00:00, 9980.3820440615909, 0.5799330875691785, null, null, 9980.3820440615909, 0.5799330875691785
2100-Jan-06 18:00:00, 9967.6895218879781, 0.57919555933221445, null, null, 9967.6895218879781, 0.57919555933221445
2100-Jan-06 19:00:00, 9958.4400344569603, 0.57865809655968525, null, null, 9958.4400344569603, 0.57865809655968525
2100-Jan-06 20:00:00, 9953.2839566264556, 0.57835849078078916, null, null, 9953.2839566264556, 0.57835849078078916
2100-Jan-06 21:00:00, 9952.3031589241582, 0.57830149927111918, null, null, 9952.3031589241582, 0.57830149927111918
2100-Jan-06 22:00:00, 9955.1254705318588, 0.57846549618802179, null, null, 9955.1254705318588, 0.57846549618802179
2100-Jan-06 23:00:00, 9961.3763115472284, 0.5788287157034615, null, null, 9961.3763115472284, 0.5788287157034615
2100-Jan-07 00:00:00, 9970.691054828736, 0.57936997031749438, null, null, 9970.691054828736, 0.57936997031749438
2100-Jan-07 01:00:00, 9982.7028107746846, 0.58006794106471704, null, null, 9982.7028107746846, 0.58006794106471704
2100-Jan-07 02:00:00, 9997.1821572272765, 0.58090929684219772, null, null, 9997.1821572272765, 0.58090929684219772
2100-Jan-07 03:00:00, 10014.193234345668, 0.58189776466162513, null, null, 10014.193234345668, 0.58189776466162513
2100-Jan-07 04:00:00, 10033.457348695336, 0.58301715039904145, null, null, 10033.457348695336, 0.58301715039904145
2100-Jan-07 05:00:00, 10054.476411150761, 0.58423851143850558, null, null, 10054.476411150761, 0.58423851143850558
2100-Jan-07 06:00:00, 10076.700507966734, 0.58552989377517595, null, null, 10076.700507966734, 0.58552989377517595
2100-Jan-07 07:00:00, 10099.49917339236, 0.58685466274437659, null, null, 10099.49917339236, 0.58685466274437659
2100-Jan-07 08:00:00, 10121.95350851948, 0.58815942360844908, null, null, 10121.95350851948, 0.58815942360844908
2100-Jan-07 09:00:00, 10142.784164703417, 0.58936983686753175, null, null, 10142.784164703417, 0.58936983686753175
2100-Jan-07 10:00:00, 10160.415221975394, 0.59039433006185094, null, null, 10160.415221975394, 0.59039433006185094
2100-Jan-07 11:00:00, 10172.611856411493, 0.59110304359959454, null, null, 10172.611856411493, 0.59110304359959454
2100-Jan-07 12:00:00, 10177.81467575129, 0.59140536540155286, null, null, 10177.81467575129, 0.59140536540155286
2100-Jan-07 13:00:00, 10176.151517716889, 0.59130872377303134, null, null, 10176.151517716889, 0.59130872377303134
2100-Jan-07 14:00:00, 10169.010780812321, 0.59089379480715576, null, null, 10169.010780812321, 0.59089379480715576
2100-Jan-07 15:00:00, 10158.345992353065, 0.59027409270836395, null, null, 10158.345992353065, 0.59027409270836395
2100-Jan-07 16:00:00, 10146.2979595911, 0.58957401401318632, null, null, 10146.2979595911, 0.58957401401318632
2100-Jan-07 17:00:00, 10134.647883810962, 0.5888970595250953, null, null, 10134.647883810962, 0.5888970595250953
2100-Jan-07 18:00:00, 10124.630607295014, 0.58831498259925419, null, null, 10124.630607295014, 0.58831498259925419
2100-Jan-07 19:00:00, 10116.92541283352, 0.58786725452685695, null, null, 10116.92541283352, 0.58786725452685695
2100-Jan-07 20:00:00, 10111.741499330994, 0.58756603129212115, null, null, 10111.741499330994, 0.58756603129212115
2100-Jan-07 21:00:00, 10109.013351880498, 0.58740750600047154, null, null, 10109.013351880498, 0.58740750600047154
2100-Jan-07 22:00:00, 10108.685685982093, 0.58738846621869623, null, null, 10108.685685982093, 0.58738846621869623
2100-Jan-07 23:00:00, 10110.788637984926, 0.58751066308877875, null, null, 10110.788637984926, 0.58751066308877875
2100-Jan-08 00:00:00, 10115.243956372235, 0.58776954962609251, null, null, 10115.243956372235, 0.58776954962609251
2100-Jan-08 01:00:00, 10121.715638070271, 0.58814560159808493, null, null, 10121.715638070271, 0.58814560159808493
2100-Jan-08 02:00:00, 10129.838885679155, 0.58861762161155851, null, null, 10129.838885679155, 0.58861762161155851
2100-Jan-08 03:00:00, 10139.407948128721, 0.58917365402665234, null, null, 10139.407948128721, 0.58917365402665234
2100-Jan-08 04:00:00, 10150.236360045843, 0.58980286384335512, null, null, 10150.236360045843, 0.58980286384335512
2100-Jan-08 05:00:00, 10162.111398377912, 0.59049289029870677, null, null, 10162.111398377912, 0.59049289029870677
2100-Jan-08 06:00:00, 10174.921638191086, 0.59123725879026934, null, null, 10174.921638191086, 0.59123725879026934
2100-Jan-08 07:00:00, 10188.625537689892, 0.59203355543632896, null, null, 10188.625537689892, 0.59203355543632896
2100-Jan-08 08:00:00, 10202.836954147717, 0.59285934252431138, null, null, 10202.836954147717, 0.59285934252431138
2100-Jan-08 09:00:00, 10216.346644893552, 0.59364435422343753, null, null, 10216.346644893552, 0.59364435422343753
2100-Jan-08 10:00:00, 10227.103594658431, 0.59426941156717761, null, null, 10227.103594658431, 0.59426941156717761
2100-Jan-08 11:00:00, 10233.137132234979, 0.59462000416576599, null, null, 10233.137132234979, 0.59462000416576599
2100-Jan-08 12:00:00, 10233.044529707851, 0.59461462328262582, null, null, 10233.044529707851, 0.59461462328262582
2100-Jan-08 13:00:00, 10226.020160559774, 0.59420645613328371, null, null, 10226.020160559774, 0.59420645613328371
2100-Jan-08 14:00:00, 10211.407180834693, 0.59335733528669299, null, null, 10211.407180834693, 0.59335733528669299
2100-Jan-08 15:00:00, 10189.830624391203, 0.59210357977491579, null, null, 10189.830624391203, 0.59210357977491579
2100-Jan-08 16:00:00, 10163.584578938882, 0.59057849284853892, null, null, 10163.584578938882, 0.59057849284853892
2100-Jan-08 17:00:00, 10135.85694975572, 0.58896731508678857, null, null, 10135.85694975572, 0.58896731508678857
2100-Jan-08 18:00:00, 10109.695030364725, 0.58744711649898163, null, null, 10109.695030364725, 0.58744711649898163
2100-Jan-08 19:00:00, 10087.046613502906, 0.58613107806866482, null, null, 10087.046613502906, 0.58613107806866482
2100-Jan-08 20:00:00, 10069.305289713597, 0.58510017758436728, null, null, 10069.305289713597, 0.58510017758436728
2100-Jan-08 21:00:00, 10056.995601189528, 0.58438489477843247, null, null, 10056.995601189528, 0.58438489477843247
2100-Jan-08 22:00:00, 10049.697067732948, 0.58396079668043221, null, null, 10049.697067732948, 0.58396079668043221
2100-Jan-08 23:00:00, 10046.73838726254, 0.58378887573664884, null, null, 10046.73838726254, 0.58378887573664884
2100-Jan-09 00:00:00, 10047.841497691486, 0.58385297450903695, null, null, 10047.841497691486, 0.58385297450903695
2100-Jan-09 01:00:00, 10052.933214486009, 0.58414884044168747, null, null, 10052.933214486009, 0.58414884044168747
2100-Jan-09 02:00:00, 10061.69253010345, 0.58465782065192284, null, null, 10061.69253010345, 0.58465782065192284
2100-Jan-09 03:00:00, 10073.549584509177, 0.58534680210981005, null, null, 10073.549584509177, 0.58534680210981005
2100-Jan-09 04:00:00, 10087.957373973537, 0.58618399990366454, null, null, 10087.957373973537, 0.58618399990366454
2100-Jan-09 05:00:00, 10104.599549488597, 0.58715103184569917, null, null, 10104.599549488597, 0.58715103184569917
2100-Jan-09 06:00:00, 10123.156810980512, 0.58822934426964479, null, null, 10123.156810980512, 0.58822934426964479
2100-Jan-09 07:00:00, 10143.18121463116, 0.58939290836815161, null, null, 10143.18121463116, 0.58939290836815161
2100-Jan-09 08:00:00, 10163.663186531097, 0.59058306052374998, null, null, 10163.663186531097, 0.59058306052374998
2100-Jan-09 09:00:00, 10182.664237212126, 0.59168716034075686, null, null, 10182.664237212126, 0.59168716034075686
2100-Jan-09 10:00:00, 10197.974492061643, 0.59257679796456253, null, null, 10197.974492061643, 0.59257679796456253
2100-Jan-09 11:00:00, 10207.829111369208, 0.59314942331864462, null, null, 10207.829111369208, 0.59314942331864462
2100-Jan-09 12:00:00, 10211.200548904604, 0.59334532846243737, null, null, 10211.200548904604, 0.59334532846243737
2100-Jan-09 13:00:00, 10207.798191052028, 0.59314762662239273, null, null, 10207.798191052028, 0.59314762662239273
2100-Jan-09 14:00:00, 10197.730349934214, 0.59256261152388912, null, null, 10197.730349934214, 0.59256261152388912
2100-Jan-09 15:00:00, 10181.246636825992, 0.59160478740500744, null, null, 10181.246636825992, 0.59160478740500744
2100-Jan-09 16:00:00, 10159.522270750713, 0.59034244307410921, null, null, 10159.522270750713, 0.59034244307410921
2100-Jan-09 17:00:00, 10135.269481843236, 0.58893317891055497, null, null, 10135.269481843236, 0.58893317891055497
2100-Jan-09 18:00:00, 10111.500997147265, 0.58755205635876073, null, null, 10111.500997147265, 0.58755205635876073
2100-Jan-09 19:00:00, 10090.545125670418, 0.58633436717666165, null, null, 10090.545125670418, 0.58633436717666165
2100-Jan-09 20:00:00, 10073.576794898398, 0.58534838323215233, null, null, 10073.576794898398, 0.58534838323215233
2100-Jan-09 21:00:00, 10060.752147696698, 0.58460317756609348, null, null, 10060.752147696698, 0.58460317756609348
2100-Jan-09 22:00:00, 10051.808586084977, 0.58408349131796666, null, null, 10051.808586084977, 0.58408349131796666
2100-Jan-09 23:00:00, 10046.390505159434, 0.58376866124573312, null, null, 10046.390505159434, 0.58376866124573312
2100-Jan-10 00:00:00, 10044.269364601243, 0.58364540748774585, null, null, 10044.269364601243, 0.58364540748774585
2100-Jan-10 01:00:00, 10045.237344069925, 0.58370165416442599, null, null, 10045.237344069925, 0.58370165416442599
2100-Jan-10 02:00:00, 10049.260313454964, 0.58393541806708638, null, null, 10049.260313454964, 0.58393541806708638
2100-Jan-10 03:00:00, 10056.425044150197, 0.58435174124743605, null, null, 10056.425044150197, 0.58435174124743605
2100-Jan-10 04:00:00, 10066.785013170269, 0.58495373111059024, null, null, 10066.785013170269, 0.58495373111059024
2100-Jan-10 05:00:00, 10080.181763226374, 0.58573218013079098, null, null, 10080.181763226374, 0.58573218013079098
2100-Jan-10 06:00:00, 10096.376205906583, 0.58667319552514496, null, null, 10096.376205906583, 0.58667319552514496
2100-Jan-10 07:00:00, 10114.99893963153, 0.58775531236400025, null, null, 10114.99893963153, 0.58775531236400025
2100-Jan-10 08:00:00, 10135.375730337919, 0.58893935272407227, null, null, 10135.375730337919, 0.58893935272407227
2100-Jan-10 09:00:00, 10156.112610580849, 0.59014431691609837, null, null, 10156.112610580849, 0.59014431691609837
2100-Jan-10 10:00:00, 10175.214371355745, 0.59125426872508591, null, null, 10175.214371355745, 0.59125426872508591
2100-Jan-10 11:00:00, 10191.118575937629, 0.59217841916619973, null, null, 10191.118575937629, 0.59217841916619973
2100-Jan-10 12:00:00, 10203.086220909885, 0.59287382674369038, null, null, 10203.086220909885, 0.59287382674369038
2100-Jan-10 13:00:00, 10210.173904323412, 0.59328567291426515, null, null, 10210.173904323412, 0.59328567291426515
2100-Jan-10 14:00:00, 10211.067205871925, 0.59333758025838002, null, null, 10211.067205871925, 0.59333758025838002
2100-Jan-10 15:00:00, 10205.415187643543, 0.59300915672031185, null, null, 10205.415187643543, 0.59300915672031185
2100-Jan-10 16:00:00, 10194.604485461652, 0.59238097596856742, null, null, 10194.604485461652, 0.59238097596856742
2100-Jan-10 17:00:00, 10181.320962486017, 0.59160910626868568, null, null, 10181.320962486017, 0.59160910626868568
2100-Jan-10 18:00:00, 10168.33200565462, 0.59085435301312095, null, null, 10168.33200565462, 0.59085435301312095
2100-Jan-10 19:00:00, 10157.863142295872, 0.59024603559358979, null, null, 10157.863142295872, 0.59024603559358979
2100-Jan-10 20:00:00, 10150.959036643226, 0.58984485663166564, null, null, 10150.959036643226, 0.58984485663166564
2100-Jan-10 21:00:00, 10147.831882630284, 0.58966314614462989, null, null, 10147.831882630284, 0.58966314614462989
2100-Jan-10 22:00:00, 10148.407982057415, 0.58969662172883575, null, null, 10148.407982057415, 0.58969662172883575
2100-Jan-10 23:00:00, 10152.45890833972, 0.58993201013140795, null, null, 10152.45890833972, 0.58993201013140795
2100-Jan-11 00:00:00, 10159.228171062347, 0.59032535373428496, null, null, 10159.228171062347, 0.59032535373428496
2100-Jan-11 01:00:00, 10167.61516024395, 0.59081269905934597, null, null, 10167.61516024395, 0.59081269905934597
2100-Jan-11 02:00:00, 10176.888028392919, 0.59135152042234718, null, null, 10176.888028392919, 0.59135152042234718
2100-Jan-11 03:00:00, 10186.699779476303, 0.59192165481952008, null, null, 10186.699779476303, 0.59192165481952008
2100-Jan-11 04:00:00, 10196.930477934377, 0.5925161331189065, null, null, 10196.930477934377, 0.5925161331189065
2100-Jan-11 05:00:00, 10207.585793232058, 0.5931352847578244, null, null, 10207.585793232058, 0.5931352847578244
2100-Jan-11 06:00:00, 10218.739862950675, 0.59378341767120602, null, null, 10218.739862950675, 0.59378341767120602
2100-Jan-11 07:00:00, 10230.435974286514, 0.59446304716129972, null, null, 10230.435974286514, 0.59446304716129972
2100-Jan-11 08:00:00, 10242.420714268195, 0.59515944808368981, null, null, 10242.420714268195, 0.59515944808368981
2100-Jan-11 09:00:00, 10254.066502187557, 0.5958361534157538, null, null, 10254.066502187557, 0.5958361534157538
2100-Jan-11 10:00:00, 10264.419547484928, 0.5964377409600522, null, null, 10264.419547484928, 0.5964377409600522
2100-Jan-11 11:00:00, 10272.17322729266, 0.5968882863851741, null, null, 10272.17322729266, 0.5968882863851741
2100-Jan-11 12:00:00, 10276.77733588622, 0.59715581872014678, null, null, 10276.77733588622, 0.59715581872014678
2100-Jan-11 13:00:00, 10278.477498233788, 0.59725461056952101, null, null, 10278.477498233788, 0.59725461056952101
2100-Jan-11 14:00:00, 10277.696164005889, 0.59720920934447685, null, null, 10277.696164005889, 0.59720920934447685
2100-Jan-11 15:00:00, 10274.984203300824, 0.59705162462095518, null, null, 10274.984203300824, 0.59705162462095518
2100-Jan-11 16:00:00, 10271.392933399951, 0.59684294561120255, null, null, 10271.392933399951, 0.59684294561120255
2100-Jan-11 17:00:00, 10268.28352596122, 0.59666226632973884, null, null, 10268.28352596122, 0.59666226632973884
2100-Jan-11 18:00:00, 10266.767278337404, 0.59657416126901908, null, null, 10266.767278337404, 0.59657416126901908
2100-Jan-11 19:00:00, 10267.429789760792, 0.59661265802130958, null, null, 10267.429789760792, 0.59661265802130958
2100-Jan-11 20:00:00, 10270.423284739574, 0.59678660194229416, null, null, 10270.423284739574, 0.59678660194229416
2100-Jan-11 21:00:00, 10275.633892368724, 0.59708937630074488, null, null, 10275.633892368724, 0.59708937630074488
2100-Jan-11 22:00:00, 10282.898078941376, 0.5975114785939396, null, null, 10282.898078941376, 0.5975114785939396
2100-Jan-11 23:00:00, 10291.931808122157, 0.5980364042363594, null, null, 10291.931808122157, 0.5980364042363594
2100-Jan-12 00:00:00, 10302.323434276561, 0.59864023361022323, null, null, 10302.323434276561, 0.59864023361022323
2100-Jan-12 01:00:00, 10313.693065816635, 0.59930089223976757, null, null, 10313.693065816635, 0.59930089223976757
2100-Jan-12 02:00:00, 10325.872363755676, 0.60000859840041665, null, null, 10325.872363755676, 0.60000859840041665
2100-Jan-12 03:00:00, 10338.853976732251, 0.60076292492438099, null, null, 10338.853976732251, 0.60076292492438099
2100-Jan-12 04:00:00, 10352.620335260552, 0.60156285089621808, null, null, 10352.620335260552, 0.60156285089621808
2100-Jan-12 05:00:00, 10367.100065001894, 0.60240422894557444, null, null, 10367.100065001894, 0.60240422894557444
2100-Jan-12 06:00:00, 10382.32814809149, 0.60328909178999479, null, null, 10382.32814809149, 0.60328909178999479
2100-Jan-12 07:00:00, 10398.321735069239, 0.60421843600110448, null, null, 10398.321735069239, 0.60421843600110448
2100-Jan-12 08:00:00, 10414.662417380758, 0.60516794898608528, null, null, 10414.662417380758, 0.60516794898608528
2100-Jan-12 09:00:00, 10430.325737603136, 0.60607810228663495, null, null, 10430.325737603136, 0.60607810228663495
2100-Jan-12 10:00:00, 10443.897327057563, 0.60686671075280174, null, null, 10443.897327057563, 0.60686671075280174
2100-Jan-12 11:00:00, 10453.841021988788, 0.60744451205117422, null, null, 10453.841021988788, 0.60744451205117422
2100-Jan-12 12:00:00, 10458.849750824031, 0.60773555577729566, null, null, 10458.849750824031, 0.60773555577729566
2100-Jan-12 13:00:00, 10458.439037840779, 0.60771169035336392, null, null, 10458.439037840779, 0.60771169035336392
2100-Jan-12 14:00:00, 10453.512655272121, 0.60742543154673956, null, null, 10453.512655272121, 0.60742543154673956
2100-Jan-12 15:00:00, 10445.630393357553, 0.60696741456212278, null, null, 10445.630393357553, 0.60696741456212278
2100-Jan-12 16:00:00, 10436.447014518026, 0.6064337931815772, null, null, 10436.447014518026, 0.6064337931815772
2100-Jan-12 17:00:00, 10427.40778282363, 0.60590854780292924, null, null, 10427.40778282363, 0.60590854780292924
2100-Jan-12 18:00:00, 10419.686791047359, 0.60545990179116926, null, null, 10419.686791047359, 0.60545990179116926
2100-Jan-12 19:00:00, 10414.081033498838, 0.60513416633646167, null, null, 10414.081033498838, 0.60513416633646167
2100-Jan-12 20:00:00, 10410.824957901888, 0.60494496456382796, null, null, 10410.824957901888, 0.60494496456382796
2100-Jan-12 21:00:00, 10409.793183294649, 0.60488501092367575, null, null, 10409.793183294649, 0.60488501092367575
2100-Jan-12 22:00:00, 10410.777680232843, 0.60494221738596832, null, null, 10410.777680232843, 0.60494221738596832
2100-Jan-12 23:00:00, 10413.614493313878, 0.60510705694438183, null, null, 10413.614493313878, 0.60510705694438183
2100-Jan-13 00:00:00, 10418.262057315062, 0.60537711435591002, null, null, 10418.262057315062, 0.60537711435591002
2100-Jan-13 01:00:00, 10424.572273791258, 0.6057437840192671, null, null, 10424.572273791258, 0.6057437840192671
2100-Jan-13 02:00:00, 10432.266215967928, 0.60619085825173591, null, null, 10432.266215967928, 0.60619085825173591
2100-Jan-13 03:00:00, 10440.989994825837, 0.60669777351670295, null, null, 10440.989994825837, 0.60669777351670295
2100-Jan-13 04:00:00, 10450.453628387406, 0.60724767974341398, null, null, 10450.453628387406, 0.60724767974341398
2100-Jan-13 05:00:00, 10460.522191360533, 0.60783273678698324, null, null, 10460.522191360533, 0.60783273678698324
2100-Jan-13 06:00:00, 10471.12915845707, 0.60844907904230794, null, null, 10471.12915845707, 0.60844907904230794
2100-Jan-13 07:00:00, 10482.220774259733, 0.60909358292704618, null, null, 10482.220774259733, 0.60909358292704618
2100-Jan-13 08:00:00, 10493.538393162637, 0.60975121924250142, null, null, 10493.538393162637, 0.60975121924250142
2100-Jan-13 09:00:00, 10504.05153608856, 0.61036210962827719, null, null, 10504.05153608856, 0.61036210962827719
2100-Jan-13 10:00:00, 10511.47001182631, 0.61079317724880089, null, null, 10511.47001182631, 0.61079317724880089
2100-Jan-13 11:00:00, 10512.926599868517, 0.61087781565211086, null, null, 10512.926599868517, 0.61087781565211086
2100-Jan-13 12:00:00, 10507.4047271747, 0.61055695452010694, null, null, 10507.4047271747, 0.61055695452010694
2100-Jan-13 13:00:00, 10495.61590373519, 0.60987193777967552, null, null, 10495.61590373519, 0.60987193777967552
2100-Jan-13 14:00:00, 10478.091273024829, 0.60885362874586291, null, null, 10478.091273024829, 0.60885362874586291
2100-Jan-13 15:00:00, 10455.501422237776, 0.60754099343222201, null, null, 10455.501422237776, 0.60754099343222201
2100-Jan-13 16:00:00, 10429.255573790926, 0.60601591795330179, null, null, 10429.255573790926, 0.60601591795330179
2100-Jan-13 17:00:00, 10402.186912381934, 0.60444303103194175, null, null, 10402.186912381934, 0.60444303103194175
2100-Jan-13 18:00:00, 10377.554156423301, 0.60301168800766058, null, null, 10377.554156423301, 0.60301168800766058
2100-Jan-13 19:00:00, 10357.711014977573, 0.60185865656709159, null, null, 10357.711014977573, 0.60185865656709159
2100-Jan-13 20:00:00, 10343.743243347615, 0.60104702702304602, null, null, 10343.743243347615, 0.60104702702304602
2100-Jan-13 21:00:00, 10335.552812517881, 0.6005711031737746, null, null, 10335.552812517881, 0.6005711031737746
2100-Jan-13 22:00:00, 10332.398982836885, 0.60038784263560152, null, null, 10332.398982836885, 0.60038784263560152
2100-Jan-13 23:00:00, 10333.714996012559, 0.60046431261249023, null, null, 10333.714996012559, 0.60046431261249023
2100-Jan-14 00:00:00, 10338.845164260678, 0.60076241285542142, null, null, 10338.845164260678, 0.60076241285542142
2100-Jan-14 01:00:00, 10346.854382045909, 0.60122780690333433, null, null, 10346.854382045909, 0.60122780690333433
2100-Jan-14 02:00:00, 10356.827137991178, 0.60180729685886725, null, null, 10356.827137991178, 0.60180729685886725
2100-Jan-14 03:00:00, 10368.132512456859, 0.60246422168309366, null, null, 10368.132512456859, 0.60246422168309366
2100-Jan-14 04:00:00, 10380.866956848775, 0.60320418590711611, null, null, 10380.866956848775, 0.60320418590711611
2100-Jan-14 05:00:00, 10395.631847834777, 0.60406213390743635, null, null, 10395.631847834777, 0.60406213390743635
2100-Jan-14 06:00:00, 10412.763463333791, 0.60505760588711899, null, null, 10412.763463333791, 0.60505760588711899
2100-Jan-14 07:00:00, 10431.877554409915, 0.60616827417666119, null, null, 10431.877554409915, 0.60616827417666119
2100-Jan-14 08:00:00, 10451.887652672234, 0.60733100702762799, null, null, 10451.887652672234, 0.60733100702762799
2100-Jan-14 09:00:00, 10471.011290985256, 0.60844223008136122, null, null, 10471.011290985256, 0.60844223008136122
2100-Jan-14 10:00:00, 10486.664008197178, 0.60935176726956519, null, null, 10486.664008197178, 0.60935176726956519
2100-Jan-14 11:00:00, 10495.831462722794, 0.60988446333117075, null, null, 10495.831462722794, 0.60988446333117075
2100-Jan-14 12:00:00, 10495.947295453478, 0.60989119405879721, null, null, 10495.947295453478, 0.60989119405879721
2100-Jan-14 13:00:00, 10486.354098871354, 0.6093337592743403, null, null, 10486.354098871354, 0.6093337592743403
2100-Jan-14 14:00:00, 10468.031601984667, 0.60826908838854032, null, null, 10468.031601984667, 0.60826908838854032
2100-Jan-14 15:00:00, 10443.034072048396, 0.60681654933206508, null, null, 10443.034072048396, 0.60681654933206508
2100-Jan-14 16:00:00, 10413.954971012765, 0.605126841185335, null, null, 10413.954971012765, 0.605126841185335
2100-Jan-14 17:00:00, 10384.068183441723, 0.60339020055203263, null, null, 10384.068183441723, 0.60339020055203263
2100-Jan-14 18:00:00, 10356.681758551997, 0.60179884925168525, null, null, 10356.681758551997, 0.60179884925168525
2100-Jan-14 19:00:00, 10334.341143694171, 0.60050069636580439, null, null, 10334.341143694171, 0.60050069636580439
2100-Jan-14 20:00:00, 10318.305878534025, 0.59956893034790459, null, null, 10318.305878534025, 0.59956893034790459
2100-Jan-14 21:00:00, 10308.737978940742, 0.59901296550325356, null, null, 10308.737978940742, 0.59901296550325356
2100-Jan-14 22:00:00, 10305.095240130058, 0.59880129577394248, null, null, 10305.095240130058, 0.59880129577394248
2100-Jan-14 23:00:00, 10306.613532309464, 0.5988895196382743, null, null, 10306.613532309464, 0.5988895196382743
2100-Jan-15 00:00:00, 10312.757413475452, 0.59924652400529343, null, null, 10312.757413475452, 0.59924652400529343
2100-Jan-15 01:00:00, 10323.034085942661, 0.5998436737303775, null, null, 10323.034085942661, 0.5998436737303775
2100-Jan-15 02:00:00, 10337.003423455155, 0.60065539426363479, null, null, 10337.003423455155, 0.60065539426363479
2100-Jan-15 03:00:00, 10354.126610752852, 0.60165037650326625, null, null, 10354.126610752852, 0.60165037650326625
2100-Jan-15 04:00:00, 10373.894395364387, 0.60279902916140682, null, null, 10373.894395364387, 0.60279902916140682
2100-Jan-15 05:00:00, 10395.813685281839, 0.60407269999114388, null, null, 10395.813685281839, 0.60407269999114388
2100-Jan-15 06:00:00, 10419.453558577947, 0.60544634928130436, null, null, 10419.453558577947, 0.60544634928130436
2100-Jan-15 07:00:00, 10444.499415468099, 0.60690169648675174, null, null, 10444.499415468099, 0.60690169648675174
2100-Jan-15 08:00:00, 10470.298748501427, 0.60840082615906177, null, null, 10470.298748501427, 0.60840082615906177
2100-Jan-15 09:00:00, 10494.93873584382, 0.60983258937955309, null, null, 10494.93873584382, 0.60983258937955309
2100-Jan-15 10:00:00, 10515.73015895211, 0.61104072291040545, null, null, 10515.73015895211, 0.61104072291040545
2100-Jan-15 11:00:00, 10529.675356326166, 0.61185104072531415, null, null, 10529.675356326166, 0.61185104072531415
2100-Jan-15 12:00:00, 10534.938009365438, 0.61215683930220199, null, null, 10534.938009365438, 0.61215683930220199
2100-Jan-15 13:00:00, 10530.939368099898, 0.61192448904096264, null, null, 10530.939368099898, 0.61192448904096264
2100-Jan-15 14:00:00, 10517.743210239503, 0.61115769589233937, null, null, 10517.743210239503, 0.61115769589233937
2100-Jan-15 15:00:00, 10496.449530644504, 0.60992037759142481, null, null, 10496.449530644504, 0.60992037759142481
2100-Jan-15 16:00:00, 10469.687189299359, 0.60836529010295481, null, null, 10469.687189299359, 0.60836529010295481
2100-Jan-15 17:00:00, 10441.180770899236, 0.60670885899988314, null, null, 10441.180770899236, 0.60670885899988314
2100-Jan-15 18:00:00, 10414.348560803592, 0.60514971162672915, null, null, 10414.348560803592, 0.60514971162672915
2100-Jan-15 19:00:00, 10391.678161402358, 0.60383239585032489, null, null, 10391.678161402358, 0.60383239585032489
2100-Jan-15 20:00:00, 10374.512421227049, 0.60283494097772305, null, null, 10374.512421227049, 0.60283494097772305
2100-Jan-15 21:00:00, 10363.3436946395, 0.60218595639321126, null, null, 10363.3436946395, 0.60218595639321126
2100-Jan-15 22:00:00, 10357.905017517938, 0.60186992953156671, null, null, 10357.905017517938, 0.60186992953156671
2100-Jan-15 23:00:00, 10357.467213174654, 0.60184448990175776, null, null, 10357.467213174654, 0.60184448990175776
2100-Jan-16 00:00:00, 10361.354337600591, 0.60207036022016314, null, null, 10361.354337600591, 0.60207036022016314
2100-Jan-16 01:00:00, 10368.898492104448, 0.60250873069488109, null, null, 10368.898492104448, 0.60250873069488109
2100-Jan-16 02:00:00, 10379.305543591789, 0.60311345639324598, null, null, 10379.305543591789, 0.60311345639324598
2100-Jan-16 03:00:00, 10391.850660208511, 0.60384241929079163, null, null, 10391.850660208511, 0.60384241929079163
2100-Jan-16 04:00:00, 10405.957150044911, 0.60466210937574727, null, null, 10405.957150044911, 0.60466210937574727
2100-Jan-16 05:00:00, 10421.124950539019, 0.60554346936110126, null, null, 10421.124950539019, 0.60554346936110126
2100-Jan-16 06:00:00, 10436.833301972098, 0.60645623930387393, null, null, 10436.833301972098, 0.60645623930387393
2100-Jan-16 07:00:00, 10452.539007872752, 0.60736885552189124, null, null, 10452.539007872752, 0.60736885552189124
2100-Jan-16 08:00:00, 10467.69467266951, 0.60824951033459729, null, null, 10467.69467266951, 0.60824951033459729
2100-Jan-16 09:00:00, 10481.861576782918, 0.60907271093027726, null, null, 10481.861576782918, 0.60907271093027726
2100-Jan-16 10:00:00, 10494.550589976412, 0.60981003526986877, null, null, 10494.550589976412, 0.60981003526986877
2100-Jan-16 11:00:00, 10505.329122653164, 0.61043634673841751, null, null, 10505.329122653164, 0.61043634673841751
2100-Jan-16 12:00:00, 10513.735096493141, 0.6109247952107828, null, null, 10513.735096493141, 0.6109247952107828
2100-Jan-16 13:00:00, 10519.55169689226, 0.61126278217498164, null, null, 10519.55169689226, 0.61126278217498164
2100-Jan-16 14:00:00, 10523.116650486289, 0.61146993201510791, null, null, 10523.116650486289, 0.61146993201510791
2100-Jan-16 15:00:00, 10525.567563385923, 0.61161234795459529, null, null, 10525.567563385923, 0.61161234795459529
2100-Jan-16 16:00:00, 10528.353591294002, 0.61177423652355523, null, null, 10528.353591294002, 0.61177423652355523
2100-Jan-16 17:00:00, 10532.71096247917, 0.61202743161307616, null, null, 10532.71096247917, 0.61202743161307616
2100-Jan-16 18:00:00, 10539.45463439286, 0.61241928820305369, null, null, 10539.45463439286, 0.61241928820305369
2100-Jan-16 19:00:00, 10548.792347131295, 0.61296187751028941, null, null, 10548.792347131295, 0.61296187751028941
2100-Jan-16 20:00:00, 10560.487709677935, 0.61364146349026194, null, null, 10560.487709677935, 0.61364146349026194
2100-Jan-16 21:00:00, 10574.19036991682, 0.61443768812626931, null, null, 10574.19036991682, 0.61443768812626931
2100-Jan-16 22:00:00, 10589.528590304504, 0.61532895075208627, null, null, 10589.528590304504, 0.61532895075208627
2100-Jan-16 23:00:00, 10606.182743839594, 0.61629667870456506, null, null, 10606.182743839594, 0.61629667870456506
2100-Jan-17 00:00:00, 10623.873302231157, 0.61732462934849319, null, null, 10623.873302231157, 0.61732462934849319
2100-Jan-17 01:00:00, 10642.39779150886, 0.61840103746744413, null, null, 10642.39779150886, 0.61840103746744413
2100-Jan-17 02:00:00, 10661.637105997232, 0.61951898215179568, null, null, 10661.637105997232, 0.61951898215179568
2100-Jan-17 03:00:00, 10681.473134234844, 0.62067160026302248, null, null, 10681.473134234844, 0.62067160026302248
2100-Jan-17 04:00:00, 10701.750209893939, 0.62184984645058694, null, null, 10701.750209893939, 0.62184984645058694
2100-Jan-17 05:00:00, 10722.28715973655, 0.62304319322618118, null, null, 10722.28715973655, 0.62304319322618118
2100-Jan-17 06:00:00, 10742.904242651133, 0.62424119631850139, null, null, 10742.904242651133, 0.62424119631850139
2100-Jan-17 07:00:00, 10763.48077169687, 0.62543684293486035, null, null, 10763.48077169687, 0.62543684293486035
2100-Jan-17 08:00:00, 10783.901833885222, 0.62662345579136713, null, null, 10783.901833885222, 0.62662345579136713
2100-Jan-17 09:00:00, 10803.804111557667, 0.62777992347860434, null, null, 10803.804111557667, 0.62777992347860434
2100-Jan-17 10:00:00, 10822.563688593309, 0.62886999191323356, null, null, 10822.563688593309, 0.62886999191323356
2100-Jan-17 11:00:00, 10839.435470128605, 0.62985036564195052, null, null, 10839.435470128605, 0.62985036564195052
2100-Jan-17 12:00:00, 10853.821845972976, 0.63068631914809126, null, null, 10853.821845972976, 0.63068631914809126
2100-Jan-17 13:00:00, 10865.320778914793, 0.63135449113341791, null, null, 10865.320778914793, 0.63135449113341791
2100-Jan-17 14:00:00, 10873.755334212967, 0.63184460039724644, null, null, 10873.755334212967, 0.63184460039724644
2100-Jan-17 15:00:00, 10879.395111842841, 0.63217231266714324, null, null, 10879.395111842841, 0.63217231266714324
2100-Jan-17 16:00:00, 10882.977983942039, 0.63238050370328591, null, null, 10882.977983942039, 0.63238050370328591
2100-Jan-17 17:00:00, 10885.614577485701, 0.63253370904429296, null, null, 10885.614577485701, 0.63253370904429296
2100-Jan-17 18:00:00, 10888.331549907409, 0.63269158498515432, null, null, 10888.331549907409, 0.63269158498515432
2100-Jan-17 19:00:00, 10891.781446957333, 0.63289204919976305, null, null, 10891.781446957333, 0.63289204919976305
2100-Jan-17 20:00:00, 10896.323885987216, 0.63315599808268808, null, null, 10896.323885987216, 0.63315599808268808
2100-Jan-17 21:00:00, 10902.017264230215, 0.63348682493967456, null, null, 10902.017264230215, 0.63348682493967456
2100-Jan-17 22:00:00, 10908.794213947391, 0.63388061521307615, null, null, 10908.794213947391, 0.63388061521307615
2100-Jan-17 23:00:00, 10916.471215964059, 0.63432670509852795, null, null, 10916.471215964059, 0.63432670509852795
2100-Jan-18 00:00:00, 10924.814678906279, 0.63481152123119089, null, null, 10924.814678906279, 0.63481152123119089
2100-Jan-18 01:00:00, 10933.751184022278, 0.63533079744537979, null, null, 10933.751184022278, 0.63533079744537979
2100-Jan-18 02:00:00, 10943.276154055893, 0.63588426776908202, null, null, 10943.276154055893, 0.63588426776908202
2100-Jan-18 03:00:00, 10953.339028570685, 0.6364689942716768, null, null, 10953.339028570685, 0.6364689942716768
2100-Jan-18 04:00:00, 10963.898560724003, 0.63708258021036379, null, null, 10963.898560724003, 0.63708258021036379
2100-Jan-18 05:00:00, 10974.844298590275, 0.63771860752159149, null, null, 10974.844298590275, 0.63771860752159149
2100-Jan-18 06:00:00, 10986.0776510129, 0.63837134733910994, null, null, 10986.0776510129, 0.63837134733910994
2100-Jan-18 07:00:00, 10997.287999117341, 0.63902275043773205, null, null, 10997.287999117341, 0.63902275043773205
2100-Jan-18 08:00:00, 11008.062484534028, 0.63964882673091228, null, null, 11008.062484534028, 0.63964882673091228
2100-Jan-18 09:00:00, 11017.255842117678, 0.64018302794937021, null, null, 11017.255842117678, 0.64018302794937021
2100-Jan-18 10:00:00, 11023.813793275147, 0.64056409280701676, null, null, 11023.813793275147, 0.64056409280701676
2100-Jan-18 11:00:00, 11027.347731178295, 0.64076944040898265, null, null, 11027.347731178295, 0.64076944040898265
2100-Jan-18 12:00:00, 11027.962969447974, 0.64080519024578741, null, null, 11027.962969447974, 0.64080519024578741
2100-Jan-18 13:00:00, 11026.052683439222, 0.6406941886770795, null, null, 11026.052683439222, 0.6406941886770795
2100-Jan-18 14:00:00, 11021.992109801598, 0.64045823969270466, null, null, 11021.992109801598, 0.64045823969270466
2100-Jan-18 15:00:00, 11015.855759372645, 0.64010167291650732, null, null, 11015.855759372645, 0.64010167291650732
2100-Jan-18 16:00:00, 11007.328915305035, 0.63960620100115184, null, null, 11007.328915305035, 0.63960620100115184
2100-Jan-18 17:00:00, 10997.447801496519, 0.63903203612306436, null, null, 10997.447801496519, 0.63903203612306436
2100-Jan-18 18:00:00, 10988.124937599508, 0.63849030964196263, null, null, 10988.124937599508, 0.63849030964196263
2100-Jan-18 19:00:00, 10981.049479965026, 0.63807917387844026, null, null, 10981.049479965026, 0.63807917387844026
2100-Jan-18 20:00:00, 10977.308237629346, 0.63786178037491537, null, null, 10977.308237629346, 0.63786178037491537
2100-Jan-18 21:00:00, 10977.309917418317, 0.63786187798292282, null, null, 10977.309917418317, 0.63786187798292282
2100-Jan-18 22:00:00, 10980.993817491226, 0.63807593948218666, null, null, 10980.993817491226, 0.63807593948218666
2100-Jan-18 23:00:00, 10988.021990325309, 0.63848432765346563, null, null, 10988.021990325309, 0.63848432765346563
2100-Jan-19 00:00:00, 10998.040577528667, 0.63906648073981787, null, null, 10998.040577528667, 0.63906648073981787
2100-Jan-19 01:00:00, 11010.568419247164, 0.63979443983961082, null, null, 11010.568419247164, 0.63979443983961082
2100-Jan-19 02:00:00, 11025.153201777481, 0.64064192222325012, null, null, 11025.153201777481, 0.64064192222325012
2100-Jan-19 03:00:00, 11041.135293691459, 0.64157059848720166, null, null, 11041.135293691459, 0.64157059848720166
2100-Jan-19 04:00:00, 11057.716443664247, 0.64253408439953585, null, null, 11057.716443664247, 0.64253408439953585
2100-Jan-19 05:00:00, 11074.244107381082, 0.64349446236976715, null, null, 11074.244107381082, 0.64349446236976715
2100-Jan-19 06:00:00, 11090.342792073312, 0.64442991352565981, null, null, 11090.342792073312, 0.64442991352565981
2100-Jan-19 07:00:00, 11105.77819816764, 0.6453268233508197, null, null, 11105.77819816764, 0.6453268233508197
2100-Jan-19 08:00:00, 11119.652903542565, 0.64613304506574698, null, null, 11119.652903542565, 0.64613304506574698
2100-Jan-19 09:00:00, 11131.387466054595, 0.64681490885000203, null, null, 11131.387466054595, 0.64681490885000203
2100-Jan-19 10:00:00, 11140.797265765757, 0.64736168693683382, null, null, 11140.797265765757, 0.64736168693683382
2100-Jan-19 11:00:00, 11147.806220930031, 0.64776895842114235, null, null, 11147.806220930031, 0.64776895842114235
2100-Jan-19 12:00:00, 11150.749008916046, 0.64793995589551312, null, null, 11150.749008916046, 0.64793995589551312
2100-Jan-19 13:00:00, 11147.126198558837, 0.64772944415489464, null, null, 11147.126198558837, 0.64772944415489464
2100-Jan-19 14:00:00, 11135.649425837195, 0.64706255984020533, null, null, 11135.649425837195, 0.64706255984020533
2100-Jan-19 15:00:00, 11117.340906829266, 0.64599870117124736, null, null, 11117.340906829266, 0.64599870117124736
2100-Jan-19 16:00:00, 11095.118751717813, 0.64470743166179068, null, null, 11095.118751717813, 0.64470743166179068
2100-Jan-19 17:00:00, 11072.482866912616, 0.64339212143549029, null, null, 11072.482866912616, 0.64339212143549029
2100-Jan-19 18:00:00, 11052.325024590187, 0.64222080357559586, null, null, 11052.325024590187, 0.64222080357559586
2100-Jan-19 19:00:00, 11036.466891975595, 0.64129933025226415, null, null, 11036.466891975595, 0.64129933025226415
2100-Jan-19 20:00:00, 11025.827369750443, 0.64068109630620351, null, null, 11025.827369750443, 0.64068109630620351
2100-Jan-19 21:00:00, 11020.617885973017, 0.64037838725174578, null, null, 11020.617885973017, 0.64037838725174578
2100-Jan-19 22:00:00, 11020.541957630967, 0.64037397526053697, null, null, 11020.541957630967, 0.64037397526053697
2100-Jan-19 23:00:00, 11025.050288717661, 0.64063594222285847, null, null, 11025.050288717661, 0.64063594222285847
2100-Jan-20 00:00:00, 11033.436145923177, 0.64112322177184156, null, null, 11033.436145923177, 0.64112322177184156
2100-Jan-20 01:00:00, 11044.98402612186, 0.6417942379502739, null, null, 11044.98402612186, 0.6417942379502739
2100-Jan-20 02:00:00, 11059.199465620097, 0.64262025880628615, null, null, 11059.199465620097, 0.64262025880628615
2100-Jan-20 03:00:00, 11075.521054260091, 0.64356866230950249, null, null, 11075.521054260091, 0.64356866230950249
2100-Jan-20 04:00:00, 11093.205609368842, 0.64459626411885496, null, null, 11093.205609368842, 0.64459626411885496
2100-Jan-20 05:00:00, 11111.559501038762, 0.6456627592708496, null, null, 11111.559501038762, 0.6456627592708496
2100-Jan-20 06:00:00, 11130.084410429656, 0.64673919180144523, null, null, 11130.084410429656, 0.64673919180144523
2100-Jan-20 07:00:00, 11148.315116658941, 0.6477985289796655, null, null, 11148.315116658941, 0.6477985289796655
2100-Jan-20 08:00:00, 11165.694924031746, 0.64880842271986205, null, null, 11165.694924031746, 0.64880842271986205
2100-Jan-20 09:00:00, 11181.563327320499, 0.64973049284437345, null, null, 11181.563327320499, 0.64973049284437345
2100-Jan-20 10:00:00, 11194.53767818903, 0.6504843973868224, null, null, 11194.53767818903, 0.6504843973868224
2100-Jan-20 11:00:00, 11202.948510590781, 0.65097312817711073, null, null, 11202.948510590781, 0.65097312817711073
2100-Jan-20 12:00:00, 11204.992049813543, 0.65109187273075542, null, null, 11204.992049813543, 0.65109187273075542
2100-Jan-20 13:00:00, 11199.589186430208, 0.65077792690886416, null, null, 11199.589186430208, 0.65077792690886416
2100-Jan-20 14:00:00, 11187.178256864399, 0.65005676125899947, null, null, 11187.178256864399, 0.65005676125899947
2100-Jan-20 15:00:00, 11169.386470160745, 0.6490229285108271, null, null, 11169.386470160745, 0.6490229285108271
2100-Jan-20 16:00:00, 11148.323339924138, 0.64779900681143132, null, null, 11148.323339924138, 0.64779900681143132
2100-Jan-20 17:00:00, 11126.389017669617, 0.64652446249312334, null, null, 11126.389017669617, 0.64652446249312334
2100-Jan-20 18:00:00, 11106.047506330555, 0.64534247212195262, null, null, 11106.047506330555, 0.64534247212195262
2100-Jan-20 19:00:00, 11089.076173625714, 0.64435631374322211, null, null, 11089.076173625714, 0.64435631374322211
2100-Jan-20 20:00:00, 11076.626665454634, 0.643632906394636, null, null, 11076.626665454634, 0.643632906394636
2100-Jan-20 21:00:00, 11069.02160117118, 0.64319099661687451, null, null, 11069.02160117118, 0.64319099661687451
2100-Jan-20 22:00:00, 11065.771198430741, 0.64300212447863525, null, null, 11065.771198430741, 0.64300212447863525
2100-Jan-20 23:00:00, 11066.019040770183, 0.64301652592865077, null, null, 11066.019040770183, 0.64301652592865077
2100-Jan-21 00:00:00, 11068.878744819729, 0.64318269561951691, null, null, 11068.878744819729, 0.64318269561951691
2100-Jan-21 01:00:00, 11073.617558243512, 0.64345805528892985, null, null, 11073.617558243512, 0.64345805528892985
2100-Jan-21 02:00:00, 11079.814917021293, 0.64381816709576312, null, null, 11079.814917021293, 0.64381816709576312
2100-Jan-21 03:00:00, 11087.440823466499, 0.64426128795534121, null, null, 11087.440823466499, 0.64426128795534121
2100-Jan-21 04:00:00, 11096.749795415581, 0.64480220721280967, null, null, 11096.749795415581, 0.64480220721280967
2100-Jan-21 05:00:00, 11107.928709898233, 0.64545178378843326, null, null, 11107.928709898233, 0.64545178378843326
2100-Jan-21 06:00:00, 11120.957755383875, 0.64620886648759335, null, null, 11120.957755383875, 0.64620886648759335
2100-Jan-21 07:00:00, 11135.556831047217, 0.64705717940664997, null, null, 11135.556831047217, 0.64705717940664997
2100-Jan-21 08:00:00, 11150.778036659631, 0.64794164261941689, null, null, 11150.778036659631, 0.64794164261941689
2100-Jan-21 09:00:00, 11164.657189464991, 0.64874812276253391, null, null, 11164.657189464991, 0.64874812276253391
2100-Jan-21 10:00:00, 11174.510896415659, 0.64932069510201695, null, null, 11174.510896415659, 0.64932069510201695
2100-Jan-21 11:00:00, 11177.287982646087, 0.64948206409420062, null, null, 11177.287982646087, 0.64948206409420062
2100-Jan-21 12:00:00, 11171.124913347543, 0.64912394475654123, null, null, 11171.124913347543, 0.64912394475654123
2100-Jan-21 13:00:00, 11155.892104198287, 0.64823880729353833, null, null, 11155.892104198287, 0.64823880729353833
2100-Jan-21 14:00:00, 11132.293596493806, 0.64686756164636117, null, null, 11132.293596493806, 0.64686756164636117
2100-Jan-21 15:00:00, 11102.117296897362, 0.64511409824995825, null, null, 11102.117296897362, 0.64511409824995825
2100-Jan-21 16:00:00, 11067.775626080342, 0.64311859636423141, null, null, 11067.775626080342, 0.64311859636423141
2100-Jan-21 17:00:00, 11032.678667447039, 0.64107920674020302, null, null, 11032.678667447039, 0.64107920674020302
2100-Jan-21 18:00:00, 11000.421625464231, 0.63920483701464026, null, null, 11000.421625464231, 0.63920483701464026
2100-Jan-21 19:00:00, 10973.678364883472, 0.63765085825793577, null, null, 10973.678364883472, 0.63765085825793577
2100-Jan-21 20:00:00, 10953.817681721928, 0.6364968075155637, null, null, 10953.817681721928, 0.6364968075155637
2100-Jan-21 21:00:00, 10941.101136333218, 0.63575788335435124, null, null, 10941.101136333218, 0.63575788335435124
2100-Jan-21 22:00:00, 10935.152551027222, 0.63541222710312306, null, null, 10935.152551027222, 0.63541222710312306
2100-Jan-21 23:00:00, 10935.231602182121, 0.63541682055256554, null, null, 10935.231602182121, 0.63541682055256554
2100-Jan-22 00:00:00, 10940.40740221645, 0.63571757233554316, null, null, 10940.40740221645, 0.63571757233554316
2100-Jan-22 01:00:00, 10949.671066102157, 0.63625585886362634, null, null, 10949.671066102157, 0.63625585886362634
2100-Jan-22 02:00:00, 10962.249183855625, 0.63698673936823758, null, null, 10962.249183855625, 0.63698673936823758
2100-Jan-22 03:00:00, 10977.666190968637, 0.63788258007820775, null, null, 10977.666190968637, 0.63788258007820775
2100-Jan-22 04:00:00, 10995.612284259669, 0.63892537916607084, null, null, 10995.612284259669, 0.63892537916607084
2100-Jan-22 05:00:00, 11015.82040986525, 0.64009961885195565, null, null, 11015.82040986525, 0.64009961885195565
2100-Jan-22 06:00:00, 11037.971473792284, 0.64138675744438978, null, null, 11037.971473792284, 0.64138675744438978
2100-Jan-22 07:00:00, 11061.592381405535, 0.64275930468986209, null, null, 11061.592381405535, 0.64275930468986209
2100-Jan-22 08:00:00, 11085.591200163686, 0.64415381133289284, null, null, 11085.591200163686, 0.64415381133289284
2100-Jan-22 09:00:00, 11108.346515236504, 0.64547606132998991, null, null, 11108.346515236504, 0.64547606132998991
2100-Jan-22 10:00:00, 11127.809860932774, 0.64660702386371172, null, null, 11127.809860932774, 0.64660702386371172
2100-Jan-22 11:00:00, 11141.456167491582, 0.6473999739393328, null, null, 11141.456167491582, 0.6473999739393328
2100-Jan-22 12:00:00, 11146.517446820772, 0.64769407123295031, null, null, 11146.517446820772, 0.64769407123295031
2100-Jan-22 13:00:00, 11141.095433594397, 0.64737901266531928, null, null, 11141.095433594397, 0.64737901266531928
2100-Jan-22 14:00:00, 11124.694520743224, 0.64642599984609628, null, null, 11124.694520743224, 0.64642599984609628
2100-Jan-22 15:00:00, 11098.570047141722, 0.64490797713214076, null, null, 11098.570047141722, 0.64490797713214076
2100-Jan-22 16:00:00, 11065.614577568243, 0.64299302366265798, null, null, 11065.614577568243, 0.64299302366265798
2100-Jan-22 17:00:00, 11030.220632416545, 0.64093637695289685, null, null, 11030.220632416545, 0.64093637695289685
2100-Jan-22 18:00:00, 10996.727347741215, 0.63899017249811296, null, null, 10996.727347741215, 0.63899017249811296
2100-Jan-22 19:00:00, 10968.244159567661, 0.63733509124086474, null, null, 10968.244159567661, 0.63733509124086474
2100-Jan-22 20:00:00, 10946.053378815717, 0.63604564481083525, null, null, 10946.053378815717, 0.63604564481083525
2100-Jan-22 21:00:00, 10930.30977868306, 0.63513082666118148, null, null, 10930.30977868306, 0.63513082666118148
2100-Jan-22 22:00:00, 10920.682166444241, 0.634571392075719, null, null, 10920.682166444241, 0.634571392075719
2100-Jan-22 23:00:00, 10916.570779313248, 0.63433249045626772, null, null, 10916.570779313248, 0.63433249045626772
2100-Jan-23 00:00:00, 10917.233926888024, 0.63437102417359992, null, null, 10917.233926888024, 0.63437102417359992
2100-Jan-23 01:00:00, 10922.052144338511, 0.63465099779688461, null, null, 10922.052144338511, 0.63465099779688461
2100-Jan-23 02:00:00, 10930.569413493968, 0.63514591333991433, null, null, 10930.569413493968, 0.63514591333991433
2100-Jan-23 03:00:00, 10942.435921556886, 0.63583544412432835, null, null, 10942.435921556886, 0.63583544412432835
2100-Jan-23 04:00:00, 10957.121085233037, 0.63668875938566505, null, null, 10957.121085233037, 0.63668875938566505
2100-Jan-23 05:00:00, 10974.247732076885, 0.63768394265019446, null, null, 10974.247732076885, 0.63768394265019446
2100-Jan-23 06:00:00, 10993.511272577018, 0.63880329504276179, null, null, 10993.511272577018, 0.63880329504276179
2100-Jan-23 07:00:00, 11014.389685463893, 0.64001648331507188, null, null, 11014.389685463893, 0.64001648331507188
2100-Jan-23 08:00:00, 11034.655781571128, 0.64119409151048512, null, null, 11034.655781571128, 0.64119409151048512
2100-Jan-23 09:00:00, 11051.797739794887, 0.64219016447801258, null, null, 11051.797739794887, 0.64219016447801258
2100-Jan-23 10:00:00, 11063.439857395872, 0.64286665653777297, null, null, 11063.439857395872, 0.64286665653777297
2100-Jan-23 11:00:00, 11066.951130965577, 0.64307068717643878, null, null, 11066.951130965577, 0.64307068717643878
2100-Jan-23 12:00:00, 11060.043830015977, 0.6426693225444251, null, null, 11060.043830015977, 0.6426693225444251
2100-Jan-23 13:00:00, 11041.306833681041, 0.64158056621342296, null, null, 11041.306833681041, 0.64158056621342296
2100-Jan-23 14:00:00, 11010.886932974017, 0.63981294781337694, null, null, 11010.886932974017, 0.63981294781337694
2100-Jan-23 15:00:00, 10971.195030855633, 0.63750655841411508, null, null, 10971.195030855633, 0.63750655841411508
2100-Jan-23 16:00:00, 10926.629097279125, 0.63491695219009225, null, null, 10926.629097279125, 0.63491695219009225
2100-Jan-23 17:00:00, 10882.051320261071, 0.63232665777561814, null, null, 10882.051320261071, 0.63232665777561814
2100-Jan-23 18:00:00, 10841.336034415441, 0.62996080230761353, null, null, 10841.336034415441, 0.62996080230761353
2100-Jan-23 19:00:00, 10807.004519759492, 0.62796589056901952, null, null, 10807.004519759492, 0.62796589056901952
2100-Jan-23 20:00:00, 10780.293706487246, 0.62641379723791557, null, null, 10780.293706487246, 0.62641379723791557
2100-Jan-23 21:00:00, 10761.453321318782, 0.62531903326059468, null, null, 10761.453321318782, 0.62531903326059468
2100-Jan-23 22:00:00, 10750.139244332531, 0.62466160275636495, null, null, 10750.139244332531, 0.62466160275636495
2100-Jan-23 23:00:00, 10745.59769629509, 0.62439770564660813, null, null, 10745.59769629509, 0.62439770564660813
2100-Jan-24 00:00:00, 10746.876920986384, 0.62447203794387307, null, null, 10746.876920986384, 0.62447203794387307
2100-Jan-24 01:00:00, 10753.039508191827, 0.62483012926840242, null, null, 10753.039508191827, 0.62483012926840242
2100-Jan-24 02:00:00, 10763.201180708304, 0.62542059665645733, null, null, 10763.201180708304, 0.62542059665645733
2100-Jan-24 03:00:00, 10776.782428695689, 0.62620976635392933, null, null, 10776.782428695689, 0.62620976635392933
2100-Jan-24 04:00:00, 10793.40927781816, 0.62717590772061971, null, null, 10793.40927781816, 0.62717590772061971
2100-Jan-24 05:00:00, 10812.69661364933, 0.62829664279570729, null, null, 10812.69661364933, 0.62829664279570729
2100-Jan-24 06:00:00, 10834.236209366842, 0.62954825061936581, null, null, 10834.236209366842, 0.62954825061936581
2100-Jan-24 07:00:00, 10857.609173051515, 0.6309063905117519, null, null, 10857.609173051515, 0.6309063905117519
2100-Jan-24 08:00:00, 10881.770620551019, 0.6323103470723993, null, null, 10881.770620551019, 0.6323103470723993
2100-Jan-24 09:00:00, 10904.682440136217, 0.63364169112468227, null, null, 10904.682440136217, 0.63364169112468227
2100-Jan-24 10:00:00, 10923.417181468096, 0.6347303164235375, null, null, 10923.417181468096, 0.6347303164235375
2100-Jan-24 11:00:00, 10935.249202163932, 0.63541784324004869, null, null, 10935.249202163932, 0.63541784324004869
2100-Jan-24 12:00:00, 10938.237247913408, 0.63559147052101261, null, null, 10938.237247913408, 0.63559147052101261
2100-Jan-24 13:00:00, 10932.342286204523, 0.63524893019241158, null, null, 10932.342286204523, 0.63524893019241158
2100-Jan-24 14:00:00, 10918.959445101757, 0.63447128938398256, null, null, 10918.959445101757, 0.63447128938398256
2100-Jan-24 15:00:00, 10900.273567812907, 0.63338550344290134, null, null, 10900.273567812907, 0.63338550344290134
2100-Jan-24 16:00:00, 10878.778766452841, 0.63213649849856191, null, null, 10878.778766452841, 0.63213649849856191
2100-Jan-24 17:00:00, 10856.984458720257, 0.6308700900465618, null, null, 10856.984458720257, 0.6308700900465618
2100-Jan-24 18:00:00, 10836.89912978521, 0.62970298574406913, null, null, 10836.89912978521, 0.62970298574406913
2100-Jan-24 19:00:00, 10819.926855401127, 0.62871677264689729, null, null, 10819.926855401127, 0.62871677264689729
2100-Jan-24 20:00:00, 10806.864274958094, 0.62795774132179327, null, null, 10806.864274958094, 0.62795774132179327
2100-Jan-24 21:00:00, 10798.331310729087, 0.62746191378036265, null, null, 10798.331310729087, 0.62746191378036265
2100-Jan-24 22:00:00, 10794.723794967716, 0.62725229076746492, null, null, 10794.723794967716, 0.62725229076746492
2100-Jan-24 23:00:00, 10796.222024407047, 0.62733934884007192, null, null, 10796.222024407047, 0.62733934884007192
2100-Jan-25 00:00:00, 10802.703166588355, 0.62771595053523621, null, null, 10802.703166588355, 0.62771595053523621
2100-Jan-25 01:00:00, 10813.764981272987, 0.62835872275736715, null, null, 10813.764981272987, 0.62835872275736715
2100-Jan-25 02:00:00, 10828.84881073103, 0.62923520341225092, null, null, 10828.84881073103, 0.62923520341225092
2100-Jan-25 03:00:00, 10847.222051119537, 0.63030282286610717, null, null, 10847.222051119537, 0.63030282286610717
2100-Jan-25 04:00:00, 10868.200918434412, 0.63152184827434377, null, null, 10868.200918434412, 0.63152184827434377
2100-Jan-25 05:00:00, 10891.200154235528, 0.63285827184720789, null, null, 10891.200154235528, 0.63285827184720789
2100-Jan-25 06:00:00, 10915.782785573962, 0.63428670226497474, null, null, 10915.782785573962, 0.63428670226497474
2100-Jan-25 07:00:00, 10941.416459685512, 0.63577620594405471, null, null, 10941.416459685512, 0.63577620594405471
2100-Jan-25 08:00:00, 10967.148235364713, 0.6372714100406911, null, null, 10967.148235364713, 0.6372714100406911
2100-Jan-25 09:00:00, 10991.341737896038, 0.63867722923279835, null, null, 10991.341737896038, 0.63867722923279835
2100-Jan-25 10:00:00, 11011.370561689801, 0.63984105017390214, null, null, 11011.370561689801, 0.63984105017390214
2100-Jan-25 11:00:00, 11024.287652244524, 0.64059162747392329, null, null, 11024.287652244524, 0.64059162747392329
2100-Jan-25 12:00:00, 11028.07928278795, 0.640811948900324, null, null, 11028.07928278795, 0.640811948900324
2100-Jan-25 13:00:00, 11021.984083961026, 0.64045777333275145, null, null, 11021.984083961026, 0.64045777333275145
2100-Jan-25 14:00:00, 11006.951415778321, 0.63958426552161651, null, null, 11006.951415778321, 0.63958426552161651
2100-Jan-25 15:00:00, 10985.000213870546, 0.63830874037217544, null, null, 10985.000213870546, 0.63830874037217544
2100-Jan-25 16:00:00, 10958.758324350791, 0.63678389493583298, null, null, 10958.758324350791, 0.63678389493583298
2100-Jan-25 17:00:00, 10931.5211621812, 0.63520121688965214, null, null, 10931.5211621812, 0.63520121688965214
2100-Jan-25 18:00:00, 10906.45539382594, 0.63374471268266053, null, null, 10906.45539382594, 0.63374471268266053
2100-Jan-25 19:00:00, 10885.855645998317, 0.63254771688549782, null, null, 10885.855645998317, 0.63254771688549782
2100-Jan-25 20:00:00, 10870.885467507593, 0.63167784018185469, null, null, 10870.885467507593, 0.63167784018185469
2100-Jan-25 21:00:00, 10861.807166786819, 0.63115032460743714, null, null, 10861.807166786819, 0.63115032460743714
2100-Jan-25 22:00:00, 10858.370383668973, 0.63095062240805855, null, null, 10858.370383668973, 0.63095062240805855
2100-Jan-25 23:00:00, 10860.076054534347, 0.6310497343425483, null, null, 10860.076054534347, 0.6310497343425483
2100-Jan-26 00:00:00, 10866.480286834474, 0.63142186701191161, null, null, 10866.480286834474, 0.63142186701191161
2100-Jan-26 01:00:00, 10877.0163437099, 0.6320340888655035, null, null, 10877.0163437099, 0.6320340888655035
2100-Jan-26 02:00:00, 10891.224788127391, 0.63285970325623642, null, null, 10891.224788127391, 0.63285970325623642
2100-Jan-26 03:00:00, 10908.609159791968, 0.63386986221511987, null, null, 10908.609159791968, 0.63386986221511987
2100-Jan-26 04:00:00, 10928.907648742206, 0.63504935267128981, null, null, 10928.907648742206, 0.63504935267128981
2100-Jan-26 05:00:00, 10951.798650363145, 0.63637948704780711, null, null, 10951.798650363145, 0.63637948704780711
2100-Jan-26 06:00:00, 10976.767240883908, 0.63783034451288512, null, null, 10976.767240883908, 0.63783034451288512
2100-Jan-26 07:00:00, 11003.185230069517, 0.63936542262594143, null, null, 11003.185230069517, 0.63936542262594143
2100-Jan-26 08:00:00, 11029.819928275892, 0.64091309311581879, null, null, 11029.819928275892, 0.64091309311581879
2100-Jan-26 09:00:00, 11054.174503773196, 0.64232827182363106, null, null, 11054.174503773196, 0.64232827182363106
2100-Jan-26 10:00:00, 11072.859049200919, 0.64341398037385367, null, null, 11072.859049200919, 0.64341398037385367
2100-Jan-26 11:00:00, 11081.424606630853, 0.64391170181829971, null, null, 11081.424606630853, 0.64391170181829971
2100-Jan-26 12:00:00, 11078.134151877994, 0.64372050236562262, null, null, 11078.134151877994, 0.64372050236562262
2100-Jan-26 13:00:00, 11063.821071636077, 0.64288880786929226, null, null, 11063.821071636077, 0.64288880786929226
2100-Jan-26 14:00:00, 11040.609003460851, 0.64154001718109066, null, null, 11040.609003460851, 0.64154001718109066
2100-Jan-26 15:00:00, 11011.000531997995, 0.63981954874633018, null, null, 11011.000531997995, 0.63981954874633018
2100-Jan-26 16:00:00, 10978.029937724854, 0.63790371642133514, null, null, 10978.029937724854, 0.63790371642133514
2100-Jan-26 17:00:00, 10945.103352518512, 0.63599044134453731, null, null, 10945.103352518512, 0.63599044134453731
2100-Jan-26 18:00:00, 10915.337660938254, 0.63426083727271299, null, null, 10915.337660938254, 0.63426083727271299
2100-Jan-26 19:00:00, 10890.819593367407, 0.63283615848137842, null, null, 10890.819593367407, 0.63283615848137842
2100-Jan-26 20:00:00, 10872.502602519218, 0.63177180753662809, null, null, 10872.502602519218, 0.63177180753662809
2100-Jan-26 21:00:00, 10860.626966025353, 0.6310817463237075, null, null, 10860.626966025353, 0.6310817463237075
2100-Jan-26 22:00:00, 10854.989616001842, 0.63075417511547016, null, null, 10854.989616001842, 0.63075417511547016
2100-Jan-26 23:00:00, 10854.924555377806, 0.63075039461804938, null, null, 10854.924555377806, 0.63075039461804938
2100-Jan-27 00:00:00, 10859.547817446452, 0.63101903990981012, null, null, 10859.547817446452, 0.63101903990981012
2100-Jan-27 01:00:00, 10868.03438442991, 0.63151217143241634, null, null, 10868.03438442991, 0.63151217143241634
2100-Jan-27 02:00:00, 10879.597839910466, 0.63218409264847819, null, null, 10879.597839910466, 0.63218409264847819
2100-Jan-27 03:00:00, 10893.807490697051, 0.63300977713806617, null, null, 10893.807490697051, 0.63300977713806617
2100-Jan-27 04:00:00, 10910.421645709917, 0.63397518088427818, null, null, 10910.421645709917, 0.63397518088427818
2100-Jan-27 05:00:00, 10929.229087093916, 0.6350680305871198, null, null, 10929.229087093916, 0.6350680305871198
2100-Jan-27 06:00:00, 10950.067616093846, 0.63627890131431009, null, null, 10950.067616093846, 0.63627890131431009
2100-Jan-27 07:00:00, 10972.678260523438, 0.63759274489044704, null, null, 10972.678260523438, 0.63759274489044704
2100-Jan-27 08:00:00, 10996.058187039858, 0.63895128937421009, null, null, 10996.058187039858, 0.63895128937421009
2100-Jan-27 09:00:00, 11016.471326365634, 0.64013744185453725, null, null, 11016.471326365634, 0.64013744185453725
2100-Jan-27 10:00:00, 11029.21003469495, 0.64087765384446393, null, null, 11029.21003469495, 0.64087765384446393
2100-Jan-27 11:00:00, 11031.565519869266, 0.64101452473616272, null, null, 11031.565519869266, 0.64101452473616272
2100-Jan-27 12:00:00, 11022.832542700138, 0.64050707498213477, null, null, 11022.832542700138, 0.64050707498213477
2100-Jan-27 13:00:00, 11004.713629209265, 0.63945423377848443, null, null, 11004.713629209265, 0.63945423377848443
2100-Jan-27 14:00:00, 10979.960008538559, 0.63801586763170737, null, null, 10979.960008538559, 0.63801586763170737
2100-Jan-27 15:00:00, 10951.647854299039, 0.63637072469515732, null, null, 10951.647854299039, 0.63637072469515732
2100-Jan-27 16:00:00, 10922.571564130829, 0.63468117988035322, null, null, 10922.571564130829, 0.63468117988035322
2100-Jan-27 17:00:00, 10895.19080629263, 0.63309015787708856, null, null, 10895.19080629263, 0.63309015787708856
2100-Jan-27 18:00:00, 10871.650627121538, 0.63172230154369835, null, null, 10871.650627121538, 0.63172230154369835
2100-Jan-27 19:00:00, 10853.460168422018, 0.63066530304090163, null, null, 10853.460168422018, 0.63066530304090163
2100-Jan-27 20:00:00, 10841.403520470363, 0.62996472374028278, null, null, 10841.403520470363, 0.62996472374028278
2100-Jan-27 21:00:00, 10835.562822205018, 0.62962533651405961, null, null, 10835.562822205018, 0.62962533651405961
2100-Jan-27 22:00:00, 10835.484267757054, 0.62962077192691768, null, null, 10835.484267757054, 0.62962077192691768
2100-Jan-27 23:00:00, 10840.392328782333, 0.62990596611806204, null, null, 10840.392328782333, 0.62990596611806204
2100-Jan-28 00:00:00, 10849.654864194597, 0.6304441870735964, null, null, 10849.654864194597, 0.6304441870735964
2100-Jan-28 01:00:00, 10862.756174610486, 0.63120546889298423, null, null, 10862.756174610486, 0.63120546889298423
2100-Jan-28 02:00:00, 10879.162337692993, 0.63215878678899229, null, null, 10879.162337692993, 0.63215878678899229
2100-Jan-28 03:00:00, 10898.365735953514, 0.63327464447819481, null, null, 10898.365735953514, 0.63327464447819481
2100-Jan-28 04:00:00, 10919.836120108224, 0.63452223060457424, null, null, 10919.836120108224, 0.63452223060457424
2100-Jan-28 05:00:00, 10943.125973160959, 0.63587554116225387, null, null, 10943.125973160959, 0.63587554116225387
2100-Jan-28 06:00:00, 10967.681517540797, 0.63730239762989926, null, null, 10967.681517540797, 0.63730239762989926
2100-Jan-28 07:00:00, 10993.071117120669, 0.63877771879611267, null, null, 10993.071117120669, 0.63877771879611267
2100-Jan-28 08:00:00, 11018.496076030002, 0.64025509459761143, null, null, 11018.496076030002, 0.64025509459761143
2100-Jan-28 09:00:00, 11042.659870927231, 0.6416591875592107, null, null, 11042.659870927231, 0.6416591875592107
2100-Jan-28 10:00:00, 11064.194892996864, 0.6429105296205242, null, null, 11064.194892996864, 0.6429105296205242
2100-Jan-28 11:00:00, 11082.004440791034, 0.64394539441777199, null, null, 11082.004440791034, 0.64394539441777199
2100-Jan-28 12:00:00, 11095.382027074751, 0.6447227298828363, null, null, 11095.382027074751, 0.6447227298828363
2100-Jan-28 13:00:00, 11103.716985559917, 0.64520705184443283, null, null, 11103.716985559917, 0.64520705184443283
2100-Jan-28 14:00:00, 11106.597640686381, 0.6453744389458822, null, null, 11106.597640686381, 0.6453744389458822
2100-Jan-28 15:00:00, 11104.705906743375, 0.64526451538768737, null, null, 11104.705906743375, 0.64526451538768737
2100-Jan-28 16:00:00, 11099.511821466553, 0.64496270109857623, null, null, 11099.511821466553, 0.64496270109857623
2100-Jan-28 17:00:00, 11092.648865444575, 0.64456391323072659, null, null, 11092.648865444575, 0.64456391323072659
2100-Jan-28 18:00:00, 11085.683342627317, 0.6441591654829838, null, null, 11085.683342627317, 0.6441591654829838
2100-Jan-28 19:00:00, 11079.705634707931, 0.64381181699522338, null, null, 11079.705634707931, 0.64381181699522338
2100-Jan-28 20:00:00, 11075.406290858355, 0.64356199371769762, null, null, 11075.406290858355, 0.64356199371769762
2100-Jan-28 21:00:00, 11073.12816614449, 0.64342961803374621, null, null, 11073.12816614449, 0.64342961803374621
2100-Jan-28 22:00:00, 11072.966615581929, 0.64342023076619159, null, null, 11072.966615581929, 0.64342023076619159
2100-Jan-28 23:00:00, 11074.943663521481, 0.64353511169066879, null, null, 11074.943663521481, 0.64353511169066879
2100-Jan-29 00:00:00, 11079.019708238184, 0.64377195965772971, null, null, 11079.019708238184, 0.64377195965772971
2100-Jan-29 01:00:00, 11085.221335218657, 0.64413231947831173, null, null, 11085.221335218657, 0.64413231947831173
2100-Jan-29 02:00:00, 11093.462292751066, 0.6446111792980258, null, null, 11093.462292751066, 0.6446111792980258
2100-Jan-29 03:00:00, 11103.832954794221, 0.64521379050391658, null, null, 11103.832954794221, 0.64521379050391658
2100-Jan-29 04:00:00, 11116.34401428916, 0.64594077443395348, null, null, 11116.34401428916, 0.64594077443395348
2100-Jan-29 05:00:00, 11130.701940154531, 0.64677507478853247, null, null, 11130.701940154531, 0.64677507478853247
2100-Jan-29 06:00:00, 11146.232890946985, 0.64767753645845538, null, null, 11146.232890946985, 0.64767753645845538
2100-Jan-29 07:00:00, 11162.457296819493, 0.64862029293311541, null, null, 11162.457296819493, 0.64862029293311541
2100-Jan-29 08:00:00, 11178.89025369503, 0.64957516774418456, null, null, 11178.89025369503, 0.64957516774418456
2100-Jan-29 09:00:00, 11194.25593899114, 0.65046802628176847, null, null, 11194.25593899114, 0.65046802628176847
2100-Jan-29 10:00:00, 11206.354962817466, 0.65117106793019408, null, null, 11206.354962817466, 0.65117106793019408
2100-Jan-29 11:00:00, 11212.390194996435, 0.65152175899755937, null, null, 11212.390194996435, 0.65152175899755937
2100-Jan-29 12:00:00, 11210.53596829731, 0.65141401488416484, null, null, 11210.53596829731, 0.65141401488416484
2100-Jan-29 13:00:00, 11199.755786963449, 0.65078760761659726, null, null, 11199.755786963449, 0.65078760761659726
2100-Jan-29 14:00:00, 11180.474983968943, 0.6496672521470318, null, null, 11180.474983968943, 0.6496672521470318
2100-Jan-29 15:00:00, 11155.61340626361, 0.64822261290808869, null, null, 11155.61340626361, 0.64822261290808869
2100-Jan-29 16:00:00, 11127.948914171437, 0.6466151038724407, null, null, 11127.948914171437, 0.6466151038724407
2100-Jan-29 17:00:00, 11099.974222626188, 0.64498956998305579, null, null, 11099.974222626188, 0.64498956998305579
2100-Jan-29 18:00:00, 11074.217834259267, 0.64349293570950639, null, null, 11074.217834259267, 0.64349293570950639
2100-Jan-29 19:00:00, 11052.8016282972, 0.64224849773180503, null, null, 11052.8016282972, 0.64224849773180503
2100-Jan-29 20:00:00, 11036.972088824406, 0.64132868587883918, null, null, 11036.972088824406, 0.64132868587883918
2100-Jan-29 21:00:00, 11027.14610134465, 0.64075772424306265, null, null, 11027.14610134465, 0.64075772424306265
2100-Jan-29 22:00:00, 11023.06788979932, 0.64052075036743328, null, null, 11023.06788979932, 0.64052075036743328
2100-Jan-29 23:00:00, 11024.03550235293, 0.64057697572366801, null, null, 11024.03550235293, 0.64057697572366801
2100-Jan-30 00:00:00, 11029.285355362486, 0.64088203052534543, null, null, 11029.285355362486, 0.64088203052534543
2100-Jan-30 01:00:00, 11038.198796648161, 0.64139996656254794, null, null, 11038.198796648161, 0.64139996656254794
2100-Jan-30 02:00:00, 11050.150987799101, 0.64209447616015458, null, null, 11050.150987799101, 0.64209447616015458
2100-Jan-30 03:00:00, 11064.719947159672, 0.64294103910206846, null, null, 11064.719947159672, 0.64294103910206846
2100-Jan-30 04:00:00, 11081.74828734334, 0.64393051003166768, null, null, 11081.74828734334, 0.64393051003166768
2100-Jan-30 05:00:00, 11101.077301809541, 0.64505366693984667, null, null, 11101.077301809541, 0.64505366693984667
2100-Jan-30 06:00:00, 11122.542060125425, 0.64630092616390244, null, null, 11122.542060125425, 0.64630092616390244
2100-Jan-30 07:00:00, 11145.600328645054, 0.64764077996885216, null, null, 11145.600328645054, 0.64764077996885216
2100-Jan-30 08:00:00, 11169.177897610805, 0.64901080892238505, null, null, 11169.177897610805, 0.64901080892238505
2100-Jan-30 09:00:00, 11191.019795967963, 0.65027998273724663, null, null, 11191.019795967963, 0.65027998273724663
2100-Jan-30 10:00:00, 11207.972586327678, 0.65126506367030301, null, null, 11207.972586327678, 0.65126506367030301
2100-Jan-30 11:00:00, 11217.241480660263, 0.65180365412554986, null, null, 11217.241480660263, 0.65180365412554986
2100-Jan-30 12:00:00, 11217.767376849415, 0.65183421253497442, null, null, 11217.767376849415, 0.65183421253497442
2100-Jan-30 13:00:00, 11210.270357355699, 0.65139858094859193, null, null, 11210.270357355699, 0.65139858094859193
2100-Jan-30 14:00:00, 11196.350428559612, 0.65058973142261001, null, null, 11196.350428559612, 0.65058973142261001
2100-Jan-30 15:00:00, 11177.887331061203, 0.64951689061440532, null, null, 11177.887331061203, 0.64951689061440532
2100-Jan-30 16:00:00, 11157.055316908287, 0.64830639844740712, null, null, 11157.055316908287, 0.64830639844740712
2100-Jan-30 17:00:00, 11135.71183828675, 0.6470661864593481, null, null, 11135.71183828675, 0.6470661864593481
2100-Jan-30 18:00:00, 11115.205941952216, 0.64587464411936968, null, null, 11115.205941952216, 0.64587464411936968
2100-Jan-30 19:00:00, 11096.513539557793, 0.64478847902199909, null, null, 11096.513539557793, 0.64478847902199909
2100-Jan-30 20:00:00, 11080.354343356788, 0.64384951170550642, null, null, 11080.354343356788, 0.64384951170550642
2100-Jan-30 21:00:00, 11067.245219268196, 0.64308777585466803, null, null, 11067.245219268196, 0.64308777585466803
2100-Jan-30 22:00:00, 11057.608244423889, 0.64252779723344777, null, null, 11057.608244423889, 0.64252779723344777
2100-Jan-30 23:00:00, 11051.582650437673, 0.64217766621547301, null, null, 11051.582650437673, 0.64217766621547301
2100-Jan-31 00:00:00, 11049.158184019825, 0.64203678700972688, null, null, 11049.158184019825, 0.64203678700972688
2100-Jan-31 01:00:00, 11050.254596473582, 0.64210049658083834, null, null, 11050.254596473582, 0.64210049658083834
2100-Jan-31 02:00:00, 11054.833141162249, 0.64236654346623312, null, null, 11054.833141162249, 0.64236654346623312
2100-Jan-31 03:00:00, 11062.742799910875, 0.64282615240699892, null, null, 11062.742799910875, 0.64282615240699892
2100-Jan-31 04:00:00, 11073.588451613556, 0.6434563639811518, null, null, 11073.588451613556, 0.6434563639811518
2100-Jan-31 05:00:00, 11086.920534842009, 0.64423105538637782, null, null, 11086.920534842009, 0.64423105538637782
2100-Jan-31 06:00:00, 11102.545623736967, 0.64513898716758533, null, null, 11102.545623736967, 0.64513898716758533
2100-Jan-31 07:00:00, 11120.419172316073, 0.64617757087786176, null, null, 11120.419172316073, 0.64617757087786176
2100-Jan-31 08:00:00, 11140.169408923291, 0.64732520386879133, null, null, 11140.169408923291, 0.64732520386879133
2100-Jan-31 09:00:00, 11160.999482042478, 0.64853558324755367, null, null, 11160.999482042478, 0.64853558324755367
2100-Jan-31 10:00:00, 11181.603341973994, 0.64973281798798499, null, null, 11181.603341973994, 0.64973281798798499
2100-Jan-31 11:00:00, 11200.400792760624, 0.65082508716415399, null, null, 11200.400792760624, 0.65082508716415399
2100-Jan-31 12:00:00, 11216.235308205549, 0.6517451881574422, null, null, 11216.235308205549, 0.6517451881574422
2100-Jan-31 13:00:00, 11228.335490333178, 0.6524482971116331, null, null, 11228.335490333178, 0.6524482971116331
2100-Jan-31 14:00:00, 11236.458636258312, 0.65292031121653815, null, null, 11236.458636258312, 0.65292031121653815
2100-Jan-31 15:00:00, 11241.278405043036, 0.65320037498367201, null, null, 11241.278405043036, 0.65320037498367201
2100-Jan-31 16:00:00, 11243.736075897832, 0.65334318360971033, null, null, 11243.736075897832, 0.65334318360971033
2100-Jan-31 17:00:00, 11245.022493681237, 0.65341793387816105, null, null, 11245.022493681237, 0.65341793387816105
2100-Jan-31 18:00:00, 11246.446534354758, 0.65350068104164372, null, null, 11246.446534354758, 0.65350068104164372
2100-Jan-31 19:00:00, 11249.138390816846, 0.65365709756181889, null, null, 11249.138390816846, 0.65365709756181889
2100-Jan-31 20:00:00, 11253.796115227711, 0.65392774536735521, null, null, 11253.796115227711, 0.65392774536735521
2100-Jan-31 21:00:00, 11260.631572117331, 0.65432493533477754, null, null, 11260.631572117331, 0.65432493533477754
2100-Jan-31 22:00:00, 11269.595081244539, 0.65484578067923904, null, null, 11269.595081244539, 0.65484578067923904
2100-Jan-31 23:00:00, 11280.565119664996, 0.65548322003014181, null, null, 11280.565119664996, 0.65548322003014181
2100-Feb-01 00:00:00, 11293.429217262265, 0.65623071805230559, null, null, 11293.429217262265, 0.65623071805230559
2100-Feb-01 01:00:00, 11308.097707747225, 0.65708306447946307, null, null, 11308.097707747225, 0.65708306447946307
2100-Feb-01 02:00:00, 11324.494296790463, 0.65803582605386646, null, null, 11324.494296790463, 0.65803582605386646
2100-Feb-01 03:00:00, 11342.536961848366, 0.65908423666668781, null, null, 11342.536961848366, 0.65908423666668781
2100-Feb-01 04:00:00, 11362.147638659717, 0.66022376021421525, null, null, 11362.147638659717, 0.66022376021421525
2100-Feb-01 05:00:00, 11382.914146603838, 0.6614304459920638, null, null, 11382.914146603838, 0.6614304459920638
2100-Feb-01 06:00:00, 11404.293729596586, 0.66267275590777519, null, null, 11404.293729596586, 0.66267275590777519
2100-Feb-01 07:00:00, 11425.464755635136, 0.66390294714127107, null, null, 11425.464755635136, 0.66390294714127107
2100-Feb-01 08:00:00, 11444.853123753921, 0.6650295529301492, null, null, 11444.853123753921, 0.6650295529301492
2100-Feb-01 09:00:00, 11459.871912672046, 0.66590225425464611, null, null, 11459.871912672046, 0.66590225425464611
2100-Feb-01 10:00:00, 11469.355101884012, 0.66645329680746801, null, null, 11469.355101884012, 0.66645329680746801
2100-Feb-01 11:00:00, 11472.897456276545, 0.66665913346893624, null, null, 11472.897456276545, 0.66665913346893624
2100-Feb-01 12:00:00, 11469.812207084897, 0.66647985795806552, null, null, 11469.812207084897, 0.66647985795806552
2100-Feb-01 13:00:00, 11460.162737651563, 0.66591915330996976, null, null, 11460.162737651563, 0.66591915330996976
2100-Feb-01 14:00:00, 11444.681067710231, 0.66501955521741518, null, null, 11444.681067710231, 0.66501955521741518
2100-Feb-01 15:00:00, 11424.729066179922, 0.66386019821088238, null, null, 11424.729066179922, 0.66386019821088238
2100-Feb-01 16:00:00, 11402.6882499769, 0.66257946581639759, null, null, 11402.6882499769, 0.66257946581639759
2100-Feb-01 17:00:00, 11381.319523609334, 0.66133778674989974, null, null, 11381.319523609334, 0.66133778674989974
2100-Feb-01 18:00:00, 11362.873814762806, 0.66026595634936569, null, null, 11362.873814762806, 0.66026595634936569
2100-Feb-01 19:00:00, 11348.555656702303, 0.65943396679469002, null, null, 11348.555656702303, 0.65943396679469002
2100-Feb-01 20:00:00, 11338.613670404309, 0.65885626478038728, null, null, 11338.613670404309, 0.65885626478038728
2100-Feb-01 21:00:00, 11332.786389628816, 0.6585176572083179, null, null, 11332.786389628816, 0.6585176572083179
2100-Feb-01 22:00:00, 11330.758682150077, 0.65839983259462664, null, null, 11330.758682150077, 0.65839983259462664
2100-Feb-01 23:00:00, 11332.171196297462, 0.65848190998275791, null, null, 11332.171196297462, 0.65848190998275791
2100-Feb-02 00:00:00, 11336.566084431219, 0.6587372850809935, null, null, 11336.566084431219, 0.6587372850809935
2100-Feb-02 01:00:00, 11343.709067618754, 0.65915234457231497, null, null, 11343.709067618754, 0.65915234457231497
2100-Feb-02 02:00:00, 11353.535858328698, 0.65972335288163153, null, null, 11353.535858328698, 0.65972335288163153
2100-Feb-02 03:00:00, 11365.718974398518, 0.66043128090356418, null, null, 11365.718974398518, 0.66043128090356418
2100-Feb-02 04:00:00, 11379.779912585476, 0.661248324105005, null, null, 11379.779912585476, 0.661248324105005
2100-Feb-02 05:00:00, 11395.366099469751, 0.66215399539527442, null, null, 11395.366099469751, 0.66215399539527442
2100-Feb-02 06:00:00, 11412.258212818728, 0.66313555055085782, null, null, 11412.258212818728, 0.66313555055085782
2100-Feb-02 07:00:00, 11430.019827498942, 0.66416763008410973, null, null, 11430.019827498942, 0.66416763008410973
2100-Feb-02 08:00:00, 11447.734626064774, 0.66519698925919879, null, null, 11447.734626064774, 0.66519698925919879
2100-Feb-02 09:00:00, 11463.885603752711, 0.66613547902005921, null, null, 11463.885603752711, 0.66613547902005921
2100-Feb-02 10:00:00, 11476.500312001193, 0.66686848569966617, null, null, 11476.500312001193, 0.66686848569966617
2100-Feb-02 11:00:00, 11483.92451929661, 0.66729988636555015, null, null, 11483.92451929661, 0.66729988636555015
2100-Feb-02 12:00:00, 11485.745652714299, 0.66740570751759953, null, null, 11485.745652714299, 0.66740570751759953
2100-Feb-02 13:00:00, 11482.406321062508, 0.66721166796012654, null, null, 11482.406321062508, 0.66721166796012654
2100-Feb-02 14:00:00, 11474.648888916005, 0.66676090449671721, null, null, 11474.648888916005, 0.66676090449671721
2100-Feb-02 15:00:00, 11463.303798857653, 0.66610167190649727, null, null, 11463.303798857653, 0.66610167190649727
2100-Feb-02 16:00:00, 11449.369876097706, 0.66529200922901155, null, null, 11449.369876097706, 0.66529200922901155
2100-Feb-02 17:00:00, 11434.603973254227, 0.66443400243238182, null, null, 11434.603973254227, 0.66443400243238182
2100-Feb-02 18:00:00, 11421.026950320538, 0.66364507824138697, null, null, 11421.026950320538, 0.66364507824138697
2100-Feb-02 19:00:00, 11410.153031997399, 0.66301322417014275, null, null, 11410.153031997399, 0.66301322417014275
2100-Feb-02 20:00:00, 11402.724922127911, 0.66258159673620309, null, null, 11402.724922127911, 0.66258159673620309
2100-Feb-02 21:00:00, 11398.891787186301, 0.66235886360114438, null, null, 11398.891787186301, 0.66235886360114438
2100-Feb-02 22:00:00, 11398.483363868871, 0.66233513122351928, null, null, 11398.483363868871, 0.66233513122351928
2100-Feb-02 23:00:00, 11401.134986908772, 0.6624892098880244, null, null, 11401.134986908772, 0.6624892098880244
2100-Feb-03 00:00:00, 11406.485911016925, 0.66280013765869383, null, null, 11406.485911016925, 0.66280013765869383
2100-Feb-03 01:00:00, 11414.29707142269, 0.66325402312636572, null, null, 11414.29707142269, 0.66325402312636572
2100-Feb-03 02:00:00, 11424.335507307263, 0.66383732956605956, null, null, 11424.335507307263, 0.66383732956605956
2100-Feb-03 03:00:00, 11436.293298517985, 0.6645321645680391, null, null, 11436.293298517985, 0.6645321645680391
2100-Feb-03 04:00:00, 11449.8783952184, 0.66532155790384684, null, null, 11449.8783952184, 0.66532155790384684
2100-Feb-03 05:00:00, 11464.840027245, 0.66619093799550599, null, null, 11464.840027245, 0.66619093799550599
2100-Feb-03 06:00:00, 11480.882594112021, 0.66712312829590259, null, null, 11480.882594112021, 0.66712312829590259
2100-Feb-03 07:00:00, 11497.572900357411, 0.6680929569848878, null, null, 11497.572900357411, 0.6680929569848878
2100-Feb-03 08:00:00, 11514.295809937461, 0.66906468016573228, null, null, 11514.295809937461, 0.66906468016573228
2100-Feb-03 09:00:00, 11530.028135776753, 0.66997884319660084, null, null, 11530.028135776753, 0.66997884319660084
2100-Feb-03 10:00:00, 11543.305992319722, 0.67075038363536044, null, null, 11543.305992319722, 0.67075038363536044
2100-Feb-03 11:00:00, 11552.103409239475, 0.67126157780952955, null, null, 11552.103409239475, 0.67126157780952955
2100-Feb-03 12:00:00, 11554.736243431926, 0.67141456470477512, null, null, 11554.736243431926, 0.67141456470477512
2100-Feb-03 13:00:00, 11551.181300047501, 0.67120799653093555, null, null, 11551.181300047501, 0.67120799653093555
2100-Feb-03 14:00:00, 11542.610913120643, 0.6707099944574465, null, null, 11542.610913120643, 0.6707099944574465
2100-Feb-03 15:00:00, 11530.499420632561, 0.67000622828870915, null, null, 11530.499420632561, 0.67000622828870915
2100-Feb-03 16:00:00, 11516.414456867458, 0.66918778902570963, null, null, 11516.414456867458, 0.66918778902570963
2100-Feb-03 17:00:00, 11502.313606499531, 0.66836842663505958, null, null, 11502.313606499531, 0.66836842663505958
2100-Feb-03 18:00:00, 11490.198229793992, 0.66766443476491999, null, null, 11490.198229793992, 0.66766443476491999
2100-Feb-03 19:00:00, 11481.421943833791, 0.66715446845382886, null, null, 11481.421943833791, 0.66715446845382886
2100-Feb-03 20:00:00, 11476.604714909361, 0.6668745522711278, null, null, 11476.604714909361, 0.6668745522711278
2100-Feb-03 21:00:00, 11475.762351906691, 0.66682560482855135, null, null, 11475.762351906691, 0.66682560482855135
2100-Feb-03 22:00:00, 11478.575832962761, 0.66698908862591111, null, null, 11478.575832962761, 0.66698908862591111
2100-Feb-03 23:00:00, 11484.618100176664, 0.66734018848018584, null, null, 11484.618100176664, 0.66734018848018584
2100-Feb-04 00:00:00, 11493.539158798429, 0.66785856714024772, null, null, 11493.539158798429, 0.66785856714024772
2100-Feb-04 01:00:00, 11504.994893083258, 0.66852422896810593, null, null, 11504.994893083258, 0.66852422896810593
2100-Feb-04 02:00:00, 11518.621665691573, 0.66931604397853883, null, null, 11518.621665691573, 0.66931604397853883
2100-Feb-04 03:00:00, 11534.04956488248, 0.67021251759778389, null, null, 11534.04956488248, 0.67021251759778389
2100-Feb-04 04:00:00, 11551.109588026742, 0.67120382953878732, null, null, 11551.109588026742, 0.67120382953878732
2100-Feb-04 05:00:00, 11569.72088259892, 0.67228528167932178, null, null, 11569.72088259892, 0.67228528167932178
2100-Feb-04 06:00:00, 11589.803549965, 0.67345223132521892, null, null, 11589.803549965, 0.67345223132521892
2100-Feb-04 07:00:00, 11611.135228146593, 0.67469175762153377, null, null, 11611.135228146593, 0.67469175762153377
2100-Feb-04 08:00:00, 11632.98609799071, 0.67596145274531028, null, null, 11632.98609799071, 0.67596145274531028
2100-Feb-04 09:00:00, 11653.979872370828, 0.67718134436290989, null, null, 11653.979872370828, 0.67718134436290989
2100-Feb-04 10:00:00, 11671.845249625021, 0.67821945325953037, null, null, 11671.845249625021, 0.67821945325953037
2100-Feb-04 11:00:00, 11684.109559656221, 0.67893209924361186, null, null, 11684.109559656221, 0.67893209924361186
2100-Feb-04 12:00:00, 11688.703466707364, 0.67919903879446408, null, null, 11688.703466707364, 0.67919903879446408
2100-Feb-04 13:00:00, 11684.53619667601, 0.67895688997036618, null, null, 11684.53619667601, 0.67895688997036618
2100-Feb-04 14:00:00, 11671.017604509272, 0.67817136103367481, null, null, 11671.017604509272, 0.67817136103367481
2100-Feb-04 15:00:00, 11649.214487928679, 0.67690444072327072, null, null, 11649.214487928679, 0.67690444072327072
2100-Feb-04 16:00:00, 11620.635610722473, 0.67524379923436928, null, null, 11620.635610722473, 0.67524379923436928
2100-Feb-04 17:00:00, 11588.859850904864, 0.67339739551760502, null, null, 11588.859850904864, 0.67339739551760502
2100-Feb-04 18:00:00, 11558.337721783062, 0.67162383690004457, null, null, 11558.337721783062, 0.67162383690004457
2100-Feb-04 19:00:00, 11532.386826382295, 0.67011590034726431, null, null, 11532.386826382295, 0.67011590034726431
2100-Feb-04 20:00:00, 11512.706090218584, 0.66897230583969269, null, null, 11512.706090218584, 0.66897230583969269
2100-Feb-04 21:00:00, 11499.722216416854, 0.66821784794527517, null, null, 11499.722216416854, 0.66821784794527517
2100-Feb-04 22:00:00, 11493.03298064041, 0.66782915449244085, null, null, 11493.03298064041, 0.66782915449244085
2100-Feb-04 23:00:00, 11491.682099206822, 0.66775065841511017, null, null, 11491.682099206822, 0.66775065841511017
2100-Feb-05 00:00:00, 11494.708150144097, 0.66792649407505267, null, null, 11494.708150144097, 0.66792649407505267
2100-Feb-05 01:00:00, 11501.422864950631, 0.66831666804561884, null, null, 11501.422864950631, 0.66831666804561884
2100-Feb-05 02:00:00, 11511.330413645173, 0.66889236898364923, null, null, 11511.330413645173, 0.66889236898364923
2100-Feb-05 03:00:00, 11523.949562386357, 0.66962563368831296, null, null, 11523.949562386357, 0.66962563368831296
2100-Feb-05 04:00:00, 11538.700322551547, 0.67048276058474088, null, null, 11538.700322551547, 0.67048276058474088
2100-Feb-05 05:00:00, 11555.153907510739, 0.67143883403812565, null, null, 11555.153907510739, 0.67143883403812565
2100-Feb-05 06:00:00, 11573.217844825831, 0.67248848072444967, null, null, 11573.217844825831, 0.67248848072444967
2100-Feb-05 07:00:00, 11592.891010048728, 0.67363163530506642, null, null, 11592.891010048728, 0.67363163530506642
2100-Feb-05 08:00:00, 11613.937721851655, 0.67485460297355482, null, null, 11613.937721851655, 0.67485460297355482
2100-Feb-05 09:00:00, 11635.564190310042, 0.67611125873792532, null, null, 11635.564190310042, 0.67611125873792532
2100-Feb-05 10:00:00, 11656.362415438722, 0.67731978751584032, null, null, 11656.362415438722, 0.67731978751584032
2100-Feb-05 11:00:00, 11674.387364825518, 0.67836716871878555, null, null, 11674.387364825518, 0.67836716871878555
2100-Feb-05 12:00:00, 11688.386823258847, 0.67918063949752872, null, null, 11688.386823258847, 0.67918063949752872
2100-Feb-05 13:00:00, 11698.308666617781, 0.67975717105996003, null, null, 11698.308666617781, 0.67975717105996003
2100-Feb-05 14:00:00, 11704.659224725123, 0.68012618486671805, null, null, 11704.659224725123, 0.68012618486671805
2100-Feb-05 15:00:00, 11708.064207943347, 0.68032403925968099, null, null, 11708.064207943347, 0.68032403925968099
2100-Feb-05 16:00:00, 11708.679371310467, 0.68035978474410019, null, null, 11708.679371310467, 0.68035978474410019
2100-Feb-05 17:00:00, 11707.179632936106, 0.68027263899134749, null, null, 11707.179632936106, 0.68027263899134749
2100-Feb-05 18:00:00, 11704.944760578672, 0.68014277658519429, null, null, 11704.944760578672, 0.68014277658519429
2100-Feb-05 19:00:00, 11703.444543279104, 0.6800556030033893, null, null, 11703.444543279104, 0.6800556030033893
2100-Feb-05 20:00:00, 11703.68884689158, 0.68006979882752328, null, null, 11703.68884689158, 0.68006979882752328
2100-Feb-05 21:00:00, 11706.179818685136, 0.68021454248131397, null, null, 11706.179818685136, 0.68021454248131397
2100-Feb-05 22:00:00, 11711.129926006995, 0.680502179869371, null, null, 11711.129926006995, 0.680502179869371
2100-Feb-05 23:00:00, 11718.560156846304, 0.68093393054714746, null, null, 11718.560156846304, 0.68093393054714746
2100-Feb-06 00:00:00, 11728.345727619428, 0.68150254367708885, null, null, 11728.345727619428, 0.68150254367708885
2100-Feb-06 01:00:00, 11740.234794766115, 0.68219338530902796, null, null, 11740.234794766115, 0.68219338530902796
2100-Feb-06 02:00:00, 11753.957716340965, 0.68299078727663176, null, null, 11753.957716340965, 0.68299078727663176
2100-Feb-06 03:00:00, 11769.229780990117, 0.68387820577087755, null, null, 11769.229780990117, 0.68387820577087755
2100-Feb-06 04:00:00, 11785.672938822901, 0.68483367333206457, null, null, 11785.672938822901, 0.68483367333206457
2100-Feb-06 05:00:00, 11802.892459575523, 0.68583425324898983, null, null, 11802.892459575523, 0.68583425324898983
2100-Feb-06 06:00:00, 11820.551078103577, 0.6868603479535782, null, null, 11820.551078103577, 0.6868603479535782
2100-Feb-06 07:00:00, 11838.449416239886, 0.68790037211817645, null, null, 11838.449416239886, 0.68790037211817645
2100-Feb-06 08:00:00, 11856.141229586263, 0.68892839568414477, null, null, 11856.141229586263, 0.68892839568414477
2100-Feb-06 09:00:00, 11872.514038259709, 0.68987977544538559, null, null, 11872.514038259709, 0.68987977544538559
2100-Feb-06 10:00:00, 11885.440922507396, 0.69063092183049524, null, null, 11885.440922507396, 0.69063092183049524
2100-Feb-06 11:00:00, 11892.031663539447, 0.69101389201933283, null, null, 11892.031663539447, 0.69101389201933283
2100-Feb-06 12:00:00, 11890.299182868803, 0.69091322223935403, null, null, 11890.299182868803, 0.69091322223935403
2100-Feb-06 13:00:00, 11879.501989379029, 0.69028582644128111, null, null, 11879.501989379029, 0.69028582644128111
2100-Feb-06 14:00:00, 11860.534602230742, 0.68918368272138508, null, null, 11860.534602230742, 0.68918368272138508
2100-Feb-06 15:00:00, 11835.522107058618, 0.68773027407540943, null, null, 11835.522107058618, 0.68773027407540943
2100-Feb-06 16:00:00, 11807.280539017833, 0.68608923271252564, null, null, 11807.280539017833, 0.68608923271252564
2100-Feb-06 17:00:00, 11779.040251409317, 0.68444826575210826, null, null, 11779.040251409317, 0.68444826575210826
2100-Feb-06 18:00:00, 11753.608427264257, 0.68297049103027418, null, null, 11753.608427264257, 0.68297049103027418
2100-Feb-06 19:00:00, 11732.755769289177, 0.68175879930643801, null, null, 11732.755769289177, 0.68175879930643801
2100-Feb-06 20:00:00, 11717.242879491454, 0.68085738711221577, null, null, 11717.242879491454, 0.68085738711221577
2100-Feb-06 21:00:00, 11707.103504637967, 0.6802682153812295, null, null, 11707.103504637967, 0.6802682153812295
2100-Feb-06 22:00:00, 11701.973533957525, 0.67997012661842327, null, null, 11701.973533957525, 0.67997012661842327
2100-Feb-06 23:00:00, 11701.321458151748, 0.67993223625173149, null, null, 11701.321458151748, 0.67993223625173149
2100-Feb-07 00:00:00, 11704.58992523254, 0.68012215806007648, null, null, 11704.58992523254, 0.68012215806007648
2100-Feb-07 01:00:00, 11711.204305328089, 0.68050650185114903, null, null, 11711.204305328089, 0.68050650185114903
2100-Feb-07 02:00:00, 11720.696084242822, 0.68105804352843591, null, null, 11720.696084242822, 0.68105804352843591
2100-Feb-07 03:00:00, 11732.65500311918, 0.68175294405602471, null, null, 11732.65500311918, 0.68175294405602471
2100-Feb-07 04:00:00, 11746.602086016681, 0.68256337143361623, null, null, 11746.602086016681, 0.68256337143361623
2100-Feb-07 05:00:00, 11762.154371551695, 0.68346707280789831, null, null, 11762.154371551695, 0.68346707280789831
2100-Feb-07 06:00:00, 11778.972408824893, 0.68444432360247109, null, null, 11778.972408824893, 0.68444432360247109
2100-Feb-07 07:00:00, 11796.609872077363, 0.68546918903104237, null, null, 11796.609872077363, 0.68546918903104237
2100-Feb-07 08:00:00, 11813.933441421708, 0.68647581493105625, null, null, 11813.933441421708, 0.68647581493105625
2100-Feb-07 09:00:00, 11829.097870915335, 0.68735697903666249, null, null, 11829.097870915335, 0.68735697903666249
2100-Feb-07 10:00:00, 11839.965666223528, 0.68798847731601942, null, null, 11839.965666223528, 0.68798847731601942
2100-Feb-07 11:00:00, 11844.783563588324, 0.68826843233998769, null, null, 11844.783563588324, 0.68826843233998769
2100-Feb-07 12:00:00, 11842.595971302948, 0.68814131725132677, null, null, 11842.595971302948, 0.68814131725132677
2100-Feb-07 13:00:00, 11833.186372087303, 0.68759455081474885, null, null, 11833.186372087303, 0.68759455081474885
2100-Feb-07 14:00:00, 11817.122117301476, 0.68666110028787397, null, null, 11817.122117301476, 0.68666110028787397
2100-Feb-07 15:00:00, 11795.989493561225, 0.68543314050837689, null, null, 11795.989493561225, 0.68543314050837689
2100-Feb-07 16:00:00, 11771.844770510857, 0.68403015576036985, null, null, 11771.844770510857, 0.68403015576036985
2100-Feb-07 17:00:00, 11747.115238264967, 0.6825931893270023, null, null, 11747.115238264967, 0.6825931893270023
2100-Feb-07 18:00:00, 11723.780927608344, 0.68123729545784473, null, null, 11723.780927608344, 0.68123729545784473
2100-Feb-07 19:00:00, 11703.40251754541, 0.68005316100133051, null, null, 11703.40251754541, 0.68005316100133051
2100-Feb-07 20:00:00, 11687.074447318324, 0.67910438087056646, null, null, 11687.074447318324, 0.67910438087056646
2100-Feb-07 21:00:00, 11675.229856375598, 0.67841612363090531, null, null, 11675.229856375598, 0.67841612363090531
2100-Feb-07 22:00:00, 11667.778064687478, 0.67798312011034523, null, null, 11667.778064687478, 0.67798312011034523
2100-Feb-07 23:00:00, 11664.264839583231, 0.67777897607326965, null, null, 11664.264839583231, 0.67777897607326965
2100-Feb-08 00:00:00, 11664.120157050535, 0.67777056896144428, null, null, 11664.120157050535, 0.67777056896144428
2100-Feb-08 01:00:00, 11666.774799683049, 0.67792482308633362, null, null, 11666.774799683049, 0.67792482308633362
2100-Feb-08 02:00:00, 11671.637538286486, 0.67820738371376077, null, null, 11671.637538286486, 0.67820738371376077
2100-Feb-08 03:00:00, 11678.338254913797, 0.67859674428787975, null, null, 11678.338254913797, 0.67859674428787975
2100-Feb-08 04:00:00, 11686.631136828519, 0.67907862129343111, null, null, 11686.631136828519, 0.67907862129343111
2100-Feb-08 05:00:00, 11696.270179617017, 0.67963872007731196, null, null, 11696.270179617017, 0.67963872007731196
2100-Feb-08 06:00:00, 11706.991279141264, 0.68026169426024241, null, null, 11706.991279141264, 0.68026169426024241
2100-Feb-08 07:00:00, 11718.567019511269, 0.68093432931810283, null, null, 11718.567019511269, 0.68093432931810283
2100-Feb-08 08:00:00, 11730.147810266248, 0.68160725784021514, null, null, 11730.147810266248, 0.68160725784021514
2100-Feb-08 09:00:00, 11739.688623567738, 0.68216164877349073, null, null, 11739.688623567738, 0.68216164877349073
2100-Feb-08 10:00:00, 11744.4814836757, 0.68244014894997962, null, null, 11744.4814836757, 0.68244014894997962
2100-Feb-08 11:00:00, 11742.267120528202, 0.68231147827871097, null, null, 11742.267120528202, 0.68231147827871097
2100-Feb-08 12:00:00, 11729.767304328627, 0.681585147666249, null, null, 11729.767304328627, 0.681585147666249
2100-Feb-08 13:00:00, 11706.709704782763, 0.6802453327335608, null, null, 11706.709704782763, 0.6802453327335608
2100-Feb-08 14:00:00, 11675.451011878064, 0.67842897438078764, null, null, 11675.451011878064, 0.67842897438078764
2100-Feb-08 15:00:00, 11638.868903274157, 0.67630328669680984, null, null, 11638.868903274157, 0.67630328669680984
2100-Feb-08 16:00:00, 11599.758450485242, 0.67403068375015218, null, null, 11599.758450485242, 0.67403068375015218
2100-Feb-08 17:00:00, 11561.222087092219, 0.67179143959020526, null, null, 11561.222087092219, 0.67179143959020526
2100-Feb-08 18:00:00, 11526.241983943328, 0.66975884012326448, null, null, 11526.241983943328, 0.66975884012326448
2100-Feb-08 19:00:00, 11496.875468243314, 0.668052431085427, null, null, 11496.875468243314, 0.668052431085427
2100-Feb-08 20:00:00, 11473.982000253523, 0.66672215339486651, null, null, 11473.982000253523, 0.66672215339486651
2100-Feb-08 21:00:00, 11457.600095096646, 0.66577024506150306, null, null, 11457.600095096646, 0.66577024506150306
2100-Feb-08 22:00:00, 11447.471443055287, 0.66518169640421454, null, null, 11447.471443055287, 0.66518169640421454
2100-Feb-08 23:00:00, 11443.156673692176, 0.66493097679169366, null, null, 11443.156673692176, 0.66493097679169366
2100-Feb-09 00:00:00, 11444.21674368025, 0.66499257460012506, null, null, 11444.21674368025, 0.66499257460012506
2100-Feb-09 01:00:00, 11450.189711652545, 0.66533964766234177, null, null, 11450.189711652545, 0.66533964766234177
2100-Feb-09 02:00:00, 11460.483020473479, 0.66593776408107941, null, null, 11460.483020473479, 0.66593776408107941
2100-Feb-09 03:00:00, 11474.417258785343, 0.66674744509443618, null, null, 11474.417258785343, 0.66674744509443618
2100-Feb-09 04:00:00, 11491.332253856219, 0.66773032984517655, null, null, 11491.332253856219, 0.66773032984517655
2100-Feb-09 05:00:00, 11510.703522434447, 0.6688559420258634, null, null, 11510.703522434447, 0.6688559420258634
2100-Feb-09 06:00:00, 11532.282667565829, 0.67010984795931328, null, null, 11532.282667565829, 0.67010984795931328
2100-Feb-09 07:00:00, 11555.641153543183, 0.67146714659116757, null, null, 11555.641153543183, 0.67146714659116757
2100-Feb-09 08:00:00, 11578.457098378791, 0.67279291962028676, null, null, 11578.457098378791, 0.67279291962028676
2100-Feb-09 09:00:00, 11598.172292148547, 0.67393851636642754, null, null, 11598.172292148547, 0.67393851636642754
2100-Feb-09 10:00:00, 11612.123765891922, 0.67474919888423257, null, null, 11612.123765891922, 0.67474919888423257
2100-Feb-09 11:00:00, 11617.684893426002, 0.67507234100914992, null, null, 11617.684893426002, 0.67507234100914992
2100-Feb-09 12:00:00, 11613.300514988234, 0.67481757660100794, null, null, 11613.300514988234, 0.67481757660100794
2100-Feb-09 13:00:00, 11598.709556680502, 0.67396973535959659, null, null, 11598.709556680502, 0.67396973535959659
2100-Feb-09 14:00:00, 11574.982780414184, 0.67259103637217899, null, null, 11574.982780414184, 0.67259103637217899
2100-Feb-09 15:00:00, 11544.228192820039, 0.67080397021963611, null, null, 11544.228192820039, 0.67080397021963611
2100-Feb-09 16:00:00, 11508.901766562198, 0.66875124685072607, null, null, 11508.901766562198, 0.66875124685072607
2100-Feb-09 17:00:00, 11472.408929065605, 0.6666307464700667, null, null, 11472.408929065605, 0.6666307464700667
2100-Feb-09 18:00:00, 11438.268805923786, 0.66464695597625412, null, null, 11438.268805923786, 0.66464695597625412
2100-Feb-09 19:00:00, 11409.040529288342, 0.6629485796376845, null, null, 11409.040529288342, 0.6629485796376845
2100-Feb-09 20:00:00, 11386.028083532763, 0.66161138846998846, null, null, 11386.028083532763, 0.66161138846998846
2100-Feb-09 21:00:00, 11369.52060350307, 0.6606521833193898, null, null, 11369.52060350307, 0.6606521833193898
2100-Feb-09 22:00:00, 11359.259066592622, 0.66005591308069467, null, null, 11359.259066592622, 0.66005591308069467
2100-Feb-09 23:00:00, 11354.754810121263, 0.65979418288328273, null, null, 11354.754810121263, 0.65979418288328273
2100-Feb-10 00:00:00, 11355.459549697229, 0.6598351333996475, null, null, 11355.459549697229, 0.6598351333996475
2100-Feb-10 01:00:00, 11360.825632530174, 0.66014694200293778, null, null, 11360.825632530174, 0.66014694200293778
2100-Feb-10 02:00:00, 11370.285590822094, 0.66069663466964013, null, null, 11370.285590822094, 0.66069663466964013
2100-Feb-10 03:00:00, 11383.226588623033, 0.66144860115527082, null, null, 11383.226588623033, 0.66144860115527082
2100-Feb-10 04:00:00, 11399.055055981718, 0.66236835071057687, null, null, 11399.055055981718, 0.66236835071057687
2100-Feb-10 05:00:00, 11417.261141055171, 0.66342625721982484, null, null, 11417.261141055171, 0.66342625721982484
2100-Feb-10 06:00:00, 11437.444742480384, 0.66459907187172029, null, null, 11437.444742480384, 0.66459907187172029
2100-Feb-10 07:00:00, 11459.194316143634, 0.66586288094758095, null, null, 11459.194316143634, 0.66586288094758095
2100-Feb-10 08:00:00, 11481.492277714755, 0.66715855536599, null, null, 11481.492277714755, 0.66715855536599
2100-Feb-10 09:00:00, 11502.541902714669, 0.66838169231249966, null, null, 11502.541902714669, 0.66838169231249966
2100-Feb-10 10:00:00, 11519.522080113107, 0.66936836463252447, null, null, 11519.522080113107, 0.66936836463252447
2100-Feb-10 11:00:00, 11530.040143016899, 0.66997954090494705, null, null, 11530.040143016899, 0.66997954090494705
2100-Feb-10 12:00:00, 11532.511469000179, 0.67012314299367937, null, null, 11532.511469000179, 0.67012314299367937
2100-Feb-10 13:00:00, 11525.940653262787, 0.66974133060998398, null, null, 11525.940653262787, 0.66974133060998398
2100-Feb-10 14:00:00, 11510.036241171705, 0.66881716811107028, null, null, 11510.036241171705, 0.66881716811107028
2100-Feb-10 15:00:00, 11485.484512732251, 0.66739053337743048, null, null, 11485.484512732251, 0.66739053337743048
2100-Feb-10 16:00:00, 11453.709912787426, 0.66554419705774603, null, null, 11453.709912787426, 0.66554419705774603
2100-Feb-10 17:00:00, 11418.011339118088, 0.66346984920628338, null, null, 11418.011339118088, 0.66346984920628338
2100-Feb-10 18:00:00, 11382.690318668385, 0.66141743995430713, null, null, 11382.690318668385, 0.66141743995430713
2100-Feb-10 19:00:00, 11351.246185856206, 0.65959030618856584, null, null, 11351.246185856206, 0.65959030618856584
2100-Feb-10 20:00:00, 11325.745529742289, 0.6581085318266332, null, null, 11325.745529742289, 0.6581085318266332
2100-Feb-10 21:00:00, 11306.946242207399, 0.65701615592197571, null, null, 11306.946242207399, 0.65701615592197571
2100-Feb-10 22:00:00, 11294.860417914679, 0.65631388126285417, null, null, 11294.860417914679, 0.65631388126285417
2100-Feb-10 23:00:00, 11289.158114551541, 0.6559825357912038, null, null, 11289.158114551541, 0.6559825357912038
2100-Feb-11 00:00:00, 11289.360873043675, 0.65599431754042492, null, null, 11289.360873043675, 0.65599431754042492
2100-Feb-11 01:00:00, 11295.127078686615, 0.65632937620123633, null, null, 11295.127078686615, 0.65632937620123633
2100-Feb-11 02:00:00, 11305.768123547554, 0.65694769862355662, null, null, 11305.768123547554, 0.65694769862355662
2100-Feb-11 03:00:00, 11320.437504979025, 0.65780009682121332, null, null, 11320.437504979025, 0.65780009682121332
2100-Feb-11 04:00:00, 11338.445586266957, 0.65884649786441996, null, null, 11338.445586266957, 0.65884649786441996
2100-Feb-11 05:00:00, 11359.201834529891, 0.66005258747986084, null, null, 11359.201834529891, 0.66005258747986084
2100-Feb-11 06:00:00, 11382.227846142618, 0.66139056692293419, null, null, 11382.227846142618, 0.66139056692293419
2100-Feb-11 07:00:00, 11407.023745652432, 0.66283138977904299, null, null, 11407.023745652432, 0.66283138977904299
2100-Feb-11 08:00:00, 11432.423850349816, 0.66430732136930704, null, null, 11432.423850349816, 0.66430732136930704
2100-Feb-11 09:00:00, 11456.381054609754, 0.66569940990606369, null, null, 11456.381054609754, 0.66569940990606369
2100-Feb-11 10:00:00, 11476.752699936329, 0.66688315128198972, null, null, 11476.752699936329, 0.66688315128198972
2100-Feb-11 11:00:00, 11491.170150348627, 0.66772091044747728, null, null, 11491.170150348627, 0.66772091044747728
2100-Feb-11 12:00:00, 11497.489862134689, 0.66808813185768567, null, null, 11497.489862134689, 0.66808813185768567
2100-Feb-11 13:00:00, 11494.662216191195, 0.6679238249769146, null, null, 11494.662216191195, 0.6679238249769146
2100-Feb-11 14:00:00, 11483.161000055679, 0.66725552032135893, null, null, 11483.161000055679, 0.66725552032135893
2100-Feb-11 15:00:00, 11463.746802369269, 0.66612741364595796, null, null, 11463.746802369269, 0.66612741364595796
2100-Feb-11 16:00:00, 11437.940477291369, 0.66462787768479248, null, null, 11437.940477291369, 0.66462787768479248
2100-Feb-11 17:00:00, 11408.680706759866, 0.66292767132084907, null, null, 11408.680706759866, 0.66292767132084907
2100-Feb-11 18:00:00, 11379.53939183184, 0.6612343480925974, null, null, 11379.53939183184, 0.6612343480925974
2100-Feb-11 19:00:00, 11353.37033322165, 0.65971373466401462, null, null, 11353.37033322165, 0.65971373466401462
2100-Feb-11 20:00:00, 11331.897756486293, 0.65846602113268626, null, null, 11331.897756486293, 0.65846602113268626
2100-Feb-11 21:00:00, 11315.861117955374, 0.65753417531191427, null, null, 11315.861117955374, 0.65753417531191427
2100-Feb-11 22:00:00, 11305.584421665731, 0.65693702420257283, null, null, 11305.584421665731, 0.65693702420257283
2100-Feb-11 23:00:00, 11300.905126060919, 0.65666512295312496, null, null, 11300.905126060919, 0.65666512295312496
2100-Feb-12 00:00:00, 11301.456901534095, 0.65669718513795816, null, null, 11301.456901534095, 0.65669718513795816
2100-Feb-12 01:00:00, 11306.707207893165, 0.65700226628255343, null, null, 11306.707207893165, 0.65700226628255343
2100-Feb-12 02:00:00, 11316.04084260695, 0.65754461862677338, null, null, 11316.04084260695, 0.65754461862677338
2100-Feb-12 03:00:00, 11328.750525520494, 0.65828314402805932, null, null, 11328.750525520494, 0.65828314402805932
2100-Feb-12 04:00:00, 11344.315684777013, 0.65918759345958278, null, null, 11344.315684777013, 0.65918759345958278
2100-Feb-12 05:00:00, 11362.198045688327, 0.6602266892307207, null, null, 11362.198045688327, 0.6602266892307207
2100-Feb-12 06:00:00, 11381.928998194826, 0.66137320167455871, null, null, 11381.928998194826, 0.66137320167455871
2100-Feb-12 07:00:00, 11403.128330409831, 0.66260503770363821, null, null, 11403.128330409831, 0.66260503770363821
2100-Feb-12 08:00:00, 11424.901891787335, 0.66387024064088906, null, null, 11424.901891787335, 0.66387024064088906
2100-Feb-12 09:00:00, 11445.393248828457, 0.66506093814173395, null, null, 11445.393248828457, 0.66506093814173395
2100-Feb-12 10:00:00, 11461.46223404237, 0.66599466354102888, null, null, 11461.46223404237, 0.66599466354102888
2100-Feb-12 11:00:00, 11470.183042607037, 0.66650140621026532, null, null, 11470.183042607037, 0.66650140621026532
2100-Feb-12 12:00:00, 11469.072160994461, 0.66643685587535217, null, null, 11469.072160994461, 0.66643685587535217
2100-Feb-12 13:00:00, 11457.247084661698, 0.66574973257705317, null, null, 11457.247084661698, 0.66574973257705317
2100-Feb-12 14:00:00, 11435.250097231425, 0.6644715469543645, null, null, 11435.250097231425, 0.6644715469543645
2100-Feb-12 15:00:00, 11405.217210722647, 0.66272641690575951, null, null, 11405.217210722647, 0.66272641690575951
2100-Feb-12 16:00:00, 11370.095458860427, 0.66068558661405585, null, null, 11370.095458860427, 0.66068558661405585
2100-Feb-12 17:00:00, 11333.353333149968, 0.65855060076751704, null, null, 11333.353333149968, 0.65855060076751704
2100-Feb-12 18:00:00, 11298.331463819814, 0.65651557438040942, null, null, 11298.331463819814, 0.65651557438040942
2100-Feb-12 19:00:00, 11267.501781660954, 0.65472414468521034, null, null, 11267.501781660954, 0.65472414468521034
2100-Feb-12 20:00:00, 11242.15146670558, 0.65325110624259186, null, null, 11242.15146670558, 0.65325110624259186
2100-Feb-12 21:00:00, 11222.724563827105, 0.65212226130274076, null, null, 11222.724563827105, 0.65212226130274076
2100-Feb-12 22:00:00, 11209.229915858448, 0.65133812369883215, null, null, 11209.229915858448, 0.65133812369883215
2100-Feb-12 23:00:00, 11201.332287374289, 0.65087921380429381, null, null, 11201.332287374289, 0.65087921380429381
2100-Feb-13 00:00:00, 11198.700908393457, 0.65072631146747129, null, null, 11198.700908393457, 0.65072631146747129
2100-Feb-13 01:00:00, 11200.862433821319, 0.65085191188133373, null, null, 11200.862433821319, 0.65085191188133373
2100-Feb-13 02:00:00, 11207.207982712744, 0.65122063461606261, null, null, 11207.207982712744, 0.65122063461606261
2100-Feb-13 03:00:00, 11217.15489989826, 0.65179862315094272, null, null, 11217.15489989826, 0.65179862315094272
2100-Feb-13 04:00:00, 11230.21632514571, 0.65255758735074654, null, null, 11230.21632514571, 0.65255758735074654
2100-Feb-13 05:00:00, 11245.982196830759, 0.65347369964025259, null, null, 11245.982196830759, 0.65347369964025259
2100-Feb-13 06:00:00, 11263.963945924968, 0.65451857059068919, null, null, 11263.963945924968, 0.65451857059068919
2100-Feb-13 07:00:00, 11283.913303563171, 0.65567777396778126, null, null, 11283.913303563171, 0.65567777396778126
2100-Feb-13 08:00:00, 11304.824938335552, 0.6568928926742722, null, null, 11304.824938335552, 0.6568928926742722
2100-Feb-13 09:00:00, 11324.28927913832, 0.65802391303094931, null, null, 11324.28927913832, 0.65802391303094931
2100-Feb-13 10:00:00, 11338.78458152345, 0.65886619596464313, null, null, 11338.78458152345, 0.65886619596464313
2100-Feb-13 11:00:00, 11344.778913272428, 0.65921451041831347, null, null, 11344.778913272428, 0.65921451041831347
2100-Feb-13 12:00:00, 11340.674889620157, 0.65897603667075444, null, null, 11340.674889620157, 0.65897603667075444
2100-Feb-13 13:00:00, 11326.63931943382, 0.65816046753542257, null, null, 11326.63931943382, 0.65816046753542257
2100-Feb-13 14:00:00, 11303.542015312123, 0.65681834547689977, null, null, 11303.542015312123, 0.65681834547689977
2100-Feb-13 15:00:00, 11272.877193506831, 0.65503649537228548, null, null, 11272.877193506831, 0.65503649537228548
2100-Feb-13 16:00:00, 11236.669169294537, 0.65293254472355167, null, null, 11236.669169294537, 0.65293254472355167
2100-Feb-13 17:00:00, 11197.984221707507, 0.65068466673676184, null, null, 11197.984221707507, 0.65068466673676184
2100-Feb-13 18:00:00, 11160.360929225024, 0.64849847866524735, null, null, 11160.360929225024, 0.64849847866524735
2100-Feb-13 19:00:00, 11126.595393867547, 0.64653645445747276, null, null, 11126.595393867547, 0.64653645445747276
2100-Feb-13 20:00:00, 11098.295723486912, 0.64489203692429853, null, null, 11098.295723486912, 0.64489203692429853
2100-Feb-13 21:00:00, 11076.07487129985, 0.6436008431242648, null, null, 11076.07487129985, 0.6436008431242648
2100-Feb-13 22:00:00, 11060.08984312467, 0.6426719962420927, null, null, 11060.08984312467, 0.6426719962420927
2100-Feb-13 23:00:00, 11050.149242497482, 0.64209437474538389, null, null, 11050.149242497482, 0.64209437474538389
2100-Feb-14 00:00:00, 11045.774526640676, 0.64184017180376551, null, null, 11045.774526640676, 0.64184017180376551
2100-Feb-14 01:00:00, 11046.484880075692, 0.64188144852634132, null, null, 11046.484880075692, 0.64188144852634132
2100-Feb-14 02:00:00, 11051.900461314237, 0.64219613334850412, null, null, 11051.900461314237, 0.64219613334850412
2100-Feb-14 03:00:00, 11061.904655505517, 0.6427774500957365, null, null, 11061.904655505517, 0.6427774500957365
2100-Feb-14 04:00:00, 11075.983846036388, 0.6435955538916629, null, null, 11075.983846036388, 0.6435955538916629
2100-Feb-14 05:00:00, 11093.395559658182, 0.6446073016179501, null, null, 11093.395559658182, 0.6446073016179501
2100-Feb-14 06:00:00, 11113.559678327907, 0.64577898417946122, null, null, 11113.559678327907, 0.64577898417946122
2100-Feb-14 07:00:00, 11135.525348972124, 0.64705535006816062, null, null, 11135.525348972124, 0.64705535006816062
2100-Feb-14 08:00:00, 11157.545633761187, 0.64833488943754503, null, null, 11157.545633761187, 0.64833488943754503
2100-Feb-14 09:00:00, 11176.942374017928, 0.64946198170878355, null, null, 11176.942374017928, 0.64946198170878355
2100-Feb-14 10:00:00, 11190.522845461126, 0.6502511062833668, null, null, 11190.522845461126, 0.6502511062833668
2100-Feb-14 11:00:00, 11195.576649848406, 0.65054476922826676, null, null, 11195.576649848406, 0.65054476922826676
2100-Feb-14 12:00:00, 11190.420568323467, 0.65024516323469705, null, null, 11190.420568323467, 0.65024516323469705
2100-Feb-14 13:00:00, 11174.215282238178, 0.64930351775931416, null, null, 11174.215282238178, 0.64930351775931416
2100-Feb-14 14:00:00, 11148.27823710025, 0.64779638600795908, null, null, 11148.27823710025, 0.64779638600795908
2100-Feb-14 15:00:00, 11114.951980533822, 0.64585988710617692, null, null, 11114.951980533822, 0.64585988710617692
2100-Feb-14 16:00:00, 11077.251322350299, 0.64366920352239876, null, null, 11077.251322350299, 0.64366920352239876
2100-Feb-14 17:00:00, 11038.584705257274, 0.64142239067118567, null, null, 11038.584705257274, 0.64142239067118567
2100-Feb-14 18:00:00, 11002.122814865825, 0.6393036885433544, null, null, 11002.122814865825, 0.6393036885433544
2100-Feb-14 19:00:00, 10970.24248013051, 0.63745120826011803, null, null, 10970.24248013051, 0.63745120826011803
2100-Feb-14 20:00:00, 10944.344539547204, 0.63594634876898304, null, null, 10944.344539547204, 0.63594634876898304
2100-Feb-14 21:00:00, 10924.980735971254, 0.63482117035944863, null, null, 10924.980735971254, 0.63482117035944863
2100-Feb-14 22:00:00, 10911.926088554434, 0.63406260000110559, null, null, 10911.926088554434, 0.63406260000110559
2100-Feb-14 23:00:00, 10904.469199569743, 0.63362930029038711, null, null, 10904.469199569743, 0.63362930029038711
2100-Feb-15 00:00:00, 10901.769356755476, 0.6334724197048226, null, null, 10901.769356755476, 0.6334724197048226
2100-Feb-15 01:00:00, 10903.052204787256, 0.63354696254463261, null, null, 10903.052204787256, 0.63354696254463261
2100-Feb-15 02:00:00, 10907.618098959232, 0.63381227434261567, null, null, 10907.618098959232, 0.63381227434261567
2100-Feb-15 03:00:00, 10914.943657151258, 0.63423794277511791, null, null, 10914.943657151258, 0.63423794277511791
2100-Feb-15 04:00:00, 10924.716324976014, 0.63480580614952353, null, null, 10924.716324976014, 0.63480580614952353
2100-Feb-15 05:00:00, 10936.598056284665, 0.63549622151569618, null, null, 10936.598056284665, 0.63549622151569618
2100-Feb-15 06:00:00, 10950.230216491944, 0.63628834958497671, null, null, 10950.230216491944, 0.63628834958497671
2100-Feb-15 07:00:00, 10965.302732912196, 0.63716417286974114, null, null, 10965.302732912196, 0.63716417286974114
2100-Feb-15 08:00:00, 10981.242756780855, 0.63809040467301947, null, null, 10981.242756780855, 0.63809040467301947
2100-Feb-15 09:00:00, 10996.444343552996, 0.6389737278878822, null, null, 10996.444343552996, 0.6389737278878822
2100-Feb-15 10:00:00, 11008.710204872188, 0.63968646401312568, null, null, 11008.710204872188, 0.63968646401312568
2100-Feb-15 11:00:00, 11016.099932516508, 0.64011586115946206, null, null, 11016.099932516508, 0.64011586115946206
2100-Feb-15 12:00:00, 11017.344869334946, 0.64018820108089558, null, null, 11017.344869334946, 0.64018820108089558
2100-Feb-15 13:00:00, 11011.655044079705, 0.63985758067844678, null, null, 11011.655044079705, 0.63985758067844678
2100-Feb-15 14:00:00, 10998.755370753915, 0.63910801544663187, null, null, 10998.755370753915, 0.63910801544663187
2100-Feb-15 15:00:00, 10979.084711769226, 0.63796500649675913, null, null, 10979.084711769226, 0.63796500649675913
2100-Feb-15 16:00:00, 10954.445424162339, 0.63653328393601116, null, null, 10954.445424162339, 0.63653328393601116
2100-Feb-15 17:00:00, 10927.913308213079, 0.63499157422447228, null, null, 10927.913308213079, 0.63499157422447228
2100-Feb-15 18:00:00, 10902.76340274635, 0.63353018103681658, null, null, 10902.76340274635, 0.63353018103681658
2100-Feb-15 19:00:00, 10881.558351077907, 0.63229801266572083, null, null, 10881.558351077907, 0.63229801266572083
2100-Feb-15 20:00:00, 10865.64646935679, 0.63137341612674835, null, null, 10865.64646935679, 0.63137341612674835
2100-Feb-15 21:00:00, 10855.53232159306, 0.63078571027392072, null, null, 10855.53232159306, 0.63078571027392072
2100-Feb-15 22:00:00, 10851.225417291533, 0.63053544767891956, null, null, 10851.225417291533, 0.63053544767891956
2100-Feb-15 23:00:00, 10852.363963289738, 0.63060160551668198, null, null, 10852.363963289738, 0.63060160551668198
2100-Feb-16 00:00:00, 10858.305930030436, 0.63094687718092823, null, null, 10858.305930030436, 0.63094687718092823
2100-Feb-16 01:00:00, 10868.412947561153, 0.6315341687151429, null, null, 10868.412947561153, 0.6315341687151429
2100-Feb-16 02:00:00, 10882.227354835342, 0.63233688667003574, null, null, 10882.227354835342, 0.63233688667003574
2100-Feb-16 03:00:00, 10899.38729326371, 0.63333400441876775, null, null, 10899.38729326371, 0.63333400441876775
2100-Feb-16 04:00:00, 10919.54718877808, 0.63450544158410926, null, null, 10919.54718877808, 0.63450544158410926
2100-Feb-16 05:00:00, 10942.012889069725, 0.63581086284724508, null, null, 10942.012889069725, 0.63581086284724508
2100-Feb-16 06:00:00, 10966.179222705772, 0.63721510332811115, null, null, 10966.179222705772, 0.63721510332811115
2100-Feb-16 07:00:00, 10991.522998057597, 0.63868776177200193, null, null, 10991.522998057597, 0.63868776177200193
2100-Feb-16 08:00:00, 11017.541055626472, 0.64019960093726203, null, null, 11017.541055626472, 0.64019960093726203
2100-Feb-16 09:00:00, 11043.902464566399, 0.6417313913248156, null, null, 11043.902464566399, 0.6417313913248156
2100-Feb-16 10:00:00, 11070.401980832034, 0.64327120675664695, null, null, 11070.401980832034, 0.64327120675664695
2100-Feb-16 11:00:00, 11096.649337774948, 0.64479636989020572, null, null, 11096.649337774948, 0.64479636989020572
2100-Feb-16 12:00:00, 11122.203476189236, 0.64628125196439301, null, null, 11122.203476189236, 0.64628125196439301
2100-Feb-16 13:00:00, 11146.719394701235, 0.64770580587971305, null, null, 11146.719394701235, 0.64770580587971305
2100-Feb-16 14:00:00, 11170.107998647636, 0.64906485458553287, null, null, 11170.107998647636, 0.64906485458553287
2100-Feb-16 15:00:00, 11192.497165129549, 0.65036582867536563, null, null, 11192.497165129549, 0.65036582867536563
2100-Feb-16 16:00:00, 11214.089411520437, 0.65162049588767668, null, null, 11214.089411520437, 0.65162049588767668
2100-Feb-16 17:00:00, 11235.0240782111, 0.6528369529168313, null, null, 11235.0240782111, 0.6528369529168313
2100-Feb-16 18:00:00, 11255.41515062118, 0.65402182314819302, null, null, 11255.41515062118, 0.65402182314819302
2100-Feb-16 19:00:00, 11275.3657242852, 0.65518109718526618, null, null, 11275.3657242852, 0.65518109718526618
2100-Feb-16 20:00:00, 11294.931924845925, 0.65631803633780395, null, null, 11294.931924845925, 0.65631803633780395
2100-Feb-16 21:00:00, 11314.106392589372, 0.65743221295267307, null, null, 11314.106392589372, 0.65743221295267307
2100-Feb-16 22:00:00, 11332.920811815402, 0.65852546811909873, null, null, 11332.920811815402, 0.65852546811909873
2100-Feb-16 23:00:00, 11351.358401607271, 0.65959682674326026, null, null, 11351.358401607271, 0.65959682674326026
2100-Feb-17 00:00:00, 11369.348155708498, 0.66064216284306843, null, null, 11369.348155708498, 0.66064216284306843
2100-Feb-17 01:00:00, 11386.818553462768, 0.66165732054604676, null, null, 11386.818553462768, 0.66165732054604676
2100-Feb-17 02:00:00, 11403.675240471066, 0.66263681717250367, null, null, 11403.675240471066, 0.66263681717250367
2100-Feb-17 03:00:00, 11419.836216439733, 0.66357588790649591, null, null, 11419.836216439733, 0.66357588790649591
2100-Feb-17 04:00:00, 11435.263485645124, 0.66447232491898156, null, null, 11435.263485645124, 0.66447232491898156
2100-Feb-17 05:00:00, 11449.954287351253, 0.66532596779103681, null, null, 11449.954287351253, 0.66532596779103681
2100-Feb-17 06:00:00, 11463.869125016836, 0.66613452148515384, null, null, 11463.869125016836, 0.66613452148515384
2100-Feb-17 07:00:00, 11476.925929928291, 0.66689321720969219, null, null, 11476.925929928291, 0.66689321720969219
2100-Feb-17 08:00:00, 11488.697991013407, 0.6675772599349109, null, null, 11488.697991013407, 0.6675772599349109
2100-Feb-17 09:00:00, 11497.877567033272, 0.66811066034386069, null, null, 11497.877567033272, 0.66811066034386069
2100-Feb-17 10:00:00, 11502.560171429817, 0.66838275385827361, null, null, 11502.560171429817, 0.66838275385827361
2100-Feb-17 11:00:00, 11501.390100507437, 0.66831476419217717, null, null, 11501.390100507437, 0.66831476419217717
2100-Feb-17 12:00:00, 11493.909341798713, 0.66788007747616196, null, null, 11493.909341798713, 0.66788007747616196
2100-Feb-17 13:00:00, 11480.566864755863, 0.66710478211440927, null, null, 11480.566864755863, 0.66710478211440927
2100-Feb-17 14:00:00, 11462.037977696664, 0.66602811845223453, null, null, 11462.037977696664, 0.66602811845223453
2100-Feb-17 15:00:00, 11439.35327347163, 0.66470997146109356, null, null, 11439.35327347163, 0.66470997146109356
2100-Feb-17 16:00:00, 11414.065993971972, 0.663240595838826, null, null, 11414.065993971972, 0.663240595838826
2100-Feb-17 17:00:00, 11388.287261726015, 0.66174266322271813, null, null, 11388.287261726015, 0.66174266322271813
2100-Feb-17 18:00:00, 11364.239905447317, 0.66034533619525437, null, null, 11364.239905447317, 0.66034533619525437
2100-Feb-17 19:00:00, 11343.589239961359, 0.65914538171026993, null, null, 11343.589239961359, 0.65914538171026993
2100-Feb-17 20:00:00, 11327.230988587011, 0.65819484783442461, null, null, 11327.230988587011, 0.65819484783442461
2100-Feb-17 21:00:00, 11315.474921260698, 0.65751173446340128, null, null, 11315.474921260698, 0.65751173446340128
2100-Feb-17 22:00:00, 11308.277519719701, 0.6570935128683042, null, null, 11308.277519719701, 0.6570935128683042
2100-Feb-17 23:00:00, 11305.297615647003, 0.65692035867822307, null, null, 11305.297615647003, 0.65692035867822307
2100-Feb-18 00:00:00, 11306.145753390727, 0.65696964167543004, null, null, 11306.145753390727, 0.65696964167543004
2100-Feb-18 01:00:00, 11310.568799565977, 0.65722665296152605, null, null, 11310.568799565977, 0.65722665296152605
2100-Feb-18 02:00:00, 11318.274977112365, 0.65767443815833548, null, null, 11318.274977112365, 0.65767443815833548
2100-Feb-18 03:00:00, 11328.900848643829, 0.65829187889939622, null, null, 11328.900848643829, 0.65829187889939622
2100-Feb-18 04:00:00, 11342.067974024247, 0.65905698504889676, null, null, 11342.067974024247, 0.65905698504889676
2100-Feb-18 05:00:00, 11357.404610306054, 0.65994815562659281, null, null, 11357.404610306054, 0.65994815562659281
2100-Feb-18 06:00:00, 11374.575003693284, 0.66094588088479167, null, null, 11374.575003693284, 0.66094588088479167
2100-Feb-18 07:00:00, 11393.185331078927, 0.66202727682472473, null, null, 11393.185331078927, 0.66202727682472473
2100-Feb-18 08:00:00, 11412.350844329447, 0.66314093311815636, null, null, 11412.350844329447, 0.66314093311815636
2100-Feb-18 09:00:00, 11430.253209724038, 0.66418119129587361, null, null, 11430.253209724038, 0.66418119129587361
2100-Feb-18 10:00:00, 11444.055266864885, 0.66498319161782127, null, null, 11444.055266864885, 0.66498319161782127
2100-Feb-18 11:00:00, 11450.814309473093, 0.66537594135740885, null, null, 11450.814309473093, 0.66537594135740885
2100-Feb-18 12:00:00, 11447.972759427792, 0.66521082654677544, null, null, 11447.972759427792, 0.66521082654677544
2100-Feb-18 13:00:00, 11434.464918395513, 0.66442592232951614, null, null, 11434.464918395513, 0.66442592232951614
2100-Feb-18 14:00:00, 11411.119363424705, 0.66306937508358255, null, null, 11411.119363424705, 0.66306937508358255
2100-Feb-18 15:00:00, 11380.741578928275, 0.66130420394296396, null, null, 11380.741578928275, 0.66130420394296396
2100-Feb-18 16:00:00, 11346.525052432149, 0.65931597385626117, null, null, 11346.525052432149, 0.65931597385626117
2100-Feb-18 17:00:00, 11311.799483012925, 0.65729816465797797, null, null, 11311.799483012925, 0.65729816465797797
2100-Feb-18 18:00:00, 11279.498577833807, 0.65542124616035879, null, null, 11279.498577833807, 0.65542124616035879
2100-Feb-18 19:00:00, 11251.501654150185, 0.65379442042136393, null, null, 11251.501654150185, 0.65379442042136393
2100-Feb-18 20:00:00, 11228.997407383407, 0.65248675932650224, null, null, 11228.997407383407, 0.65248675932650224
2100-Feb-18 21:00:00, 11212.517643793062, 0.65152916470345412, null, null, 11212.517643793062, 0.65152916470345412
2100-Feb-18 22:00:00, 11201.856212937262, 0.65090965770594511, null, null, 11201.856212937262, 0.65090965770594511
2100-Feb-18 23:00:00, 11196.479081019217, 0.65059720707011459, null, null, 11196.479081019217, 0.65059720707011459
2100-Feb-19 00:00:00, 11195.999058912128, 0.65056931427989506, null, null, 11195.999058912128, 0.65056931427989506
2100-Feb-19 01:00:00, 11199.919236204038, 0.65079710521121203, null, null, 11199.919236204038, 0.65079710521121203
2100-Feb-19 02:00:00, 11207.589210294016, 0.65124278672279534, null, null, 11207.589210294016, 0.65124278672279534
2100-Feb-19 03:00:00, 11218.409803462704, 0.65187154221311061, null, null, 11218.409803462704, 0.65187154221311061
2100-Feb-19 04:00:00, 11231.734117410899, 0.65264578216641134, null, null, 11231.734117410899, 0.65264578216641134
2100-Feb-19 05:00:00, 11247.009498382542, 0.65353339336321425, null, null, 11247.009498382542, 0.65353339336321425
2100-Feb-19 06:00:00, 11263.829413998756, 0.6545107533032346, null, null, 11263.829413998756, 0.6545107533032346
2100-Feb-19 07:00:00, 11281.89056321333, 0.65556023798055596, null, null, 11281.89056321333, 0.65556023798055596
2100-Feb-19 08:00:00, 11300.113716626787, 0.65661913628501523, null, null, 11300.113716626787, 0.65661913628501523
2100-Feb-19 09:00:00, 11316.193940999749, 0.65755351476153512, null, null, 11316.193940999749, 0.65755351476153512
2100-Feb-19 10:00:00, 11326.969596101544, 0.65817965902196285, null, null, 11326.969596101544, 0.65817965902196285
2100-Feb-19 11:00:00, 11329.717415061084, 0.65833932737195711, null, null, 11329.717415061084, 0.65833932737195711
2100-Feb-19 12:00:00, 11323.556066857589, 0.65798130804248989, null, null, 11323.556066857589, 0.65798130804248989
2100-Feb-19 13:00:00, 11309.442393015233, 0.65716120051432048, null, null, 11309.442393015233, 0.65716120051432048
2100-Feb-19 14:00:00, 11289.198330372452, 0.65598487262411131, null, null, 11289.198330372452, 0.65598487262411131
2100-Feb-19 15:00:00, 11265.017506960476, 0.65457979018143908, null, null, 11265.017506960476, 0.65457979018143908
2100-Feb-19 16:00:00, 11239.296024259253, 0.65308518418199701, null, null, 11239.296024259253, 0.65308518418199701
2100-Feb-19 17:00:00, 11214.173451968543, 0.65162537925149344, null, null, 11214.173451968543, 0.65162537925149344
2100-Feb-19 18:00:00, 11191.141942163656, 0.65028708032330007, null, null, 11191.141942163656, 0.65028708032330007
2100-Feb-19 19:00:00, 11170.974023275532, 0.64911517694134546, null, null, 11170.974023275532, 0.64911517694134546
2100-Feb-19 20:00:00, 11153.930532427003, 0.64812482564746632, null, null, 11153.930532427003, 0.64812482564746632
2100-Feb-19 21:00:00, 11140.105242107064, 0.647321475308132, null, null, 11140.105242107064, 0.647321475308132
2100-Feb-19 22:00:00, 11129.64435357515, 0.64671362128428334, null, null, 11129.64435357515, 0.64671362128428334
2100-Feb-19 23:00:00, 11122.495510741661, 0.64629822130473658, null, null, 11122.495510741661, 0.64629822130473658
2100-Feb-20 00:00:00, 11118.424926294472, 0.64606169061921304, null, null, 11118.424926294472, 0.64606169061921304
2100-Feb-20 01:00:00, 11117.137863662319, 0.64598690288034055, null, null, 11117.137863662319, 0.64598690288034055
2100-Feb-20 02:00:00, 11118.48133054169, 0.64606496811791969, null, null, 11118.48133054169, 0.64606496811791969
2100-Feb-20 03:00:00, 11122.346347240617, 0.6462895538159239, null, null, 11122.346347240617, 0.6462895538159239
2100-Feb-20 04:00:00, 11128.576980136608, 0.64665159909203962, null, null, 11128.576980136608, 0.64665159909203962
2100-Feb-20 05:00:00, 11136.910613897924, 0.64713584407750557, null, null, 11136.910613897924, 0.64713584407750557
2100-Feb-20 06:00:00, 11147.068235681292, 0.64772607608838273, null, null, 11147.068235681292, 0.64772607608838273
2100-Feb-20 07:00:00, 11158.696769839589, 0.64840177885091743, null, null, 11158.696769839589, 0.64840177885091743
2100-Feb-20 08:00:00, 11171.092705431636, 0.64912207324139937, null, null, 11171.092705431636, 0.64912207324139937
2100-Feb-20 09:00:00, 11183.075773502356, 0.64981837701355205, null, null, 11183.075773502356, 0.64981837701355205
2100-Feb-20 10:00:00, 11193.363599532127, 0.65041617484208003, null, null, 11193.363599532127, 0.65041617484208003
2100-Feb-20 11:00:00, 11200.383007994591, 0.65082405373935814, null, null, 11200.383007994591, 0.65082405373935814
2100-Feb-20 12:00:00, 11203.132646154996, 0.65098382779820896, null, null, 11203.132646154996, 0.65098382779820896
2100-Feb-20 13:00:00, 11201.550551588087, 0.65089189654918822, null, null, 11201.550551588087, 0.65089189654918822
2100-Feb-20 14:00:00, 11195.85599759178, 0.65056100137234751, null, null, 11195.85599759178, 0.65056100137234751
2100-Feb-20 15:00:00, 11186.453374312407, 0.65001464028861511, null, null, 11186.453374312407, 0.65001464028861511
2100-Feb-20 16:00:00, 11174.477481622451, 0.64931875345848966, null, null, 11174.477481622451, 0.64931875345848966
2100-Feb-20 17:00:00, 11161.793867338165, 0.64858174283495351, null, null, 11161.793867338165, 0.64858174283495351
2100-Feb-20 18:00:00, 11150.308994894638, 0.64791438786726718, null, null, 11150.308994894638, 0.64791438786726718
2100-Feb-20 19:00:00, 11141.350170628632, 0.64739381474745694, null, null, 11141.350170628632, 0.64739381474745694
2100-Feb-20 20:00:00, 11135.598699667511, 0.64705961227927267, null, null, 11135.598699667511, 0.64705961227927267
2100-Feb-20 21:00:00, 11133.238763107196, 0.64692248272953712, null, null, 11133.238763107196, 0.64692248272953712
2100-Feb-20 22:00:00, 11134.116335601235, 0.64697347610071143, null, null, 11134.116335601235, 0.64697347610071143
2100-Feb-20 23:00:00, 11138.02851506249, 0.64720080229965593, null, null, 11138.02851506249, 0.64720080229965593
2100-Feb-21 00:00:00, 11144.739403635394, 0.64759075393810372, null, null, 11144.739403635394, 0.64759075393810372
2100-Feb-21 01:00:00, 11153.905628167828, 0.6481233785281223, null, null, 11153.905628167828, 0.6481233785281223
2100-Feb-21 02:00:00, 11165.161736137085, 0.64877744060909315, null, null, 11165.161736137085, 0.64877744060909315
2100-Feb-21 03:00:00, 11178.160282187342, 0.64953275106830755, null, null, 11178.160282187342, 0.64953275106830755
2100-Feb-21 04:00:00, 11192.528184390831, 0.6503676311209925, null, null, 11192.528184390831, 0.6503676311209925
2100-Feb-21 05:00:00, 11207.991437150464, 0.65126615904078211, null, null, 11207.991437150464, 0.65126615904078211
2100-Feb-21 06:00:00, 11224.21948248751, 0.65220912699491218, null, null, 11224.21948248751, 0.65220912699491218
2100-Feb-21 07:00:00, 11240.750934237672, 0.65316972507754545, null, null, 11240.750934237672, 0.65316972507754545
2100-Feb-21 08:00:00, 11257.059227808004, 0.65411735604011512, null, null, 11257.059227808004, 0.65411735604011512
2100-Feb-21 09:00:00, 11272.632398365184, 0.65502227098671684, null, null, 11272.632398365184, 0.65502227098671684
2100-Feb-21 10:00:00, 11286.922583954165, 0.6558526351365026, null, null, 11286.922583954165, 0.6558526351365026
2100-Feb-21 11:00:00, 11299.31736745631, 0.65657286258214709, null, null, 11299.31736745631, 0.65657286258214709
2100-Feb-21 12:00:00, 11308.795032113629, 0.65712358411799598, null, null, 11308.795032113629, 0.65712358411799598
2100-Feb-21 13:00:00, 11314.309205441543, 0.65744399786060925, null, null, 11314.309205441543, 0.65744399786060925
2100-Feb-21 14:00:00, 11315.781038715784, 0.65752952212324267, null, null, 11315.781038715784, 0.65752952212324267
2100-Feb-21 15:00:00, 11313.843794691964, 0.65741695409697387, null, null, 11313.843794691964, 0.65741695409697387
2100-Feb-21 16:00:00, 11309.144847584863, 0.65714391095171998, null, null, 11309.144847584863, 0.65714391095171998
2100-Feb-21 17:00:00, 11302.393508920739, 0.6567516088675488, null, null, 11302.393508920739, 0.6567516088675488
2100-Feb-21 18:00:00, 11294.418390527804, 0.65628819624337009, null, null, 11294.418390527804, 0.65628819624337009
2100-Feb-21 19:00:00, 11286.466849063539, 0.6558261536109391, null, null, 11286.466849063539, 0.6558261536109391
2100-Feb-21 20:00:00, 11279.643419042077, 0.65542966249239387, null, null, 11279.643419042077, 0.65542966249239387
2100-Feb-21 21:00:00, 11274.996828267076, 0.65515966163241468, null, null, 11274.996828267076, 0.65515966163241468
2100-Feb-21 22:00:00, 11273.459016887826, 0.65507030356001528, null, null, 11273.459016887826, 0.65507030356001528
2100-Feb-21 23:00:00, 11275.458083513047, 0.65518646393094127, null, null, 11275.458083513047, 0.65518646393094127
2100-Feb-22 00:00:00, 11280.881331248498, 0.65550159423256571, null, null, 11280.881331248498, 0.65550159423256571
2100-Feb-22 01:00:00, 11289.269347499145, 0.65598899923783927, null, null, 11289.269347499145, 0.65598899923783927
2100-Feb-22 02:00:00, 11300.04388920657, 0.65661507880192249, null, null, 11300.04388920657, 0.65661507880192249
2100-Feb-22 03:00:00, 11312.680144433805, 0.65734933751836133, null, null, 11312.680144433805, 0.65734933751836133
2100-Feb-22 04:00:00, 11326.752309445577, 0.65816703308031788, null, null, 11326.752309445577, 0.65816703308031788
2100-Feb-22 05:00:00, 11341.915590864395, 0.65904813047439292, null, null, 11341.915590864395, 0.65904813047439292
2100-Feb-22 06:00:00, 11357.886922392676, 0.65997618148134785, null, null, 11357.886922392676, 0.65997618148134785
2100-Feb-22 07:00:00, 11374.365747181781, 0.66093372155318741, null, null, 11374.365747181781, 0.66093372155318741
2100-Feb-22 08:00:00, 11391.040065446547, 0.66190262122373167, null, null, 11391.040065446547, 0.66190262122373167
2100-Feb-22 09:00:00, 11407.535711835228, 0.66286113875336161, null, null, 11407.535711835228, 0.66286113875336161
2100-Feb-22 10:00:00, 11422.775325673501, 0.66374667161849388, null, null, 11422.775325673501, 0.66374667161849388
2100-Feb-22 11:00:00, 11435.75046317385, 0.66450062186999648, null, null, 11435.75046317385, 0.66450062186999648
2100-Feb-22 12:00:00, 11445.802725644848, 0.66508473173534277, null, null, 11445.802725644848, 0.66508473173534277
2100-Feb-22 13:00:00, 11452.207795071958, 0.66545691304789767, null, null, 11452.207795071958, 0.66545691304789767
2100-Feb-22 14:00:00, 11454.549178094143, 0.6655929645015638, null, null, 11454.549178094143, 0.6655929645015638
2100-Feb-22 15:00:00, 11453.081645546832, 0.66550769014257505, null, null, 11453.081645546832, 0.66550769014257505
2100-Feb-22 16:00:00, 11448.457059816432, 0.66523896793639914, null, null, 11448.457059816432, 0.66523896793639914
2100-Feb-22 17:00:00, 11441.836168940517, 0.66485424582143637, null, null, 11441.836168940517, 0.66485424582143637
2100-Feb-22 18:00:00, 11434.687535313871, 0.66443885799833502, null, null, 11434.687535313871, 0.66443885799833502
2100-Feb-22 19:00:00, 11428.327742977473, 0.6640693076154276, null, null, 11428.327742977473, 0.6640693076154276
2100-Feb-22 20:00:00, 11423.671025675512, 0.66379871833027393, null, null, 11423.671025675512, 0.66379871833027393
2100-Feb-22 21:00:00, 11421.281486443429, 0.6636598686491082, null, null, 11421.281486443429, 0.6636598686491082
2100-Feb-22 22:00:00, 11421.265152428856, 0.66365891952356748, null, null, 11421.265152428856, 0.66365891952356748
2100-Feb-22 23:00:00, 11423.401416043871, 0.66378305204160626, null, null, 11423.401416043871, 0.66378305204160626
2100-Feb-23 00:00:00, 11427.515580412773, 0.66402211503886333, null, null, 11427.515580412773, 0.66402211503886333
2100-Feb-23 01:00:00, 11433.498286891263, 0.66436975397941422, null, null, 11433.498286891263, 0.66436975397941422
2100-Feb-23 02:00:00, 11441.315670870268, 0.66482400108214468, null, null, 11441.315670870268, 0.66482400108214468
2100-Feb-23 03:00:00, 11450.97547901351, 0.6653853064847941, null, null, 11450.97547901351, 0.6653853064847941
2100-Feb-23 04:00:00, 11462.201596626228, 0.6660376259070182, null, null, 11462.201596626228, 0.6660376259070182
2100-Feb-23 05:00:00, 11474.671256323549, 0.66676220420645382, null, null, 11474.671256323549, 0.66676220420645382
2100-Feb-23 06:00:00, 11488.358141875222, 0.66755751221792525, null, null, 11488.358141875222, 0.66755751221792525
2100-Feb-23 07:00:00, 11503.226883663421, 0.66842149470831802, null, null, 11503.226883663421, 0.66842149470831802
2100-Feb-23 08:00:00, 11518.576848468832, 0.66931343977057911, null, null, 11518.576848468832, 0.66931343977057911
2100-Feb-23 09:00:00, 11533.213921121078, 0.67016396059219852, null, null, 11533.213921121078, 0.67016396059219852
2100-Feb-23 10:00:00, 11545.293446461876, 0.6708658692362095, null, null, 11545.293446461876, 0.6708658692362095
2100-Feb-23 11:00:00, 11552.95536676658, 0.67131108276404838, null, null, 11552.95536676658, 0.67131108276404838
2100-Feb-23 12:00:00, 11554.876855083889, 0.67142273526869856, null, null, 11554.876855083889, 0.67142273526869856
2100-Feb-23 13:00:00, 11550.898719426477, 0.67119157653305228, null, null, 11550.898719426477, 0.67119157653305228
2100-Feb-23 14:00:00, 11541.63012675416, 0.67065300360647018, null, null, 11541.63012675416, 0.67065300360647018
2100-Feb-23 15:00:00, 11528.502271470456, 0.66989017933639428, null, null, 11528.502271470456, 0.66989017933639428
2100-Feb-23 16:00:00, 11513.520454236872, 0.66901962633678846, null, null, 11513.520454236872, 0.66901962633678846
2100-Feb-23 17:00:00, 11498.60921581143, 0.66815317448140166, null, null, 11498.60921581143, 0.66815317448140166
2100-Feb-23 18:00:00, 11485.445981050278, 0.66738829440529523, null, null, 11485.445981050278, 0.66738829440529523
2100-Feb-23 19:00:00, 11475.383079051311, 0.66680356630566917, null, null, 11475.383079051311, 0.66680356630566917
2100-Feb-23 20:00:00, 11469.150056169528, 0.6664413821539239, null, null, 11469.150056169528, 0.6664413821539239
2100-Feb-23 21:00:00, 11466.83802718068, 0.66630703638397915, null, null, 11466.83802718068, 0.66630703638397915
2100-Feb-23 22:00:00, 11468.113138736297, 0.66638112967802132, null, null, 11468.113138736297, 0.66638112967802132
2100-Feb-23 23:00:00, 11472.4060465237, 0.66663057897332956, null, null, 11472.4060465237, 0.66663057897332956
2100-Feb-24 00:00:00, 11479.139087508132, 0.66702181782867531, null, null, 11479.139087508132, 0.66702181782867531
2100-Feb-24 01:00:00, 11487.887124907149, 0.6675301426920508, null, null, 11487.887124907149, 0.6675301426920508
2100-Feb-24 02:00:00, 11498.379801783944, 0.66813984385090031, null, null, 11498.379801783944, 0.66813984385090031
2100-Feb-24 03:00:00, 11510.363856961119, 0.66883620498114726, null, null, 11510.363856961119, 0.66883620498114726
2100-Feb-24 04:00:00, 11523.561368992438, 0.66960307681699116, null, null, 11523.561368992438, 0.66960307681699116
2100-Feb-24 05:00:00, 11537.710458377343, 0.67042524224683697, null, null, 11537.710458377343, 0.67042524224683697
2100-Feb-24 06:00:00, 11552.544123768568, 0.67128718654238817, null, null, 11552.544123768568, 0.67128718654238817
2100-Feb-24 07:00:00, 11567.816746344412, 0.6721746374562495, null, null, 11567.816746344412, 0.6721746374562495
2100-Feb-24 08:00:00, 11582.869177964651, 0.6730492936674457, null, null, 11582.869177964651, 0.6730492936674457
2100-Feb-24 09:00:00, 11596.404294536891, 0.67383578279278122, null, null, 11596.404294536891, 0.67383578279278122
2100-Feb-24 10:00:00, 11607.049818602505, 0.67445436548960658, null, null, 11607.049818602505, 0.67445436548960658
2100-Feb-24 11:00:00, 11613.584118890005, 0.67483405605897606, null, null, 11613.584118890005, 0.67483405605897606
2100-Feb-24 12:00:00, 11615.519996170708, 0.67494654466748782, null, null, 11615.519996170708, 0.67494654466748782
2100-Feb-24 13:00:00, 11612.990905333825, 0.6747995860188809, null, null, 11612.990905333825, 0.6747995860188809
2100-Feb-24 14:00:00, 11606.443071549995, 0.67441910905453406, null, null, 11606.443071549995, 0.67441910905453406
2100-Feb-24 15:00:00, 11596.604327206671, 0.67384740615181571, null, null, 11596.604327206671, 0.67384740615181571
2100-Feb-24 16:00:00, 11584.487032856436, 0.67314330285251389, null, null, 11584.487032856436, 0.67314330285251389
2100-Feb-24 17:00:00, 11571.421672993063, 0.67238411002278886, null, null, 11571.421672993063, 0.67238411002278886
2100-Feb-24 18:00:00, 11559.035165953896, 0.67166436350008984, null, null, 11559.035165953896, 0.67166436350008984
2100-Feb-24 19:00:00, 11548.752094195699, 0.67106684192946264, null, null, 11548.752094195699, 0.67106684192946264
2100-Feb-24 20:00:00, 11541.464390665775, 0.67064337312929656, null, null, 11541.464390665775, 0.67064337312929656
2100-Feb-24 21:00:00, 11537.507842547158, 0.670413468787317, null, null, 11537.507842547158, 0.670413468787317
2100-Feb-24 22:00:00, 11536.789557643824, 0.67037173118850502, null, null, 11536.789557643824, 0.67037173118850502
2100-Feb-24 23:00:00, 11538.950789012219, 0.67049731451536476, null, null, 11538.950789012219, 0.67049731451536476
2100-Feb-25 00:00:00, 11543.803027661992, 0.6707792650187987, null, null, 11543.803027661992, 0.6707792650187987
2100-Feb-25 01:00:00, 11551.288025856011, 0.67121419807987215, null, null, 11551.288025856011, 0.67121419807987215
2100-Feb-25 02:00:00, 11561.239502249517, 0.67179245153803424, null, null, 11561.239502249517, 0.67179245153803424
2100-Feb-25 03:00:00, 11573.266687410356, 0.67249131883532798, null, null, 11573.266687410356, 0.67249131883532798
2100-Feb-25 04:00:00, 11586.898207731407, 0.6732834097225453, null, null, 11586.898207731407, 0.6732834097225453
2100-Feb-25 05:00:00, 11601.656917581531, 0.67414099855372767, null, null, 11601.656917581531, 0.67414099855372767
2100-Feb-25 06:00:00, 11617.23033225675, 0.67504592768537031, null, null, 11617.23033225675, 0.67504592768537031
2100-Feb-25 07:00:00, 11633.312780563434, 0.6759804353886818, null, null, 11633.312780563434, 0.6759804353886818
2100-Feb-25 08:00:00, 11649.185618321024, 0.6769027631882194, null, null, 11649.185618321024, 0.6769027631882194
2100-Feb-25 09:00:00, 11663.504806932906, 0.67773481262545665, null, null, 11663.504806932906, 0.67773481262545665
2100-Feb-25 10:00:00, 11674.069570953063, 0.67834870257381741, null, null, 11674.069570953063, 0.67834870257381741
2100-Feb-25 11:00:00, 11678.021804504977, 0.67857835620796059, null, null, 11678.021804504977, 0.67857835620796059
2100-Feb-25 12:00:00, 11672.985413167629, 0.67828570508843633, null, null, 11672.985413167629, 0.67828570508843633
2100-Feb-25 13:00:00, 11657.885583995358, 0.67740829473330333, null, null, 11657.885583995358, 0.67740829473330333
2100-Feb-25 14:00:00, 11633.030392396915, 0.67596402657381094, null, null, 11633.030392396915, 0.67596402657381094
2100-Feb-25 15:00:00, 11600.20542266132, 0.6740566560980028, null, null, 11600.20542266132, 0.6740566560980028
2100-Feb-25 16:00:00, 11562.06695420263, 0.67184053253972997, null, null, 11562.06695420263, 0.67184053253972997
2100-Feb-25 17:00:00, 11522.14796528913, 0.66952094773916415, null, null, 11522.14796528913, 0.66952094773916415
2100-Feb-25 18:00:00, 11483.969388085949, 0.66730249356990579, null, null, 11483.969388085949, 0.66730249356990579
2100-Feb-25 19:00:00, 11450.012123627825, 0.6653293285011076, null, null, 11450.012123627825, 0.6653293285011076
2100-Feb-25 20:00:00, 11421.827811102094, 0.66369161410180888, null, null, 11421.827811102094, 0.66369161410180888
2100-Feb-25 21:00:00, 11400.185088346982, 0.66243401384408696, null, null, 11400.185088346982, 0.66243401384408696
2100-Feb-25 22:00:00, 11385.028091196418, 0.66155328161189408, null, null, 11385.028091196418, 0.66155328161189408
2100-Feb-25 23:00:00, 11375.85921601999, 0.66102050300010073, null, null, 11375.85921601999, 0.66102050300010073
2100-Feb-26 00:00:00, 11372.004503441452, 0.66079651604674627, null, null, 11372.004503441452, 0.66079651604674627
2100-Feb-26 01:00:00, 11372.865659309718, 0.66084655549206583, null, null, 11372.865659309718, 0.66084655549206583
2100-Feb-26 02:00:00, 11377.933776387268, 0.66114105010880186, null, null, 11377.933776387268, 0.66114105010880186
2100-Feb-26 03:00:00, 11386.731448940742, 0.66165225913715708, null, null, 11386.731448940742, 0.66165225913715708
2100-Feb-26 04:00:00, 11398.758967366912, 0.66235114579960042, null, null, 11398.758967366912, 0.66235114579960042
2100-Feb-26 05:00:00, 11413.454875174872, 0.66320508537346412, null, null, 11413.454875174872, 0.66320508537346412
2100-Feb-26 06:00:00, 11430.200369635904, 0.66417812090084027, null, null, 11430.200369635904, 0.66417812090084027
2100-Feb-26 07:00:00, 11448.3102928033, 0.66523043970103668, null, null, 11448.3102928033, 0.66523043970103668
2100-Feb-26 08:00:00, 11466.95281903461, 0.66631370662906431, null, null, 11466.95281903461, 0.66631370662906431
2100-Feb-26 09:00:00, 11485.300159166278, 0.66737982108883798, null, null, 11485.300159166278, 0.66737982108883798
2100-Feb-26 10:00:00, 11502.20840490322, 0.66836231365398369, null, null, 11502.20840490322, 0.66836231365398369
2100-Feb-26 11:00:00, 11515.911371163822, 0.66915855607208785, null, null, 11515.911371163822, 0.66915855607208785
2100-Feb-26 12:00:00, 11521.256286490287, 0.66946913468865654, null, null, 11521.256286490287, 0.66946913468865654
2100-Feb-26 13:00:00, 11516.18019465211, 0.66917417668008516, null, null, 11516.18019465211, 0.66917417668008516
2100-Feb-26 14:00:00, 11502.55024758424, 0.66838217721036774, null, null, 11502.55024758424, 0.66838217721036774
2100-Feb-26 15:00:00, 11483.593664871332, 0.66728066130707642, null, null, 11483.593664871332, 0.66728066130707642
2100-Feb-26 16:00:00, 11462.37650011414, 0.66604778907705753, null, null, 11462.37650011414, 0.66604778907705753
2100-Feb-26 17:00:00, 11441.291240620352, 0.66482258150620055, null, null, 11441.291240620352, 0.66482258150620055
2100-Feb-26 18:00:00, 11421.838586547135, 0.66369224023386331, null, null, 11421.838586547135, 0.66369224023386331
2100-Feb-26 19:00:00, 11404.811550528131, 0.66270284508575594, null, null, 11404.811550528131, 0.66270284508575594
2100-Feb-26 20:00:00, 11390.600926018486, 0.66187710401574662, null, null, 11390.600926018486, 0.66187710401574662
2100-Feb-26 21:00:00, 11379.518269377077, 0.66123312072370966, null, null, 11379.518269377077, 0.66123312072370966
2100-Feb-26 22:00:00, 11371.944733370143, 0.66079304296907793, null, null, 11371.944733370143, 0.66079304296907793
2100-Feb-26 23:00:00, 11368.002528232102, 0.6605639720590224, null, null, 11368.002528232102, 0.6605639720590224
2100-Feb-27 00:00:00, 11367.790409548255, 0.66055164641430142, null, null, 11367.790409548255, 0.66055164641430142
2100-Feb-27 01:00:00, 11371.377634298504, 0.66076009037125938, null, null, 11371.377634298504, 0.66076009037125938
2100-Feb-27 02:00:00, 11378.477914709392, 0.66117266851938183, null, null, 11378.477914709392, 0.66117266851938183
2100-Feb-27 03:00:00, 11388.445702221226, 0.66175186977264555, null, null, 11388.445702221226, 0.66175186977264555
2100-Feb-27 04:00:00, 11400.693536224613, 0.66246355837917992, null, null, 11400.693536224613, 0.66246355837917992
2100-Feb-27 05:00:00, 11414.703784847352, 0.66327765614673295, null, null, 11414.703784847352, 0.66327765614673295
2100-Feb-27 06:00:00, 11430.051786147977, 0.66416948711502577, null, null, 11430.051786147977, 0.66416948711502577
2100-Feb-27 07:00:00, 11446.247625369904, 0.66511058365865305, null, null, 11446.247625369904, 0.66511058365865305
2100-Feb-27 08:00:00, 11462.272331080758, 0.66604173609542894, null, null, 11462.272331080758, 0.66604173609542894
2100-Feb-27 09:00:00, 11476.641238112508, 0.66687667453597455, null, null, 11476.641238112508, 0.66687667453597455
2100-Feb-27 10:00:00, 11488.122457896086, 0.66754381725744105, null, null, 11488.122457896086, 0.66754381725744105
2100-Feb-27 11:00:00, 11495.954334040363, 0.66799890646081606, null, null, 11495.954334040363, 0.66799890646081606
2100-Feb-27 12:00:00, 11499.838592509223, 0.66822461024618385, null, null, 11499.838592509223, 0.66822461024618385
2100-Feb-27 13:00:00, 11499.710023433187, 0.66821713944387373, null, null, 11499.710023433187, 0.66821713944387373
2100-Feb-27 14:00:00, 11495.801217260127, 0.66799000925760987, null, null, 11495.801217260127, 0.66799000925760987
2100-Feb-27 15:00:00, 11488.704329550777, 0.66757762825022515, null, null, 11488.704329550777, 0.66757762825022515
2100-Feb-27 16:00:00, 11479.512884820771, 0.66704353818253426, null, null, 11479.512884820771, 0.66704353818253426
2100-Feb-27 17:00:00, 11469.4641364372, 0.66645963251133222, null, null, 11469.4641364372, 0.66645963251133222
2100-Feb-27 18:00:00, 11459.880778121769, 0.66590276940202298, null, null, 11459.880778121769, 0.66590276940202298
2100-Feb-27 19:00:00, 11451.849250250498, 0.66543607897517154, null, null, 11451.849250250498, 0.66543607897517154
2100-Feb-27 20:00:00, 11446.059020062392, 0.66509962431282499, null, null, 11446.059020062392, 0.66509962431282499
2100-Feb-27 21:00:00, 11442.758363454326, 0.66490783205785209, null, null, 11442.758363454326, 0.66490783205785209
2100-Feb-27 22:00:00, 11441.918999063573, 0.66485905885652807, null, null, 11441.918999063573, 0.66485905885652807
2100-Feb-27 23:00:00, 11443.619409580215, 0.66495786512633803, null, null, 11443.619409580215, 0.66495786512633803
2100-Feb-28 00:00:00, 11447.871060713534, 0.66520491710872975, null, null, 11447.871060713534, 0.66520491710872975
2100-Feb-28 01:00:00, 11454.610027204864, 0.66559650027930262, null, null, 11454.610027204864, 0.66559650027930262
2100-Feb-28 02:00:00, 11463.823445636695, 0.66613186717955253, null, null, 11463.823445636695, 0.66613186717955253
2100-Feb-28 03:00:00, 11475.444252110658, 0.66680712090718897, null, null, 11475.444252110658, 0.66680712090718897
2100-Feb-28 04:00:00, 11489.273681316594, 0.66761071174602771, null, null, 11489.273681316594, 0.66761071174602771
2100-Feb-28 05:00:00, 11505.16011879192, 0.66853382978849007, null, null, 11505.16011879192, 0.66853382978849007
2100-Feb-28 06:00:00, 11522.735288994512, 0.66955507553591187, null, null, 11522.735288994512, 0.66955507553591187
2100-Feb-28 07:00:00, 11540.760516873941, 0.67060247292131303, null, null, 11540.760516873941, 0.67060247292131303
2100-Feb-28 08:00:00, 11557.412238760297, 0.67157005957724103, null, null, 11557.412238760297, 0.67157005957724103
2100-Feb-28 09:00:00, 11570.654249404668, 0.67233951710749496, null, null, 11570.654249404668, 0.67233951710749496
2100-Feb-28 10:00:00, 11576.57872892506, 0.67268377263652512, null, null, 11576.57872892506, 0.67268377263652512
2100-Feb-28 11:00:00, 11572.719745700835, 0.67245953752746601, null, null, 11572.719745700835, 0.67245953752746601
2100-Feb-28 12:00:00, 11559.793658205866, 0.67170843743950825, null, null, 11559.793658205866, 0.67170843743950825
2100-Feb-28 13:00:00, 11539.236166990455, 0.67051389706013231, null, null, 11539.236166990455, 0.67051389706013231
2100-Feb-28 14:00:00, 11512.176631823935, 0.66894154044011256, null, null, 11512.176631823935, 0.66894154044011256
2100-Feb-28 15:00:00, 11480.330019082301, 0.6670910196509946, null, null, 11480.330019082301, 0.6670910196509946
2100-Feb-28 16:00:00, 11446.281955212276, 0.6651125784732197, null, null, 11446.281955212276, 0.6651125784732197
2100-Feb-28 17:00:00, 11412.725179194475, 0.66316268470773498, null, null, 11412.725179194475, 0.66316268470773498
2100-Feb-28 18:00:00, 11382.006512122438, 0.66137770579986888, null, null, 11382.006512122438, 0.66137770579986888
2100-Feb-28 19:00:00, 11355.901223433424, 0.65986079786944429, null, null, 11355.901223433424, 0.65986079786944429
2100-Feb-28 20:00:00, 11335.423275447967, 0.65867087953266545, null, null, 11335.423275447967, 0.65867087953266545
2100-Feb-28 21:00:00, 11320.775711478145, 0.65781974908887242, null, null, 11320.775711478145, 0.65781974908887242
2100-Feb-28 22:00:00, 11311.600279768267, 0.65728658949460061, null, null, 11311.600279768267, 0.65728658949460061
2100-Feb-28 23:00:00, 11307.320495281887, 0.6570379027589266, null, null, 11307.320495281887, 0.6570379027589266
2100-Mar-01 00:00:00, 11307.36145421973, 0.65704028277235516, null, null, 11307.36145421973, 0.65704028277235516
2100-Mar-01 01:00:00, 11311.230965479937, 0.65726512963719541, null, null, 11311.230965479937, 0.65726512963719541
2100-Mar-01 02:00:00, 11318.542279391282, 0.65768997037295829, null, null, 11318.542279391282, 0.65768997037295829
2100-Mar-01 03:00:00, 11328.989646033278, 0.65829703867624689, null, null, 11328.989646033278, 0.65829703867624689
2100-Mar-01 04:00:00, 11342.319757483425, 0.65907161550675253, null, null, 11342.319757483425, 0.65907161550675253
2100-Mar-01 05:00:00, 11358.173813861848, 0.65999285197099244, null, null, 11358.173813861848, 0.65999285197099244
2100-Mar-01 06:00:00, 11375.962290267671, 0.66102649236668443, null, null, 11375.962290267671, 0.66102649236668443
2100-Mar-01 07:00:00, 11394.896937798261, 0.66212673367568142, null, null, 11394.896937798261, 0.66212673367568142
2100-Mar-01 08:00:00, 11413.547363000424, 0.66321045959160507, null, null, 11413.547363000424, 0.66321045959160507
2100-Mar-01 09:00:00, 11429.992193185966, 0.6641660243287012, null, null, 11429.992193185966, 0.6641660243287012
2100-Mar-01 10:00:00, 11441.892212743393, 0.66485750237569419, null, null, 11441.892212743393, 0.66485750237569419
2100-Mar-01 11:00:00, 11447.856010263096, 0.66520404256763976, null, null, 11447.856010263096, 0.66520404256763976
2100-Mar-01 12:00:00, 11448.040225876264, 0.66521474684016668, null, null, 11448.040225876264, 0.66521474684016668
2100-Mar-01 13:00:00, 11443.447456986543, 0.66494787342480566, null, null, 11443.447456986543, 0.66494787342480566
2100-Mar-01 14:00:00, 11435.18234380279, 0.66446760998532983, null, null, 11435.18234380279, 0.66446760998532983
2100-Mar-01 15:00:00, 11424.440576924791, 0.6638434348782043, null, null, 11424.440576924791, 0.6638434348782043
2100-Mar-01 16:00:00, 11411.910351685314, 0.66311533727843441, null, null, 11411.910351685314, 0.66311533727843441
2100-Mar-01 17:00:00, 11398.126093078392, 0.66231437118129788, null, null, 11398.126093078392, 0.66231437118129788
2100-Mar-01 18:00:00, 11383.997826663341, 0.66149341571807929, null, null, 11383.997826663341, 0.66149341571807929
2100-Mar-01 19:00:00, 11370.63648211418, 0.66071702401641286, null, null, 11370.63648211418, 0.66071702401641286
2100-Mar-01 20:00:00, 11358.886227740084, 0.66003424842036773, null, null, 11358.886227740084, 0.66003424842036773
2100-Mar-01 21:00:00, 11349.138161811861, 0.65946781459582826, null, null, 11349.138161811861, 0.65946781459582826
2100-Mar-01 22:00:00, 11341.482607212807, 0.65902297096197904, null, null, 11341.482607212807, 0.65902297096197904
2100-Mar-01 23:00:00, 11335.887729808124, 0.65869786772309058, null, null, 11335.887729808124, 0.65869786772309058
2100-Mar-02 00:00:00, 11332.337991626222, 0.65849160200953327, null, null, 11332.337991626222, 0.65849160200953327
2100-Mar-02 01:00:00, 11330.752895055895, 0.65839949632218919, null, null, 11330.752895055895, 0.65839949632218919
2100-Mar-02 02:00:00, 11331.058195315743, 0.658417236497019, null, null, 11331.058195315743, 0.658417236497019
2100-Mar-02 03:00:00, 11333.296543371076, 0.65854730086660451, null, null, 11333.296543371076, 0.65854730086660451
2100-Mar-02 04:00:00, 11337.513449838494, 0.65879233393015291, null, null, 11337.513449838494, 0.65879233393015291
2100-Mar-02 05:00:00, 11343.686246126592, 0.65915101847694557, null, null, 11343.686246126592, 0.65915101847694557
2100-Mar-02 06:00:00, 11351.70019349317, 0.65961668734807688, null, null, 11351.70019349317, 0.65961668734807688
2100-Mar-02 07:00:00, 11361.135484211585, 0.66016494664860126, null, null, 11361.135484211585, 0.66016494664860126
2100-Mar-02 08:00:00, 11370.899161566811, 0.66073228761106617, null, null, 11370.899161566811, 0.66073228761106617
2100-Mar-02 09:00:00, 11379.396443040918, 0.66122604172383126, null, null, 11379.396443040918, 0.66122604172383126
2100-Mar-02 10:00:00, 11385.387306313822, 0.66157415463371005, null, null, 11385.387306313822, 0.66157415463371005
2100-Mar-02 11:00:00, 11388.063804086731, 0.66172967870187327, null, null, 11388.063804086731, 0.66172967870187327
2100-Mar-02 12:00:00, 11387.239109646718, 0.66168175793182793, null, null, 11387.239109646718, 0.66168175793182793
2100-Mar-02 13:00:00, 11383.73698100426, 0.66147825868022425, null, null, 11383.73698100426, 0.66147825868022425
2100-Mar-02 14:00:00, 11379.04117851113, 0.66120539826000857, null, null, 11379.04117851113, 0.66120539826000857
2100-Mar-02 15:00:00, 11374.319122060781, 0.660931012293135, null, null, 11374.319122060781, 0.660931012293135
2100-Mar-02 16:00:00, 11370.034170403869, 0.66068202530711517, null, null, 11370.034170403869, 0.66068202530711517
2100-Mar-02 17:00:00, 11366.524128455099, 0.66047806623462069, null, null, 11366.524128455099, 0.66047806623462069
2100-Mar-02 18:00:00, 11364.261890676426, 0.6603466136976327, null, null, 11364.261890676426, 0.6603466136976327
2100-Mar-02 19:00:00, 11363.704792285613, 0.6603142422124092, null, null, 11363.704792285613, 0.6603142422124092
2100-Mar-02 20:00:00, 11365.249497227818, 0.66040400085116291, null, null, 11365.249497227818, 0.66040400085116291
2100-Mar-02 21:00:00, 11368.99085052077, 0.66062140080211562, null, null, 11368.99085052077, 0.66062140080211562
2100-Mar-02 22:00:00, 11374.7951175785, 0.66095867110910433, null, null, 11374.7951175785, 0.66095867110910433
2100-Mar-02 23:00:00, 11382.456592796218, 0.66140385877413865, null, null, 11382.456592796218, 0.66140385877413865
2100-Mar-03 00:00:00, 11391.714268076759, 0.66194179732052438, null, null, 11391.714268076759, 0.66194179732052438
2100-Mar-03 01:00:00, 11402.260355097298, 0.66255460199880156, null, null, 11402.260355097298, 0.66255460199880156
2100-Mar-03 02:00:00, 11413.890350660982, 0.66323038967966252, null, null, 11413.890350660982, 0.66323038967966252
2100-Mar-03 03:00:00, 11426.300612652423, 0.66395151653858087, null, null, 11426.300612652423, 0.66395151653858087
2100-Mar-03 04:00:00, 11439.142745782412, 0.66469773826478029, null, null, 11439.142745782412, 0.66469773826478029
2100-Mar-03 05:00:00, 11452.131265615242, 0.66545246612753661, null, null, 11452.131265615242, 0.66545246612753661
2100-Mar-03 06:00:00, 11465.05871630115, 0.66620364542684385, null, null, 11465.05871630115, 0.66620364542684385
2100-Mar-03 07:00:00, 11477.878050955253, 0.66694854239508772, null, null, 11477.878050955253, 0.66694854239508772
2100-Mar-03 08:00:00, 11490.357972058924, 0.66767371695717559, null, null, 11490.357972058924, 0.66767371695717559
2100-Mar-03 09:00:00, 11501.866917268719, 0.66834247072839537, null, null, 11501.866917268719, 0.66834247072839537
2100-Mar-03 10:00:00, 11511.779474053959, 0.66891846267307142, null, null, 11511.779474053959, 0.66891846267307142
2100-Mar-03 11:00:00, 11519.496725535391, 0.66936689134638439, null, null, 11519.496725535391, 0.66936689134638439
2100-Mar-03 12:00:00, 11524.265920926766, 0.66964401643000637, null, null, 11524.265920926766, 0.66964401643000637
2100-Mar-03 13:00:00, 11525.222975038074, 0.66969962826363072, null, null, 11525.222975038074, 0.66969962826363072
2100-Mar-03 14:00:00, 11521.705358124309, 0.66949522903034697, null, null, 11521.705358124309, 0.66949522903034697
2100-Mar-03 15:00:00, 11514.078779523874, 0.66905206911364112, null, null, 11514.078779523874, 0.66905206911364112
2100-Mar-03 16:00:00, 11503.733537026978, 0.66845093496903718, null, null, 11503.733537026978, 0.66845093496903718
2100-Mar-03 17:00:00, 11492.430191271207, 0.66779412802767302, null, null, 11492.430191271207, 0.66779412802767302
2100-Mar-03 18:00:00, 11481.77669324319, 0.66717508198539488, null, null, 11481.77669324319, 0.66717508198539488
2100-Mar-03 19:00:00, 11473.021281335983, 0.66666632860923458, null, null, 11473.021281335983, 0.66666632860923458
2100-Mar-03 20:00:00, 11467.006332361399, 0.66631681614418048, null, null, 11467.006332361399, 0.66631681614418048
2100-Mar-03 21:00:00, 11464.136874269807, 0.66615007967223372, null, null, 11464.136874269807, 0.66615007967223372
2100-Mar-03 22:00:00, 11464.541189045531, 0.66617357331357929, null, null, 11464.541189045531, 0.66617357331357929
2100-Mar-03 23:00:00, 11468.151031653224, 0.66638333153324225, null, null, 11468.151031653224, 0.66638333153324225
2100-Mar-04 00:00:00, 11474.696196381281, 0.66676365340595545, null, null, 11474.696196381281, 0.66676365340595545
2100-Mar-04 01:00:00, 11483.820814251672, 0.6672938603450389, null, null, 11483.820814251672, 0.6672938603450389
2100-Mar-04 02:00:00, 11495.237341086147, 0.6679572439336835, null, null, 11495.237341086147, 0.6679572439336835
2100-Mar-04 03:00:00, 11508.733023466018, 0.66874144164443827, null, null, 11508.733023466018, 0.66874144164443827
2100-Mar-04 04:00:00, 11524.10519095062, 0.66963467684451561, null, null, 11524.10519095062, 0.66963467684451561
2100-Mar-04 05:00:00, 11541.093166172494, 0.67062180227503276, null, null, 11541.093166172494, 0.67062180227503276
2100-Mar-04 06:00:00, 11559.444117076537, 0.67168812654705246, null, null, 11559.444117076537, 0.67168812654705246
2100-Mar-04 07:00:00, 11578.770992999305, 0.67281115919023937, null, null, 11578.770992999305, 0.67281115919023937
2100-Mar-04 08:00:00, 11598.155444313228, 0.67393753738414897, null, null, 11598.155444313228, 0.67393753738414897
2100-Mar-04 09:00:00, 11616.226715332319, 0.67498761021223641, null, null, 11616.226715332319, 0.67498761021223641
2100-Mar-04 10:00:00, 11631.40271274027, 0.67586944649815006, null, null, 11631.40271274027, 0.67586944649815006
2100-Mar-04 11:00:00, 11641.872208904846, 0.67647780068832142, null, null, 11641.872208904846, 0.67647780068832142
2100-Mar-04 12:00:00, 11646.359478063947, 0.67673854379882592, null, null, 11646.359478063947, 0.67673854379882592
2100-Mar-04 13:00:00, 11644.105237939362, 0.6766075559839505, null, null, 11644.105237939362, 0.6766075559839505
2100-Mar-04 14:00:00, 11634.902681060939, 0.67607282021928006, null, null, 11634.902681060939, 0.67607282021928006
2100-Mar-04 15:00:00, 11619.289739975042, 0.67516559431449941, null, null, 11619.289739975042, 0.67516559431449941
2100-Mar-04 16:00:00, 11598.705505873115, 0.67396949997810274, null, null, 11598.705505873115, 0.67396949997810274
2100-Mar-04 17:00:00, 11575.454599625578, 0.67261845251424957, null, null, 11575.454599625578, 0.67261845251424957
2100-Mar-04 18:00:00, 11552.305919685601, 0.67127334514546599, null, null, 11552.305919685601, 0.67127334514546599
2100-Mar-04 19:00:00, 11531.664339745807, 0.67007391859706911, null, null, 11531.664339745807, 0.67007391859706911
2100-Mar-04 20:00:00, 11515.081521316466, 0.66911033573522383, null, null, 11515.081521316466, 0.66911033573522383
2100-Mar-04 21:00:00, 11503.25523893725, 0.66842314235681766, null, null, 11503.25523893725, 0.66842314235681766
2100-Mar-04 22:00:00, 11496.337251245917, 0.66802115674705953, null, null, 11496.337251245917, 0.66802115674705953
2100-Mar-04 23:00:00, 11494.23931555369, 0.66789925136125938, null, null, 11494.23931555369, 0.66789925136125938
2100-Mar-05 00:00:00, 11496.529965761076, 0.66803235486786317, null, null, 11496.529965761076, 0.66803235486786317
2100-Mar-05 01:00:00, 11502.775073118566, 0.66839524121590488, null, null, 11502.775073118566, 0.66839524121590488
2100-Mar-05 02:00:00, 11512.462557833231, 0.66895815482948717, null, null, 11512.462557833231, 0.66895815482948717
2100-Mar-05 03:00:00, 11525.009238471428, 0.66968720860810316, null, null, 11525.009238471428, 0.66968720860810316
2100-Mar-05 04:00:00, 11539.908873389028, 0.6705529862149392, null, null, 11539.908873389028, 0.6705529862149392
2100-Mar-05 05:00:00, 11556.780669052927, 0.67153336076463122, null, null, 11556.780669052927, 0.67153336076463122
2100-Mar-05 06:00:00, 11575.359509904136, 0.67261292710695464, null, null, 11575.359509904136, 0.67261292710695464
2100-Mar-05 07:00:00, 11595.185991145778, 0.67376499046798988, null, null, 11595.185991145778, 0.67376499046798988
2100-Mar-05 08:00:00, 11615.014897281089, 0.67491719473305745, null, null, 11615.014897281089, 0.67491719473305745
2100-Mar-05 09:00:00, 11633.10720820944, 0.67596849013353588, null, null, 11633.10720820944, 0.67596849013353588
2100-Mar-05 10:00:00, 11647.190581325998, 0.67678683696823783, null, null, 11647.190581325998, 0.67678683696823783
2100-Mar-05 11:00:00, 11655.501276341975, 0.67726974904506854, null, null, 11655.501276341975, 0.67726974904506854
2100-Mar-05 12:00:00, 11656.996526333749, 0.67735663399001245, null, null, 11656.996526333749, 0.67735663399001245
2100-Mar-05 13:00:00, 11650.320277881436, 0.67696869519556191, null, null, 11650.320277881436, 0.67696869519556191
2100-Mar-05 14:00:00, 11634.176112450308, 0.67603060127657488, null, null, 11634.176112450308, 0.67603060127657488
2100-Mar-05 15:00:00, 11609.333812430159, 0.67458708221193375, null, null, 11609.333812430159, 0.67458708221193375
2100-Mar-05 16:00:00, 11578.481057495137, 0.67279431181992966, null, null, 11578.481057495137, 0.67279431181992966
2100-Mar-05 17:00:00, 11545.120657070454, 0.67085582891061646, null, null, 11545.120657070454, 0.67085582891061646
2100-Mar-05 18:00:00, 11512.610674434352, 0.66896676148576839, null, null, 11512.610674434352, 0.66896676148576839
2100-Mar-05 19:00:00, 11483.600096551349, 0.66728103503465852, null, null, 11483.600096551349, 0.66728103503465852
2100-Mar-05 20:00:00, 11459.714239109384, 0.66589309226910098, null, null, 11459.714239109384, 0.66589309226910098
2100-Mar-05 21:00:00, 11441.516007956599, 0.66483564213000423, null, null, 11441.516007956599, 0.66483564213000423
2100-Mar-05 22:00:00, 11428.80634848378, 0.66409711809079564, null, null, 11428.80634848378, 0.66409711809079564
2100-Mar-05 23:00:00, 11421.319565014323, 0.66366208129218052, null, null, 11421.319565014323, 0.66366208129218052
2100-Mar-06 00:00:00, 11418.770993222424, 0.6635139906578098, null, null, 11418.770993222424, 0.6635139906578098
2100-Mar-06 01:00:00, 11420.814795185688, 0.66363275047859649, null, null, 11420.814795185688, 0.66363275047859649
2100-Mar-06 02:00:00, 11427.16932184201, 0.66400199488703415, null, null, 11427.16932184201, 0.66400199488703415
2100-Mar-06 03:00:00, 11437.257466543002, 0.66458818977200573, null, null, 11437.257466543002, 0.66458818977200573
2100-Mar-06 04:00:00, 11450.331341981746, 0.6653478774188526, null, null, 11450.331341981746, 0.6653478774188526
2100-Mar-06 05:00:00, 11465.758982685054, 0.66624433601808031, null, null, 11465.758982685054, 0.66624433601808031
2100-Mar-06 06:00:00, 11483.310628776444, 0.66726421484283505, null, null, 11483.310628776444, 0.66726421484283505
2100-Mar-06 07:00:00, 11502.452675628863, 0.6683765075671525, null, null, 11502.452675628863, 0.6683765075671525
2100-Mar-06 08:00:00, 11522.046925762026, 0.66951507660470644, null, null, 11522.046925762026, 0.66951507660470644
2100-Mar-06 09:00:00, 11540.289433761256, 0.6705750995519536, null, null, 11540.289433761256, 0.6705750995519536
2100-Mar-06 10:00:00, 11554.905863433827, 0.67142442086568976, null, null, 11554.905863433827, 0.67142442086568976
2100-Mar-06 11:00:00, 11563.600069039079, 0.67192961770869197, null, null, 11563.600069039079, 0.67192961770869197
2100-Mar-06 12:00:00, 11564.390031891928, 0.67197552031986407, null, null, 11564.390031891928, 0.67197552031986407
2100-Mar-06 13:00:00, 11555.713809955629, 0.67147136845937017, null, null, 11555.713809955629, 0.67147136845937017
2100-Mar-06 14:00:00, 11537.535172260137, 0.6704150568432411, null, null, 11537.535172260137, 0.6704150568432411
2100-Mar-06 15:00:00, 11511.660399104869, 0.66891154354887628, null, null, 11511.660399104869, 0.66891154354887628
2100-Mar-06 16:00:00, 11480.700394009857, 0.66711254113928498, null, null, 11480.700394009857, 0.66711254113928498
2100-Mar-06 17:00:00, 11447.579494568023, 0.66518797498624882, null, null, 11447.579494568023, 0.66518797498624882
2100-Mar-06 18:00:00, 11415.186370148213, 0.6633056978772307, null, null, 11415.186370148213, 0.6633056978772307
2100-Mar-06 19:00:00, 11385.875139124633, 0.66160250128286058, null, null, 11385.875139124633, 0.66160250128286058
2100-Mar-06 20:00:00, 11361.122209219509, 0.66016417527460891, null, null, 11361.122209219509, 0.66016417527460891
2100-Mar-06 21:00:00, 11341.575997862377, 0.65902839764078913, null, null, 11341.575997862377, 0.65902839764078913
2100-Mar-06 22:00:00, 11327.223998225894, 0.65819444164339025, null, null, 11327.223998225894, 0.65819444164339025
2100-Mar-06 23:00:00, 11317.731101717785, 0.65764283502576604, null, null, 11317.731101717785, 0.65764283502576604
2100-Mar-07 00:00:00, 11312.72945105727, 0.65735220259329108, null, null, 11312.72945105727, 0.65735220259329108
2100-Mar-07 01:00:00, 11311.830681817246, 0.6572999775363666, null, null, 11311.830681817246, 0.6572999775363666
2100-Mar-07 02:00:00, 11314.620616166048, 0.65746209309806292, null, null, 11314.620616166048, 0.65746209309806292
2100-Mar-07 03:00:00, 11320.749508313651, 0.65781822649364285, null, null, 11320.749508313651, 0.65781822649364285
2100-Mar-07 04:00:00, 11329.972595156984, 0.65835415519921336, null, null, 11329.972595156984, 0.65835415519921336
2100-Mar-07 05:00:00, 11342.045164965491, 0.65905565967599922, null, null, 11342.045164965491, 0.65905565967599922
2100-Mar-07 06:00:00, 11356.674880446581, 0.65990575299224208, null, null, 11356.674880446581, 0.65990575299224208
2100-Mar-07 07:00:00, 11373.310354569663, 0.66087239553445987, null, null, 11373.310354569663, 0.66087239553445987
2100-Mar-07 08:00:00, 11390.58143366313, 0.66187597136753984, null, null, 11390.58143366313, 0.66187597136753984
2100-Mar-07 09:00:00, 11406.058520628711, 0.66277530315573185, null, null, 11406.058520628711, 0.66277530315573185
2100-Mar-07 10:00:00, 11417.227875559838, 0.66342432425159459, null, null, 11417.227875559838, 0.66342432425159459
2100-Mar-07 11:00:00, 11422.28504960592, 0.66371818299828089, null, null, 11422.28504960592, 0.66371818299828089
2100-Mar-07 12:00:00, 11419.521199602805, 0.66355758312757374, null, null, 11419.521199602805, 0.66355758312757374
2100-Mar-07 13:00:00, 11408.015118275729, 0.66288899576885596, null, null, 11408.015118275729, 0.66288899576885596
2100-Mar-07 14:00:00, 11387.735187482993, 0.66171058367717472, null, null, 11387.735187482993, 0.66171058367717472
2100-Mar-07 15:00:00, 11359.881199967427, 0.66009206357346517, null, null, 11359.881199967427, 0.66009206357346517
2100-Mar-07 16:00:00, 11326.810739145443, 0.65817042827261607, null, null, 11326.810739145443, 0.65817042827261607
2100-Mar-07 17:00:00, 11291.425668237727, 0.65611429722124259, null, null, 11291.425668237727, 0.65611429722124259
2100-Mar-07 18:00:00, 11256.55774319306, 0.65408821612143975, null, null, 11256.55774319306, 0.65408821612143975
2100-Mar-07 19:00:00, 11224.498965872923, 0.65222536702078615, null, null, 11224.498965872923, 0.65222536702078615
2100-Mar-07 20:00:00, 11196.728692954424, 0.65061171134656814, null, null, 11196.728692954424, 0.65061171134656814
2100-Mar-07 21:00:00, 11173.934562594626, 0.64928720589781352, null, null, 11173.934562594626, 0.64928720589781352
2100-Mar-07 22:00:00, 11156.391093068438, 0.64826780219121372, null, null, 11156.391093068438, 0.64826780219121372
2100-Mar-07 23:00:00, 11144.143254392689, 0.64755611331318097, null, null, 11144.143254392689, 0.64755611331318097
2100-Mar-08 00:00:00, 11136.932176668714, 0.64713709703197009, null, null, 11136.932176668714, 0.64713709703197009
2100-Mar-08 01:00:00, 11134.27757913616, 0.64698284552771801, null, null, 11134.27757913616, 0.64698284552771801
2100-Mar-08 02:00:00, 11135.725069502474, 0.64706695528961466, null, null, 11135.725069502474, 0.64706695528961466
2100-Mar-08 03:00:00, 11140.895319647017, 0.64736738458346255, null, null, 11140.895319647017, 0.64736738458346255
2100-Mar-08 04:00:00, 11149.330980567969, 0.64785755809204937, null, null, 11149.330980567969, 0.64785755809204937
2100-Mar-08 05:00:00, 11160.420510002668, 0.64850194074357126, null, null, 11160.420510002668, 0.64850194074357126
2100-Mar-08 06:00:00, 11173.957290774539, 0.64928852657105962, null, null, 11173.957290774539, 0.64928852657105962
2100-Mar-08 07:00:00, 11189.225663128345, 0.65017573051597943, null, null, 11189.225663128345, 0.65017573051597943
2100-Mar-08 08:00:00, 11204.342272286605, 0.6510541159108495, null, null, 11204.342272286605, 0.6510541159108495
2100-Mar-08 09:00:00, 11216.748345149197, 0.65177499935078675, null, null, 11216.748345149197, 0.65177499935078675
2100-Mar-08 10:00:00, 11224.220463316915, 0.65220918398826411, null, null, 11224.220463316915, 0.65220918398826411
2100-Mar-08 11:00:00, 11225.035967838672, 0.65225657075694099, null, null, 11225.035967838672, 0.65225657075694099
2100-Mar-08 12:00:00, 11217.791826305924, 0.65183563322696192, null, null, 11217.791826305924, 0.65183563322696192
2100-Mar-08 13:00:00, 11201.731969024473, 0.65090243822720795, null, null, 11201.731969024473, 0.65090243822720795
2100-Mar-08 14:00:00, 11177.520333586173, 0.64949556538077347, null, null, 11177.520333586173, 0.64949556538077347
2100-Mar-08 15:00:00, 11147.547489150087, 0.64775392421510358, null, null, 11147.547489150087, 0.64775392421510358
2100-Mar-08 16:00:00, 11114.477255513606, 0.64583230211539155, null, null, 11114.477255513606, 0.64583230211539155
2100-Mar-08 17:00:00, 11080.764176706156, 0.64387332601628511, null, null, 11080.764176706156, 0.64387332601628511
2100-Mar-08 18:00:00, 11048.528811135298, 0.64200021584856848, null, null, 11048.528811135298, 0.64200021584856848
2100-Mar-08 19:00:00, 11019.415907320166, 0.64030854351347377, null, null, 11019.415907320166, 0.64030854351347377
2100-Mar-08 20:00:00, 10994.415744824673, 0.63885585148608104, null, null, 10994.415744824673, 0.63885585148608104
2100-Mar-08 21:00:00, 10974.047609665631, 0.6376723140765248, null, null, 10974.047609665631, 0.6376723140765248
2100-Mar-08 22:00:00, 10958.515459833989, 0.63676978273366802, null, null, 10958.515459833989, 0.63676978273366802
2100-Mar-08 23:00:00, 10948.117278330194, 0.63616557244612804, null, null, 10948.117278330194, 0.63616557244612804
2100-Mar-09 00:00:00, 10942.972733475766, 0.6358666368173721, null, null, 10942.972733475766, 0.6358666368173721
2100-Mar-09 01:00:00, 10942.902789909016, 0.63586257258531742, null, null, 10942.902789909016, 0.63586257258531742
2100-Mar-09 02:00:00, 10947.657333091973, 0.63613884626861938, null, null, 10947.657333091973, 0.63613884626861938
2100-Mar-09 03:00:00, 10957.026828014752, 0.63668328235288374, null, null, 10957.026828014752, 0.63668328235288374
2100-Mar-09 04:00:00, 10970.602542542578, 0.6374721305159422, null, null, 10970.602542542578, 0.6374721305159422
2100-Mar-09 05:00:00, 10987.72153110742, 0.63846686877852976, null, null, 10987.72153110742, 0.63846686877852976
2100-Mar-09 06:00:00, 11007.499942564973, 0.63961613893403624, null, null, 11007.499942564973, 0.63961613893403624
2100-Mar-09 07:00:00, 11028.945556656345, 0.64086228573882975, null, null, 11028.945556656345, 0.64086228573882975
2100-Mar-09 08:00:00, 11050.528294637741, 0.64211640044310558, null, null, 11050.528294637741, 0.64211640044310558
2100-Mar-09 09:00:00, 11070.292976748817, 0.64326487282331068, null, null, 11070.292976748817, 0.64326487282331068
2100-Mar-09 10:00:00, 11085.828010463618, 0.64416757174084127, null, null, 11085.828010463618, 0.64416757174084127
2100-Mar-09 11:00:00, 11095.53298959733, 0.64473150190793904, null, null, 11095.53298959733, 0.64473150190793904
2100-Mar-09 12:00:00, 11098.409466263338, 0.64489864621031889, null, null, 11098.409466263338, 0.64489864621031889
2100-Mar-09 13:00:00, 11094.399332540779, 0.64466562815339268, null, null, 11094.399332540779, 0.64466562815339268
2100-Mar-09 14:00:00, 11084.759830650859, 0.64410550269236622, null, null, 11084.759830650859, 0.64410550269236622
2100-Mar-09 15:00:00, 11071.004741598819, 0.64330623155940547, null, null, 11071.004741598819, 0.64330623155940547
2100-Mar-09 16:00:00, 11054.937662848948, 0.64237261693959491, null, null, 11054.937662848948, 0.64237261693959491
2100-Mar-09 17:00:00, 11038.421128138008, 0.64141288564588583, null, null, 11038.421128138008, 0.64141288564588583
2100-Mar-09 18:00:00, 11023.08607415816, 0.64052180701148975, null, null, 11023.08607415816, 0.64052180701148975
2100-Mar-09 19:00:00, 11010.189944638701, 0.63977244770070441, null, null, 11010.189944638701, 0.63977244770070441
2100-Mar-09 20:00:00, 11000.613816888357, 0.63921600474003459, null, null, 11000.613816888357, 0.63921600474003459
2100-Mar-09 21:00:00, 10994.959978508445, 0.63888747543786917, null, null, 10994.959978508445, 0.63888747543786917
2100-Mar-09 22:00:00, 10993.56617388435, 0.63880648520968442, null, null, 10993.56617388435, 0.63880648520968442
2100-Mar-09 23:00:00, 10996.534917486028, 0.63897899089488974, null, null, 10996.534917486028, 0.63897899089488974
2100-Mar-10 00:00:00, 11003.800630928285, 0.63940118191035977, null, null, 11003.800630928285, 0.63940118191035977
2100-Mar-10 01:00:00, 11015.151751804657, 0.64006076493515218, null, null, 11015.151751804657, 0.64006076493515218
2100-Mar-10 02:00:00, 11030.270222819448, 0.64093925851748457, null, null, 11030.270222819448, 0.64093925851748457
2100-Mar-10 03:00:00, 11048.77226411429, 0.64201436224468444, null, null, 11048.77226411429, 0.64201436224468444
2100-Mar-10 04:00:00, 11070.238270989086, 0.6432616940191318, null, null, 11070.238270989086, 0.6432616940191318
2100-Mar-10 05:00:00, 11094.266206349794, 0.64465789254942141, null, null, 11094.266206349794, 0.64465789254942141
2100-Mar-10 06:00:00, 11120.437463309865, 0.64617863371818773, null, null, 11120.437463309865, 0.64617863371818773
2100-Mar-10 07:00:00, 11148.152543866627, 0.64778908231309651, null, null, 11148.152543866627, 0.64778908231309651
2100-Mar-10 08:00:00, 11176.249730783164, 0.64942173407818704, null, null, 11176.249730783164, 0.64942173407818704
2100-Mar-10 09:00:00, 11203.048326975235, 0.65097892823804737, null, null, 11203.048326975235, 0.65097892823804737
2100-Mar-10 10:00:00, 11226.136170014437, 0.65232050053857904, null, null, 11226.136170014437, 0.65232050053857904
2100-Mar-10 11:00:00, 11242.477050539854, 0.65327002504123499, null, null, 11242.477050539854, 0.65327002504123499
2100-Mar-10 12:00:00, 11250.353439875465, 0.65372770078612463, null, null, 11250.353439875465, 0.65372770078612463
2100-Mar-10 13:00:00, 11249.275452944035, 0.65366506187242934, null, null, 11249.275452944035, 0.65366506187242934
2100-Mar-10 14:00:00, 11239.974750395475, 0.65312462312752595, null, null, 11239.974750395475, 0.65312462312752595
2100-Mar-10 15:00:00, 11224.412956696739, 0.65222036925948967, null, null, 11224.412956696739, 0.65222036925948967
2100-Mar-10 16:00:00, 11204.946667224556, 0.65108923567088761, null, null, 11204.946667224556, 0.65108923567088761
2100-Mar-10 17:00:00, 11183.947131844801, 0.6498690092971342, null, null, 11183.947131844801, 0.6498690092971342
2100-Mar-10 18:00:00, 11163.714057992191, 0.64869331993588963, null, null, 11163.714057992191, 0.64869331993588963
2100-Mar-10 19:00:00, 11146.186052732442, 0.64767481481611189, null, null, 11146.186052732442, 0.64767481481611189
2100-Mar-10 20:00:00, 11132.583326379037, 0.64688439706870882, null, null, 11132.583326379037, 0.64688439706870882
2100-Mar-10 21:00:00, 11123.484227656549, 0.64635567297849539, null, null, 11123.484227656549, 0.64635567297849539
2100-Mar-10 22:00:00, 11118.947525796459, 0.64609205746703624, null, null, 11118.947525796459, 0.64609205746703624
2100-Mar-10 23:00:00, 11118.978697813696, 0.64609386878889974, null, null, 11118.978697813696, 0.64609386878889974
2100-Mar-11 00:00:00, 11123.424238381638, 0.64635218716349685, null, null, 11123.424238381638, 0.64635218716349685
2100-Mar-11 01:00:00, 11131.791067284692, 0.64683836102913539, null, null, 11131.791067284692, 0.64683836102913539
2100-Mar-11 02:00:00, 11143.597860522243, 0.64752442194607374, null, null, 11143.597860522243, 0.64752442194607374
2100-Mar-11 03:00:00, 11158.482419732401, 0.64838932354420342, null, null, 11158.482419732401, 0.64838932354420342
2100-Mar-11 04:00:00, 11176.023082084721, 0.64940856413349946, null, null, 11176.023082084721, 0.64940856413349946
2100-Mar-11 05:00:00, 11195.74137086166, 0.65055434072216178, null, null, 11195.74137086166, 0.65055434072216178
2100-Mar-11 06:00:00, 11217.227936111492, 0.65180286708834489, null, null, 11217.227936111492, 0.65180286708834489
2100-Mar-11 07:00:00, 11240.076162057669, 0.65313051588575022, null, null, 11240.076162057669, 0.65313051588575022
2100-Mar-11 08:00:00, 11263.286261832143, 0.65447919219549211, null, null, 11263.286261832143, 0.65447919219549211
2100-Mar-11 09:00:00, 11284.967909597466, 0.65573905428059265, null, null, 11284.967909597466, 0.65573905428059265
2100-Mar-11 10:00:00, 11302.057400074771, 0.65673207848885773, null, null, 11302.057400074771, 0.65673207848885773
2100-Mar-11 11:00:00, 11310.937154123112, 0.65724805705153944, null, null, 11310.937154123112, 0.65724805705153944
2100-Mar-11 12:00:00, 11309.1929414679, 0.65714670555757371, null, null, 11309.1929414679, 0.65714670555757371
2100-Mar-11 13:00:00, 11296.371488446579, 0.65640168549672329, null, null, 11296.371488446579, 0.65640168549672329
2100-Mar-11 14:00:00, 11273.623415427979, 0.65507985631586785, null, null, 11273.623415427979, 0.65507985631586785
2100-Mar-11 15:00:00, 11242.785359752066, 0.65328794005817281, null, null, 11242.785359752066, 0.65328794005817281
2100-Mar-11 16:00:00, 11206.521278093211, 0.65118073206238325, null, null, 11206.521278093211, 0.65118073206238325
2100-Mar-11 17:00:00, 11167.993133896742, 0.64894196549778427, null, null, 11167.993133896742, 0.64894196549778427
2100-Mar-11 18:00:00, 11130.482827208101, 0.64676234272607347, null, null, 11130.482827208101, 0.64676234272607347
2100-Mar-11 19:00:00, 11096.908930161408, 0.64481145410376828, null, null, 11096.908930161408, 0.64481145410376828
2100-Mar-11 20:00:00, 11069.373098090504, 0.64321142115501284, null, null, 11069.373098090504, 0.64321142115501284
2100-Mar-11 21:00:00, 11048.639469765847, 0.64200664592318857, null, null, 11048.639469765847, 0.64200664592318857
2100-Mar-11 22:00:00, 11034.402225837679, 0.6411793580705506, null, null, 11034.402225837679, 0.6411793580705506
2100-Mar-11 23:00:00, 11026.463960179095, 0.64071808685938825, null, null, 11026.463960179095, 0.64071808685938825
2100-Mar-12 00:00:00, 11024.409326100353, 0.6405986976135809, null, null, 11024.409326100353, 0.6405986976135809
2100-Mar-12 01:00:00, 11027.461088347236, 0.64077602728839178, null, null, 11027.461088347236, 0.64077602728839178
2100-Mar-12 02:00:00, 11034.834996112895, 0.64120450518423888, null, null, 11034.834996112895, 0.64120450518423888
2100-Mar-12 03:00:00, 11045.832585677868, 0.64184354545785527, null, null, 11045.832585677868, 0.64184354545785527
2100-Mar-12 04:00:00, 11059.715135915265, 0.64265022301658636, null, null, 11059.715135915265, 0.64265022301658636
2100-Mar-12 05:00:00, 11075.924143386432, 0.64359208473166762, null, null, 11075.924143386432, 0.64359208473166762
2100-Mar-12 06:00:00, 11094.126827936874, 0.6446497936456933, null, null, 11094.126827936874, 0.6446497936456933
2100-Mar-12 07:00:00, 11113.960520654426, 0.64580227604614726, null, null, 11113.960520654426, 0.64580227604614726
2100-Mar-12 08:00:00, 11134.009537496031, 0.64696727035080892, null, null, 11134.009537496031, 0.64696727035080892
2100-Mar-12 09:00:00, 11151.943594396089, 0.64800937003644965, null, null, 11151.943594396089, 0.64800937003644965
2100-Mar-12 10:00:00, 11165.188847984351, 0.6487790160054282, null, null, 11165.188847984351, 0.6487790160054282
2100-Mar-12 11:00:00, 11170.742415650247, 0.64910171884679124, null, null, 11170.742415650247, 0.64910171884679124
2100-Mar-12 12:00:00, 11166.996284834411, 0.64888404128686672, null, null, 11166.996284834411, 0.64888404128686672
2100-Mar-12 13:00:00, 11154.069582327837, 0.648132905462243, null, null, 11154.069582327837, 0.648132905462243
2100-Mar-12 14:00:00, 11132.236880946177, 0.64686426605882708, null, null, 11132.236880946177, 0.64686426605882708
2100-Mar-12 15:00:00, 11102.819568862478, 0.64515490538011067, null, null, 11102.819568862478, 0.64515490538011067
2100-Mar-12 16:00:00, 11068.125431422173, 0.64313892260936323, null, null, 11068.125431422173, 0.64313892260936323
2100-Mar-12 17:00:00, 11031.246496574884, 0.64099598715280159, null, null, 11031.246496574884, 0.64099598715280159
2100-Mar-12 18:00:00, 10995.30515942587, 0.63890753297016889, null, null, 10995.30515942587, 0.63890753297016889
2100-Mar-12 19:00:00, 10962.832582725025, 0.63702063910335016, null, null, 10962.832582725025, 0.63702063910335016
2100-Mar-12 20:00:00, 10935.479647609875, 0.6354312338034952, null, null, 10935.479647609875, 0.6354312338034952
2100-Mar-12 21:00:00, 10914.061846781273, 0.63418670315240022, null, null, 10914.061846781273, 0.63418670315240022
2100-Mar-12 22:00:00, 10898.667520881239, 0.63329218038655433, null, null, 10898.667520881239, 0.63329218038655433
2100-Mar-12 23:00:00, 10889.165043575436, 0.63274001705461158, null, null, 10889.165043575436, 0.63274001705461158
2100-Mar-13 00:00:00, 10885.294516227845, 0.63251511114767334, null, null, 10885.294516227845, 0.63251511114767334
2100-Mar-13 01:00:00, 10886.940923132184, 0.63261077941319799, null, null, 10886.940923132184, 0.63261077941319799
2100-Mar-13 02:00:00, 10893.896250642514, 0.63301493473914772, null, null, 10893.896250642514, 0.63301493473914772
2100-Mar-13 03:00:00, 10905.687798904037, 0.63370010981163849, null, null, 10905.687798904037, 0.63370010981163849
2100-Mar-13 04:00:00, 10921.632363340768, 0.63462660545508354, null, null, 10921.632363340768, 0.63462660545508354
2100-Mar-13 05:00:00, 10940.825192365737, 0.63574184899450892, null, null, 10940.825192365737, 0.63574184899450892
2100-Mar-13 06:00:00, 10962.577551668694, 0.63700581993638128, null, null, 10962.577551668694, 0.63700581993638128
2100-Mar-13 07:00:00, 10985.94229492757, 0.63836348216199157, null, null, 10985.94229492757, 0.63836348216199157
2100-Mar-13 08:00:00, 11009.182728763739, 0.63971392110225989, null, null, 11009.182728763739, 0.63971392110225989
2100-Mar-13 09:00:00, 11030.114453199523, 0.64093020716491766, null, null, 11030.114453199523, 0.64093020716491766
2100-Mar-13 10:00:00, 11046.320853309002, 0.64187191737324223, null, null, 11046.320853309002, 0.64187191737324223
2100-Mar-13 11:00:00, 11055.123096960842, 0.64238339201579708, null, null, 11055.123096960842, 0.64238339201579708
2100-Mar-13 12:00:00, 11054.306090479487, 0.64233591797229816, null, null, 11054.306090479487, 0.64233591797229816
2100-Mar-13 13:00:00, 11043.112587881353, 0.64168549372062211, null, null, 11043.112587881353, 0.64168549372062211
2100-Mar-13 14:00:00, 11022.010854846169, 0.64045932891669688, null, null, 11022.010854846169, 0.64045932891669688
2100-Mar-13 15:00:00, 10993.883412497104, 0.63882491909000871, null, null, 10993.883412497104, 0.63882491909000871
2100-Mar-13 16:00:00, 10962.685302244199, 0.63701208103176465, null, null, 10962.685302244199, 0.63701208103176465
2100-Mar-13 17:00:00, 10931.542409231704, 0.63520245149846244, null, null, 10931.542409231704, 0.63520245149846244
2100-Mar-13 18:00:00, 10902.540057076209, 0.63351720302219661, null, null, 10902.540057076209, 0.63351720302219661
2100-Mar-13 19:00:00, 10876.897601111397, 0.63202718905330468, null, null, 10876.897601111397, 0.63202718905330468
2100-Mar-13 20:00:00, 10855.186219934638, 0.63076559923984454, null, null, 10855.186219934638, 0.63076559923984454
2100-Mar-13 21:00:00, 10837.850448208814, 0.62975826429234782, null, null, 10837.850448208814, 0.62975826429234782
2100-Mar-13 22:00:00, 10824.9663579158, 0.62900960454854637, null, null, 10824.9663579158, 0.62900960454854637
2100-Mar-13 23:00:00, 10816.2572403497, 0.62850354121171081, null, null, 10816.2572403497, 0.62850354121171081
2100-Mar-14 00:00:00, 10811.4282794148, 0.6282229433135178, null, null, 10811.4282794148, 0.6282229433135178
2100-Mar-14 01:00:00, 10810.315154359869, 0.62815826261821905, null, null, 10810.315154359869, 0.62815826261821905
2100-Mar-14 02:00:00, 10812.675159451235, 0.62829539615010921, null, null, 10812.675159451235, 0.62829539615010921
2100-Mar-14 03:00:00, 10818.291977913459, 0.62862177432468525, null, null, 10818.291977913459, 0.62862177432468525
2100-Mar-14 04:00:00, 10826.879616958537, 0.62912077887224216, null, null, 10826.879616958537, 0.62912077887224216
2100-Mar-14 05:00:00, 10838.149692844179, 0.62977565259116841, null, null, 10838.149692844179, 0.62977565259116841
2100-Mar-14 06:00:00, 10851.809160749797, 0.63056936743716174, null, null, 10851.809160749797, 0.63056936743716174
2100-Mar-14 07:00:00, 10867.49062680715, 0.63148057514324984, null, null, 10867.49062680715, 0.63148057514324984
2100-Mar-14 08:00:00, 10884.453038889667, 0.6324662151686723, null, null, 10884.453038889667, 0.6324662151686723
2100-Mar-14 09:00:00, 10901.636463650091, 0.63346469764482705, null, null, 10901.636463650091, 0.63346469764482705
2100-Mar-14 10:00:00, 10917.757201725914, 0.63440143026337137, null, null, 10917.757201725914, 0.63440143026337137
2100-Mar-14 11:00:00, 10931.358387923892, 0.63519175851649567, null, null, 10931.358387923892, 0.63519175851649567
2100-Mar-14 12:00:00, 10940.888833343302, 0.63574554700010155, null, null, 10940.888833343302, 0.63574554700010155
2100-Mar-14 13:00:00, 10945.240518732586, 0.63599841170335591, null, null, 10945.240518732586, 0.63599841170335591
2100-Mar-14 14:00:00, 10944.202193735458, 0.63593807743771102, null, null, 10944.202193735458, 0.63593807743771102
2100-Mar-14 15:00:00, 10939.010405208672, 0.63563639660655114, null, null, 10939.010405208672, 0.63563639660655114
2100-Mar-14 16:00:00, 10931.609315132273, 0.63520633921992664, null, null, 10931.609315132273, 0.63520633921992664
2100-Mar-14 17:00:00, 10924.040517663447, 0.63476653680896644, null, null, 10924.040517663447, 0.63476653680896644
2100-Mar-14 18:00:00, 10918.114769549429, 0.63442220756538159, null, null, 10918.114769549429, 0.63442220756538159
2100-Mar-14 19:00:00, 10914.947628722388, 0.63423817355240653, null, null, 10914.947628722388, 0.63423817355240653
2100-Mar-14 20:00:00, 10914.96037074774, 0.63423891395713972, null, null, 10914.96037074774, 0.63423891395713972
2100-Mar-14 21:00:00, 10917.999304580695, 0.63441549820741028, null, null, 10917.999304580695, 0.63441549820741028
2100-Mar-14 22:00:00, 10923.675177913146, 0.63474530790124839, null, null, 10923.675177913146, 0.63474530790124839
2100-Mar-14 23:00:00, 10931.725114417379, 0.6352130680041207, null, null, 10931.725114417379, 0.6352130680041207
2100-Mar-15 00:00:00, 10941.92030708612, 0.63580548315783358, null, null, 10941.92030708612, 0.63580548315783358
2100-Mar-15 01:00:00, 10953.994704291477, 0.63650709381972259, null, null, 10953.994704291477, 0.63650709381972259
2100-Mar-15 02:00:00, 10967.640908654623, 0.63730003795702928, null, null, 10967.640908654623, 0.63730003795702928
2100-Mar-15 03:00:00, 10982.687962732925, 0.6381743816937645, null, null, 10982.687962732925, 0.6381743816937645
2100-Mar-15 04:00:00, 10999.010909523087, 0.63912286411542474, null, null, 10999.010909523087, 0.63912286411542474
2100-Mar-15 05:00:00, 11016.622722822009, 0.64014623909436286, null, null, 11016.622722822009, 0.64014623909436286
2100-Mar-15 06:00:00, 11035.489422911551, 0.64124253216078708, null, null, 11035.489422911551, 0.64124253216078708
2100-Mar-15 07:00:00, 11055.139993469909, 0.64238437382637603, null, null, 11055.139993469909, 0.64238437382637603
2100-Mar-15 08:00:00, 11074.23930338918, 0.6434941832227522, null, null, 11074.23930338918, 0.6434941832227522
2100-Mar-15 09:00:00, 11090.702899022059, 0.64445083836939021, null, null, 11090.702899022059, 0.64445083836939021
2100-Mar-15 10:00:00, 11102.160824378678, 0.6451166275145217, null, null, 11102.160824378678, 0.6451166275145217
2100-Mar-15 11:00:00, 11106.542920442727, 0.64537125930008155, null, null, 11106.542920442727, 0.64537125930008155
2100-Mar-15 12:00:00, 11102.165177727404, 0.64511688047587701, null, null, 11102.165177727404, 0.64511688047587701
2100-Mar-15 13:00:00, 11087.84147869027, 0.64428456894999109, null, null, 11087.84147869027, 0.64428456894999109
2100-Mar-15 14:00:00, 11064.342546808299, 0.64291910938534469, null, null, 11064.342546808299, 0.64291910938534469
2100-Mar-15 15:00:00, 11033.420078011795, 0.64112228810883976, null, null, 11033.420078011795, 0.64112228810883976
2100-Mar-15 16:00:00, 10997.330985821209, 0.63902524827917628, null, null, 10997.330985821209, 0.63902524827917628
2100-Mar-15 17:00:00, 10959.051924794296, 0.63680095526588465, null, null, 10959.051924794296, 0.63680095526588465
2100-Mar-15 18:00:00, 10921.722995373162, 0.63463187183808834, null, null, 10921.722995373162, 0.63463187183808834
2100-Mar-15 19:00:00, 10887.959209492468, 0.63266994928769205, null, null, 10887.959209492468, 0.63266994928769205
2100-Mar-15 20:00:00, 10859.315846109357, 0.63100556068094349, null, null, 10859.315846109357, 0.63100556068094349
2100-Mar-15 21:00:00, 10836.520059187129, 0.62968095897381315, null, null, 10836.520059187129, 0.62968095897381315
2100-Mar-15 22:00:00, 10819.657531334058, 0.62870112295161684, null, null, 10819.657531334058, 0.62870112295161684
2100-Mar-15 23:00:00, 10808.475190483503, 0.62805134727899392, null, null, 10808.475190483503, 0.62805134727899392
2100-Mar-16 00:00:00, 10802.532029593676, 0.62770600622596195, null, null, 10802.532029593676, 0.62770600622596195
2100-Mar-16 01:00:00, 10801.299335824546, 0.6276343777151091, null, null, 10801.299335824546, 0.6276343777151091
2100-Mar-16 02:00:00, 10804.159923646674, 0.6278005987596168, null, null, 10804.159923646674, 0.6278005987596168
2100-Mar-16 03:00:00, 10810.734326303789, 0.6281826195695448, null, null, 10810.734326303789, 0.6281826195695448
2100-Mar-16 04:00:00, 10820.7657853698, 0.62876552060512569, null, null, 10820.7657853698, 0.62876552060512569
2100-Mar-16 05:00:00, 10834.007612012567, 0.62953496744354254, null, null, 10834.007612012567, 0.62953496744354254
2100-Mar-16 06:00:00, 10850.122151571146, 0.63047133988296455, null, null, 10850.122151571146, 0.63047133988296455
2100-Mar-16 07:00:00, 10868.417016789288, 0.63153440516701675, null, null, 10868.417016789288, 0.63153440516701675
2100-Mar-16 08:00:00, 10887.829623871954, 0.63266241941672341, null, null, 10887.829623871954, 0.63266241941672341
2100-Mar-16 09:00:00, 10906.882909393105, 0.63376955445943384, null, null, 10906.882909393105, 0.63376955445943384
2100-Mar-16 10:00:00, 10923.408370414558, 0.63472980443697624, null, null, 10923.408370414558, 0.63472980443697624
2100-Mar-16 11:00:00, 10934.926368497381, 0.63539908424623581, null, null, 10934.926368497381, 0.63539908424623581
2100-Mar-16 12:00:00, 10939.899242611893, 0.63568804455122108, null, null, 10939.899242611893, 0.63568804455122108
2100-Mar-16 13:00:00, 10937.98918377185, 0.63557705618267424, null, null, 10937.98918377185, 0.63557705618267424
2100-Mar-16 14:00:00, 10929.988730120916, 0.63511217139497211, null, null, 10929.988730120916, 0.63511217139497211
2100-Mar-16 15:00:00, 10917.471424539764, 0.63438482452170852, null, null, 10917.471424539764, 0.63438482452170852
2100-Mar-16 16:00:00, 10902.312202767982, 0.63350396302277556, null, null, 10902.312202767982, 0.63350396302277556
2100-Mar-16 17:00:00, 10886.116548694486, 0.63256287723762428, null, null, 10886.116548694486, 0.63256287723762428
2100-Mar-16 18:00:00, 10870.005845836706, 0.63162672773853956, null, null, 10870.005845836706, 0.63162672773853956
2100-Mar-16 19:00:00, 10854.815596002922, 0.63074406328259369, null, null, 10854.815596002922, 0.63074406328259369
2100-Mar-16 20:00:00, 10841.294291830302, 0.62995837675855382, null, null, 10841.294291830302, 0.62995837675855382
2100-Mar-16 21:00:00, 10829.806455232574, 0.62929084955185988, null, null, 10829.806455232574, 0.62929084955185988
2100-Mar-16 22:00:00, 10820.831503750413, 0.62876933932300738, null, null, 10820.831503750413, 0.62876933932300738
2100-Mar-16 23:00:00, 10814.814486695568, 0.62841970668738611, null, null, 10814.814486695568, 0.62841970668738611
2100-Mar-17 00:00:00, 10811.928853131085, 0.62825203030232835, null, null, 10811.928853131085, 0.62825203030232835
2100-Mar-17 01:00:00, 10812.083321110758, 0.62826100602009016, null, null, 10812.083321110758, 0.62826100602009016
2100-Mar-17 02:00:00, 10814.999281217802, 0.62843044459875785, null, null, 10814.999281217802, 0.62843044459875785
2100-Mar-17 03:00:00, 10820.343615475724, 0.62874098945100054, null, null, 10820.343615475724, 0.62874098945100054
2100-Mar-17 04:00:00, 10827.8182638082, 0.62917532110952912, null, null, 10827.8182638082, 0.62917532110952912
2100-Mar-17 05:00:00, 10837.120645666359, 0.62971585743458491, null, null, 10837.120645666359, 0.62971585743458491
2100-Mar-17 06:00:00, 10848.00769633713, 0.63034847459113752, null, null, 10848.00769633713, 0.63034847459113752
2100-Mar-17 07:00:00, 10860.119516283732, 0.63105225978760637, null, null, 10860.119516283732, 0.63105225978760637
2100-Mar-17 08:00:00, 10872.390228001675, 0.63176527775644187, null, null, 10872.390228001675, 0.63176527775644187
2100-Mar-17 09:00:00, 10883.002655548105, 0.63238193730378522, null, null, 10883.002655548105, 0.63238193730378522
2100-Mar-17 10:00:00, 10890.140742509013, 0.63279671228858048, null, null, 10890.140742509013, 0.63279671228858048
2100-Mar-17 11:00:00, 10892.638736423338, 0.63294186397887331, null, null, 10892.638736423338, 0.63294186397887331
2100-Mar-17 12:00:00, 10890.295536362539, 0.63280570694199312, null, null, 10890.295536362539, 0.63280570694199312
2100-Mar-17 13:00:00, 10883.902337558258, 0.63243421539932054, null, null, 10883.902337558258, 0.63243421539932054
2100-Mar-17 14:00:00, 10874.658918980622, 0.63189710527149612, null, null, 10874.658918980622, 0.63189710527149612
2100-Mar-17 15:00:00, 10863.927952637649, 0.63127355775433625, null, null, 10863.927952637649, 0.63127355775433625
2100-Mar-17 16:00:00, 10853.605800579942, 0.63067376533288821, null, null, 10853.605800579942, 0.63067376533288821
2100-Mar-17 17:00:00, 10845.244761662962, 0.63018792790772715, null, null, 10845.244761662962, 0.63018792790772715
2100-Mar-17 18:00:00, 10839.920841182442, 0.62987856924504171, null, null, 10839.920841182442, 0.62987856924504171
2100-Mar-17 19:00:00, 10838.186130810755, 0.62977776990314782, null, null, 10838.186130810755, 0.62977776990314782
2100-Mar-17 20:00:00, 10840.337569981903, 0.6299027842318311, null, null, 10840.337569981903, 0.6299027842318311
2100-Mar-17 21:00:00, 10846.314171067945, 0.6302500684044906, null, null, 10846.314171067945, 0.6302500684044906
2100-Mar-17 22:00:00, 10855.855313125994, 0.63080447844092336, null, null, 10855.855313125994, 0.63080447844092336
2100-Mar-17 23:00:00, 10868.582846941727, 0.63154404110999873, null, null, 10868.582846941727, 0.63154404110999873
2100-Mar-18 00:00:00, 10883.95921605006, 0.63243752045510104, null, null, 10883.95921605006, 0.63243752045510104
2100-Mar-18 01:00:00, 10901.472516054135, 0.63345517109212568, null, null, 10901.472516054135, 0.63345517109212568
2100-Mar-18 02:00:00, 10920.694394061071, 0.63457210258956009, null, null, 10920.694394061071, 0.63457210258956009
2100-Mar-18 03:00:00, 10941.248483529602, 0.63576644530259785, null, null, 10941.248483529602, 0.63576644530259785
2100-Mar-18 04:00:00, 10962.819700826552, 0.63701989057096708, null, null, 10962.819700826552, 0.63701989057096708
2100-Mar-18 05:00:00, 10985.070709701313, 0.63831283669480277, null, null, 10985.070709701313, 0.63831283669480277
2100-Mar-18 06:00:00, 11007.543270560949, 0.63961865660704453, null, null, 11007.543270560949, 0.63961865660704453
2100-Mar-18 07:00:00, 11029.316197218519, 0.6408838226624316, null, null, 11029.316197218519, 0.6408838226624316
2100-Mar-18 08:00:00, 11049.200861573145, 0.64203926688726631, null, null, 11049.200861573145, 0.64203926688726631
2100-Mar-18 09:00:00, 11065.466664934165, 0.64298442885835161, null, null, 11065.466664934165, 0.64298442885835161
2100-Mar-18 10:00:00, 11076.385090975251, 0.64361886915306665, null, null, 11076.385090975251, 0.64361886915306665
2100-Mar-18 11:00:00, 11080.807150700904, 0.64387582311923663, null, null, 11080.807150700904, 0.64387582311923663
2100-Mar-18 12:00:00, 11078.297875001668, 0.64373001587484502, null, null, 11078.297875001668, 0.64373001587484502
2100-Mar-18 13:00:00, 11068.470131664784, 0.64315895221094566, null, null, 11068.470131664784, 0.64315895221094566
2100-Mar-18 14:00:00, 11051.950808009877, 0.64219905885922324, null, null, 11051.950808009877, 0.64219905885922324
2100-Mar-18 15:00:00, 11031.002909673372, 0.64098183297480904, null, null, 11031.002909673372, 0.64098183297480904
2100-Mar-18 16:00:00, 11008.138401234917, 0.63965323804568464, null, null, 11008.138401234917, 0.63965323804568464
2100-Mar-18 17:00:00, 10985.371047663803, 0.63833028852391438, null, null, 10985.371047663803, 0.63833028852391438
2100-Mar-18 18:00:00, 10964.491357025949, 0.63711702600494047, null, null, 10964.491357025949, 0.63711702600494047
2100-Mar-18 19:00:00, 10946.889539957181, 0.63609423187998093, null, null, 10946.889539957181, 0.63609423187998093
2100-Mar-18 20:00:00, 10933.331263277134, 0.6353063969832341, null, null, 10933.331263277134, 0.6353063969832341
2100-Mar-18 21:00:00, 10924.068416687887, 0.63476815794604435, null, null, 10924.068416687887, 0.63476815794604435
2100-Mar-18 22:00:00, 10918.967650449575, 0.63447176617461776, null, null, 10918.967650449575, 0.63447176617461776
2100-Mar-18 23:00:00, 10917.570489709015, 0.63439058093155531, null, null, 10917.570489709015, 0.63439058093155531
2100-Mar-19 00:00:00, 10919.354144288871, 0.63449422428940339, null, null, 10919.354144288871, 0.63449422428940339
2100-Mar-19 01:00:00, 10923.774206851187, 0.63475106220579736, null, null, 10923.774206851187, 0.63475106220579736
2100-Mar-19 02:00:00, 10930.363399253647, 0.63513394240794552, null, null, 10930.363399253647, 0.63513394240794552
2100-Mar-19 03:00:00, 10938.768192398529, 0.63562232227330273, null, null, 10938.768192398529, 0.63562232227330273
2100-Mar-19 04:00:00, 10948.799509230868, 0.63620521504406835, null, null, 10948.799509230868, 0.63620521504406835
2100-Mar-19 05:00:00, 10960.336230871706, 0.63687558282879442, null, null, 10960.336230871706, 0.63687558282879442
2100-Mar-19 06:00:00, 10973.26156258218, 0.63762663900015326, null, null, 10973.26156258218, 0.63762663900015326
2100-Mar-19 07:00:00, 10987.203002672395, 0.63843673848942972, null, null, 10987.203002672395, 0.63843673848942972
2100-Mar-19 08:00:00, 11001.256353022438, 0.6392533407821287, null, null, 11001.256353022438, 0.6392533407821287
2100-Mar-19 09:00:00, 11013.971303235845, 0.63999217225200578, null, null, 11013.971303235845, 0.63999217225200578
2100-Mar-19 10:00:00, 11023.856110481242, 0.64056655174575072, null, null, 11023.856110481242, 0.64056655174575072
2100-Mar-19 11:00:00, 11029.742398380042, 0.6409085880626374, null, null, 11029.742398380042, 0.6409085880626374
2100-Mar-19 12:00:00, 11031.147816890143, 0.64099025314242009, null, null, 11031.147816890143, 0.64099025314242009
2100-Mar-19 13:00:00, 11028.447463428085, 0.64083334288448945, null, null, 11028.447463428085, 0.64083334288448945
2100-Mar-19 14:00:00, 11022.504732105845, 0.64048802679247163, null, null, 11022.504732105845, 0.64048802679247163
2100-Mar-19 15:00:00, 11014.284099553763, 0.64001034800255618, null, null, 11014.284099553763, 0.64001034800255618
2100-Mar-19 16:00:00, 11004.589423111689, 0.63944701649708735, null, null, 11004.589423111689, 0.63944701649708735
2100-Mar-19 17:00:00, 10994.220607509798, 0.63884451258291919, null, null, 10994.220607509798, 0.63884451258291919
2100-Mar-19 18:00:00, 10983.988054382638, 0.63824992651371359, null, null, 10983.988054382638, 0.63824992651371359
2100-Mar-19 19:00:00, 10974.716150364318, 0.63771116117374449, null, null, 10974.716150364318, 0.63771116117374449
2100-Mar-19 20:00:00, 10967.028637259567, 0.63726446051730834, null, null, 10967.028637259567, 0.63726446051730834
2100-Mar-19 21:00:00, 10961.205068478966, 0.63692606863925239, null, null, 10961.205068478966, 0.63692606863925239
2100-Mar-19 22:00:00, 10957.289967195897, 0.63669857266112118, null, null, 10957.289967195897, 0.63669857266112118
2100-Mar-19 23:00:00, 10955.181494926432, 0.63657605502323056, null, null, 10955.181494926432, 0.63657605502323056
2100-Mar-20 00:00:00, 10954.618354135888, 0.63654333243045258, null, null, 10954.618354135888, 0.63654333243045258
2100-Mar-20 01:00:00, 10954.806179644933, 0.63655424646429459, null, null, 10954.806179644933, 0.63655424646429459
2100-Mar-20 02:00:00, 10955.36067317185, 0.6365864665879013, null, null, 10955.36067317185, 0.6365864665879013
2100-Mar-20 03:00:00, 10956.107903319416, 0.63662988611680205, null, null, 10956.107903319416, 0.63662988611680205
2100-Mar-20 04:00:00, 10957.155593002912, 0.6366907645391191, null, null, 10957.155593002912, 0.6366907645391191
2100-Mar-20 05:00:00, 10958.831477015128, 0.63678814563989483, null, null, 10958.831477015128, 0.63678814563989483
2100-Mar-20 06:00:00, 10961.433252905803, 0.63693932782097573, null, null, 10961.433252905803, 0.63693932782097573
2100-Mar-20 07:00:00, 10964.988868368908, 0.63714593504749506, null, null, 10964.988868368908, 0.63714593504749506
2100-Mar-20 08:00:00, 10969.391625732143, 0.63740176740543553, null, null, 10969.391625732143, 0.63740176740543553
2100-Mar-20 09:00:00, 10974.185870148056, 0.63768034802032658, null, null, 10974.185870148056, 0.63768034802032658
2100-Mar-20 10:00:00, 10978.429914243472, 0.63792695797825882, null, null, 10978.429914243472, 0.63792695797825882
2100-Mar-20 11:00:00, 10980.968499820325, 0.638074468340602, null, null, 10980.968499820325, 0.638074468340602
2100-Mar-20 12:00:00, 10980.764442941645, 0.63806261114563989, null, null, 10980.764442941645, 0.63806261114563989
2100-Mar-20 13:00:00, 10976.698571876386, 0.63782635434203028, null, null, 10976.698571876386, 0.63782635434203028
2100-Mar-20 14:00:00, 10968.442244454058, 0.63734660141945931, null, null, 10968.442244454058, 0.63734660141945931
2100-Mar-20 15:00:00, 10957.099802753472, 0.63668752271816764, null, null, 10957.099802753472, 0.63668752271816764
2100-Mar-20 16:00:00, 10944.449781098567, 0.63595246407173933, null, null, 10944.449781098567, 0.63595246407173933
2100-Mar-20 17:00:00, 10932.265652486889, 0.63524447721372979, null, null, 10932.265652486889, 0.63524447721372979
2100-Mar-20 18:00:00, 10921.908915812477, 0.63464267517346551, null, null, 10921.908915812477, 0.63464267517346551
2100-Mar-20 19:00:00, 10914.013484645177, 0.63418389295908451, null, null, 10914.013484645177, 0.63418389295908451
2100-Mar-20 20:00:00, 10908.694886394995, 0.6338748435568522, null, null, 10908.694886394995, 0.6338748435568522
2100-Mar-20 21:00:00, 10905.911896817539, 0.63371313153709163, null, null, 10905.911896817539, 0.63371313153709163
2100-Mar-20 22:00:00, 10905.501262205493, 0.63368927066709935, null, null, 10905.501262205493, 0.63368927066709935
2100-Mar-20 23:00:00, 10907.049093750567, 0.63377921098431467, null, null, 10907.049093750567, 0.63377921098431467
2100-Mar-21 00:00:00, 10910.056428649128, 0.63395395910571695, null, null, 10910.056428649128, 0.63395395910571695
2100-Mar-21 01:00:00, 10913.950063780405, 0.6341802077436528, null, null, 10913.950063780405, 0.6341802077436528
2100-Mar-21 02:00:00, 10918.190133201158, 0.63442658674395858, null, null, 10918.190133201158, 0.63442658674395858
2100-Mar-21 03:00:00, 10922.605210617223, 0.63468313498694684, null, null, 10922.605210617223, 0.63468313498694684
2100-Mar-21 04:00:00, 10927.268282928982, 0.63495409354458299, null, null, 10927.268282928982, 0.63495409354458299
2100-Mar-21 05:00:00, 10932.078085631007, 0.63523357820952553, null, null, 10932.078085631007, 0.63523357820952553
2100-Mar-21 06:00:00, 10936.812345292874, 0.63550867327211336, null, null, 10936.812345292874, 0.63550867327211336
2100-Mar-21 07:00:00, 10941.187724795696, 0.63576291477641211, null, null, 10941.187724795696, 0.63576291477641211
2100-Mar-21 08:00:00, 10944.679885472144, 0.63596583481639046, null, null, 10944.679885472144, 0.63596583481639046
2100-Mar-21 09:00:00, 10946.568526567635, 0.63607557865755626, null, null, 10946.568526567635, 0.63607557865755626
2100-Mar-21 10:00:00, 10946.523599336251, 0.63607296805729097, null, null, 10946.523599336251, 0.63607296805729097
2100-Mar-21 11:00:00, 10945.734479186995, 0.63602711441335213, null, null, 10945.734479186995, 0.63602711441335213
2100-Mar-21 12:00:00, 10945.498897702186, 0.63601342540853689, null, null, 10945.498897702186, 0.63601342540853689
2100-Mar-21 13:00:00, 10946.312567215153, 0.63606070554980132, null, null, 10946.312567215153, 0.63606070554980132
2100-Mar-21 14:00:00, 10947.740277522289, 0.63614366594579785, null, null, 10947.740277522289, 0.63614366594579785
2100-Mar-21 15:00:00, 10948.762482128701, 0.63620306349900835, null, null, 10948.762482128701, 0.63620306349900835
2100-Mar-21 16:00:00, 10948.406372233518, 0.63618237091328211, null, null, 10948.406372233518, 0.63618237091328211
2100-Mar-21 17:00:00, 10946.326545839443, 0.63606151780996423, null, null, 10946.326545839443, 0.63606151780996423
2100-Mar-21 18:00:00, 10943.280674501824, 0.63588453044000526, null, null, 10943.280674501824, 0.63588453044000526
2100-Mar-21 19:00:00, 10940.625170978228, 0.6357302262910568, null, null, 10940.625170978228, 0.6357302262910568
2100-Mar-21 20:00:00, 10939.173483933413, 0.6356458726714892, null, null, 10939.173483933413, 0.6356458726714892
2100-Mar-21 21:00:00, 10939.609519461139, 0.63567120952019573, null, null, 10939.609519461139, 0.63567120952019573
2100-Mar-21 22:00:00, 10942.497552626366, 0.63583902533958203, null, null, 10942.497552626366, 0.63583902533958203
2100-Mar-21 23:00:00, 10948.22794901893, 0.63617200322141698, null, null, 10948.22794901893, 0.63617200322141698
2100-Mar-22 00:00:00, 10956.807779631326, 0.63667055404200679, null, null, 10956.807779631326, 0.63667055404200679
2100-Mar-22 01:00:00, 10967.920062665744, 0.63731625884385124, null, null, 10967.920062665744, 0.63731625884385124
2100-Mar-22 02:00:00, 10981.104992398103, 0.63808239955623203, null, null, 10981.104992398103, 0.63808239955623203
2100-Mar-22 03:00:00, 10995.945401493995, 0.63894473571027643, null, null, 10995.945401493995, 0.63894473571027643
2100-Mar-22 04:00:00, 11012.07612045305, 0.63988204829103101, null, null, 11012.07612045305, 0.63988204829103101
2100-Mar-22 05:00:00, 11029.262764230914, 0.64088071781560885, null, null, 11029.262764230914, 0.64088071781560885
2100-Mar-22 06:00:00, 11047.229701933673, 0.64192472811602852, null, null, 11047.229701933673, 0.64192472811602852
2100-Mar-22 07:00:00, 11065.322569204744, 0.64297605584408224, null, null, 11065.322569204744, 0.64297605584408224
2100-Mar-22 08:00:00, 11082.518325454936, 0.64397525486985441, null, null, 11082.518325454936, 0.64397525486985441
2100-Mar-22 09:00:00, 11097.629421508855, 0.6448533199130978, null, null, 11097.629421508855, 0.6448533199130978
2100-Mar-22 10:00:00, 11109.710322229101, 0.64555530847669962, null, null, 11109.710322229101, 0.64555530847669962
2100-Mar-22 11:00:00, 11118.066230629463, 0.64604084778137494, null, null, 11118.066230629463, 0.64604084778137494
2100-Mar-22 12:00:00, 11122.410499293681, 0.64629328151873566, null, null, 11122.410499293681, 0.64629328151873566
2100-Mar-22 13:00:00, 11122.570278635267, 0.64630256586541557, null, null, 11122.570278635267, 0.64630256586541557
2100-Mar-22 14:00:00, 11118.715471059733, 0.64607857339204189, null, null, 11118.715471059733, 0.64607857339204189
2100-Mar-22 15:00:00, 11111.767679083825, 0.64567485593567708, null, null, 11111.767679083825, 0.64567485593567708
2100-Mar-22 16:00:00, 11102.972602376958, 0.64516379774496835, null, null, 11102.972602376958, 0.64516379774496835
2100-Mar-22 17:00:00, 11093.489046686747, 0.64461273389708373, null, null, 11093.489046686747, 0.64461273389708373
2100-Mar-22 18:00:00, 11084.310181651486, 0.64407937480153221, null, null, 11084.310181651486, 0.64407937480153221
2100-Mar-22 19:00:00, 11076.279903174758, 0.64361275697362852, null, null, 11076.279903174758, 0.64361275697362852
2100-Mar-22 20:00:00, 11069.959183758545, 0.64324547701274926, null, null, 11069.959183758545, 0.64324547701274926
2100-Mar-22 21:00:00, 11065.725568251331, 0.6429994730319557, null, null, 11065.725568251331, 0.6429994730319557
2100-Mar-22 22:00:00, 11063.717456566341, 0.64288278707699742, null, null, 11063.717456566341, 0.64288278707699742
2100-Mar-22 23:00:00, 11064.010178822264, 0.64289979637793682, null, null, 11064.010178822264, 0.64289979637793682
2100-Mar-23 00:00:00, 11066.66368446251, 0.64305398443527129, null, null, 11066.66368446251, 0.64305398443527129
2100-Mar-23 01:00:00, 11071.704726479209, 0.64334690579323173, null, null, 11071.704726479209, 0.64334690579323173
2100-Mar-23 02:00:00, 11079.27463011114, 0.6437867724803471, null, null, 11079.27463011114, 0.6437867724803471
2100-Mar-23 03:00:00, 11089.417137225064, 0.6443761262185409, null, null, 11089.417137225064, 0.6443761262185409
2100-Mar-23 04:00:00, 11101.799086388042, 0.64509560789534537, null, null, 11101.799086388042, 0.64509560789534537
2100-Mar-23 05:00:00, 11115.862360030156, 0.6459127868037875, null, null, 11115.862360030156, 0.6459127868037875
2100-Mar-23 06:00:00, 11130.989953513721, 0.64679181046818068, null, null, 11130.989953513721, 0.64679181046818068
2100-Mar-23 07:00:00, 11146.367970948009, 0.64768538559305944, null, null, 11146.367970948009, 0.64768538559305944
2100-Mar-23 08:00:00, 11160.432124209128, 0.64850261561378986, null, null, 11160.432124209128, 0.64850261561378986
2100-Mar-23 09:00:00, 11170.997059173043, 0.64911651549523142, null, null, 11170.997059173043, 0.64911651549523142
2100-Mar-23 10:00:00, 11175.69061753578, 0.64938924551508148, null, null, 11175.69061753578, 0.64938924551508148
2100-Mar-23 11:00:00, 11173.421776109944, 0.64925740925796416, null, null, 11173.421776109944, 0.64925740925796416
2100-Mar-23 12:00:00, 11164.187811349355, 0.64872084846595524, null, null, 11164.187811349355, 0.64872084846595524
2100-Mar-23 13:00:00, 11148.762920477862, 0.64782454965203906, null, null, 11148.762920477862, 0.64782454965203906
2100-Mar-23 14:00:00, 11128.471574665613, 0.64664547426435559, null, null, 11128.471574665613, 0.64664547426435559
2100-Mar-23 15:00:00, 11104.874418066574, 0.64527430712627232, null, null, 11104.874418066574, 0.64527430712627232
2100-Mar-23 16:00:00, 11079.419650896447, 0.64379519924711948, null, null, 11079.419650896447, 0.64379519924711948
2100-Mar-23 17:00:00, 11053.622346711649, 0.64229618746572648, null, null, 11053.622346711649, 0.64229618746572648
2100-Mar-23 18:00:00, 11029.21625282801, 0.64087801516340825, null, null, 11029.21625282801, 0.64087801516340825
2100-Mar-23 19:00:00, 11007.665942004201, 0.63962578471381715, null, null, 11007.665942004201, 0.63962578471381715
2100-Mar-23 20:00:00, 10989.910392820229, 0.63859405763019572, null, null, 10989.910392820229, 0.63859405763019572
2100-Mar-23 21:00:00, 10976.333072420894, 0.63780511615427415, null, null, 10976.333072420894, 0.63780511615427415
2100-Mar-23 22:00:00, 10966.945568229738, 0.63725963359998816, null, null, 10966.945568229738, 0.63725963359998816
2100-Mar-23 23:00:00, 10961.481747057742, 0.63694214568537599, null, null, 10961.481747057742, 0.63694214568537599
2100-Mar-24 00:00:00, 10959.603579963681, 0.63683301046018914, null, null, 10959.603579963681, 0.63683301046018914
2100-Mar-24 01:00:00, 10961.022808708556, 0.63691547801547399, null, null, 10961.022808708556, 0.63691547801547399
2100-Mar-24 02:00:00, 10965.463151420961, 0.63717349435670234, null, null, 10965.463151420961, 0.63717349435670234
2100-Mar-24 03:00:00, 10972.701363264832, 0.63759408732845069, null, null, 10972.701363264832, 0.63759408732845069
2100-Mar-24 04:00:00, 10982.556787924777, 0.63816675947938795, null, null, 10982.556787924777, 0.63816675947938795
2100-Mar-24 05:00:00, 10994.816994399893, 0.63887916701689096, null, null, 10994.816994399893, 0.63887916701689096
2100-Mar-24 06:00:00, 11009.478097770725, 0.63973108419876645, null, null, 11009.478097770725, 0.63973108419876645
2100-Mar-24 07:00:00, 11025.93224240266, 0.64068719017322506, null, null, 11025.93224240266, 0.64068719017322506
2100-Mar-24 08:00:00, 11042.555309226096, 0.64165311176071793, null, null, 11042.555309226096, 0.64165311176071793
2100-Mar-24 09:00:00, 11057.041957932768, 0.64249489185249198, null, null, 11057.041957932768, 0.64249489185249198
2100-Mar-24 10:00:00, 11067.180069935057, 0.64308399020260043, null, null, 11067.180069935057, 0.64308399020260043
2100-Mar-24 11:00:00, 11070.821390112917, 0.64329557749898358, null, null, 11070.821390112917, 0.64329557749898358
2100-Mar-24 12:00:00, 11065.875987006557, 0.64300821346020398, null, null, 11065.875987006557, 0.64300821346020398
2100-Mar-24 13:00:00, 11052.034385032173, 0.64220391529461585, null, null, 11052.034385032173, 0.64220391529461585
2100-Mar-24 14:00:00, 11030.640272744966, 0.64096076112078293, null, null, 11030.640272744966, 0.64096076112078293
2100-Mar-24 15:00:00, 11003.757939720157, 0.63939870123937625, null, null, 11003.757939720157, 0.63939870123937625
2100-Mar-24 16:00:00, 10973.631004841702, 0.63764810629361923, null, null, 10973.631004841702, 0.63764810629361923
2100-Mar-24 17:00:00, 10942.504779046112, 0.6358394452473467, null, null, 10942.504779046112, 0.6358394452473467
2100-Mar-24 18:00:00, 10912.558843854811, 0.63409936770532815, null, null, 10912.558843854811, 0.63409936770532815
2100-Mar-24 19:00:00, 10885.604922766261, 0.63253314803458116, null, null, 10885.604922766261, 0.63253314803458116
2100-Mar-24 20:00:00, 10862.876360832892, 0.63121245259027514, null, null, 10862.876360832892, 0.63121245259027514
2100-Mar-24 21:00:00, 10844.975392128212, 0.63017227557044231, null, null, 10844.975392128212, 0.63017227557044231
2100-Mar-24 22:00:00, 10832.022306019675, 0.62941960666585439, null, null, 10832.022306019675, 0.62941960666585439
2100-Mar-24 23:00:00, 10823.865508993777, 0.6289456371862272, null, null, 10823.865508993777, 0.6289456371862272
2100-Mar-25 00:00:00, 10820.215762355823, 0.62873356025097071, null, null, 10820.215762355823, 0.62873356025097071
2100-Mar-25 01:00:00, 10820.717892273829, 0.62876273766646684, null, null, 10820.717892273829, 0.62876273766646684
2100-Mar-25 02:00:00, 10825.109222819101, 0.62901790604282892, null, null, 10825.109222819101, 0.62901790604282892
2100-Mar-25 03:00:00, 10833.393020183465, 0.62949925516965632, null, null, 10833.393020183465, 0.62949925516965632
2100-Mar-25 04:00:00, 10845.311515117934, 0.63019180677098874, null, null, 10845.311515117934, 0.63019180677098874
2100-Mar-25 05:00:00, 10860.382684604136, 0.63106755178904772, null, null, 10860.382684604136, 0.63106755178904772
2100-Mar-25 06:00:00, 10878.297340129442, 0.63210852411311924, null, null, 10878.297340129442, 0.63210852411311924
2100-Mar-25 07:00:00, 10898.45341119057, 0.63327973904979584, null, null, 10898.45341119057, 0.63327973904979584
2100-Mar-25 08:00:00, 10918.892729555855, 0.63446741272351481, null, null, 10918.892729555855, 0.63446741272351481
2100-Mar-25 09:00:00, 10936.767782883313, 0.63550608387066032, null, null, 10936.767782883313, 0.63550608387066032
2100-Mar-25 10:00:00, 10949.280194175488, 0.6362331463499894, null, null, 10949.280194175488, 0.6362331463499894
2100-Mar-25 11:00:00, 10954.566610321428, 0.6365403257369262, null, null, 10954.566610321428, 0.6365403257369262
2100-Mar-25 12:00:00, 10951.978078308313, 0.636389913121857, null, null, 10951.978078308313, 0.636389913121857
2100-Mar-25 13:00:00, 10941.620788136155, 0.63578807891933131, null, null, 10941.620788136155, 0.63578807891933131
2100-Mar-25 14:00:00, 10924.260291518985, 0.63477930727507148, null, null, 10924.260291518985, 0.63477930727507148
2100-Mar-25 15:00:00, 10901.24965278267, 0.6334422211083921, null, null, 10901.24965278267, 0.6334422211083921
2100-Mar-25 16:00:00, 10874.653804977961, 0.63189680811059179, null, null, 10874.653804977961, 0.63189680811059179
2100-Mar-25 17:00:00, 10846.686899959859, 0.63027172667530229, null, null, 10846.686899959859, 0.63027172667530229
2100-Mar-25 18:00:00, 10819.411352088002, 0.62868681813947336, null, null, 10819.411352088002, 0.62868681813947336
2100-Mar-25 19:00:00, 10794.527262798782, 0.6272408708130951, null, null, 10794.527262798782, 0.6272408708130951
2100-Mar-25 20:00:00, 10773.275041924026, 0.62600596156661659, null, null, 10773.275041924026, 0.62600596156661659
2100-Mar-25 21:00:00, 10756.357741272937, 0.62502294284482729, null, null, 10756.357741272937, 0.62502294284482729
2100-Mar-25 22:00:00, 10743.953606502815, 0.62430217202221727, null, null, 10743.953606502815, 0.62430217202221727
2100-Mar-25 23:00:00, 10736.044148418574, 0.62384257474151772, null, null, 10736.044148418574, 0.62384257474151772
2100-Mar-26 00:00:00, 10732.400348152747, 0.62363084333391061, null, null, 10732.400348152747, 0.62363084333391061
2100-Mar-26 01:00:00, 10732.824629133613, 0.62365549715759627, null, null, 10732.824629133613, 0.62365549715759627
2100-Mar-26 02:00:00, 10737.36761696959, 0.62391947793016356, null, null, 10737.36761696959, 0.62391947793016356
2100-Mar-26 03:00:00, 10745.754206540269, 0.62440680003491134, null, null, 10745.754206540269, 0.62440680003491134
2100-Mar-26 04:00:00, 10757.718102470577, 0.62510198976568399, null, null, 10757.718102470577, 0.62510198976568399
2100-Mar-26 05:00:00, 10773.063173464141, 0.62599365046173538, null, null, 10773.063173464141, 0.62599365046173538
2100-Mar-26 06:00:00, 10791.470788895651, 0.62706326735664497, null, null, 10791.470788895651, 0.62706326735664497
2100-Mar-26 07:00:00, 10811.940090038819, 0.6282526832487354, null, null, 10811.940090038819, 0.6282526832487354
2100-Mar-26 08:00:00, 10832.478023768392, 0.62944608719534778, null, null, 10832.478023768392, 0.62944608719534778
2100-Mar-26 09:00:00, 10850.541333421661, 0.63049569740993594, null, null, 10850.541333421661, 0.63049569740993594
2100-Mar-26 10:00:00, 10863.663090379398, 0.63125816732273454, null, null, 10863.663090379398, 0.63125816732273454
2100-Mar-26 11:00:00, 10869.856429365536, 0.63161804555031509, null, null, 10869.856429365536, 0.63161804555031509
2100-Mar-26 12:00:00, 10868.015338389398, 0.6315110647183616, null, null, 10868.015338389398, 0.6315110647183616
2100-Mar-26 13:00:00, 10858.241809762014, 0.63094315132503642, null, null, 10858.241809762014, 0.63094315132503642
2100-Mar-26 14:00:00, 10841.260124809532, 0.62995639140511139, null, null, 10841.260124809532, 0.62995639140511139
2100-Mar-26 15:00:00, 10818.102933835853, 0.62861078948311022, null, null, 10818.102933835853, 0.62861078948311022
2100-Mar-26 16:00:00, 10790.888159740483, 0.62702941234755094, null, null, 10790.888159740483, 0.62702941234755094
2100-Mar-26 17:00:00, 10762.228210323876, 0.62536405997112166, null, null, 10762.228210323876, 0.62536405997112166
2100-Mar-26 18:00:00, 10734.488245802457, 0.62375216543612866, null, null, 10734.488245802457, 0.62375216543612866
2100-Mar-26 19:00:00, 10709.453984644766, 0.62229749202742568, null, null, 10709.453984644766, 0.62229749202742568
2100-Mar-26 20:00:00, 10688.34427859885, 0.62107086393334687, null, null, 10688.34427859885, 0.62107086393334687
2100-Mar-26 21:00:00, 10671.722179136097, 0.62010499855657486, null, null, 10671.722179136097, 0.62010499855657486
2100-Mar-26 22:00:00, 10659.99453800982, 0.61942353695538166, null, null, 10659.99453800982, 0.61942353695538166
2100-Mar-26 23:00:00, 10653.152606421036, 0.61902597076065058, null, null, 10653.152606421036, 0.61902597076065058
2100-Mar-27 00:00:00, 10650.746206179092, 0.61888614133166908, null, null, 10650.746206179092, 0.61888614133166908
2100-Mar-27 01:00:00, 10652.260271770943, 0.6189741196003955, null, null, 10652.260271770943, 0.6189741196003955
2100-Mar-27 02:00:00, 10657.300887622758, 0.61926701619506364, null, null, 10657.300887622758, 0.61926701619506364
2100-Mar-27 03:00:00, 10665.563642936324, 0.61974714262506103, null, null, 10665.563642936324, 0.61974714262506103
2100-Mar-27 04:00:00, 10676.76594701153, 0.6203980783068358, null, null, 10676.76594701153, 0.6203980783068358
2100-Mar-27 05:00:00, 10690.481625694032, 0.62119505940949626, null, null, 10690.481625694032, 0.62119505940949626
2100-Mar-27 06:00:00, 10706.146300917126, 0.62210529144548354, null, null, 10706.146300917126, 0.62210529144548354
2100-Mar-27 07:00:00, 10722.965405512547, 0.62308260425927264, null, null, 10722.965405512547, 0.62308260425927264
2100-Mar-27 08:00:00, 10739.90661771309, 0.62406701241672102, null, null, 10739.90661771309, 0.62406701241672102
2100-Mar-27 09:00:00, 10755.846270518687, 0.62499322265852542, null, null, 10755.846270518687, 0.62499322265852542
2100-Mar-27 10:00:00, 10769.567139311845, 0.62579050534452063, null, null, 10769.567139311845, 0.62579050534452063
2100-Mar-27 11:00:00, 10779.735857785025, 0.62638138215411954, null, null, 10779.735857785025, 0.62638138215411954
2100-Mar-27 12:00:00, 10785.432041163745, 0.62671237200997854, null, null, 10785.432041163745, 0.62671237200997854
2100-Mar-27 13:00:00, 10786.325381118209, 0.6267642815857597, null, null, 10786.325381118209, 0.6267642815857597
2100-Mar-27 14:00:00, 10782.54235504536, 0.62654446014194154, null, null, 10782.54235504536, 0.62654446014194154
2100-Mar-27 15:00:00, 10774.831518834053, 0.62609640424267621, null, null, 10774.831518834053, 0.62609640424267621
2100-Mar-27 16:00:00, 10764.249079244304, 0.62548148721463026, null, null, 10764.249079244304, 0.62548148721463026
2100-Mar-27 17:00:00, 10751.92081589667, 0.62476512507578674, null, null, 10751.92081589667, 0.62476512507578674
2100-Mar-27 18:00:00, 10739.115149163175, 0.62402102231355272, null, null, 10739.115149163175, 0.62402102231355272
2100-Mar-27 19:00:00, 10727.061170923567, 0.62332059814270169, null, null, 10727.061170923567, 0.62332059814270169
2100-Mar-27 20:00:00, 10716.802504862031, 0.62272449472129532, null, null, 10716.802504862031, 0.62272449472129532
2100-Mar-27 21:00:00, 10709.126262148031, 0.62227844895687401, null, null, 10709.126262148031, 0.62227844895687401
2100-Mar-27 22:00:00, 10704.605526462221, 0.62201576119674806, null, null, 10704.605526462221, 0.62201576119674806
2100-Mar-27 23:00:00, 10703.497231243133, 0.62195136115018601, null, null, 10703.497231243133, 0.62195136115018601
2100-Mar-28 00:00:00, 10705.648254847893, 0.62207635133142714, null, null, 10705.648254847893, 0.62207635133142714
2100-Mar-28 01:00:00, 10710.534079213261, 0.62236025341022727, null, null, 10710.534079213261, 0.62236025341022727
2100-Mar-28 02:00:00, 10717.688887015413, 0.62277599999801792, null, null, 10717.688887015413, 0.62277599999801792
2100-Mar-28 03:00:00, 10726.797652716898, 0.62330528581031308, null, null, 10726.797652716898, 0.62330528581031308
2100-Mar-28 04:00:00, 10737.475873740756, 0.62392576843921166, null, null, 10737.475873740756, 0.62392576843921166
2100-Mar-28 05:00:00, 10749.350672748911, 0.62461578098809611, null, null, 10749.350672748911, 0.62461578098809611
2100-Mar-28 06:00:00, 10761.973533307802, 0.62534926137647751, null, null, 10761.973533307802, 0.62534926137647751
2100-Mar-28 07:00:00, 10774.761722980649, 0.62609234859384577, null, null, 10774.761722980649, 0.62609234859384577
2100-Mar-28 08:00:00, 10787.086542094208, 0.62680851059753495, null, null, 10787.086542094208, 0.62680851059753495
2100-Mar-28 09:00:00, 10798.200896754164, 0.627454335775953, null, null, 10798.200896754164, 0.627454335775953
2100-Mar-28 10:00:00, 10807.12954448058, 0.62797315541842136, null, null, 10807.12954448058, 0.62797315541842136
2100-Mar-28 11:00:00, 10812.498535339986, 0.62828513299928757, null, null, 10812.498535339986, 0.62828513299928757
2100-Mar-28 12:00:00, 10813.263813066929, 0.62832960122435899, null, null, 10813.263813066929, 0.62832960122435899
2100-Mar-28 13:00:00, 10809.59688578448, 0.62811652596818002, null, null, 10809.59688578448, 0.62811652596818002
2100-Mar-28 14:00:00, 10802.796924305976, 0.62772139854338094, null, null, 10802.796924305976, 0.62772139854338094
2100-Mar-28 15:00:00, 10794.615017012851, 0.62724596997383741, null, null, 10794.615017012851, 0.62724596997383741
2100-Mar-28 16:00:00, 10786.686462337299, 0.62678526304171245, null, null, 10786.686462337299, 0.62678526304171245
2100-Mar-28 17:00:00, 10780.254930917024, 0.62641154409409194, null, null, 10780.254930917024, 0.62641154409409194
2100-Mar-28 18:00:00, 10776.091899413497, 0.62616964155941646, null, null, 10776.091899413497, 0.62616964155941646
2100-Mar-28 19:00:00, 10774.489101285913, 0.62607650728231401, null, null, 10774.489101285913, 0.62607650728231401
2100-Mar-28 20:00:00, 10775.30703101632, 0.62612403497332569, null, null, 10775.30703101632, 0.62612403497332569
2100-Mar-28 21:00:00, 10778.28333791447, 0.62629698014129398, null, null, 10778.28333791447, 0.62629698014129398
2100-Mar-28 22:00:00, 10783.229916798664, 0.62658441250135299, null, null, 10783.229916798664, 0.62658441250135299
2100-Mar-28 23:00:00, 10789.961304751359, 0.62697555530348204, null, null, 10789.961304751359, 0.62697555530348204
2100-Mar-29 00:00:00, 10798.342876518192, 0.62746258583717929, null, null, 10798.342876518192, 0.62746258583717929
2100-Mar-29 01:00:00, 10808.405819369334, 0.62804731631061517, null, null, 10808.405819369334, 0.62804731631061517
2100-Mar-29 02:00:00, 10820.063523976194, 0.62872471408925512, null, null, 10820.063523976194, 0.62872471408925512
2100-Mar-29 03:00:00, 10832.999865731321, 0.62947641002461918, null, null, 10832.999865731321, 0.62947641002461918
2100-Mar-29 04:00:00, 10846.82139313098, 0.63027954171080303, null, null, 10846.82139313098, 0.63027954171080303
2100-Mar-29 05:00:00, 10861.183883688283, 0.63111410730732098, null, null, 10861.183883688283, 0.63111410730732098
2100-Mar-29 06:00:00, 10875.7745986148, 0.63196193440650617, null, null, 10875.7745986148, 0.63196193440650617
2100-Mar-29 07:00:00, 10890.136474826199, 0.63279646430504033, null, null, 10890.136474826199, 0.63279646430504033
2100-Mar-29 08:00:00, 10903.32407594898, 0.63356276024471492, null, null, 10903.32407594898, 0.63356276024471492
2100-Mar-29 09:00:00, 10914.427910731887, 0.63420797414144559, null, null, 10914.427910731887, 0.63420797414144559
2100-Mar-29 10:00:00, 10922.972518401411, 0.63470447825180698, null, null, 10922.972518401411, 0.63470447825180698
2100-Mar-29 11:00:00, 10928.640064288322, 0.63503380406024057, null, null, 10928.640064288322, 0.63503380406024057
2100-Mar-29 12:00:00, 10931.096642296538, 0.63517654918391109, null, null, 10931.096642296538, 0.63517654918391109
2100-Mar-29 13:00:00, 10930.635791720761, 0.63514977039967835, null, null, 10930.635791720761, 0.63514977039967835
2100-Mar-29 14:00:00, 10927.609347874519, 0.63497391190885533, null, null, 10927.609347874519, 0.63497391190885533
2100-Mar-29 15:00:00, 10922.001360901781, 0.63464804690831833, null, null, 10922.001360901781, 0.63464804690831833
2100-Mar-29 16:00:00, 10914.063698248196, 0.63418681073615046, null, null, 10914.063698248196, 0.63418681073615046
2100-Mar-29 17:00:00, 10904.662888725807, 0.63364055504494543, null, null, 10904.662888725807, 0.63364055504494543
2100-Mar-29 18:00:00, 10895.211357859242, 0.6330913520732051, null, null, 10895.211357859242, 0.6330913520732051
2100-Mar-29 19:00:00, 10887.183926254284, 0.6326248996693431, null, null, 10887.183926254284, 0.6326248996693431
2100-Mar-29 20:00:00, 10881.62067546557, 0.63230163416782459, null, null, 10881.62067546557, 0.63230163416782459
2100-Mar-29 21:00:00, 10879.026456196027, 0.63215089108162048, null, null, 10879.026456196027, 0.63215089108162048
2100-Mar-29 22:00:00, 10879.580238891827, 0.6321830699007478, null, null, 10879.580238891827, 0.6321830699007478
2100-Mar-29 23:00:00, 10883.250295302389, 0.63239632698212345, null, null, 10883.250295302389, 0.63239632698212345
2100-Mar-30 00:00:00, 10889.866819319452, 0.63278079535069398, null, null, 10889.866819319452, 0.63278079535069398
2100-Mar-30 01:00:00, 10899.403650197295, 0.63333495487607039, null, null, 10899.403650197295, 0.63333495487607039
2100-Mar-30 02:00:00, 10911.893833034708, 0.63406072571983429, null, null, 10911.893833034708, 0.63406072571983429
2100-Mar-30 03:00:00, 10927.157304162547, 0.63494764486772981, null, null, 10927.157304162547, 0.63494764486772981
2100-Mar-30 04:00:00, 10944.757245423916, 0.6359703299945797, null, null, 10944.757245423916, 0.6359703299945797
2100-Mar-30 05:00:00, 10964.148248200672, 0.63709708887632799, null, null, 10964.148248200672, 0.63709708887632799
2100-Mar-30 06:00:00, 10985.032972884257, 0.63831064391012449, null, null, 10985.032972884257, 0.63831064391012449
2100-Mar-30 07:00:00, 11006.580398662603, 0.63956270671750359, null, null, 11006.580398662603, 0.63956270671750359
2100-Mar-30 08:00:00, 11027.189191236814, 0.64076022808050048, null, null, 11027.189191236814, 0.64076022808050048
2100-Mar-30 09:00:00, 11042.865861028815, 0.64167115708854261, null, null, 11042.865861028815, 0.64167115708854261
2100-Mar-30 10:00:00, 11050.749767401261, 0.64212926962817218, null, null, 11050.749767401261, 0.64212926962817218
2100-Mar-30 11:00:00, 11049.6587311158, 0.64206587245170299, null, null, 11049.6587311158, 0.64206587245170299
2100-Mar-30 12:00:00, 11039.21922659299, 0.64145926099495942, null, null, 11039.21922659299, 0.64145926099495942
2100-Mar-30 13:00:00, 11019.655108654102, 0.64032244285796058, null, null, 11019.655108654102, 0.64032244285796058
2100-Mar-30 14:00:00, 10992.410206213301, 0.63873931504549208, null, null, 10992.410206213301, 0.63873931504549208
2100-Mar-30 15:00:00, 10959.757439893665, 0.63684195084582318, null, null, 10959.757439893665, 0.63684195084582318
2100-Mar-30 16:00:00, 10924.226524427546, 0.63477734516044393, null, null, 10924.226524427546, 0.63477734516044393
2100-Mar-30 17:00:00, 10888.367824905337, 0.63269369282746502, null, null, 10888.367824905337, 0.63269369282746502
2100-Mar-30 18:00:00, 10854.600750725675, 0.63073157920288281, null, null, 10854.600750725675, 0.63073157920288281
2100-Mar-30 19:00:00, 10824.827170178409, 0.62900151672445903, null, null, 10824.827170178409, 0.62900151672445903
2100-Mar-30 20:00:00, 10799.919698401385, 0.62755421070476747, null, null, 10799.919698401385, 0.62755421070476747
2100-Mar-30 21:00:00, 10780.101029450736, 0.62640260129489522, null, null, 10780.101029450736, 0.62640260129489522
2100-Mar-30 22:00:00, 10765.314283088974, 0.6255433833376246, null, null, 10765.314283088974, 0.6255433833376246
2100-Mar-30 23:00:00, 10755.178223186322, 0.62495440422949233, null, null, 10755.178223186322, 0.62495440422949233
2100-Mar-31 00:00:00, 10749.190514011683, 0.62460647459575847, null, null, 10749.190514011683, 0.62460647459575847
2100-Mar-31 01:00:00, 10746.862949898796, 0.62447122612164763, null, null, 10746.862949898796, 0.62447122612164763
2100-Mar-31 02:00:00, 10747.850545160602, 0.62452861261917036, null, null, 10747.850545160602, 0.62452861261917036
2100-Mar-31 03:00:00, 10751.827847891136, 0.62475972295568194, null, null, 10751.827847891136, 0.62475972295568194
2100-Mar-31 04:00:00, 10758.778318138728, 0.62516359603919192, null, null, 10758.778318138728, 0.62516359603919192
2100-Mar-31 05:00:00, 10768.824135177034, 0.62574733137782523, null, null, 10768.824135177034, 0.62574733137782523
2100-Mar-31 06:00:00, 10781.769949517669, 0.62649957773958942, null, null, 10781.769949517669, 0.62649957773958942
2100-Mar-31 07:00:00, 10796.841875922855, 0.62737536674016936, null, null, 10796.841875922855, 0.62737536674016936
2100-Mar-31 08:00:00, 10812.291711237493, 0.62827311500841165, null, null, 10812.291711237493, 0.62827311500841165
2100-Mar-31 09:00:00, 10826.267171238296, 0.62908519130295482, null, null, 10826.267171238296, 0.62908519130295482
2100-Mar-31 10:00:00, 10837.722972074653, 0.62975085699794275, null, null, 10837.722972074653, 0.62975085699794275
2100-Mar-31 11:00:00, 10845.926310927953, 0.63022753089765593, null, null, 10845.926310927953, 0.63022753089765593
2100-Mar-31 12:00:00, 10850.512067434749, 0.63049399684235485, null, null, 10850.512067434749, 0.63049399684235485
2100-Mar-31 13:00:00, 10851.585760217611, 0.63055638623465637, null, null, 10851.585760217611, 0.63055638623465637
2100-Mar-31 14:00:00, 10849.585970893924, 0.63044018386967138, null, null, 10849.585970893924, 0.63044018386967138
2100-Mar-31 15:00:00, 10844.796533025916, 0.6301618825503178, null, null, 10844.796533025916, 0.6301618825503178
2100-Mar-31 16:00:00, 10837.729312168609, 0.62975122540370587, null, null, 10837.729312168609, 0.62975122540370587
2100-Mar-31 17:00:00, 10829.447906263284, 0.62927001523811443, null, null, 10829.447906263284, 0.62927001523811443
2100-Mar-31 18:00:00, 10821.360847762755, 0.62880009807614023, null, null, 10821.360847762755, 0.62880009807614023
2100-Mar-31 19:00:00, 10814.922222601945, 0.62842596693038599, null, null, 10814.922222601945, 0.62842596693038599
2100-Mar-31 20:00:00, 10811.198531385588, 0.62820959327507675, null, null, 10811.198531385588, 0.62820959327507675
2100-Mar-31 21:00:00, 10810.730978030966, 0.62818242501043997, null, null, 10810.730978030966, 0.62818242501043997
2100-Mar-31 22:00:00, 10813.504381150093, 0.62834357998695778, null, null, 10813.504381150093, 0.62834357998695778
2100-Mar-31 23:00:00, 10819.078899992361, 0.6286675002446831, null, null, 10819.078899992361, 0.6286675002446831
2100-Apr-01 00:00:00, 10826.812082690683, 0.62911685463804956, null, null, 10826.812082690683, 0.62911685463804956
2100-Apr-01 01:00:00, 10836.029955189149, 0.62965248035210075, null, null, 10836.029955189149, 0.62965248035210075
2100-Apr-01 02:00:00, 10846.127630976081, 0.63023922906277485, null, null, 10846.127630976081, 0.63023922906277485
2100-Apr-01 03:00:00, 10856.613546105926, 0.63084853731474266, null, null, 10856.613546105926, 0.63084853731474266
2100-Apr-01 04:00:00, 10867.145645677827, 0.63146052922009799, null, null, 10867.145645677827, 0.63146052922009799
2100-Apr-01 05:00:00, 10877.739044005953, 0.63207608303087981, null, null, 10877.739044005953, 0.63207608303087981
2100-Apr-01 06:00:00, 10888.519444634381, 0.63270250304106335, null, null, 10888.519444634381, 0.63270250304106335
2100-Apr-01 07:00:00, 10898.539694511934, 0.63328475274092944, null, null, 10898.539694511934, 0.63328475274092944
2100-Apr-01 08:00:00, 10906.160962980843, 0.63372760410021156, null, null, 10906.160962980843, 0.63372760410021156
2100-Apr-01 09:00:00, 10909.751526853412, 0.63393624208456334, null, null, 10909.751526853412, 0.63393624208456334
2100-Apr-01 10:00:00, 10907.503855625848, 0.63380563597058026, null, null, 10907.503855625848, 0.63380563597058026
2100-Apr-01 11:00:00, 10897.963426767696, 0.63325126737627035, null, null, 10897.963426767696, 0.63325126737627035
2100-Apr-01 12:00:00, 10880.650208462283, 0.6322452429472164, null, null, 10880.650208462283, 0.6322452429472164
2100-Apr-01 13:00:00, 10853.855713884348, 0.63068828712109315, null, null, 10853.855713884348, 0.63068828712109315
2100-Apr-01 14:00:00, 10817.237123979774, 0.62856047960710881, null, null, 10817.237123979774, 0.62856047960710881
2100-Apr-01 15:00:00, 10773.101031848268, 0.62599585031034832, null, null, 10773.101031848268, 0.62599585031034832
2100-Apr-01 16:00:00, 10724.954463093874, 0.6231981830316482, null, null, 10724.954463093874, 0.6231981830316482
2100-Apr-01 17:00:00, 10676.235209044178, 0.6203672385547363, null, null, 10676.235209044178, 0.6203672385547363
2100-Apr-01 18:00:00, 10629.648473057458, 0.61766020895193419, null, null, 10629.648473057458, 0.61766020895193419
2100-Apr-01 19:00:00, 10587.101486774092, 0.6151879183108403, null, null, 10587.101486774092, 0.6151879183108403
2100-Apr-01 20:00:00, 10549.730014068444, 0.6130163628075026, null, null, 10549.730014068444, 0.6130163628075026
2100-Apr-01 21:00:00, 10518.098296968843, 0.61117832902465752, null, null, 10518.098296968843, 0.61117832902465752
2100-Apr-01 22:00:00, 10492.66294127246, 0.60970034909389914, null, null, 10492.66294127246, 0.60970034909389914
2100-Apr-01 23:00:00, 10473.483958201159, 0.60858591010550445, null, null, 10473.483958201159, 0.60858591010550445
2100-Apr-02 00:00:00, 10460.238786053374, 0.60781626886881246, null, null, 10460.238786053374, 0.60781626886881246
2100-Apr-02 01:00:00, 10452.329785866026, 0.60735669819526672, null, null, 10452.329785866026, 0.60735669819526672
2100-Apr-02 02:00:00, 10449.115837890731, 0.60716994434512639, null, null, 10449.115837890731, 0.60716994434512639
2100-Apr-02 03:00:00, 10449.905345238887, 0.60721582048814904, null, null, 10449.905345238887, 0.60721582048814904
2100-Apr-02 04:00:00, 10454.123400307108, 0.60746092029379284, null, null, 10454.123400307108, 0.60746092029379284
2100-Apr-02 05:00:00, 10461.163831939364, 0.60787002079077668, null, null, 10461.163831939364, 0.60787002079077668
2100-Apr-02 06:00:00, 10470.113530226819, 0.60839006362458226, null, null, 10470.113530226819, 0.60839006362458226
2100-Apr-02 07:00:00, 10480.099109569144, 0.60897029871313857, null, null, 10480.099109569144, 0.60897029871313857
2100-Apr-02 08:00:00, 10489.672589594789, 0.60952658782166602, null, null, 10489.672589594789, 0.60952658782166602
2100-Apr-02 09:00:00, 10497.488709319721, 0.60998076146200142, null, null, 10497.488709319721, 0.60998076146200142
2100-Apr-02 10:00:00, 10502.452916616659, 0.61026921816158841, null, null, 10502.452916616659, 0.61026921816158841
2100-Apr-02 11:00:00, 10503.866837012112, 0.6103513772630027, null, null, 10503.866837012112, 0.6103513772630027
2100-Apr-02 12:00:00, 10501.485634754614, 0.6102130120209488, null, null, 10501.485634754614, 0.6102130120209488
2100-Apr-02 13:00:00, 10495.43491271438, 0.60986142087951511, null, null, 10495.43491271438, 0.60986142087951511
2100-Apr-02 14:00:00, 10486.408931163873, 0.60933694543099837, null, null, 10486.408931163873, 0.60933694543099837
2100-Apr-02 15:00:00, 10475.323458309311, 0.60869279849640923, null, null, 10475.323458309311, 0.60869279849640923
2100-Apr-02 16:00:00, 10463.127674727895, 0.60798413439953691, null, null, 10463.127674727895, 0.60798413439953691
2100-Apr-02 17:00:00, 10450.638734773771, 0.6072584357763694, null, null, 10450.638734773771, 0.6072584357763694
2100-Apr-02 18:00:00, 10438.478748015821, 0.60655185173637916, null, null, 10438.478748015821, 0.60655185173637916
2100-Apr-02 19:00:00, 10427.203959477874, 0.60589670417793562, null, null, 10427.203959477874, 0.60589670417793562
2100-Apr-02 20:00:00, 10417.300928163313, 0.60532126573267442, null, null, 10417.300928163313, 0.60532126573267442
2100-Apr-02 21:00:00, 10409.149292788525, 0.60484759618267436, null, null, 10409.149292788525, 0.60484759618267436
2100-Apr-02 22:00:00, 10403.137361883117, 0.60449825908948163, null, null, 10403.137361883117, 0.60449825908948163
2100-Apr-02 23:00:00, 10399.531114417345, 0.6042887097738211, null, null, 10399.531114417345, 0.6042887097738211
2100-Apr-03 00:00:00, 10398.538062545016, 0.60423100620737513, null, null, 10398.538062545016, 0.60423100620737513
2100-Apr-03 01:00:00, 10400.248066354367, 0.60433036991755507, null, null, 10400.248066354367, 0.60433036991755507
2100-Apr-03 02:00:00, 10404.651203852231, 0.60458622436409371, null, null, 10404.651203852231, 0.60458622436409371
2100-Apr-03 03:00:00, 10411.581761732759, 0.60498894039364925, null, null, 10411.581761732759, 0.60498894039364925
2100-Apr-03 04:00:00, 10420.818809950397, 0.60552568035703247, null, null, 10420.818809950397, 0.60552568035703247
2100-Apr-03 05:00:00, 10432.084355962968, 0.60618029085724978, null, null, 10432.084355962968, 0.60618029085724978
2100-Apr-03 06:00:00, 10445.169673502933, 0.60694064337374387, null, null, 10445.169673502933, 0.60694064337374387
2100-Apr-03 07:00:00, 10459.434635623466, 0.60776954185579557, null, null, 10459.434635623466, 0.60776954185579557
2100-Apr-03 08:00:00, 10473.715804530553, 0.60859938207051079, null, null, 10473.715804530553, 0.60859938207051079
2100-Apr-03 09:00:00, 10486.741041927991, 0.60935624349193429, null, null, 10486.741041927991, 0.60935624349193429
2100-Apr-03 10:00:00, 10497.209493226235, 0.60996453696774067, null, null, 10497.209493226235, 0.60996453696774067
2100-Apr-03 11:00:00, 10503.98603040289, 0.610358303269525, null, null, 10503.98603040289, 0.610358303269525
2100-Apr-03 12:00:00, 10505.942966534576, 0.61047201555108033, null, null, 10505.942966534576, 0.61047201555108033
2100-Apr-03 13:00:00, 10502.951722177604, 0.6102982024076602, null, null, 10502.951722177604, 0.6102982024076602
2100-Apr-03 14:00:00, 10495.666820460605, 0.60987489641328785, null, null, 10495.666820460605, 0.60987489641328785
2100-Apr-03 15:00:00, 10485.090182814743, 0.60926031652055568, null, null, 10485.090182814743, 0.60926031652055568
2100-Apr-03 16:00:00, 10472.367901258835, 0.6085210590461354, null, null, 10472.367901258835, 0.6085210590461354
2100-Apr-03 17:00:00, 10458.893559798118, 0.60773810139864493, null, null, 10458.893559798118, 0.60773810139864493
2100-Apr-03 18:00:00, 10446.136056305499, 0.60699679727246159, null, null, 10446.136056305499, 0.60699679727246159
2100-Apr-03 19:00:00, 10435.356155435853, 0.60637040630191319, null, null, 10435.356155435853, 0.60637040630191319
2100-Apr-03 20:00:00, 10427.375775795341, 0.60590668796082525, null, null, 10427.375775795341, 0.60590668796082525
2100-Apr-03 21:00:00, 10422.595848514989, 0.60562893927607431, null, null, 10422.595848514989, 0.60562893927607431
2100-Apr-03 22:00:00, 10421.134210871021, 0.60554400745402259, null, null, 10421.134210871021, 0.60554400745402259
2100-Apr-03 23:00:00, 10422.952067399143, 0.60564963819485562, null, null, 10422.952067399143, 0.60564963819485562
2100-Apr-04 00:00:00, 10427.948618121709, 0.60593997428368884, null, null, 10427.948618121709, 0.60593997428368884
2100-Apr-04 01:00:00, 10435.993389660243, 0.6064074342643323, null, null, 10435.993389660243, 0.6064074342643323
2100-Apr-04 02:00:00, 10446.91405663222, 0.60704200477349846, null, null, 10446.91405663222, 0.60704200477349846
2100-Apr-04 03:00:00, 10460.432824103993, 0.60782754389669258, null, null, 10460.432824103993, 0.60782754389669258
2100-Apr-04 04:00:00, 10476.281717083279, 0.60874848032973228, null, null, 10476.281717083279, 0.60874848032973228
2100-Apr-04 05:00:00, 10494.232914603854, 0.60979157601061007, null, null, 10494.232914603854, 0.60979157601061007
2100-Apr-04 06:00:00, 10514.000204198177, 0.61094019990463533, null, null, 10514.000204198177, 0.61094019990463533
2100-Apr-04 07:00:00, 10534.931452158191, 0.61215645828057097, null, null, 10534.931452158191, 0.61215645828057097
2100-Apr-04 08:00:00, 10555.717734292279, 0.61336429308327556, null, null, 10555.717734292279, 0.61336429308327556
2100-Apr-04 09:00:00, 10572.919764475684, 0.61436385667038851, null, null, 10572.919764475684, 0.61436385667038851
2100-Apr-04 10:00:00, 10583.383944087624, 0.61497190193002282, null, null, 10583.383944087624, 0.61497190193002282
2100-Apr-04 11:00:00, 10586.245839921465, 0.6151381989795639, null, null, 10586.245839921465, 0.6151381989795639
2100-Apr-04 12:00:00, 10579.620582952208, 0.61475322316269065, null, null, 10579.620582952208, 0.61475322316269065
2100-Apr-04 13:00:00, 10563.11303557344, 0.61379401409861878, null, null, 10563.11303557344, 0.61379401409861878
2100-Apr-04 14:00:00, 10539.386914903676, 0.61241535320614904, null, null, 10539.386914903676, 0.61241535320614904
2100-Apr-04 15:00:00, 10511.899191159628, 0.61081811570253863, null, null, 10511.899191159628, 0.61081811570253863
2100-Apr-04 16:00:00, 10483.375521679354, 0.60916068218571851, null, null, 10483.375521679354, 0.60916068218571851
2100-Apr-04 17:00:00, 10455.922212726138, 0.60756544443280081, null, null, 10455.922212726138, 0.60756544443280081
2100-Apr-04 18:00:00, 10431.206881935503, 0.60612930320770264, null, null, 10431.206881935503, 0.60612930320770264
2100-Apr-04 19:00:00, 10410.283294225788, 0.60491348994825533, null, null, 10410.283294225788, 0.60491348994825533
2100-Apr-04 20:00:00, 10393.67506852728, 0.60394843073851168, null, null, 10393.67506852728, 0.60394843073851168
2100-Apr-04 21:00:00, 10381.519282364234, 0.60324209078376412, null, null, 10381.519282364234, 0.60324209078376412
2100-Apr-04 22:00:00, 10373.64614424005, 0.60278460395800348, null, null, 10373.64614424005, 0.60278460395800348
2100-Apr-04 23:00:00, 10369.76822667198, 0.60255926862528164, null, null, 10369.76822667198, 0.60255926862528164
2100-Apr-05 00:00:00, 10369.660256857143, 0.60255299479049196, null, null, 10369.660256857143, 0.60255299479049196
2100-Apr-05 01:00:00, 10373.226068801217, 0.60276019450702467, null, null, 10373.226068801217, 0.60276019450702467
2100-Apr-05 02:00:00, 10380.49636120745, 0.60318265159374373, null, null, 10380.49636120745, 0.60318265159374373
2100-Apr-05 03:00:00, 10391.230777541392, 0.60380639958057558, null, null, 10391.230777541392, 0.60380639958057558
2100-Apr-05 04:00:00, 10405.015438418677, 0.60460738905255818, null, null, 10405.015438418677, 0.60460738905255818
2100-Apr-05 05:00:00, 10421.436508905384, 0.60556157317762516, null, null, 10421.436508905384, 0.60556157317762516
2100-Apr-05 06:00:00, 10439.865155956948, 0.60663241216326247, null, null, 10439.865155956948, 0.60663241216326247
2100-Apr-05 07:00:00, 10458.700173403313, 0.60772686423672684, null, null, 10458.700173403313, 0.60772686423672684
2100-Apr-05 08:00:00, 10476.125374969801, 0.6087393957111088, null, null, 10476.125374969801, 0.6087393957111088
2100-Apr-05 09:00:00, 10490.581666050668, 0.60957941180310948, null, null, 10490.581666050668, 0.60957941180310948
2100-Apr-05 10:00:00, 10501.018539890814, 0.61018587039797734, null, null, 10501.018539890814, 0.61018587039797734
2100-Apr-05 11:00:00, 10506.870900562204, 0.61052593529516697, null, null, 10506.870900562204, 0.61052593529516697
2100-Apr-05 12:00:00, 10507.970004842466, 0.610589801281058, null, null, 10507.970004842466, 0.610589801281058
2100-Apr-05 13:00:00, 10504.518651056822, 0.61038925241946473, null, null, 10504.518651056822, 0.61038925241946473
2100-Apr-05 14:00:00, 10497.337150683499, 0.60997195479834232, null, null, 10497.337150683499, 0.60997195479834232
2100-Apr-05 15:00:00, 10487.262793504169, 0.60938656106907518, null, null, 10487.262793504169, 0.60938656106907518
2100-Apr-05 16:00:00, 10475.025998758867, 0.60867551392405972, null, null, 10475.025998758867, 0.60867551392405972
2100-Apr-05 17:00:00, 10461.611149189142, 0.60789601318992947, null, null, 10461.611149189142, 0.60789601318992947
2100-Apr-05 18:00:00, 10448.354063186347, 0.60712567967124964, null, null, 10448.354063186347, 0.60712567967124964
2100-Apr-05 19:00:00, 10436.827745915612, 0.60645591645641395, null, null, 10436.827745915612, 0.60645591645641395
2100-Apr-05 20:00:00, 10428.382192943562, 0.60596516814741264, null, null, 10428.382192943562, 0.60596516814741264
2100-Apr-05 21:00:00, 10423.818433719776, 0.60569998040551176, null, null, 10423.818433719776, 0.60569998040551176
2100-Apr-05 22:00:00, 10423.458160912995, 0.60567904592421828, null, null, 10423.458160912995, 0.60567904592421828
2100-Apr-05 23:00:00, 10427.381133292067, 0.60590699927051295, null, null, 10427.381133292067, 0.60590699927051295
2100-Apr-06 00:00:00, 10435.387928519751, 0.60637225255013949, null, null, 10435.387928519751, 0.60637225255013949
2100-Apr-06 01:00:00, 10447.080138782831, 0.60705165535941474, null, null, 10447.080138782831, 0.60705165535941474
2100-Apr-06 02:00:00, 10461.950553760338, 0.60791573507432628, null, null, 10461.950553760338, 0.60791573507432628
2100-Apr-06 03:00:00, 10479.476693034196, 0.60893413176669575, null, null, 10479.476693034196, 0.60893413176669575
2100-Apr-06 04:00:00, 10499.205710006698, 0.6100805317418726, null, null, 10499.205710006698, 0.6100805317418726
2100-Apr-06 05:00:00, 10520.727069103596, 0.61133107988468394, null, null, 10520.727069103596, 0.61133107988468394
2100-Apr-06 06:00:00, 10543.63416891968, 0.61266214968391086, null, null, 10543.63416891968, 0.61266214968391086
2100-Apr-06 07:00:00, 10567.192113380384, 0.61403103831037464, null, null, 10567.192113380384, 0.61403103831037464
2100-Apr-06 08:00:00, 10589.926862520113, 0.61535209327655793, null, null, 10589.926862520113, 0.61535209327655793
2100-Apr-06 09:00:00, 10609.704054815247, 0.61650129258982378, null, null, 10609.704054815247, 0.61650129258982378
2100-Apr-06 10:00:00, 10623.926861298565, 0.61732774152147341, null, null, 10623.926861298565, 0.61732774152147341
2100-Apr-06 11:00:00, 10630.813138840349, 0.61772788453995042, null, null, 10630.813138840349, 0.61772788453995042
2100-Apr-06 12:00:00, 10630.555687998227, 0.61771292476575446, null, null, 10630.555687998227, 0.61771292476575446
2100-Apr-06 13:00:00, 10623.776080196329, 0.61731898003821739, null, null, 10623.776080196329, 0.61731898003821739
2100-Apr-06 14:00:00, 10611.401881660267, 0.61659994872944279, null, null, 10611.401881660267, 0.61659994872944279
2100-Apr-06 15:00:00, 10594.605877010581, 0.61562397819120929, null, null, 10594.605877010581, 0.61562397819120929
2100-Apr-06 16:00:00, 10575.390478072388, 0.61450742317498819, null, null, 10575.390478072388, 0.61450742317498819
2100-Apr-06 17:00:00, 10556.026361417093, 0.61338222657325725, null, null, 10556.026361417093, 0.61338222657325725
2100-Apr-06 18:00:00, 10538.440154140539, 0.61236033949122992, null, null, 10538.440154140539, 0.61236033949122992
2100-Apr-06 19:00:00, 10523.811089711922, 0.61151028400589069, null, null, 10523.811089711922, 0.61151028400589069
2100-Apr-06 20:00:00, 10512.731847486992, 0.61086649911638802, null, null, 10512.731847486992, 0.61086649911638802
2100-Apr-06 21:00:00, 10505.366273949199, 0.6104385055000483, null, null, 10505.366273949199, 0.6104385055000483
2100-Apr-06 22:00:00, 10501.578017815691, 0.61021838015150864, null, null, 10501.578017815691, 0.61021838015150864
2100-Apr-06 23:00:00, 10501.129486324791, 0.61019231719607858, null, null, 10501.129486324791, 0.61019231719607858
2100-Apr-07 00:00:00, 10503.779258430304, 0.61034628830777748, null, null, 10503.779258430304, 0.61034628830777748
2100-Apr-07 01:00:00, 10509.3273602971, 0.61066867354629395, null, null, 10509.3273602971, 0.61066867354629395
2100-Apr-07 02:00:00, 10517.616102890914, 0.61115031002706932, null, null, 10517.616102890914, 0.61115031002706932
2100-Apr-07 03:00:00, 10528.4010985562, 0.61177699704245381, null, null, 10528.4010985562, 0.61177699704245381
2100-Apr-07 04:00:00, 10541.325403866895, 0.61252799357248922, null, null, 10541.325403866895, 0.61252799357248922
2100-Apr-07 05:00:00, 10555.971359811585, 0.61337903057827803, null, null, 10555.971359811585, 0.61337903057827803
2100-Apr-07 06:00:00, 10571.903171739645, 0.61430478520783238, null, null, 10571.903171739645, 0.61430478520783238
2100-Apr-07 07:00:00, 10588.274553121895, 0.61525608203303062, null, null, 10588.274553121895, 0.61525608203303062
2100-Apr-07 08:00:00, 10603.616722251849, 0.61614757410961263, null, null, 10603.616722251849, 0.61614757410961263
2100-Apr-07 09:00:00, 10614.529222275682, 0.61678167005944506, null, null, 10614.529222275682, 0.61678167005944506
2100-Apr-07 10:00:00, 10618.524535920076, 0.6170138269615929, null, null, 10618.524535920076, 0.6170138269615929
2100-Apr-07 11:00:00, 10616.828366925998, 0.6169152671552216, null, null, 10616.828366925998, 0.6169152671552216
2100-Apr-07 12:00:00, 10611.604603502758, 0.61661172834905198, null, null, 10611.604603502758, 0.61661172834905198
2100-Apr-07 13:00:00, 10603.891378824092, 0.61616353366238918, null, null, 10603.891378824092, 0.61616353366238918
2100-Apr-07 14:00:00, 10594.521078053793, 0.61561905075249845, null, null, 10594.521078053793, 0.61561905075249845
2100-Apr-07 15:00:00, 10583.915134726671, 0.61500276798565379, null, null, 10583.915134726671, 0.61500276798565379
2100-Apr-07 16:00:00, 10572.266680717132, 0.61432590773427898, null, null, 10572.266680717132, 0.61432590773427898
2100-Apr-07 17:00:00, 10560.254874019382, 0.61362793403800597, null, null, 10560.254874019382, 0.61362793403800597
2100-Apr-07 18:00:00, 10549.13966831359, 0.6129820594076093, null, null, 10549.13966831359, 0.6129820594076093
2100-Apr-07 19:00:00, 10540.088372020055, 0.61245611298763869, null, null, 10540.088372020055, 0.61245611298763869
2100-Apr-07 20:00:00, 10533.696813891813, 0.61208471678022647, null, null, 10533.696813891813, 0.61208471678022647
2100-Apr-07 21:00:00, 10530.470185439459, 0.61189722610175834, null, null, 10530.470185439459, 0.61189722610175834
2100-Apr-07 22:00:00, 10530.892843497164, 0.61192178562175559, null, null, 10530.892843497164, 0.61192178562175559
2100-Apr-07 23:00:00, 10535.09925568415, 0.61216620889096685, null, null, 10535.09925568415, 0.61216620889096685
2100-Apr-08 00:00:00, 10542.876622572649, 0.6126181307084777, null, null, 10542.876622572649, 0.6126181307084777
2100-Apr-08 01:00:00, 10553.775380817255, 0.61325142816057532, null, null, 10553.775380817255, 0.61325142816057532
2100-Apr-08 02:00:00, 10567.301936790858, 0.61403741985260851, null, null, 10567.301936790858, 0.61403741985260851
2100-Apr-08 03:00:00, 10582.965718226213, 0.61494759995300041, null, null, 10582.965718226213, 0.61494759995300041
2100-Apr-08 04:00:00, 10600.334020840775, 0.61595682518271921, null, null, 10600.334020840775, 0.61595682518271921
2100-Apr-08 05:00:00, 10619.02063905451, 0.61704265417694748, null, null, 10619.02063905451, 0.61704265417694748
2100-Apr-08 06:00:00, 10638.694692097763, 0.61818586034641088, null, null, 10638.694692097763, 0.61818586034641088
2100-Apr-08 07:00:00, 10658.018763885479, 0.61930873004887155, null, null, 10658.018763885479, 0.61930873004887155
2100-Apr-08 08:00:00, 10675.480953959381, 0.62032341082567644, null, null, 10675.480953959381, 0.62032341082567644
2100-Apr-08 09:00:00, 10689.920542036261, 0.62116245635115652, null, null, 10689.920542036261, 0.62116245635115652
2100-Apr-08 10:00:00, 10699.380100297265, 0.62171212577314117, null, null, 10699.380100297265, 0.62171212577314117
2100-Apr-08 11:00:00, 10701.499735940277, 0.62183529208456556, null, null, 10701.499735940277, 0.62183529208456556
2100-Apr-08 12:00:00, 10693.430611302983, 0.62136641701102358, null, null, 10693.430611302983, 0.62136641701102358
2100-Apr-08 13:00:00, 10673.392144059711, 0.62020203571507315, null, null, 10673.392144059711, 0.62020203571507315
2100-Apr-08 14:00:00, 10643.024750823293, 0.61843746838255287, null, null, 10643.024750823293, 0.61843746838255287
2100-Apr-08 15:00:00, 10606.000492884079, 0.61628608859299638, null, null, 10606.000492884079, 0.61628608859299638
2100-Apr-08 16:00:00, 10565.898054326562, 0.6139558440283055, null, null, 10565.898054326562, 0.6139558440283055
2100-Apr-08 17:00:00, 10525.998089591183, 0.61163736467142971, null, null, 10525.998089591183, 0.61163736467142971
2100-Apr-08 18:00:00, 10489.072962066934, 0.60949174508297266, null, null, 10489.072962066934, 0.60949174508297266
2100-Apr-08 19:00:00, 10456.902111867799, 0.60762238372953525, null, null, 10456.902111867799, 0.60762238372953525
2100-Apr-08 20:00:00, 10430.339766048957, 0.60607891744179254, null, null, 10430.339766048957, 0.60607891744179254
2100-Apr-08 21:00:00, 10409.71812723218, 0.60488064961828114, null, null, 10409.71812723218, 0.60488064961828114
2100-Apr-08 22:00:00, 10394.884831009826, 0.60401872677413748, null, null, 10394.884831009826, 0.60401872677413748
2100-Apr-08 23:00:00, 10385.364303162554, 0.60346551457390496, null, null, 10385.364303162554, 0.60346551457390496
2100-Apr-09 00:00:00, 10380.54836671092, 0.60318567349331276, null, null, 10380.54836671092, 0.60318567349331276
2100-Apr-09 01:00:00, 10379.866122016576, 0.60314603009385948, null, null, 10379.866122016576, 0.60314603009385948
2100-Apr-09 02:00:00, 10382.915530436007, 0.60332322299410446, null, null, 10382.915530436007, 0.60332322299410446
2100-Apr-09 03:00:00, 10389.315427792002, 0.60369510377155389, null, null, 10389.315427792002, 0.60369510377155389
2100-Apr-09 04:00:00, 10398.720576920929, 0.60424161162559265, null, null, 10398.720576920929, 0.60424161162559265
2100-Apr-09 05:00:00, 10410.713540959925, 0.60493849042577641, null, null, 10410.713540959925, 0.60493849042577641
2100-Apr-09 06:00:00, 10424.641246806103, 0.60574779185516758, null, null, 10424.641246806103, 0.60574779185516758
2100-Apr-09 07:00:00, 10438.928759111299, 0.60657800066764145, null, null, 10438.928759111299, 0.60657800066764145
2100-Apr-09 08:00:00, 10450.938635965553, 0.6072758622259129, null, null, 10450.938635965553, 0.6072758622259129
2100-Apr-09 09:00:00, 10459.021315649437, 0.60774552494665979, null, null, 10459.021315649437, 0.60774552494665979
2100-Apr-09 10:00:00, 10462.555931608435, 0.6079509119486225, null, null, 10462.555931608435, 0.6079509119486225
2100-Apr-09 11:00:00, 10461.246426757256, 0.60787482015291994, null, null, 10461.246426757256, 0.60787482015291994
2100-Apr-09 12:00:00, 10454.858230279189, 0.60750361928193441, null, null, 10454.858230279189, 0.60750361928193441
2100-Apr-09 13:00:00, 10443.567147919815, 0.6068475249334655, null, null, 10443.567147919815, 0.6068475249334655
2100-Apr-09 14:00:00, 10427.815302760502, 0.60593222768754618, null, null, 10427.815302760502, 0.60593222768754618
2100-Apr-09 15:00:00, 10408.403862053183, 0.60480428121276564, null, null, 10408.403862053183, 0.60480428121276564
2100-Apr-09 16:00:00, 10386.757670189574, 0.60354647937450367, null, null, 10386.757670189574, 0.60354647937450367
2100-Apr-09 17:00:00, 10364.463685990087, 0.60225103607043506, null, null, 10364.463685990087, 0.60225103607043506
2100-Apr-09 18:00:00, 10343.061890034369, 0.60100743541934465, null, null, 10343.061890034369, 0.60100743541934465
2100-Apr-09 19:00:00, 10323.854661979774, 0.59989135519113601, null, null, 10323.854661979774, 0.59989135519113601
2100-Apr-09 20:00:00, 10307.792796704423, 0.59895804351227122, null, null, 10307.792796704423, 0.59895804351227122
2100-Apr-09 21:00:00, 10295.40562366542, 0.59823825829011756, null, null, 10295.40562366542, 0.59823825829011756
2100-Apr-09 22:00:00, 10286.769383837036, 0.59773642968209928, null, null, 10286.769383837036, 0.59773642968209928
2100-Apr-09 23:00:00, 10281.773848503692, 0.59744615259479572, null, null, 10281.773848503692, 0.59744615259479572
2100-Apr-10 00:00:00, 10280.327458963235, 0.59736210679892121, null, null, 10280.327458963235, 0.59736210679892121
2100-Apr-10 01:00:00, 10282.230690407183, 0.59747269844589168, null, null, 10282.230690407183, 0.59747269844589168
2100-Apr-10 02:00:00, 10287.163907667551, 0.59775935439802097, null, null, 10287.163907667551, 0.59775935439802097
2100-Apr-10 03:00:00, 10294.820669479455, 0.59820426817975358, null, null, 10294.820669479455, 0.59820426817975358
2100-Apr-10 04:00:00, 10304.82643789364, 0.59878567640083391, null, null, 10304.82643789364, 0.59878567640083391
2100-Apr-10 05:00:00, 10316.778011928083, 0.5994801501394651, null, null, 10316.778011928083, 0.5994801501394651
2100-Apr-10 06:00:00, 10330.135362560201, 0.60025630976538213, null, null, 10330.135362560201, 0.60025630976538213
2100-Apr-10 07:00:00, 10344.09137220248, 0.60106725585204102, null, null, 10344.09137220248, 0.60106725585204102
2100-Apr-10 08:00:00, 10357.101896234723, 0.60182326231948891, null, null, 10357.101896234723, 0.60182326231948891
2100-Apr-10 09:00:00, 10366.753684934127, 0.60238410173388202, null, null, 10366.753684934127, 0.60238410173388202
2100-Apr-10 10:00:00, 10370.655172057493, 0.60261080662990463, null, null, 10370.655172057493, 0.60261080662990463
2100-Apr-10 11:00:00, 10366.672757906943, 0.60237939928255946, null, null, 10366.672757906943, 0.60237939928255946
2100-Apr-10 12:00:00, 10353.854689417489, 0.60163457588772906, null, null, 10353.854689417489, 0.60163457588772906
2100-Apr-10 13:00:00, 10332.031464735612, 0.60036648714978269, null, null, 10332.031464735612, 0.60036648714978269
2100-Apr-10 14:00:00, 10302.29490748338, 0.59863857599519654, null, null, 10302.29490748338, 0.59863857599519654
2100-Apr-10 15:00:00, 10267.858482504647, 0.59663756820064595, null, null, 10267.858482504647, 0.59663756820064595
2100-Apr-10 16:00:00, 10232.378344793646, 0.59457591307368973, null, null, 10232.378344793646, 0.59457591307368973
2100-Apr-10 17:00:00, 10198.581278926335, 0.59261205671301354, null, null, 10198.581278926335, 0.59261205671301354
2100-Apr-10 18:00:00, 10168.070443010607, 0.59083915431320488, null, null, 10168.070443010607, 0.59083915431320488
2100-Apr-10 19:00:00, 10141.674033441148, 0.58930533013345165, null, null, 10141.674033441148, 0.58930533013345165
2100-Apr-10 20:00:00, 10119.879599379619, 0.58803891434081712, null, null, 10119.879599379619, 0.58803891434081712
2100-Apr-10 21:00:00, 10102.835597565954, 0.58704853335613183, null, null, 10102.835597565954, 0.58704853335613183
2100-Apr-10 22:00:00, 10090.323723467163, 0.58632150209166167, null, null, 10090.323723467163, 0.58632150209166167
2100-Apr-10 23:00:00, 10081.922873860458, 0.58583335137467385, null, null, 10081.922873860458, 0.58583335137467385
2100-Apr-11 00:00:00, 10077.167286270127, 0.58555701700367579, null, null, 10077.167286270127, 0.58555701700367579
2100-Apr-11 01:00:00, 10075.614397135916, 0.5854667828035941, null, null, 10075.614397135916, 0.5854667828035941
2100-Apr-11 02:00:00, 10076.871741853611, 0.58553984371459455, null, null, 10076.871741853611, 0.58553984371459455
2100-Apr-11 03:00:00, 10080.641093141758, 0.58575887055354892, null, null, 10080.641093141758, 0.58575887055354892
2100-Apr-11 04:00:00, 10086.738880645391, 0.58611319654214444, null, null, 10086.738880645391, 0.58611319654214444
2100-Apr-11 05:00:00, 10094.944107776513, 0.58658998016458996, null, null, 10094.944107776513, 0.58658998016458996
2100-Apr-11 06:00:00, 10104.911021364807, 0.58716913063651344, null, null, 10104.911021364807, 0.58716913063651344
2100-Apr-11 07:00:00, 10115.321552273226, 0.5877740585146547, null, null, 10115.321552273226, 0.5877740585146547
2100-Apr-11 08:00:00, 10124.414245876844, 0.58830241042068265, null, null, 10124.414245876844, 0.58830241042068265
2100-Apr-11 09:00:00, 10129.14403777712, 0.58857724587369198, null, null, 10129.14403777712, 0.58857724587369198
2100-Apr-11 10:00:00, 10126.030729662527, 0.5883963399344726, null, null, 10126.030729662527, 0.5883963399344726
2100-Apr-11 11:00:00, 10113.513398894464, 0.5876689915976655, null, null, 10113.513398894464, 0.5876689915976655
2100-Apr-11 12:00:00, 10091.585785047288, 0.5863948370868185, null, null, 10091.585785047288, 0.5863948370868185
2100-Apr-11 13:00:00, 10062.032751857725, 0.58467759002062469, null, null, 10062.032751857725, 0.58467759002062469
2100-Apr-11 14:00:00, 10026.907412236165, 0.58263655125390057, null, null, 10026.907412236165, 0.58263655125390057
2100-Apr-11 15:00:00, 9988.40015350254, 0.58039899828722796, null, null, 9988.40015350254, 0.58039899828722796
2100-Apr-11 16:00:00, 9948.6913304870195, 0.57809162566026218, null, null, 9948.6913304870195, 0.57809162566026218
2100-Apr-11 17:00:00, 9909.8170251363372, 0.575832744604447, null, null, 9909.8170251363372, 0.575832744604447
2100-Apr-11 18:00:00, 9873.7087031461306, 0.57373458738298244, null, null, 9873.7087031461306, 0.57373458738298244
2100-Apr-11 19:00:00, 9841.8228733160558, 0.57188178779460763, null, null, 9841.8228733160558, 0.57188178779460763
2100-Apr-11 20:00:00, 9815.2616041507936, 0.57033838406830129, null, null, 9815.2616041507936, 0.57033838406830129
2100-Apr-11 21:00:00, 9794.4590841780046, 0.56912960572857652, null, null, 9794.4590841780046, 0.56912960572857652
2100-Apr-11 22:00:00, 9779.2974587121043, 0.56824860455746018, null, null, 9779.2974587121043, 0.56824860455746018
2100-Apr-11 23:00:00, 9769.3937599999408, 0.56767312733152397, null, null, 9769.3937599999408, 0.56767312733152397
2100-Apr-12 00:00:00, 9764.4484001283272, 0.56738576580499889, null, null, 9764.4484001283272, 0.56738576580499889
2100-Apr-12 01:00:00, 9764.0277094108878, 0.56736132060183941, null, null, 9764.0277094108878, 0.56736132060183941
2100-Apr-12 02:00:00, 9767.5890314045646, 0.5675682594194621, null, null, 9767.5890314045646, 0.5675682594194621
2100-Apr-12 03:00:00, 9774.6130243142979, 0.5679764047066086, null, null, 9774.6130243142979, 0.5679764047066086
2100-Apr-12 04:00:00, 9784.6961527461153, 0.56856230810970532, null, null, 9784.6961527461153, 0.56856230810970532
2100-Apr-12 05:00:00, 9797.5479544882255, 0.56930909165288268, null, null, 9797.5479544882255, 0.56930909165288268
2100-Apr-12 06:00:00, 9812.7789699303466, 0.57019412488840082, null, null, 9812.7789699303466, 0.57019412488840082
2100-Apr-12 07:00:00, 9829.58042969497, 0.57117041240865318, null, null, 9829.58042969497, 0.57117041240865318
2100-Apr-12 08:00:00, 9845.3699169474112, 0.57208789693509876, null, null, 9845.3699169474112, 0.57208789693509876
2100-Apr-12 09:00:00, 9857.6055471134769, 0.57279887640955518, null, null, 9857.6055471134769, 0.57279887640955518
2100-Apr-12 10:00:00, 9863.0143141471253, 0.57311316527664646, null, null, 9863.0143141471253, 0.57311316527664646
2100-Apr-12 11:00:00, 9859.8547086882827, 0.57292956912359772, null, null, 9859.8547086882827, 0.57292956912359772
2100-Apr-12 12:00:00, 9848.0256197167091, 0.57224221266167774, null, null, 9848.0256197167091, 0.57224221266167774
2100-Apr-12 13:00:00, 9828.8018891452575, 0.57112517351671499, null, null, 9828.8018891452575, 0.57112517351671499
2100-Apr-12 14:00:00, 9804.746316209299, 0.56972736904145482, null, null, 9804.746316209299, 0.56972736904145482
2100-Apr-12 15:00:00, 9778.5687280764778, 0.5682062599853126, null, null, 9778.5687280764778, 0.5682062599853126
2100-Apr-12 16:00:00, 9752.5980122061865, 0.5666971717184961, null, null, 9752.5980122061865, 0.5666971717184961
2100-Apr-12 17:00:00, 9728.2437131419574, 0.56528200907346426, null, null, 9728.2437131419574, 0.56528200907346426
2100-Apr-12 18:00:00, 9706.3956154048428, 0.56401247502935048, null, null, 9706.3956154048428, 0.56401247502935048
2100-Apr-12 19:00:00, 9687.8848490174314, 0.56293686431054935, null, null, 9687.8848490174314, 0.56293686431054935
2100-Apr-12 20:00:00, 9673.4134606777807, 0.56209597095755193, null, null, 9673.4134606777807, 0.56209597095755193
2100-Apr-12 21:00:00, 9663.3582626065236, 0.56151169051239069, null, null, 9663.3582626065236, 0.56151169051239069
2100-Apr-12 22:00:00, 9657.627644023727, 0.56117869971968048, null, null, 9657.627644023727, 0.56117869971968048
2100-Apr-12 23:00:00, 9655.6764047205907, 0.56106531846547014, null, null, 9655.6764047205907, 0.56106531846547014
2100-Apr-13 00:00:00, 9656.9924828497406, 0.56114179221663019, null, null, 9656.9924828497406, 0.56114179221663019
2100-Apr-13 01:00:00, 9661.258159881354, 0.5613896592061498, null, null, 9661.258159881354, 0.5613896592061498
2100-Apr-13 02:00:00, 9668.1267782721989, 0.56178877609898525, null, null, 9668.1267782721989, 0.56178877609898525
2100-Apr-13 03:00:00, 9677.3171908540462, 0.5623228061913299, null, null, 9677.3171908540462, 0.5623228061913299
2100-Apr-13 04:00:00, 9688.5543889106957, 0.56297576946827155, null, null, 9688.5543889106957, 0.56297576946827155
2100-Apr-13 05:00:00, 9701.596364272038, 0.56373360348764201, null, null, 9701.596364272038, 0.56373360348764201
2100-Apr-13 06:00:00, 9716.1765625126445, 0.56458081949056815, null, null, 9716.1765625126445, 0.56458081949056815
2100-Apr-13 07:00:00, 9731.1158531222372, 0.56544890138273074, null, null, 9731.1158531222372, 0.56544890138273074
2100-Apr-13 08:00:00, 9745.1531433457658, 0.56626457046478551, null, null, 9745.1531433457658, 0.56626457046478551
2100-Apr-13 09:00:00, 9756.7479817052354, 0.56693831525531424, null, null, 9756.7479817052354, 0.56693831525531424
2100-Apr-13 10:00:00, 9762.5026757937558, 0.56727270501074023, null, null, 9762.5026757937558, 0.56727270501074023
2100-Apr-13 11:00:00, 9759.7291247624762, 0.56711154143944609, null, null, 9759.7291247624762, 0.56711154143944609
2100-Apr-13 12:00:00, 9747.7581475085499, 0.56641594023205333, null, null, 9747.7581475085499, 0.56641594023205333
2100-Apr-13 13:00:00, 9727.8095994814539, 0.56525678389927958, null, null, 9727.8095994814539, 0.56525678389927958
2100-Apr-13 14:00:00, 9701.9058848699551, 0.56375158889493648, null, null, 9701.9058848699551, 0.56375158889493648
2100-Apr-13 15:00:00, 9672.1632409119447, 0.56202332405829092, null, null, 9672.1632409119447, 0.56202332405829092
2100-Apr-13 16:00:00, 9640.7260929906224, 0.56019659616572204, null, null, 9640.7260929906224, 0.56019659616572204
2100-Apr-13 17:00:00, 9609.6818216873235, 0.55839269727399876, null, null, 9609.6818216873235, 0.55839269727399876
2100-Apr-13 18:00:00, 9580.8019196869081, 0.55671456404604669, null, null, 9580.8019196869081, 0.55671456404604669
2100-Apr-13 19:00:00, 9555.4450265949199, 0.55524114336564812, null, null, 9555.4450265949199, 0.55524114336564812
2100-Apr-13 20:00:00, 9534.5223840831877, 0.55402538502910681, null, null, 9534.5223840831877, 0.55402538502910681
2100-Apr-13 21:00:00, 9518.2039092435662, 0.55307716246043348, null, null, 9518.2039092435662, 0.55307716246043348
2100-Apr-13 22:00:00, 9506.3658330420549, 0.55238928377481678, null, null, 9506.3658330420549, 0.55238928377481678
2100-Apr-13 23:00:00, 9499.0236443049835, 0.55196264898618774, null, null, 9499.0236443049835, 0.55196264898618774
2100-Apr-14 00:00:00, 9496.2029674018304, 0.55179874705755827, null, null, 9496.2029674018304, 0.55179874705755827
2100-Apr-14 01:00:00, 9497.7715590644166, 0.55188989368922048, null, null, 9497.7715590644166, 0.55188989368922048
2100-Apr-14 02:00:00, 9503.3325878326468, 0.55221303007512068, null, null, 9503.3325878326468, 0.55221303007512068
2100-Apr-14 03:00:00, 9512.3081965497968, 0.55273457849412599, null, null, 9512.3081965497968, 0.55273457849412599
2100-Apr-14 04:00:00, 9524.2913879385087, 0.55343088943195462, null, null, 9524.2913879385087, 0.55343088943195462
2100-Apr-14 05:00:00, 9539.1153767795549, 0.55429227144926863, null, null, 9539.1153767795549, 0.55429227144926863
2100-Apr-14 06:00:00, 9556.3722872126873, 0.55529502397970376, null, null, 9556.3722872126873, 0.55529502397970376
2100-Apr-14 07:00:00, 9574.405188482855, 0.5563428672451487, null, null, 9574.405188482855, 0.5563428672451487
2100-Apr-14 08:00:00, 9591.2497850465352, 0.55732166132847194, null, null, 9591.2497850465352, 0.55732166132847194
2100-Apr-14 09:00:00, 9603.7533994422884, 0.5580482126438715, null, null, 9603.7533994422884, 0.5580482126438715
2100-Apr-14 10:00:00, 9609.8062340630604, 0.55839992654166348, null, null, 9609.8062340630604, 0.55839992654166348
2100-Apr-14 11:00:00, 9608.8861391883474, 0.55834646230961371, null, null, 9608.8861391883474, 0.55834646230961371
2100-Apr-14 12:00:00, 9602.2362169557819, 0.55796005326080167, null, null, 9602.2362169557819, 0.55796005326080167
2100-Apr-14 13:00:00, 9591.6919062301131, 0.55734735179822947, null, null, 9591.6919062301131, 0.55734735179822947
2100-Apr-14 14:00:00, 9578.6088961064816, 0.55658713335947629, null, null, 9578.6088961064816, 0.55658713335947629
2100-Apr-14 15:00:00, 9564.1103361289061, 0.55574466113586996, null, null, 9564.1103361289061, 0.55574466113586996
2100-Apr-14 16:00:00, 9549.0928114346534, 0.55487203327201307, null, null, 9549.0928114346534, 0.55487203327201307
2100-Apr-14 17:00:00, 9534.4140582297496, 0.55401909050587406, null, null, 9534.4140582297496, 0.55401909050587406
2100-Apr-14 18:00:00, 9520.8573492481537, 0.55323134670385687, null, null, 9520.8573492481537, 0.55323134670385687
2100-Apr-14 19:00:00, 9509.0700777688598, 0.55254642014364863, null, null, 9509.0700777688598, 0.55254642014364863
2100-Apr-14 20:00:00, 9499.5619973382545, 0.55199393122923301, null, null, 9499.5619973382545, 0.55199393122923301
2100-Apr-14 21:00:00, 9492.6048553916335, 0.55158967047128316, null, null, 9492.6048553916335, 0.55158967047128316
2100-Apr-14 22:00:00, 9488.2898844226129, 0.55133893914398646, null, null, 9488.2898844226129, 0.55133893914398646
2100-Apr-14 23:00:00, 9486.5756885685041, 0.55123933184538987, null, null, 9486.5756885685041, 0.55123933184538987
2100-Apr-15 00:00:00, 9487.2698281023113, 0.55127966642188875, null, null, 9487.2698281023113, 0.55127966642188875
2100-Apr-15 01:00:00, 9490.1079247350845, 0.55144458056403256, null, null, 9490.1079247350845, 0.55144458056403256
2100-Apr-15 02:00:00, 9494.9515483086579, 0.55172603046861979, null, null, 9494.9515483086579, 0.55172603046861979
2100-Apr-15 03:00:00, 9501.6743647956682, 0.55211667520599161, null, null, 9501.6743647956682, 0.55211667520599161
2100-Apr-15 04:00:00, 9510.1677488006389, 0.5526102028473352, null, null, 9510.1677488006389, 0.5526102028473352
2100-Apr-15 05:00:00, 9520.4789053275417, 0.55320935634813873, null, null, 9520.4789053275417, 0.55320935634813873
2100-Apr-15 06:00:00, 9532.4162103085073, 0.55390300095055001, null, null, 9532.4162103085073, 0.55390300095055001
2100-Apr-15 07:00:00, 9545.4518446607763, 0.55466046651098233, null, null, 9545.4518446607763, 0.55466046651098233
2100-Apr-15 08:00:00, 9558.9012891618295, 0.55544197746328372, null, null, 9558.9012891618295, 0.55544197746328372
2100-Apr-15 09:00:00, 9571.8315441611649, 0.55619331971368213, null, null, 9571.8315441611649, 0.55619331971368213
2100-Apr-15 10:00:00, 9583.7539729834862, 0.55688609990262961, null, null, 9583.7539729834862, 0.55688609990262961
2100-Apr-15 11:00:00, 9594.6611198360279, 0.55751988479411363, null, null, 9594.6611198360279, 0.55751988479411363
2100-Apr-15 12:00:00, 9605.1518252119804, 0.55812947139436553, null, null, 9605.1518252119804, 0.55812947139436553
2100-Apr-15 13:00:00, 9615.9651960337233, 0.55875780721357549, null, null, 9615.9651960337233, 0.55875780721357549
2100-Apr-15 14:00:00, 9627.5620910507587, 0.55943167151092943, null, null, 9627.5620910507587, 0.55943167151092943
2100-Apr-15 15:00:00, 9639.7943759287264, 0.56014245659971529, null, null, 9639.7943759287264, 0.56014245659971529
2100-Apr-15 16:00:00, 9652.3032057561468, 0.56086931096978521, null, null, 9652.3032057561468, 0.56086931096978521
2100-Apr-15 17:00:00, 9665.0302921051752, 0.56160884763777719, null, null, 9665.0302921051752, 0.56160884763777719
2100-Apr-15 18:00:00, 9678.5509582099694, 0.56239449708541633, null, null, 9678.5509582099694, 0.56239449708541633
2100-Apr-15 19:00:00, 9693.3853745455872, 0.56325648501632131, null, null, 9693.3853745455872, 0.56325648501632131
2100-Apr-15 20:00:00, 9709.7059472492147, 0.56420482948621498, null, null, 9709.7059472492147, 0.56420482948621498
2100-Apr-15 21:00:00, 9727.4049389809607, 0.56523327016879987, null, null, 9727.4049389809607, 0.56523327016879987
2100-Apr-15 22:00:00, 9746.283042752133, 0.56633022587241255, null, null, 9746.283042752133, 0.56633022587241255
2100-Apr-15 23:00:00, 9766.1062908569547, 0.56748210136458566, null, null, 9766.1062908569547, 0.56748210136458566
2100-Apr-16 00:00:00, 9786.6268142521913, 0.56867449364361833, null, null, 9786.6268142521913, 0.56867449364361833
2100-Apr-16 01:00:00, 9807.6508596790209, 0.5698961442301137, null, null, 9807.6508596790209, 0.5698961442301137
2100-Apr-16 02:00:00, 9829.1054391301186, 0.57114281198778505, null, null, 9829.1054391301186, 0.57114281198778505
2100-Apr-16 03:00:00, 9850.9314388225048, 0.57241106197410907, null, null, 9850.9314388225048, 0.57241106197410907
2100-Apr-16 04:00:00, 9873.099114027973, 0.57369916580313907, null, null, 9873.099114027973, 0.57369916580313907
2100-Apr-16 05:00:00, 9895.6199051769145, 0.57500778824743493, null, null, 9895.6199051769145, 0.57500778824743493
2100-Apr-16 06:00:00, 9918.3164554970863, 0.57632662358322029, null, null, 9918.3164554970863, 0.57632662358322029
2100-Apr-16 07:00:00, 9940.6068798395736, 0.57762186003359817, null, null, 9940.6068798395736, 0.57762186003359817
2100-Apr-16 08:00:00, 9961.4412756513084, 0.57883249059236797, null, null, 9961.4412756513084, 0.57883249059236797
2100-Apr-16 09:00:00, 9979.3380532405863, 0.57987242407778639, null, null, 9979.3380532405863, 0.57987242407778639
2100-Apr-16 10:00:00, 9992.5625206182594, 0.58064086221611955, null, null, 9992.5625206182594, 0.58064086221611955
2100-Apr-16 11:00:00, 9999.8840667082186, 0.58106629751618966, null, null, 9999.8840667082186, 0.58106629751618966
2100-Apr-16 12:00:00, 10000.463665971023, 0.58109997646640887, null, null, 10000.463665971023, 0.58109997646640887
2100-Apr-16 13:00:00, 9993.606558324549, 0.58070152843188905, null, null, 9993.606558324549, 0.58070152843188905
2100-Apr-16 14:00:00, 9979.3061379420087, 0.57987056956584859, null, null, 9979.3061379420087, 0.57987056956584859
2100-Apr-16 15:00:00, 9958.2899151521451, 0.57864937353169288, null, null, 9958.2899151521451, 0.57864937353169288
2100-Apr-16 16:00:00, 9931.7903510946217, 0.57710955532280361, null, null, 9931.7903510946217, 0.57710955532280361
2100-Apr-16 17:00:00, 9901.7510417587837, 0.5753640520610378, null, null, 9901.7510417587837, 0.5753640520610378
2100-Apr-16 18:00:00, 9870.8893979070981, 0.57357076515805627, null, null, 9870.8893979070981, 0.57357076515805627
2100-Apr-16 19:00:00, 9841.6228864273198, 0.57187016709578609, null, null, 9841.6228864273198, 0.57187016709578609
2100-Apr-16 20:00:00, 9815.5229601901301, 0.57035357076297666, null, null, 9815.5229601901301, 0.57035357076297666
2100-Apr-16 21:00:00, 9793.5018672726001, 0.56907398443542623, null, null, 9793.5018672726001, 0.56907398443542623
2100-Apr-16 22:00:00, 9776.0130607678129, 0.56805775704959627, null, null, 9776.0130607678129, 0.56805775704959627
2100-Apr-16 23:00:00, 9763.0343780810072, 0.56730360079686859, null, null, 9763.0343780810072, 0.56730360079686859
2100-Apr-17 00:00:00, 9754.1057236654233, 0.56678478076571071, null, null, 9754.1057236654233, 0.56678478076571071
2100-Apr-17 01:00:00, 9748.7548555480698, 0.56647385624851565, null, null, 9748.7548555480698, 0.56647385624851565
2100-Apr-17 02:00:00, 9746.6934405554293, 0.56635407298208695, null, null, 9746.6934405554293, 0.56635407298208695
2100-Apr-17 03:00:00, 9747.6934117098735, 0.56641217860935822, null, null, 9747.6934117098735, 0.56641217860935822
2100-Apr-17 04:00:00, 9751.4699608708415, 0.56663162369729259, null, null, 9751.4699608708415, 0.56663162369729259
2100-Apr-17 05:00:00, 9757.6307298770844, 0.56698960937116927, null, null, 9757.6307298770844, 0.56698960937116927
2100-Apr-17 06:00:00, 9765.6912791158229, 0.56745798615142562, null, null, 9765.6912791158229, 0.56745798615142562
2100-Apr-17 07:00:00, 9774.0525442729941, 0.56794383672279403, null, null, 9774.0525442729941, 0.56794383672279403
2100-Apr-17 08:00:00, 9781.2598493899004, 0.56836263378798135, null, null, 9781.2598493899004, 0.56836263378798135
2100-Apr-17 09:00:00, 9785.895406305297, 0.5686319935001326, null, null, 9785.895406305297, 0.5686319935001326
2100-Apr-17 10:00:00, 9786.6452876205349, 0.56867556708123768, null, null, 9786.6452876205349, 0.56867556708123768
2100-Apr-17 11:00:00, 9782.9324189262097, 0.56845982229349978, null, null, 9782.9324189262097, 0.56845982229349978
2100-Apr-17 12:00:00, 9774.7065236628459, 0.56798183770162325, null, null, 9774.7065236628459, 0.56798183770162325
2100-Apr-17 13:00:00, 9762.0647872807422, 0.56724726049005536, null, null, 9762.0647872807422, 0.56724726049005536
2100-Apr-17 14:00:00, 9745.7549171010451, 0.5662995379149669, null, null, 9745.7549171010451, 0.5662995379149669
2100-Apr-17 15:00:00, 9726.5139489244284, 0.56518149713925081, null, null, 9726.5139489244284, 0.56518149713925081
2100-Apr-17 16:00:00, 9705.155763827368, 0.56394043059755639, null, null, 9705.155763827368, 0.56394043059755639
2100-Apr-17 17:00:00, 9682.7420963595814, 0.56263803282150371, null, null, 9682.7420963595814, 0.56263803282150371
2100-Apr-17 18:00:00, 9660.5362654084674, 0.56134771186498467, null, null, 9660.5362654084674, 0.56134771186498467
2100-Apr-17 19:00:00, 9639.7550449391201, 0.5601401711819689, null, null, 9639.7550449391201, 0.5601401711819689
2100-Apr-17 20:00:00, 9621.3492841982988, 0.55907066205813383, null, null, 9621.3492841982988, 0.55907066205813383
2100-Apr-17 21:00:00, 9605.9588036769201, 0.5581763627368721, null, null, 9605.9588036769201, 0.5581763627368721
2100-Apr-17 22:00:00, 9594.1047815701222, 0.55748755747769885, null, null, 9594.1047815701222, 0.55748755747769885
2100-Apr-17 23:00:00, 9586.1802236434705, 0.55702708278587487, null, null, 9586.1802236434705, 0.55702708278587487
2100-Apr-18 00:00:00, 9582.3454788359977, 0.55680425610585216, null, null, 9582.3454788359977, 0.55680425610585216
2100-Apr-18 01:00:00, 9582.5470366149038, 0.55681596808486544, null, null, 9582.5470366149038, 0.55681596808486544
2100-Apr-18 02:00:00, 9586.5996625664939, 0.55705145525063648, null, null, 9586.5996625664939, 0.55705145525063648
2100-Apr-18 03:00:00, 9594.244530824928, 0.55749567793004895, null, null, 9594.244530824928, 0.55749567793004895
2100-Apr-18 04:00:00, 9605.1476657613002, 0.55812922969990286, null, null, 9605.1476657613002, 0.55812922969990286
2100-Apr-18 05:00:00, 9618.84276425389, 0.558925014943224, null, null, 9618.84276425389, 0.558925014943224
2100-Apr-18 06:00:00, 9634.6368639986104, 0.55984276748915807, null, null, 9634.6368639986104, 0.55984276748915807
2100-Apr-18 07:00:00, 9651.5556967751254, 0.56082587523862426, null, null, 9651.5556967751254, 0.56082587523862426
2100-Apr-18 08:00:00, 9668.3317929961886, 0.56180068895175539, null, null, 9668.3317929961886, 0.56180068895175539
2100-Apr-18 09:00:00, 9683.6141865014779, 0.56268870762797862, null, null, 9683.6141865014779, 0.56268870762797862
2100-Apr-18 10:00:00, 9694.0979648385655, 0.56329789171668154, null, null, 9694.0979648385655, 0.56329789171668154
2100-Apr-18 11:00:00, 9697.9955235279358, 0.56352436834199804, null, null, 9697.9955235279358, 0.56352436834199804
2100-Apr-18 12:00:00, 9695.5405385394024, 0.56338171578440543, null, null, 9695.5405385394024, 0.56338171578440543
2100-Apr-18 13:00:00, 9687.9982292255499, 0.56294345252870304, null, null, 9687.9982292255499, 0.56294345252870304
2100-Apr-18 14:00:00, 9676.4878331602031, 0.56227461445217941, null, null, 9676.4878331602031, 0.56227461445217941
2100-Apr-18 15:00:00, 9662.3941259888561, 0.56145566713342043, null, null, 9662.3941259888561, 0.56145566713342043
2100-Apr-18 16:00:00, 9647.4811274768872, 0.56058911300415171, null, null, 9647.4811274768872, 0.56058911300415171
2100-Apr-18 17:00:00, 9633.5569885045479, 0.55978001883618089, null, null, 9633.5569885045479, 0.55978001883618089
2100-Apr-18 18:00:00, 9621.9306567458643, 0.55910444404914872, null, null, 9621.9306567458643, 0.55910444404914872
2100-Apr-18 19:00:00, 9613.2753803669566, 0.55860150927851326, null, null, 9613.2753803669566, 0.55860150927851326
2100-Apr-18 20:00:00, 9607.9084013764896, 0.55828964860192598, null, null, 9607.9084013764896, 0.55828964860192598
2100-Apr-18 21:00:00, 9606.0313207845247, 0.55818057651044606, null, null, 9606.0313207845247, 0.55818057651044606
2100-Apr-18 22:00:00, 9607.6193321329374, 0.55827285156768469, null, null, 9607.6193321329374, 0.55827285156768469
2100-Apr-18 23:00:00, 9612.5463794375337, 0.558559149000322, null, null, 9612.5463794375337, 0.558559149000322
2100-Apr-19 00:00:00, 9620.544076318205, 0.55902387359953809, null, null, 9620.544076318205, 0.55902387359953809
2100-Apr-19 01:00:00, 9631.2468392304127, 0.55964578229138928, null, null, 9631.2468392304127, 0.55964578229138928
2100-Apr-19 02:00:00, 9644.2103859185663, 0.56039905903205089, null, null, 9644.2103859185663, 0.56039905903205089
2100-Apr-19 03:00:00, 9659.0556112535087, 0.5612616750447591, null, null, 9659.0556112535087, 0.5612616750447591
2100-Apr-19 04:00:00, 9675.7903633468941, 0.56223408636211913, null, null, 9675.7903633468941, 0.56223408636211913
2100-Apr-19 05:00:00, 9694.4436577082397, 0.56331797899714586, null, null, 9694.4436577082397, 0.56331797899714586
2100-Apr-19 06:00:00, 9714.6815192659997, 0.56449394655902618, null, null, 9714.6815192659997, 0.56449394655902618
2100-Apr-19 07:00:00, 9735.6565425618064, 0.56571274860168053, null, null, 9735.6565425618064, 0.56571274860168053
2100-Apr-19 08:00:00, 9756.1307339729137, 0.56690244865405381, null, null, 9756.1307339729137, 0.56690244865405381
2100-Apr-19 09:00:00, 9775.0584405171339, 0.56800228664105001, null, null, 9775.0584405171339, 0.56800228664105001
2100-Apr-19 10:00:00, 9791.5503509187711, 0.56896058708254726, null, null, 9791.5503509187711, 0.56896058708254726
2100-Apr-19 11:00:00, 9804.3195937288201, 0.56970257334881036, null, null, 9804.3195937288201, 0.56970257334881036
2100-Apr-19 12:00:00, 9812.548839897885, 0.57018075265278112, null, null, 9812.548839897885, 0.57018075265278112
2100-Apr-19 13:00:00, 9816.0579253350115, 0.57038465614496336, null, null, 9816.0579253350115, 0.57038465614496336
2100-Apr-19 14:00:00, 9815.0055172474458, 0.57032350354890937, null, null, 9815.0055172474458, 0.57032350354890937
2100-Apr-19 15:00:00, 9809.95944682544, 0.57003029000387617, null, null, 9809.95944682544, 0.57003029000387617
2100-Apr-19 16:00:00, 9801.9486824936503, 0.56956480609031312, null, null, 9801.9486824936503, 0.56956480609031312
2100-Apr-19 17:00:00, 9792.6347956920436, 0.56902360124401774, null, null, 9792.6347956920436, 0.56902360124401774
2100-Apr-19 18:00:00, 9783.9580392885509, 0.56851941832707653, null, null, 9783.9580392885509, 0.56851941832707653
2100-Apr-19 19:00:00, 9777.3625947703495, 0.56813617483134204, null, null, 9777.3625947703495, 0.56813617483134204
2100-Apr-19 20:00:00, 9773.4496540820655, 0.56790880439954761, null, null, 9773.4496540820655, 0.56790880439954761
2100-Apr-19 21:00:00, 9772.2681711831592, 0.56784015161426871, null, null, 9772.2681711831592, 0.56784015161426871
2100-Apr-19 22:00:00, 9773.6038701210382, 0.56791776547771466, null, null, 9773.6038701210382, 0.56791776547771466
2100-Apr-19 23:00:00, 9777.3348384809906, 0.56813456198821477, null, null, 9777.3348384809906, 0.56813456198821477
2100-Apr-20 00:00:00, 9783.3908506970565, 0.56848646052750063, null, null, 9783.3908506970565, 0.56848646052750063
2100-Apr-20 01:00:00, 9791.6138395753969, 0.56896427623718082, null, null, 9791.6138395753969, 0.56896427623718082
2100-Apr-20 02:00:00, 9801.8440555403122, 0.56955872650019079, null, null, 9801.8440555403122, 0.56955872650019079
2100-Apr-20 03:00:00, 9813.881161892712, 0.57025817029117265, null, null, 9813.881161892712, 0.57025817029117265
2100-Apr-20 04:00:00, 9827.5364454210248, 0.57105164199428438, null, null, 9827.5364454210248, 0.57105164199428438
2100-Apr-20 05:00:00, 9842.7006168393364, 0.57193279110383, null, null, 9842.7006168393364, 0.57193279110383
2100-Apr-20 06:00:00, 9859.1338779804992, 0.57288768359495412, null, null, 9859.1338779804992, 0.57288768359495412
2100-Apr-20 07:00:00, 9876.2268229935034, 0.57388090853697327, null, null, 9876.2268229935034, 0.57388090853697327
2100-Apr-20 08:00:00, 9892.7620993499895, 0.57484172885716656, null, null, 9892.7620993499895, 0.57484172885716656
2100-Apr-20 09:00:00, 9906.8311693449214, 0.57565924457604056, null, null, 9906.8311693449214, 0.57565924457604056
2100-Apr-20 10:00:00, 9916.1333154473523, 0.57619976720196664, null, null, 9916.1333154473523, 0.57619976720196664
2100-Apr-20 11:00:00, 9916.7354923835283, 0.57623475807990276, null, null, 9916.7354923835283, 0.57623475807990276
2100-Apr-20 12:00:00, 9907.4655340248246, 0.57569610579696739, null, null, 9907.4655340248246, 0.57569610579696739
2100-Apr-20 13:00:00, 9890.0158651077727, 0.57468215259082267, null, null, 9890.0158651077727, 0.57468215259082267
2100-Apr-20 14:00:00, 9866.4774419566802, 0.5733143982950194, null, null, 9866.4774419566802, 0.5733143982950194
2100-Apr-20 15:00:00, 9838.9942803774793, 0.57171742588650609, null, null, 9838.9942803774793, 0.57171742588650609
2100-Apr-20 16:00:00, 9809.6934640553445, 0.57001483446235279, null, null, 9809.6934640553445, 0.57001483446235279
2100-Apr-20 17:00:00, 9780.4334157918602, 0.56831461196015287, null, null, 9780.4334157918602, 0.56831461196015287
2100-Apr-20 18:00:00, 9752.8266997527044, 0.56671046013514736, null, null, 9752.8266997527044, 0.56671046013514736
2100-Apr-20 19:00:00, 9728.0065529070343, 0.56526822833173718, null, null, 9728.0065529070343, 0.56526822833173718
2100-Apr-20 20:00:00, 9706.6944555834343, 0.56402983982627863, null, null, 9706.6944555834343, 0.56402983982627863
2100-Apr-20 21:00:00, 9689.3352491046608, 0.56302114314848206, null, null, 9689.3352491046608, 0.56302114314848206
2100-Apr-20 22:00:00, 9675.9950553123472, 0.56224598046026097, null, null, 9675.9950553123472, 0.56224598046026097
2100-Apr-20 23:00:00, 9666.4540659576705, 0.56169157929700952, null, null, 9666.4540659576705, 0.56169157929700952
2100-Apr-21 00:00:00, 9660.3113644940768, 0.56133464347931528, null, null, 9660.3113644940768, 0.56133464347931528
2100-Apr-21 01:00:00, 9657.081340245195, 0.56114695548026805, null, null, 9657.081340245195, 0.56114695548026805
2100-Apr-21 02:00:00, 9656.3094298281339, 0.56110210184745946, null, null, 9656.3094298281339, 0.56110210184745946
2100-Apr-21 03:00:00, 9657.6958348637891, 0.56118266210551371, null, null, 9657.6958348637891, 0.56118266210551371
2100-Apr-21 04:00:00, 9661.1604045385229, 0.56138397890678404, null, null, 9661.1604045385229, 0.56138397890678404
2100-Apr-21 05:00:00, 9666.5996591317507, 0.56170003932375001, null, null, 9666.5996591317507, 0.56170003932375001
2100-Apr-21 06:00:00, 9673.7851578654154, 0.56211756927880996, null, null, 9673.7851578654154, 0.56211756927880996
2100-Apr-21 07:00:00, 9682.2242999200807, 0.56260794506668965, null, null, 9682.2242999200807, 0.56260794506668965
2100-Apr-21 08:00:00, 9691.0798290459752, 0.56312251598445273, null, null, 9691.0798290459752, 0.56312251598445273
2100-Apr-21 09:00:00, 9699.1409299361148, 0.56359092481968431, null, null, 9699.1409299361148, 0.56359092481968431
2100-Apr-21 10:00:00, 9704.7485734011807, 0.56391676985991679, null, null, 9704.7485734011807, 0.56391676985991679
2100-Apr-21 11:00:00, 9705.9172780701883, 0.56398468013671399, null, null, 9705.9172780701883, 0.56398468013671399
2100-Apr-21 12:00:00, 9702.135417126301, 0.56376492639539799, null, null, 9702.135417126301, 0.56376492639539799
2100-Apr-21 13:00:00, 9694.1983804783868, 0.56330372659873151, null, null, 9694.1983804783868, 0.56330372659873151
2100-Apr-21 14:00:00, 9683.1577544932534, 0.56266218559479131, null, null, 9683.1577544932534, 0.56266218559479131
2100-Apr-21 15:00:00, 9669.8448452988632, 0.5618886083409802, null, null, 9669.8448452988632, 0.5618886083409802
2100-Apr-21 16:00:00, 9655.037297866902, 0.56102818168961222, null, null, 9655.037297866902, 0.56102818168961222
2100-Apr-21 17:00:00, 9639.5902297728917, 0.56013059421709854, null, null, 9639.5902297728917, 0.56013059421709854
2100-Apr-21 18:00:00, 9624.2810189258616, 0.55924101725746211, null, null, 9624.2810189258616, 0.55924101725746211
2100-Apr-21 19:00:00, 9609.8142562125722, 0.55840039268713915, null, null, 9609.8142562125722, 0.55840039268713915
2100-Apr-21 20:00:00, 9596.8925350971604, 0.55764954631772312, null, null, 9596.8925350971604, 0.55764954631772312
2100-Apr-21 21:00:00, 9586.1504026622479, 0.55702534996907105, null, null, 9586.1504026622479, 0.55702534996907105
2100-Apr-21 22:00:00, 9577.913242095965, 0.55654671078081974, null, null, 9577.913242095965, 0.55654671078081974
2100-Apr-21 23:00:00, 9572.2257477833082, 0.55621622582315888, null, null, 9572.2257477833082, 0.55621622582315888
2100-Apr-22 00:00:00, 9568.9762981692056, 0.55602740906852088, null, null, 9568.9762981692056, 0.55602740906852088
2100-Apr-22 01:00:00, 9567.935436927979, 0.55596692742857057, null, null, 9567.935436927979, 0.55596692742857057
2100-Apr-22 02:00:00, 9568.9043982955027, 0.55602323116074459, null, null, 9568.9043982955027, 0.55602323116074459
2100-Apr-22 03:00:00, 9571.6337453711876, 0.55618182615937906, null, null, 9571.6337453711876, 0.55618182615937906
2100-Apr-22 04:00:00, 9575.9273942358286, 0.55643131851668726, null, null, 9575.9273942358286, 0.55643131851668726
2100-Apr-22 05:00:00, 9581.7542982856321, 0.55676990419824268, null, null, 9581.7542982856321, 0.55676990419824268
2100-Apr-22 06:00:00, 9589.0674054171723, 0.5571948491331955, null, null, 9589.0674054171723, 0.5571948491331955
2100-Apr-22 07:00:00, 9597.2025496221468, 0.55766756042578758, null, null, 9597.2025496221468, 0.55766756042578758
2100-Apr-22 08:00:00, 9604.5257301598831, 0.55809309069921065, null, null, 9604.5257301598831, 0.55809309069921065
2100-Apr-22 09:00:00, 9609.4357663756073, 0.55837839966334557, null, null, 9609.4357663756073, 0.55837839966334557
2100-Apr-22 10:00:00, 9610.9809139088993, 0.55846818401987375, null, null, 9610.9809139088993, 0.55846818401987375
2100-Apr-22 11:00:00, 9608.7228249299151, 0.55833697255844805, null, null, 9608.7228249299151, 0.55833697255844805
2100-Apr-22 12:00:00, 9602.6038598991199, 0.55798141600085627, null, null, 9602.6038598991199, 0.55798141600085627
2100-Apr-22 13:00:00, 9592.8675031633466, 0.55741566256591524, null, null, 9592.8675031633466, 0.55741566256591524
2100-Apr-22 14:00:00, 9579.9902084483492, 0.55666739769482743, null, null, 9579.9902084483492, 0.55666739769482743
2100-Apr-22 15:00:00, 9564.5582689507046, 0.55577068930425289, null, null, 9564.5582689507046, 0.55577068930425289
2100-Apr-22 16:00:00, 9547.3267113757229, 0.55476940996003865, null, null, 9547.3267113757229, 0.55476940996003865
2100-Apr-22 17:00:00, 9529.319673505528, 0.55372306954702299, null, null, 9529.319673505528, 0.55372306954702299
2100-Apr-22 18:00:00, 9511.5639731490955, 0.55269133367917755, null, null, 9511.5639731490955, 0.55269133367917755
2100-Apr-22 19:00:00, 9494.9473112472024, 0.55172578426440422, null, null, 9494.9473112472024, 0.55172578426440422
2100-Apr-22 20:00:00, 9480.1302107768624, 0.55086480251173675, null, null, 9480.1302107768624, 0.55086480251173675
2100-Apr-22 21:00:00, 9467.6040517722322, 0.55013694118990897, null, null, 9467.6040517722322, 0.55013694118990897
2100-Apr-22 22:00:00, 9457.696118372518, 0.54956121789769841, null, null, 9457.696118372518, 0.54956121789769841
2100-Apr-22 23:00:00, 9450.7496165140219, 0.54915757540657761, null, null, 9450.7496165140219, 0.54915757540657761
2100-Apr-23 00:00:00, 9447.1427670862868, 0.54894799111253056, null, null, 9447.1427670862868, 0.54894799111253056
2100-Apr-23 01:00:00, 9447.128776179854, 0.54894717813868554, null, null, 9447.128776179854, 0.54894717813868554
2100-Apr-23 02:00:00, 9450.8245200430119, 0.54916192784866302, null, null, 9450.8245200430119, 0.54916192784866302
2100-Apr-23 03:00:00, 9458.21542312571, 0.54959139329655371, null, null, 9458.21542312571, 0.54959139329655371
2100-Apr-23 04:00:00, 9469.2656909483012, 0.55023349456166859, null, null, 9469.2656909483012, 0.55023349456166859
2100-Apr-23 05:00:00, 9483.9618739166108, 0.55108745012435811, null, null, 9483.9618739166108, 0.55108745012435811
2100-Apr-23 06:00:00, 9502.0974383926332, 0.55214125887185472, null, null, 9502.0974383926332, 0.55214125887185472
2100-Apr-23 07:00:00, 9522.9550925861386, 0.55335324091247073, null, null, 9522.9550925861386, 0.55335324091247073
2100-Apr-23 08:00:00, 9545.3581123665845, 0.55465501998012456, null, null, 9545.3581123665845, 0.55465501998012456
2100-Apr-23 09:00:00, 9567.8672542389759, 0.55596296551637348, null, null, 9567.8672542389759, 0.55596296551637348
2100-Apr-23 10:00:00, 9589.291843240504, 0.55720789060989229, null, null, 9589.291843240504, 0.55720789060989229
2100-Apr-23 11:00:00, 9608.8201892740835, 0.55834263013793584, null, null, 9608.8201892740835, 0.55834263013793584
2100-Apr-23 12:00:00, 9626.0925380998106, 0.55934627975173357, null, null, 9626.0925380998106, 0.55934627975173357
2100-Apr-23 13:00:00, 9641.1361550073652, 0.56022042376374526, null, null, 9641.1361550073652, 0.56022042376374526
2100-Apr-23 14:00:00, 9654.2469997340231, 0.56098225959622172, null, null, 9654.2469997340231, 0.56098225959622172
2100-Apr-23 15:00:00, 9665.8397471633689, 0.56165588288843937, null, null, 9665.8397471633689, 0.56165588288843937
2100-Apr-23 16:00:00, 9676.6410944656, 0.56228352005335303, null, null, 9676.6410944656, 0.56228352005335303
2100-Apr-23 17:00:00, 9687.5512195149531, 0.56291747799982272, null, null, 9687.5512195149531, 0.56291747799982272
2100-Apr-23 18:00:00, 9699.0471985359382, 0.56358547834077533, null, null, 9699.0471985359382, 0.56358547834077533
2100-Apr-23 19:00:00, 9711.2894754073022, 0.56429684403735325, null, null, 9711.2894754073022, 0.56429684403735325
2100-Apr-23 20:00:00, 9724.2736121768794, 0.56505131721212332, null, null, 9724.2736121768794, 0.56505131721212332
2100-Apr-23 21:00:00, 9737.938398588889, 0.56584534110218121, null, null, 9737.938398588889, 0.56584534110218121
2100-Apr-23 22:00:00, 9752.4706224216807, 0.56668976944163663, null, null, 9752.4706224216807, 0.56668976944163663
2100-Apr-23 23:00:00, 9767.9805385765721, 0.56759100884549263, null, null, 9767.9805385765721, 0.56759100884549263
2100-Apr-24 00:00:00, 9784.4355469597631, 0.56854716501020763, null, null, 9784.4355469597631, 0.56854716501020763
2100-Apr-24 01:00:00, 9801.7190881172028, 0.56955146498022002, null, null, 9801.7190881172028, 0.56955146498022002
2100-Apr-24 02:00:00, 9819.6556581548266, 0.57059371069750786, null, null, 9819.6556581548266, 0.57059371069750786
2100-Apr-24 03:00:00, 9837.9830918054904, 0.57165866844535007, null, null, 9837.9830918054904, 0.57165866844535007
2100-Apr-24 04:00:00, 9856.3175091595622, 0.5727240319973651, null, null, 9856.3175091595622, 0.5727240319973651
2100-Apr-24 05:00:00, 9874.3983446531875, 0.57377466059127624, null, null, 9874.3983446531875, 0.57377466059127624
2100-Apr-24 06:00:00, 9891.9358317296919, 0.57479371667385715, null, null, 9891.9358317296919, 0.57479371667385715
2100-Apr-24 07:00:00, 9908.2968072123131, 0.57574440884028832, null, null, 9908.2968072123131, 0.57574440884028832
2100-Apr-24 08:00:00, 9922.1371195128704, 0.57654863206640827, null, null, 9922.1371195128704, 0.57654863206640827
2100-Apr-24 09:00:00, 9931.1463907715206, 0.57707213652492606, null, null, 9931.1463907715206, 0.57707213652492606
2100-Apr-24 10:00:00, 9933.16317227117, 0.5771893262594352, null, null, 9933.16317227117, 0.5771893262594352
2100-Apr-24 11:00:00, 9927.8519230067213, 0.57688070388694657, null, null, 9927.8519230067213, 0.57688070388694657
2100-Apr-24 12:00:00, 9916.0703493731435, 0.57619610841318813, null, null, 9916.0703493731435, 0.57619610841318813
2100-Apr-24 13:00:00, 9898.3697078173263, 0.57516757186377543, null, null, 9898.3697078173263, 0.57516757186377543
2100-Apr-24 14:00:00, 9875.6162855822404, 0.57384543185437464, null, null, 9875.6162855822404, 0.57384543185437464
2100-Apr-24 15:00:00, 9848.6059389819711, 0.57227593344929828, null, null, 9848.6059389819711, 0.57227593344929828
2100-Apr-24 16:00:00, 9818.5462020524137, 0.57052924319514631, null, null, 9818.5462020524137, 0.57052924319514631
2100-Apr-24 17:00:00, 9787.0849576746496, 0.56870111512247179, null, null, 9787.0849576746496, 0.56870111512247179
2100-Apr-24 18:00:00, 9755.9969249244641, 0.5668946733710768, null, null, 9755.9969249244641, 0.5668946733710768
2100-Apr-24 19:00:00, 9726.7257050502631, 0.5651938017167033, null, null, 9726.7257050502631, 0.5651938017167033
2100-Apr-24 20:00:00, 9700.2457900271547, 0.56365512526021855, null, null, 9700.2457900271547, 0.56365512526021855
2100-Apr-24 21:00:00, 9677.1068074206905, 0.56231058137733581, null, null, 9677.1068074206905, 0.56231058137733581
2100-Apr-24 22:00:00, 9657.5514341194921, 0.56117427136765241, null, null, 9657.5514341194921, 0.56117427136765241
2100-Apr-24 23:00:00, 9641.7861410308287, 0.56025819269882204, null, null, 9641.7861410308287, 0.56025819269882204
2100-Apr-25 00:00:00, 9629.7508391946176, 0.55955885376340986, null, null, 9629.7508391946176, 0.55955885376340986
2100-Apr-25 01:00:00, 9621.3398874558643, 0.5590701160387701, null, null, 9621.3398874558643, 0.5590701160387701
2100-Apr-25 02:00:00, 9616.5195019760667, 0.55879001643714854, null, null, 9616.5195019760667, 0.55879001643714854
2100-Apr-25 03:00:00, 9615.3221669129689, 0.55872044252535524, null, null, 9615.3221669129689, 0.55872044252535524
2100-Apr-25 04:00:00, 9617.8215585711878, 0.55886567543477661, null, null, 9617.8215585711878, 0.55886567543477661
2100-Apr-25 05:00:00, 9623.9219353236367, 0.55922015187763863, null, null, 9623.9219353236367, 0.55922015187763863
2100-Apr-25 06:00:00, 9633.0568673152411, 0.55975095814249276, null, null, 9633.0568673152411, 0.55975095814249276
2100-Apr-25 07:00:00, 9643.8863632096854, 0.5603802309461946, null, null, 9643.8863632096854, 0.5603802309461946
2100-Apr-25 08:00:00, 9654.2006267027064, 0.56097956498442103, null, null, 9654.2006267027064, 0.56097956498442103
2100-Apr-25 09:00:00, 9661.375450046804, 0.56139647462138043, null, null, 9661.375450046804, 0.56139647462138043
2100-Apr-25 10:00:00, 9662.6713935626303, 0.56147177840445517, null, null, 9662.6713935626303, 0.56147177840445517
2100-Apr-25 11:00:00, 9654.8367110119307, 0.56101652612837061, null, null, 9654.8367110119307, 0.56101652612837061
2100-Apr-25 12:00:00, 9635.3854586263387, 0.55988626630432159, null, null, 9635.3854586263387, 0.55988626630432159
2100-Apr-25 13:00:00, 9605.6996677510997, 0.55816130504700634, null, null, 9605.6996677510997, 0.55816130504700634
2100-Apr-25 14:00:00, 9568.4660865640453, 0.55599776204797724, null, null, 9568.4660865640453, 0.55599776204797724
2100-Apr-25 15:00:00, 9526.4418082767224, 0.55355584455900342, null, null, 9526.4418082767224, 0.55355584455900342
2100-Apr-25 16:00:00, 9482.446136058923, 0.55099937468477345, null, null, 9482.446136058923, 0.55099937468477345
2100-Apr-25 17:00:00, 9439.0327890515437, 0.54847674215822773, null, null, 9439.0327890515437, 0.54847674215822773
2100-Apr-25 18:00:00, 9398.3768626995243, 0.54611433591032865, null, null, 9398.3768626995243, 0.54611433591032865
2100-Apr-25 19:00:00, 9362.0034380653287, 0.54400077428909543, null, null, 9362.0034380653287, 0.54400077428909543
2100-Apr-25 20:00:00, 9330.7298869088172, 0.54218355256337603, null, null, 9330.7298869088172, 0.54218355256337603
2100-Apr-25 21:00:00, 9304.8615252480231, 0.54068041182366589, null, null, 9304.8615252480231, 0.54068041182366589
2100-Apr-25 22:00:00, 9284.3569778953661, 0.53948894786938661, null, null, 9284.3569778953661, 0.53948894786938661
2100-Apr-25 23:00:00, 9269.1322319963492, 0.53860427894011187, null, null, 9269.1322319963492, 0.53860427894011187
2100-Apr-26 00:00:00, 9259.1143831469089, 0.53802216875751485, null, null, 9259.1143831469089, 0.53802216875751485
2100-Apr-26 01:00:00, 9253.7153776792984, 0.53770844710870302, null, null, 9253.7153776792984, 0.53770844710870302
2100-Apr-26 02:00:00, 9252.2023550040285, 0.53762052944104688, null, null, 9252.2023550040285, 0.53762052944104688
2100-Apr-26 03:00:00, 9254.0169240790183, 0.53772596915684334, null, null, 9254.0169240790183, 0.53772596915684334
2100-Apr-26 04:00:00, 9258.7949506064924, 0.53800360739397024, null, null, 9258.7949506064924, 0.53800360739397024
2100-Apr-26 05:00:00, 9266.3677368713179, 0.53844364158310976, null, null, 9266.3677368713179, 0.53844364158310976
2100-Apr-26 06:00:00, 9276.4876662279694, 0.53903168338871155, null, null, 9276.4876662279694, 0.53903168338871155
2100-Apr-26 07:00:00, 9288.3602896323555, 0.53972156951912753, null, null, 9288.3602896323555, 0.53972156951912753
2100-Apr-26 08:00:00, 9300.2259410225688, 0.5404110505246007, null, null, 9300.2259410225688, 0.5404110505246007
2100-Apr-26 09:00:00, 9309.4767493432573, 0.5409485900504668, null, null, 9309.4767493432573, 0.5409485900504668
2100-Apr-26 10:00:00, 9313.6076985375621, 0.54118862836866632, null, null, 9313.6076985375621, 0.54118862836866632
2100-Apr-26 11:00:00, 9311.2267490374797, 0.54105027781366422, null, null, 9311.2267490374797, 0.54105027781366422
2100-Apr-26 12:00:00, 9301.984916257341, 0.54051325983225607, null, null, 9301.984916257341, 0.54051325983225607
2100-Apr-26 13:00:00, 9286.6131222925633, 0.53962004633640848, null, null, 9286.6131222925633, 0.53962004633640848
2100-Apr-26 14:00:00, 9266.6507259532864, 0.53846008531555711, null, null, 9266.6507259532864, 0.53846008531555711
2100-Apr-26 15:00:00, 9243.9048330061869, 0.53713838281277781, null, null, 9243.9048330061869, 0.53713838281277781
2100-Apr-26 16:00:00, 9219.9711598285248, 0.53574766160375842, null, null, 9219.9711598285248, 0.53574766160375842
2100-Apr-26 17:00:00, 9196.1569358553643, 0.53436388126590684, null, null, 9196.1569358553643, 0.53436388126590684
2100-Apr-26 18:00:00, 9173.6270000569893, 0.53305472745069182, null, null, 9173.6270000569893, 0.53305472745069182
2100-Apr-26 19:00:00, 9153.32637123534, 0.53187511265236453, null, null, 9153.32637123534, 0.53187511265236453
2100-Apr-26 20:00:00, 9135.9172256852071, 0.53086351414979649, null, null, 9135.9172256852071, 0.53086351414979649
2100-Apr-26 21:00:00, 9121.767702497611, 0.53004132351284616, null, null, 9121.767702497611, 0.53004132351284616
2100-Apr-26 22:00:00, 9110.9032624926585, 0.52941002020111261, null, null, 9110.9032624926585, 0.52941002020111261
2100-Apr-26 23:00:00, 9103.1300210839399, 0.52895833810410697, null, null, 9103.1300210839399, 0.52895833810410697
2100-Apr-27 00:00:00, 9098.2847291215312, 0.52867679125394351, null, null, 9098.2847291215312, 0.52867679125394351
2100-Apr-27 01:00:00, 9096.2184231226038, 0.52855672378432861, null, null, 9096.2184231226038, 0.52855672378432861
2100-Apr-27 02:00:00, 9097.0439835994621, 0.52860469487743966, null, null, 9097.0439835994621, 0.52860469487743966
2100-Apr-27 03:00:00, 9100.7247505067044, 0.5288185743168955, null, null, 9100.7247505067044, 0.5288185743168955
2100-Apr-27 04:00:00, 9107.1488321160905, 0.52919186037609445, null, null, 9107.1488321160905, 0.52919186037609445
2100-Apr-27 05:00:00, 9116.5049975305301, 0.52973552191857343, null, null, 9116.5049975305301, 0.52973552191857343
2100-Apr-27 06:00:00, 9128.8900103142223, 0.53045518161411631, null, null, 9128.8900103142223, 0.53045518161411631
2100-Apr-27 07:00:00, 9143.4030384813013, 0.53129849454519995, null, null, 9143.4030384813013, 0.53129849454519995
2100-Apr-27 08:00:00, 9156.8212112148813, 0.53207818837942067, null, null, 9156.8212112148813, 0.53207818837942067
2100-Apr-27 09:00:00, 9166.5024395459641, 0.5326407384514239, null, null, 9166.5024395459641, 0.5326407384514239
2100-Apr-27 10:00:00, 9170.9118658542429, 0.53289695832377748, null, null, 9170.9118658542429, 0.53289695832377748
2100-Apr-27 11:00:00, 9167.3834113808516, 0.53269192934912823, null, null, 9167.3834113808516, 0.53269192934912823
2100-Apr-27 12:00:00, 9155.0985675480169, 0.53197809020120501, null, null, 9155.0985675480169, 0.53197809020120501
2100-Apr-27 13:00:00, 9135.1718149995304, 0.53082020034491972, null, null, 9135.1718149995304, 0.53082020034491972
2100-Apr-27 14:00:00, 9110.430585730297, 0.52938255422906788, null, null, 9110.430585730297, 0.52938255422906788
2100-Apr-27 15:00:00, 9083.8074876959035, 0.52783555779390334, null, null, 9083.8074876959035, 0.52783555779390334
2100-Apr-27 16:00:00, 9057.2589461663883, 0.52629289363618892, null, null, 9057.2589461663883, 0.52629289363618892
2100-Apr-27 17:00:00, 9032.2196009944419, 0.52483792480912717, null, null, 9032.2196009944419, 0.52483792480912717
2100-Apr-27 18:00:00, 9009.8792107931858, 0.5235397849774337, null, null, 9009.8792107931858, 0.5235397849774337
2100-Apr-27 19:00:00, 8990.9838887404949, 0.5224418287659125, null, null, 8990.9838887404949, 0.5224418287659125
2100-Apr-27 20:00:00, 8975.7941858649137, 0.52155919609223289, null, null, 8975.7941858649137, 0.52155919609223289
2100-Apr-27 21:00:00, 8964.4916230831968, 0.52090243464737962, null, null, 8964.4916230831968, 0.52090243464737962
2100-Apr-27 22:00:00, 8957.0893727779967, 0.52047230984298809, null, null, 8957.0893727779967, 0.52047230984298809
2100-Apr-27 23:00:00, 8953.4801454295357, 0.52026258737438003, null, null, 8953.4801454295357, 0.52026258737438003
2100-Apr-28 00:00:00, 8953.504159692211, 0.52026398277842745, null, null, 8953.504159692211, 0.52026398277842745
2100-Apr-28 01:00:00, 8957.0552684430022, 0.52047032813204708, null, null, 8957.0552684430022, 0.52047032813204708
2100-Apr-28 02:00:00, 8963.9149862881677, 0.52086892783817429, null, null, 8963.9149862881677, 0.52086892783817429
2100-Apr-28 03:00:00, 8973.79474748545, 0.52144301411967042, null, null, 8973.79474748545, 0.52144301411967042
2100-Apr-28 04:00:00, 8986.3614125896056, 0.52217322914171327, null, null, 8986.3614125896056, 0.52217322914171327
2100-Apr-28 05:00:00, 9001.2819724067158, 0.52304022263803396, null, null, 9001.2819724067158, 0.52304022263803396
2100-Apr-28 06:00:00, 9018.0976816198272, 0.52401733815531293, null, null, 9018.0976816198272, 0.52401733815531293
2100-Apr-28 07:00:00, 9035.2752492022082, 0.52501548028664613, null, null, 9035.2752492022082, 0.52501548028664613
2100-Apr-28 08:00:00, 9049.9302097701147, 0.52586704052680822, null, null, 9049.9302097701147, 0.52586704052680822
2100-Apr-28 09:00:00, 9058.6815277924998, 0.52637555601836106, null, null, 9058.6815277924998, 0.52637555601836106
2100-Apr-28 10:00:00, 9059.415291220741, 0.52641819303251614, null, null, 9059.415291220741, 0.52641819303251614
2100-Apr-28 11:00:00, 9052.0666458789328, 0.52599118306799664, null, null, 9052.0666458789328, 0.52599118306799664
2100-Apr-28 12:00:00, 9037.7897890568802, 0.52516159341691482, null, null, 9037.7897890568802, 0.52516159341691482
2100-Apr-28 13:00:00, 9018.2293153372048, 0.52402498703566747, null, null, 9018.2293153372048, 0.52402498703566747
2100-Apr-28 14:00:00, 8995.1860735206155, 0.52268600639191054, null, null, 8995.1860735206155, 0.52268600639191054
2100-Apr-28 15:00:00, 8970.5992096449463, 0.52125733003281827, null, null, 8970.5992096449463, 0.52125733003281827
2100-Apr-28 16:00:00, 8946.2819930738497, 0.51984432215146603, null, null, 8946.2819930738497, 0.51984432215146603
2100-Apr-28 17:00:00, 8923.5925172115385, 0.51852589789335002, null, null, 8923.5925172115385, 0.51852589789335002
2100-Apr-28 18:00:00, 8903.2849802032033, 0.51734588167892304, null, null, 8903.2849802032033, 0.51734588167892304
2100-Apr-28 19:00:00, 8885.7271225687055, 0.51632564191814823, null, null, 8885.7271225687055, 0.51632564191814823
2100-Apr-28 20:00:00, 8871.1299366963594, 0.51547743880975039, null, null, 8871.1299366963594, 0.51547743880975039
2100-Apr-28 21:00:00, 8859.7024776085582, 0.51481341997734487, null, null, 8859.7024776085582, 0.51481341997734487
2100-Apr-28 22:00:00, 8851.5393379881716, 0.51433908194665534, null, null, 8851.5393379881716, 0.51433908194665534
2100-Apr-28 23:00:00, 8846.520646470206, 0.51404745931590612, null, null, 8846.520646470206, 0.51404745931590612
2100-Apr-29 00:00:00, 8844.4343352508604, 0.5139262293968786, null, null, 8844.4343352508604, 0.5139262293968786
2100-Apr-29 01:00:00, 8845.2186371495627, 0.51397180306527057, null, null, 8845.2186371495627, 0.51397180306527057
2100-Apr-29 02:00:00, 8848.9009138292149, 0.51418577023352996, null, null, 8848.9009138292149, 0.51418577023352996
2100-Apr-29 03:00:00, 8855.6593559675603, 0.514578485081433, null, null, 8855.6593559675603, 0.514578485081433
2100-Apr-29 04:00:00, 8865.5524742623002, 0.51515334750784381, null, null, 8865.5524742623002, 0.51515334750784381
2100-Apr-29 05:00:00, 8878.5770849163546, 0.51591017251089932, null, null, 8878.5770849163546, 0.51591017251089932
2100-Apr-29 06:00:00, 8894.5577313771864, 0.51683876478346624, null, null, 8894.5577313771864, 0.51683876478346624
2100-Apr-29 07:00:00, 8912.4559612013527, 0.51787878265433807, null, null, 8912.4559612013527, 0.51787878265433807
2100-Apr-29 08:00:00, 8930.1778185537914, 0.51890855199648211, null, null, 8930.1778185537914, 0.51890855199648211
2100-Apr-29 09:00:00, 8945.1259630975292, 0.51977714836688249, null, null, 8945.1259630975292, 0.51977714836688249
2100-Apr-29 10:00:00, 8954.9784307321843, 0.52034964869305389, null, null, 8954.9784307321843, 0.52034964869305389
2100-Apr-29 11:00:00, 8958.7964697445786, 0.52057150464437341, null, null, 8958.7964697445786, 0.52057150464437341
2100-Apr-29 12:00:00, 8956.509438444793, 0.52043861142273151, null, null, 8956.509438444793, 0.52043861142273151
2100-Apr-29 13:00:00, 8948.3389372155307, 0.51996384562880149, null, null, 8948.3389372155307, 0.51996384562880149
2100-Apr-29 14:00:00, 8935.8436632670182, 0.51923777895430023, null, null, 8935.8436632670182, 0.51923777895430023
2100-Apr-29 15:00:00, 8920.8557672927964, 0.51836687273546789, null, null, 8920.8557672927964, 0.51836687273546789
2100-Apr-29 16:00:00, 8904.6890001598458, 0.51742746549253549, null, null, 8904.6890001598458, 0.51742746549253549
2100-Apr-29 17:00:00, 8888.3140491920803, 0.51647596124834871, null, null, 8888.3140491920803, 0.51647596124834871
2100-Apr-29 18:00:00, 8872.6464196355628, 0.51556555754401279, null, null, 8872.6464196355628, 0.51556555754401279
2100-Apr-29 19:00:00, 8858.5780499689736, 0.51474808251933035, null, null, 8858.5780499689736, 0.51474808251933035
2100-Apr-29 20:00:00, 8846.8339212483334, 0.51406566286848909, null, null, 8846.8339212483334, 0.51406566286848909
2100-Apr-29 21:00:00, 8837.9601897013472, 0.51355003425712087, null, null, 8837.9601897013472, 0.51355003425712087
2100-Apr-29 22:00:00, 8832.2385955141453, 0.51321756784770367, null, null, 8832.2385955141453, 0.51321756784770367
2100-Apr-29 23:00:00, 8829.672001630388, 0.51306842999817315, null, null, 8829.672001630388, 0.51306842999817315
2100-Apr-30 00:00:00, 8830.0882923886529, 0.51309261953156993, null, null, 8830.0882923886529, 0.51309261953156993
2100-Apr-30 01:00:00, 8833.2279367750416, 0.51327505580052524, null, null, 8833.2279367750416, 0.51327505580052524
2100-Apr-30 02:00:00, 8838.9022094003303, 0.51360477248158665, null, null, 8838.9022094003303, 0.51360477248158665
2100-Apr-30 03:00:00, 8846.8770549259152, 0.51406816925017951, null, null, 8846.8770549259152, 0.51406816925017951
2100-Apr-30 04:00:00, 8856.9594314565729, 0.51465402896232737, null, null, 8856.9594314565729, 0.51465402896232737
2100-Apr-30 05:00:00, 8869.0729524368107, 0.51535791300127387, null, null, 8869.0729524368107, 0.51535791300127387
2100-Apr-30 06:00:00, 8883.0162659905545, 0.51616812135246404, null, null, 8883.0162659905545, 0.51616812135246404
2100-Apr-30 07:00:00, 8898.1354863657671, 0.51704665847810982, null, null, 8898.1354863657671, 0.51704665847810982
2100-Apr-30 08:00:00, 8913.3736534835116, 0.51793210727821326, null, null, 8913.3736534835116, 0.51793210727821326
2100-Apr-30 09:00:00, 8927.5090856329352, 0.51875347912293313, null, null, 8927.5090856329352, 0.51875347912293313
2100-Apr-30 10:00:00, 8939.1528034273106, 0.51943006416561632, null, null, 8939.1528034273106, 0.51943006416561632
2100-Apr-30 11:00:00, 8947.1162837312113, 0.51989280053182441, null, null, 8947.1162837312113, 0.51989280053182441
2100-Apr-30 12:00:00, 8950.9211319925616, 0.52011389000417085, null, null, 8950.9211319925616, 0.52011389000417085
2100-Apr-30 13:00:00, 8950.4474746284031, 0.52008636705199995, null, null, 8950.4474746284031, 0.52008636705199995
2100-Apr-30 14:00:00, 8946.0037491115563, 0.5198281541451274, null, null, 8946.0037491115563, 0.5198281541451274
2100-Apr-30 15:00:00, 8938.3673823752397, 0.51938442546624009, null, null, 8938.3673823752397, 0.51938442546624009
2100-Apr-30 16:00:00, 8928.6886690998926, 0.51882202153734358, null, null, 8928.6886690998926, 0.51882202153734358
2100-Apr-30 17:00:00, 8918.2119221855264, 0.51821324602565411, null, null, 8918.2119221855264, 0.51821324602565411
2100-Apr-30 18:00:00, 8908.0209857050631, 0.51762107818756486, null, null, 8908.0209857050631, 0.51762107818756486
2100-Apr-30 19:00:00, 8898.994962676119, 0.51709660032884797, null, null, 8898.994962676119, 0.51709660032884797
2100-Apr-30 20:00:00, 8891.7578121329807, 0.51667606902642327, null, null, 8891.7578121329807, 0.51667606902642327
2100-Apr-30 21:00:00, 8886.6874788461591, 0.51638144563174271, null, null, 8886.6874788461591, 0.51638144563174271
2100-Apr-30 22:00:00, 8883.9551567780654, 0.51622267776432162, null, null, 8883.9551567780654, 0.51622267776432162
2100-Apr-30 23:00:00, 8883.594007370124, 0.51620169234609847, null, null, 8883.594007370124, 0.51620169234609847
2100-May-01 00:00:00, 8885.5704082080138, 0.51631653566924296, null, null, 8885.5704082080138, 0.51631653566924296
2100-May-01 01:00:00, 8889.8254934129855, 0.51656378719627827, null, null, 8889.8254934129855, 0.51656378719627827
2100-May-01 02:00:00, 8896.2927722408476, 0.51693958332935752, null, null, 8896.2927722408476, 0.51693958332935752
2100-May-01 03:00:00, 8904.8948142601585, 0.51743942479490812, null, null, 8904.8948142601585, 0.51743942479490812
2100-May-01 04:00:00, 8915.5536574668276, 0.51805878143110407, null, null, 8915.5536574668276, 0.51805878143110407
2100-May-01 05:00:00, 8928.1053344226457, 0.51878812553226394, null, null, 8928.1053344226457, 0.51878812553226394
2100-May-01 06:00:00, 8942.1416963300107, 0.5196037406723697, null, null, 8942.1416963300107, 0.5196037406723697
2100-May-01 07:00:00, 8956.922316280521, 0.52046260264040289, null, null, 8956.922316280521, 0.52046260264040289
2100-May-01 08:00:00, 8971.6079801814722, 0.52131594696845385, null, null, 8971.6079801814722, 0.52131594696845385
2100-May-01 09:00:00, 8985.2413278157001, 0.52210814403591244, null, null, 8985.2413278157001, 0.52210814403591244
2100-May-01 10:00:00, 8996.6015143732784, 0.5227682538429933, null, null, 8996.6015143732784, 0.5227682538429933
2100-May-01 11:00:00, 9004.0136433544249, 0.52319895267060523, null, null, 9004.0136433544249, 0.52319895267060523
2100-May-01 12:00:00, 9007.289700168365, 0.52338931549787704, null, null, 9007.289700168365, 0.52338931549787704
2100-May-01 13:00:00, 9007.6002013423931, 0.5234073578838051, null, null, 9007.6002013423931, 0.5234073578838051
2100-May-01 14:00:00, 9006.2428213556323, 0.52332848419307343, null, null, 9006.2428213556323, 0.52332848419307343
2100-May-01 15:00:00, 9004.0873328223206, 0.52320323456687434, null, null, 9004.0873328223206, 0.52320323456687434
2100-May-01 16:00:00, 9001.7701671256, 0.52306859031668673, null, null, 9001.7701671256, 0.52306859031668673
2100-May-01 17:00:00, 8999.9462647008386, 0.52296260826510321, null, null, 8999.9462647008386, 0.52296260826510321
2100-May-01 18:00:00, 8999.5568289546864, 0.52293997920404334, null, null, 8999.5568289546864, 0.52293997920404334
2100-May-01 19:00:00, 9001.5073338207494, 0.52305331778209585, null, null, 9001.5073338207494, 0.52305331778209585
2100-May-01 20:00:00, 9006.3216303211066, 0.52333306356954157, null, null, 9006.3216303211066, 0.52333306356954157
2100-May-01 21:00:00, 9014.126924331129, 0.52378660815677625, null, null, 9014.126924331129, 0.52378660815677625
2100-May-01 22:00:00, 9024.7228515865318, 0.52440230891670259, null, null, 9024.7228515865318, 0.52440230891670259
2100-May-01 23:00:00, 9037.674588832846, 0.52515489944254412, null, null, 9037.674588832846, 0.52515489944254412
2100-May-02 00:00:00, 9052.5757785730475, 0.52602076739592885, null, null, 9052.5757785730475, 0.52602076739592885
2100-May-02 01:00:00, 9069.2207226356459, 0.5269879602107953, null, null, 9069.2207226356459, 0.5269879602107953
2100-May-02 02:00:00, 9087.4474544355653, 0.52804706644564248, null, null, 9087.4474544355653, 0.52804706644564248
2100-May-02 03:00:00, 9106.9811824017233, 0.52918211870327536, null, null, 9106.9811824017233, 0.52918211870327536
2100-May-02 04:00:00, 9127.4758069215131, 0.53037300606849447, null, null, 9127.4758069215131, 0.53037300606849447
2100-May-02 05:00:00, 9148.7291043157002, 0.53160797786861413, null, null, 9148.7291043157002, 0.53160797786861413
2100-May-02 06:00:00, 9170.4321109448065, 0.53286908105969299, null, null, 9170.4321109448065, 0.53286908105969299
2100-May-02 07:00:00, 9191.7940049069839, 0.53411036311353799, null, null, 9191.7940049069839, 0.53411036311353799
2100-May-02 08:00:00, 9211.5164200872459, 0.53525637947637017, null, null, 9211.5164200872459, 0.53525637947637017
2100-May-02 09:00:00, 9227.8823943767511, 0.53620736210998965, null, null, 9227.8823943767511, 0.53620736210998965
2100-May-02 10:00:00, 9239.1627389232835, 0.53686283251310984, null, null, 9239.1627389232835, 0.53686283251310984
2100-May-02 11:00:00, 9244.4280646661337, 0.53716878639359544, null, null, 9244.4280646661337, 0.53716878639359544
2100-May-02 12:00:00, 9243.1877815215012, 0.53709671688459748, null, null, 9243.1877815215012, 0.53709671688459748
2100-May-02 13:00:00, 9235.2182386243639, 0.53663362823744476, null, null, 9235.2182386243639, 0.53663362823744476
2100-May-02 14:00:00, 9221.2635925038485, 0.53582276138135876, null, null, 9221.2635925038485, 0.53582276138135876
2100-May-02 15:00:00, 9202.8107057401739, 0.53475051389141526, null, null, 9202.8107057401739, 0.53475051389141526
2100-May-02 16:00:00, 9181.4627606885515, 0.53351004237114807, null, null, 9181.4627606885515, 0.53351004237114807
2100-May-02 17:00:00, 9158.7830734449944, 0.53219218690327197, null, null, 9158.7830734449944, 0.53219218690327197
2100-May-02 18:00:00, 9136.2799654421124, 0.53088459197890936, null, null, 9136.2799654421124, 0.53088459197890936
2100-May-02 19:00:00, 9115.2343346269045, 0.52966168712370232, null, null, 9115.2343346269045, 0.52966168712370232
2100-May-02 20:00:00, 9096.5253471180495, 0.5285745583100554, null, null, 9096.5253471180495, 0.5285745583100554
2100-May-02 21:00:00, 9080.532943619779, 0.52764528286774681, null, null, 9080.532943619779, 0.52764528286774681
2100-May-02 22:00:00, 9067.4574666767203, 0.52688550216180285, null, null, 9067.4574666767203, 0.52688550216180285
2100-May-02 23:00:00, 9057.3216832048638, 0.52629653911631857, null, null, 9057.3216832048638, 0.52629653911631857
2100-May-03 00:00:00, 9050.0588582887867, 0.52587451594531576, null, null, 9050.0588582887867, 0.52587451594531576
2100-May-03 01:00:00, 9045.7682529750109, 0.52562520044054117, null, null, 9045.7682529750109, 0.52562520044054117
2100-May-03 02:00:00, 9044.3210466445635, 0.52554110718320279, null, null, 9044.3210466445635, 0.52554110718320279
2100-May-03 03:00:00, 9045.486095117205, 0.52560880500828844, null, null, 9045.486095117205, 0.52560880500828844
2100-May-03 04:00:00, 9049.0528600172875, 0.52581606009852511, null, null, 9049.0528600172875, 0.52581606009852511
2100-May-03 05:00:00, 9055.0211097700867, 0.52616285899772997, null, null, 9055.0211097700867, 0.52616285899772997
2100-May-03 06:00:00, 9063.1631578741035, 0.52663597145727847, null, null, 9063.1631578741035, 0.52663597145727847
2100-May-03 07:00:00, 9072.6070411150686, 0.52718473004611766, null, null, 9072.6070411150686, 0.52718473004611766
2100-May-03 08:00:00, 9082.1455318287717, 0.52773898602008007, null, null, 9082.1455318287717, 0.52773898602008007
2100-May-03 09:00:00, 9090.6025717724879, 0.5282304018060292, null, null, 9090.6025717724879, 0.5282304018060292
2100-May-03 10:00:00, 9097.1835554532245, 0.52861280502149355, null, null, 9097.1835554532245, 0.52861280502149355
2100-May-03 11:00:00, 9101.6475918610613, 0.52887219813947128, null, null, 9101.6475918610613, 0.52887219813947128
2100-May-03 12:00:00, 9104.1574538202804, 0.5290180394498496, null, null, 9104.1574538202804, 0.5290180394498496
2100-May-03 13:00:00, 9104.8858171766042, 0.52906036268038725, null, null, 9104.8858171766042, 0.52906036268038725
2100-May-03 14:00:00, 9103.9822550338977, 0.52900785912081238, null, null, 9103.9822550338977, 0.52900785912081238
2100-May-03 15:00:00, 9101.6734121280533, 0.52887369848555943, null, null, 9101.6734121280533, 0.52887369848555943
2100-May-03 16:00:00, 9098.3992835558565, 0.52868344770321574, null, null, 9098.3992835558565, 0.52868344770321574
2100-May-03 17:00:00, 9094.6058761807144, 0.52846302302991544, null, null, 9094.6058761807144, 0.52846302302991544
2100-May-03 18:00:00, 9090.7962378753691, 0.52824165522102928, null, null, 9090.7962378753691, 0.52824165522102928
2100-May-03 19:00:00, 9087.6365091214575, 0.52805805190363653, null, null, 9087.6365091214575, 0.52805805190363653
2100-May-03 20:00:00, 9085.7425494528197, 0.52794799901452705, null, null, 9085.7425494528197, 0.52794799901452705
2100-May-03 21:00:00, 9085.4509225295715, 0.52793105336041579, null, null, 9085.4509225295715, 0.52793105336041579
2100-May-03 22:00:00, 9087.0495917983462, 0.52802394772066663, null, null, 9087.0495917983462, 0.52802394772066663
2100-May-03 23:00:00, 9090.8074015141137, 0.52824230390997295, null, null, 9090.8074015141137, 0.52824230390997295
2100-May-04 00:00:00, 9096.9084888932848, 0.52859682164543753, null, null, 9096.9084888932848, 0.52859682164543753
2100-May-04 01:00:00, 9105.3641061139897, 0.52908815476078896, null, null, 9105.3641061139897, 0.52908815476078896
2100-May-04 02:00:00, 9116.0226543804001, 0.5297074942588017, null, null, 9116.0226543804001, 0.5297074942588017
2100-May-04 03:00:00, 9128.5848152364688, 0.53043744755113442, null, null, 9128.5848152364688, 0.53043744755113442
2100-May-04 04:00:00, 9142.8206291017486, 0.53126465230667419, null, null, 9142.8206291017486, 0.53126465230667419
2100-May-04 05:00:00, 9158.5893473401429, 0.53218093000171918, null, null, 9158.5893473401429, 0.53218093000171918
2100-May-04 06:00:00, 9175.6548776025065, 0.53317256194650486, null, null, 9175.6548776025065, 0.53317256194650486
2100-May-04 07:00:00, 9193.5072575044505, 0.53420991560203479, null, null, 9193.5072575044505, 0.53420991560203479
2100-May-04 08:00:00, 9211.1565064282277, 0.53523546586418469, null, null, 9211.1565064282277, 0.53523546586418469
2100-May-04 09:00:00, 9227.4466392522136, 0.53618204155475624, null, null, 9227.4466392522136, 0.53618204155475624
2100-May-04 10:00:00, 9241.3902625118717, 0.53699226790212207, null, null, 9241.3902625118717, 0.53699226790212207
2100-May-04 11:00:00, 9252.4836473109026, 0.53763687457846898, null, null, 9252.4836473109026, 0.53763687457846898
2100-May-04 12:00:00, 9260.835025054892, 0.53812215061891977, null, null, 9260.835025054892, 0.53812215061891977
2100-May-04 13:00:00, 9266.8646015392096, 0.53847251304912003, null, null, 9266.8646015392096, 0.53847251304912003
2100-May-04 14:00:00, 9271.0219553589523, 0.53871408566890122, null, null, 9271.0219553589523, 0.53871408566890122
2100-May-04 15:00:00, 9273.8537799908736, 0.53887863536198854, null, null, 9273.8537799908736, 0.53887863536198854
2100-May-04 16:00:00, 9275.8333868260524, 0.53899366497699019, null, null, 9275.8333868260524, 0.53899366497699019
2100-May-04 17:00:00, 9277.4019386073651, 0.53908480929125924, null, null, 9277.4019386073651, 0.53908480929125924
2100-May-04 18:00:00, 9279.025724622601, 0.53917916311791736, null, null, 9279.025724622601, 0.53917916311791736
2100-May-04 19:00:00, 9281.1972224666515, 0.53930534300199295, null, null, 9281.1972224666515, 0.53930534300199295
2100-May-04 20:00:00, 9284.3106326921643, 0.53948625487460267, null, null, 9284.3106326921643, 0.53948625487460267
2100-May-04 21:00:00, 9288.5419723629402, 0.53973212661267778, null, null, 9288.5419723629402, 0.53973212661267778
2100-May-04 22:00:00, 9293.8687258282152, 0.54004164989246795, null, null, 9293.8687258282152, 0.54004164989246795
2100-May-04 23:00:00, 9300.2046559175124, 0.54040981370454311, null, null, 9300.2046559175124, 0.54040981370454311
2100-May-05 00:00:00, 9307.4884561521649, 0.5408330556947466, null, null, 9307.4884561521649, 0.5408330556947466
2100-May-05 01:00:00, 9315.6919199405511, 0.54130973685410078, null, null, 9315.6919199405511, 0.54130973685410078
2100-May-05 02:00:00, 9324.8623324166547, 0.54184260479423274, null, null, 9324.8623324166547, 0.54184260479423274
2100-May-05 03:00:00, 9335.0521211749819, 0.54243470594128362, null, null, 9335.0521211749819, 0.54243470594128362
2100-May-05 04:00:00, 9346.2943046068958, 0.54308795890493822, null, null, 9346.2943046068958, 0.54308795890493822
2100-May-05 05:00:00, 9358.559810820203, 0.54380067439593638, null, null, 9358.559810820203, 0.54380067439593638
2100-May-05 06:00:00, 9371.6451772014952, 0.54456102975046827, null, null, 9371.6451772014952, 0.54456102975046827
2100-May-05 07:00:00, 9385.0765485726151, 0.54534149052192504, null, null, 9385.0765485726151, 0.54534149052192504
2100-May-05 08:00:00, 9398.1400976023342, 0.5461005781289896, null, null, 9398.1400976023342, 0.5461005781289896
2100-May-05 09:00:00, 9409.9609274093018, 0.54678745467312584, null, null, 9409.9609274093018, 0.54678745467312584
2100-May-05 10:00:00, 9419.6529155434546, 0.54735062996827077, null, null, 9419.6529155434546, 0.54735062996827077
2100-May-05 11:00:00, 9426.3720535557386, 0.54774106095939556, null, null, 9426.3720535557386, 0.54774106095939556
2100-May-05 12:00:00, 9429.4551720624168, 0.54792021266190816, null, null, 9429.4551720624168, 0.54792021266190816
2100-May-05 13:00:00, 9428.7483937196284, 0.54787914367830104, null, null, 9428.7483937196284, 0.54787914367830104
2100-May-05 14:00:00, 9424.589583047793, 0.54763748640477328, null, null, 9424.589583047793, 0.54763748640477328
2100-May-05 15:00:00, 9417.5595260710343, 0.5472289887510442, null, null, 9417.5595260710343, 0.5472289887510442
2100-May-05 16:00:00, 9408.4707169674057, 0.54670086256283579, null, null, 9408.4707169674057, 0.54670086256283579
2100-May-05 17:00:00, 9398.3059825699711, 0.54611021725713504, null, null, 9398.3059825699711, 0.54611021725713504
2100-May-05 18:00:00, 9388.1261957508123, 0.54551869729579816, null, null, 9388.1261957508123, 0.54551869729579816
2100-May-05 19:00:00, 9378.8719071508622, 0.54498095554028902, null, null, 9378.8719071508622, 0.54498095554028902
2100-May-05 20:00:00, 9371.1596850887054, 0.54453281911296791, null, null, 9371.1596850887054, 0.54453281911296791
2100-May-05 21:00:00, 9365.2926394874175, 0.54419190091410108, null, null, 9365.2926394874175, 0.54419190091410108
2100-May-05 22:00:00, 9361.4268149384225, 0.5439672682741078, null, null, 9361.4268149384225, 0.5439672682741078
2100-May-05 23:00:00, 9359.6658956938518, 0.54386494600528523, null, null, 9359.6658956938518, 0.54386494600528523
2100-May-06 00:00:00, 9360.0421537568909, 0.54388680934671418, null, null, 9360.0421537568909, 0.54388680934671418
2100-May-06 01:00:00, 9362.4598169980436, 0.54402729323820798, null, null, 9362.4598169980436, 0.54402729323820798
2100-May-06 02:00:00, 9366.8211934602841, 0.54428072106357905, null, null, 9366.8211934602841, 0.54428072106357905
2100-May-06 03:00:00, 9372.9785224332591, 0.54463850684639892, null, null, 9372.9785224332591, 0.54463850684639892
2100-May-06 04:00:00, 9380.8097867339347, 0.54509356049719215, null, null, 9380.8097867339347, 0.54509356049719215
2100-May-06 05:00:00, 9390.1667775695059, 0.54563727000266726, null, null, 9390.1667775695059, 0.54563727000266726
2100-May-06 06:00:00, 9400.8486190493695, 0.54625796300650153, null, null, 9400.8486190493695, 0.54625796300650153
2100-May-06 07:00:00, 9412.2527726041189, 0.54692062761722693, null, null, 9412.2527726041189, 0.54692062761722693
2100-May-06 08:00:00, 9423.3914573176207, 0.54756786654944833, null, null, 9423.3914573176207, 0.54756786654944833
2100-May-06 09:00:00, 9432.9933083902251, 0.54812580422300949, null, null, 9432.9933083902251, 0.54812580422300949
2100-May-06 10:00:00, 9439.6555970024583, 0.5485129318487969, null, null, 9439.6555970024583, 0.5485129318487969
2100-May-06 11:00:00, 9442.1847171696427, 0.54865989220170863, null, null, 9442.1847171696427, 0.54865989220170863
2100-May-06 12:00:00, 9439.6618382031829, 0.54851329450814112, null, null, 9439.6618382031829, 0.54851329450814112
2100-May-06 13:00:00, 9431.9536629648064, 0.54806539323083714, null, null, 9431.9536629648064, 0.54806539323083714
2100-May-06 14:00:00, 9419.5334453841187, 0.54734368787947396, null, null, 9419.5334453841187, 0.54734368787947396
2100-May-06 15:00:00, 9403.3576058110557, 0.54640375346151127, null, null, 9403.3576058110557, 0.54640375346151127
2100-May-06 16:00:00, 9384.7016189650658, 0.54531970437346233, null, null, 9384.7016189650658, 0.54531970437346233
2100-May-06 17:00:00, 9364.9022069269777, 0.54416921393085094, null, null, 9364.9022069269777, 0.54416921393085094
2100-May-06 18:00:00, 9345.3408568379182, 0.54303255662614192, null, null, 9345.3408568379182, 0.54303255662614192
2100-May-06 19:00:00, 9327.2009028147622, 0.5419784928138982, null, null, 9327.2009028147622, 0.5419784928138982
2100-May-06 20:00:00, 9311.3465949365655, 0.5410572417356847, null, null, 9311.3465949365655, 0.5410572417356847
2100-May-06 21:00:00, 9298.1893792190331, 0.54029271140997204, null, null, 9298.1893792190331, 0.54029271140997204
2100-May-06 22:00:00, 9287.8554917351721, 0.53969223707455583, null, null, 9287.8554917351721, 0.53969223707455583
2100-May-06 23:00:00, 9280.3107325457295, 0.53925383146318917, null, null, 9280.3107325457295, 0.53925383146318917
2100-May-07 00:00:00, 9275.413942082374, 0.53896929217400613, null, null, 9275.413942082374, 0.53896929217400613
2100-May-07 01:00:00, 9272.9843040475535, 0.53882811245954343, null, null, 9272.9843040475535, 0.53882811245954343
2100-May-07 02:00:00, 9272.8933894891543, 0.53882282965971429, null, null, 9272.8933894891543, 0.53882282965971429
2100-May-07 03:00:00, 9275.073859958482, 0.53894953091884923, null, null, 9275.073859958482, 0.53894953091884923
2100-May-07 04:00:00, 9279.4161652855983, 0.53920185057198522, null, null, 9279.4161652855983, 0.53920185057198522
2100-May-07 05:00:00, 9286.0439516444949, 0.53958697336486983, null, null, 9286.0439516444949, 0.53958697336486983
2100-May-07 06:00:00, 9294.8335698047576, 0.54009771437415499, null, null, 9294.8335698047576, 0.54009771437415499
2100-May-07 07:00:00, 9304.1395233247022, 0.54063845823884582, null, null, 9304.1395233247022, 0.54063845823884582
2100-May-07 08:00:00, 9311.8902739163568, 0.54108883345512038, null, null, 9311.8902739163568, 0.54108883345512038
2100-May-07 09:00:00, 9316.2023844488012, 0.541339398570161, null, null, 9316.2023844488012, 0.541339398570161
2100-May-07 10:00:00, 9315.1508531534128, 0.54127829692213614, null, null, 9315.1508531534128, 0.54127829692213614
2100-May-07 11:00:00, 9306.642143902478, 0.54078387877207545, null, null, 9306.642143902478, 0.54078387877207545
2100-May-07 12:00:00, 9289.827244000724, 0.53980681028169708, null, null, 9289.827244000724, 0.53980681028169708
2100-May-07 13:00:00, 9263.2439058386608, 0.53826212418549757, null, null, 9263.2439058386608, 0.53826212418549757
2100-May-07 14:00:00, 9228.0162123509017, 0.53621513791161524, null, null, 9228.0162123509017, 0.53621513791161524
2100-May-07 15:00:00, 9187.3810657582053, 0.53385393911949575, null, null, 9187.3810657582053, 0.53385393911949575
2100-May-07 16:00:00, 9144.6610093376221, 0.5313715918394275, null, null, 9144.6610093376221, 0.5313715918394275
2100-May-07 17:00:00, 9102.8133691687563, 0.52893993831519648, null, null, 9102.8133691687563, 0.52893993831519648
2100-May-07 18:00:00, 9063.8308435310482, 0.52667476887032816, null, null, 9063.8308435310482, 0.52667476887032816
2100-May-07 19:00:00, 9028.827713172097, 0.52464083135430584, null, null, 9028.827713172097, 0.52464083135430584
2100-May-07 20:00:00, 8998.3572487040528, 0.52287027483045667, null, null, 8998.3572487040528, 0.52287027483045667
2100-May-07 21:00:00, 8972.5925110274402, 0.52137315540103579, null, null, 8972.5925110274402, 0.52137315540103579
2100-May-07 22:00:00, 8951.6623733508568, 0.52015696154067637, null, null, 8951.6623733508568, 0.52015696154067637
2100-May-07 23:00:00, 8935.6309026648851, 0.51922541600943872, null, null, 8935.6309026648851, 0.51922541600943872
2100-May-08 00:00:00, 8924.2362965699176, 0.51856330617585567, null, null, 8924.2362965699176, 0.51856330617585567
2100-May-08 01:00:00, 8917.4280640491215, 0.51816769814309271, null, null, 8917.4280640491215, 0.51816769814309271
2100-May-08 02:00:00, 8915.055223403604, 0.51802981877176302, null, null, 8915.055223403604, 0.51802981877176302
2100-May-08 03:00:00, 8916.6847101482981, 0.51812450385243747, null, null, 8916.6847101482981, 0.51812450385243747
2100-May-08 04:00:00, 8921.7217049037354, 0.51841719003495979, null, null, 8921.7217049037354, 0.51841719003495979
2100-May-08 05:00:00, 8929.6990423142815, 0.51888073160026804, null, null, 8929.6990423142815, 0.51888073160026804
2100-May-08 06:00:00, 8940.1947728213127, 0.51949061019733622, null, null, 8940.1947728213127, 0.51949061019733622
2100-May-08 07:00:00, 8952.0758555451321, 0.52018098787599321, null, null, 8952.0758555451321, 0.52018098787599321
2100-May-08 08:00:00, 8963.7204444456565, 0.52085762353630582, null, null, 8963.7204444456565, 0.52085762353630582
2100-May-08 09:00:00, 8972.9715573682261, 0.52139518076176583, null, null, 8972.9715573682261, 0.52139518076176583
2100-May-08 10:00:00, 8975.9520062115662, 0.5215683666069999, null, null, 8975.9520062115662, 0.5215683666069999
2100-May-08 11:00:00, 8969.8699806252716, 0.52121495650091754, null, null, 8969.8699806252716, 0.52121495650091754
2100-May-08 12:00:00, 8954.575988185632, 0.52032626384189684, null, null, 8954.575988185632, 0.52032626384189684
2100-May-08 13:00:00, 8931.8518918862083, 0.51900582788353733, null, null, 8931.8518918862083, 0.51900582788353733
2100-May-08 14:00:00, 8903.1788333443947, 0.51733971377119237, null, null, 8903.1788333443947, 0.51733971377119237
2100-May-08 15:00:00, 8869.9988623769714, 0.51541171513109585, null, null, 8869.9988623769714, 0.51541171513109585
2100-May-08 16:00:00, 8834.2843858962624, 0.51333644321014793, null, null, 8834.2843858962624, 0.51333644321014793
2100-May-08 17:00:00, 8798.0172379704982, 0.51122905704185684, null, null, 8798.0172379704982, 0.51122905704185684
2100-May-08 18:00:00, 8763.1870794076749, 0.5092051704504732, null, null, 8763.1870794076749, 0.5092051704504732
2100-May-08 19:00:00, 8731.3296319403889, 0.50735402008466435, null, null, 8731.3296319403889, 0.50735402008466435
2100-May-08 20:00:00, 8703.6708243332669, 0.50574684135911407, null, null, 8703.6708243332669, 0.50574684135911407
2100-May-08 21:00:00, 8680.9271805051176, 0.50442526954657207, null, null, 8680.9271805051176, 0.50442526954657207
2100-May-08 22:00:00, 8663.0610245291809, 0.50338711540053083, null, null, 8663.0610245291809, 0.50338711540053083
2100-May-08 23:00:00, 8649.8579840369584, 0.50261992232073172, null, null, 8649.8579840369584, 0.50261992232073172
2100-May-09 00:00:00, 8641.4759743708328, 0.50213286634188736, null, null, 8641.4759743708328, 0.50213286634188736
2100-May-09 01:00:00, 8637.9779792121826, 0.50192960727588154, null, null, 8637.9779792121826, 0.50192960727588154
2100-May-09 02:00:00, 8638.8952334582045, 0.50198290644665799, null, null, 8638.8952334582045, 0.50198290644665799
2100-May-09 03:00:00, 8643.6843134385454, 0.50226118697012434, null, null, 8643.6843134385454, 0.50226118697012434
2100-May-09 04:00:00, 8651.5204651348031, 0.5027165246142955, null, null, 8651.5204651348031, 0.5027165246142955
2100-May-09 05:00:00, 8661.5038132518184, 0.50329663005236569, null, null, 8661.5038132518184, 0.50329663005236569
2100-May-09 06:00:00, 8672.7451756021655, 0.50394983530518467, null, null, 8672.7451756021655, 0.50394983530518467
2100-May-09 07:00:00, 8684.2345146935186, 0.50461744981773149, null, null, 8684.2345146935186, 0.50461744981773149
2100-May-09 08:00:00, 8694.8247620012062, 0.50523282053121266, null, null, 8694.8247620012062, 0.50523282053121266
2100-May-09 09:00:00, 8703.1927010689687, 0.50571905890552871, null, null, 8703.1927010689687, 0.50571905890552871
2100-May-09 10:00:00, 8707.9852433436026, 0.50599754061357993, null, null, 8707.9852433436026, 0.50599754061357993
2100-May-09 11:00:00, 8707.8612061133772, 0.50599033314460928, null, null, 8707.8612061133772, 0.50599033314460928
2100-May-09 12:00:00, 8702.3890693387402, 0.50567236203275145, null, null, 8702.3890693387402, 0.50567236203275145
2100-May-09 13:00:00, 8692.1037057105095, 0.50507470728773696, null, null, 8692.1037057105095, 0.50507470728773696
2100-May-09 14:00:00, 8677.6829900342545, 0.5042367583865659, null, null, 8677.6829900342545, 0.5042367583865659
2100-May-09 15:00:00, 8660.1064746404791, 0.50321543447371186, null, null, 8660.1064746404791, 0.50321543447371186
2100-May-09 16:00:00, 8640.632372184622, 0.50208384689369701, null, null, 8640.632372184622, 0.50208384689369701
2100-May-09 17:00:00, 8620.5888400185722, 0.50091917128874197, null, null, 8620.5888400185722, 0.50091917128874197
2100-May-09 18:00:00, 8601.2362555196596, 0.4997946447895209, null, null, 8601.2362555196596, 0.4997946447895209
2100-May-09 19:00:00, 8583.6287366177239, 0.49877151934641145, null, null, 8583.6287366177239, 0.49877151934641145
2100-May-09 20:00:00, 8568.5747284858971, 0.49789677152837808, null, null, 8568.5747284858971, 0.49789677152837808
2100-May-09 21:00:00, 8556.6855776178545, 0.49720592503161676, null, null, 8556.6855776178545, 0.49720592503161676
2100-May-09 22:00:00, 8548.3652103113491, 0.49672245092406569, null, null, 8548.3652103113491, 0.49672245092406569
2100-May-09 23:00:00, 8543.7401304859522, 0.49645370000736183, null, null, 8543.7401304859522, 0.49645370000736183
2100-May-10 00:00:00, 8542.7436013809165, 0.49639579438829989, null, null, 8542.7436013809165, 0.49639579438829989
2100-May-10 01:00:00, 8545.264562073864, 0.49654228061616645, null, null, 8545.264562073864, 0.49654228061616645
2100-May-10 02:00:00, 8551.266653910101, 0.49689104598758166, null, null, 8551.266653910101, 0.49689104598758166
2100-May-10 03:00:00, 8560.5100749974881, 0.49742815626124098, null, null, 8560.5100749974881, 0.49742815626124098
2100-May-10 04:00:00, 8572.5862400902461, 0.49812986965029959, null, null, 8572.5862400902461, 0.49812986965029959
2100-May-10 05:00:00, 8587.029857011079, 0.49896914928103769, null, null, 8587.029857011079, 0.49896914928103769
2100-May-10 06:00:00, 8603.4411358288507, 0.49992276443862693, null, null, 8603.4411358288507, 0.49992276443862693
2100-May-10 07:00:00, 8621.0255355633108, 0.50094454648925735, null, null, 8621.0255355633108, 0.50094454648925735
2100-May-10 08:00:00, 8638.5847162743503, 0.5019648631304422, null, null, 8638.5847162743503, 0.5019648631304422
2100-May-10 09:00:00, 8654.717408191189, 0.50290229035445322, null, null, 8654.717408191189, 0.50290229035445322
2100-May-10 10:00:00, 8668.1493452256691, 0.50368278399508259, null, null, 8668.1493452256691, 0.50368278399508259
2100-May-10 11:00:00, 8677.7599743917126, 0.50424123173998248, null, null, 8677.7599743917126, 0.50424123173998248
2100-May-10 12:00:00, 8682.745215479812, 0.50453091065645428, null, null, 8682.745215479812, 0.50453091065645428
2100-May-10 13:00:00, 8682.9870659997341, 0.50454496393799497, null, null, 8682.9870659997341, 0.50454496393799497
2100-May-10 14:00:00, 8678.8920344266844, 0.50430701269591149, null, null, 8678.8920344266844, 0.50430701269591149
2100-May-10 15:00:00, 8671.2264684459133, 0.50386158732766728, null, null, 8671.2264684459133, 0.50386158732766728
2100-May-10 16:00:00, 8661.0026053238762, 0.50326750621122585, null, null, 8661.0026053238762, 0.50326750621122585
2100-May-10 17:00:00, 8649.5956477679774, 0.50260467866755498, null, null, 8649.5956477679774, 0.50260467866755498
2100-May-10 18:00:00, 8638.2592888516938, 0.50194595342045634, null, null, 8638.2592888516938, 0.50194595342045634
2100-May-10 19:00:00, 8627.9407790456444, 0.50134637264043047, null, null, 8627.9407790456444, 0.50134637264043047
2100-May-10 20:00:00, 8619.3423848589173, 0.50084674314059452, null, null, 8619.3423848589173, 0.50084674314059452
2100-May-10 21:00:00, 8612.8708729297996, 0.50047070103341618, null, null, 8612.8708729297996, 0.50047070103341618
2100-May-10 22:00:00, 8608.774192806417, 0.50023265399851835, null, null, 8608.774192806417, 0.50023265399851835
2100-May-10 23:00:00, 8607.2052390174995, 0.50014148632467148, null, null, 8607.2052390174995, 0.50014148632467148
2100-May-11 00:00:00, 8608.1746488572062, 0.50019781611635472, null, null, 8608.1746488572062, 0.50019781611635472
2100-May-11 01:00:00, 8611.5670504004484, 0.50039493942211211, null, null, 8611.5670504004484, 0.50039493942211211
2100-May-11 02:00:00, 8617.2556052189684, 0.50072548600290889, null, null, 8617.2556052189684, 0.50072548600290889
2100-May-11 03:00:00, 8625.1116938634186, 0.50118198212937781, null, null, 8625.1116938634186, 0.50118198212937781
2100-May-11 04:00:00, 8634.9708792789461, 0.50175487280768061, null, null, 8634.9708792789461, 0.50175487280768061
2100-May-11 05:00:00, 8646.6508582317547, 0.50243356488849888, null, null, 8646.6508582317547, 0.50243356488849888
2100-May-11 06:00:00, 8659.7681511951214, 0.50319577541062221, null, null, 8659.7681511951214, 0.50319577541062221
2100-May-11 07:00:00, 8673.8578096257588, 0.50401448746797639, null, null, 8673.8578096257588, 0.50401448746797639
2100-May-11 08:00:00, 8688.3096355735797, 0.5048542441031364, null, null, 8688.3096355735797, 0.5048542441031364
2100-May-11 09:00:00, 8702.27957020555, 0.50566599933339618, null, null, 8702.27957020555, 0.50566599933339618
2100-May-11 10:00:00, 8714.6422085331196, 0.50638435890962852, null, null, 8714.6422085331196, 0.50638435890962852
2100-May-11 11:00:00, 8724.0902258086808, 0.50693335771607029, null, null, 8724.0902258086808, 0.50693335771607029
2100-May-11 12:00:00, 8729.5548004612392, 0.50725088941340613, null, null, 8729.5548004612392, 0.50725088941340613
2100-May-11 13:00:00, 8730.3040740641827, 0.50729442768198851, null, null, 8730.3040740641827, 0.50729442768198851
2100-May-11 14:00:00, 8725.6148451544377, 0.50702194923497701, null, null, 8725.6148451544377, 0.50702194923497701
2100-May-11 15:00:00, 8716.0538560706009, 0.50646638594139504, null, null, 8716.0538560706009, 0.50646638594139504
2100-May-11 16:00:00, 8702.8875097760374, 0.50570132506247267, null, null, 8702.8875097760374, 0.50570132506247267
2100-May-11 17:00:00, 8687.7521349911458, 0.5048218492476424, null, null, 8687.7521349911458, 0.5048218492476424
2100-May-11 18:00:00, 8672.3277241219457, 0.50392557832536511, null, null, 8672.3277241219457, 0.50392557832536511
2100-May-11 19:00:00, 8657.9266674716637, 0.50308877175718103, null, null, 8657.9266674716637, 0.50308877175718103
2100-May-11 20:00:00, 8645.4888643577451, 0.50236604455790268, null, null, 8645.4888643577451, 0.50236604455790268
2100-May-11 21:00:00, 8635.6592818675726, 0.50179487402576528, null, null, 8635.6592818675726, 0.50179487402576528
2100-May-11 22:00:00, 8628.7444520099289, 0.50139307190920757, null, null, 8628.7444520099289, 0.50139307190920757
2100-May-11 23:00:00, 8624.8751251797967, 0.50116823576110159, null, null, 8624.8751251797967, 0.50116823576110159
2100-May-12 00:00:00, 8624.0283275690854, 0.50111903063541019, null, null, 8624.0283275690854, 0.50111903063541019
2100-May-12 01:00:00, 8626.0947744333425, 0.50123910629032953, null, null, 8626.0947744333425, 0.50123910629032953
2100-May-12 02:00:00, 8630.9887868309943, 0.50152348415360593, null, null, 8630.9887868309943, 0.50152348415360593
2100-May-12 03:00:00, 8638.6376817627861, 0.50196794081214891, null, null, 8638.6376817627861, 0.50196794081214891
2100-May-12 04:00:00, 8648.8477192527698, 0.50256121855839375, null, null, 8648.8477192527698, 0.50256121855839375
2100-May-12 05:00:00, 8661.3408771460199, 0.50328716227462977, null, null, 8661.3408771460199, 0.50328716227462977
2100-May-12 06:00:00, 8675.6703471465717, 0.50411980913563792, null, null, 8675.6703471465717, 0.50411980913563792
2100-May-12 07:00:00, 8691.1325337908656, 0.50501827510634012, null, null, 8691.1325337908656, 0.50501827510634012
2100-May-12 08:00:00, 8706.6100945028284, 0.50591763442265691, null, null, 8706.6100945028284, 0.50591763442265691
2100-May-12 09:00:00, 8720.3015755244378, 0.50671320946449427, null, null, 8720.3015755244378, 0.50671320946449427
2100-May-12 10:00:00, 8729.6537752936929, 0.50725664057402531, null, null, 8729.6537752936929, 0.50725664057402531
2100-May-12 11:00:00, 8732.1607043501172, 0.50740231146133108, null, null, 8732.1607043501172, 0.50740231146133108
2100-May-12 12:00:00, 8726.2866802980006, 0.50706098776350461, null, null, 8726.2866802980006, 0.50706098776350461
2100-May-12 13:00:00, 8711.6750310448151, 0.50621194422704807, null, null, 8711.6750310448151, 0.50621194422704807
2100-May-12 14:00:00, 8688.7741052496276, 0.50488123318352662, null, null, 8688.7741052496276, 0.50488123318352662
2100-May-12 15:00:00, 8659.7681558278182, 0.50319577567981577, null, null, 8659.7681558278182, 0.50319577567981577
2100-May-12 16:00:00, 8627.5038948099937, 0.50132098647559498, null, null, 8627.5038948099937, 0.50132098647559498
2100-May-12 17:00:00, 8594.6409734773424, 0.49941141073482193, null, null, 8594.6409734773424, 0.49941141073482193
2100-May-12 18:00:00, 8563.3308595618164, 0.49759206444577103, null, null, 8563.3308595618164, 0.49759206444577103
2100-May-12 19:00:00, 8535.0127471996821, 0.49594657529878239, null, null, 8535.0127471996821, 0.49594657529878239
2100-May-12 20:00:00, 8510.5248383205108, 0.4945236489476954, null, null, 8510.5248383205108, 0.4945236489476954
2100-May-12 21:00:00, 8490.1997091960202, 0.49334261050283734, null, null, 8490.1997091960202, 0.49334261050283734
2100-May-12 22:00:00, 8474.2370596657638, 0.49241506398337576, null, null, 8474.2370596657638, 0.49241506398337576
2100-May-12 23:00:00, 8462.7227643192527, 0.49174599933013846, null, null, 8462.7227643192527, 0.49174599933013846
2100-May-13 00:00:00, 8455.5700758923267, 0.49133037589352707, null, null, 8455.5700758923267, 0.49133037589352707
2100-May-13 01:00:00, 8452.5604617993558, 0.49115549533428365, null, null, 8452.5604617993558, 0.49115549533428365
2100-May-13 02:00:00, 8453.3953334514044, 0.49120400747467657, null, null, 8453.3953334514044, 0.49120400747467657
2100-May-13 03:00:00, 8457.8680220508504, 0.4914639033481773, null, null, 8457.8680220508504, 0.4914639033481773
2100-May-13 04:00:00, 8465.7110105951415, 0.49191963826315149, null, null, 8465.7110105951415, 0.49191963826315149
2100-May-13 05:00:00, 8476.5751660531987, 0.49255092504063225, null, null, 8476.5751660531987, 0.49255092504063225
2100-May-13 06:00:00, 8489.8852290297582, 0.49332433690840033, null, null, 8489.8852290297582, 0.49332433690840033
2100-May-13 07:00:00, 8504.2957448668749, 0.49416169312442376, null, null, 8504.2957448668749, 0.49416169312442376
2100-May-13 08:00:00, 8516.7970290491648, 0.49488810903740266, null, null, 8516.7970290491648, 0.49488810903740266
2100-May-13 09:00:00, 8525.0442561544278, 0.49536733316508874, null, null, 8525.0442561544278, 0.49536733316508874
2100-May-13 10:00:00, 8528.052249688295, 0.49554211955801264, null, null, 8528.052249688295, 0.49554211955801264
2100-May-13 11:00:00, 8525.559593489701, 0.49539727802798728, null, null, 8525.559593489701, 0.49539727802798728
2100-May-13 12:00:00, 8516.8850644322247, 0.49489322453611678, null, null, 8516.8850644322247, 0.49489322453611678
2100-May-13 13:00:00, 8501.858103639046, 0.49402004836599672, null, null, 8501.858103639046, 0.49402004836599672
2100-May-13 14:00:00, 8481.5456760624456, 0.49283974797383562, null, null, 8481.5456760624456, 0.49283974797383562
2100-May-13 15:00:00, 8458.0339325340574, 0.4914735439589637, null, null, 8458.0339325340574, 0.4914735439589637
2100-May-13 16:00:00, 8432.9974880889295, 0.49001874368531523, null, null, 8432.9974880889295, 0.49001874368531523
2100-May-13 17:00:00, 8407.8796968136394, 0.48855921656672513, null, null, 8407.8796968136394, 0.48855921656672513
2100-May-13 18:00:00, 8383.8228622988427, 0.48716133878452061, null, null, 8383.8228622988427, 0.48716133878452061
2100-May-13 19:00:00, 8361.6148325355734, 0.48587089006095657, null, null, 8361.6148325355734, 0.48587089006095657
2100-May-13 20:00:00, 8341.8617145402786, 0.48472308964033578, null, null, 8341.8617145402786, 0.48472308964033578
2100-May-13 21:00:00, 8325.0592314232908, 0.48374674265583717, null, null, 8325.0592314232908, 0.48374674265583717
2100-May-13 22:00:00, 8311.8424563273256, 0.48297875149525121, null, null, 8311.8424563273256, 0.48297875149525121
2100-May-13 23:00:00, 8302.3611674734984, 0.48242781936711621, null, null, 8302.3611674734984, 0.48242781936711621
2100-May-14 00:00:00, 8296.5570149732303, 0.48209055571675263, null, null, 8296.5570149732303, 0.48209055571675263
2100-May-14 01:00:00, 8294.3956345661009, 0.48196496372965392, null, null, 8294.3956345661009, 0.48196496372965392
2100-May-14 02:00:00, 8295.8319182527812, 0.48204842230161682, null, null, 8295.8319182527812, 0.48204842230161682
2100-May-14 03:00:00, 8300.6763229756634, 0.48232991759668398, null, null, 8300.6763229756634, 0.48232991759668398
2100-May-14 04:00:00, 8308.6587532746526, 0.48279375509600625, null, null, 8308.6587532746526, 0.48279375509600625
2100-May-14 05:00:00, 8319.4616391347554, 0.48342148166236898, null, null, 8319.4616391347554, 0.48342148166236898
2100-May-14 06:00:00, 8332.5578567692046, 0.48418246755396049, null, null, 8332.5578567692046, 0.48418246755396049
2100-May-14 07:00:00, 8346.7397645749897, 0.48500653997374565, null, null, 8346.7397645749897, 0.48500653997374565
2100-May-14 08:00:00, 8360.3778358754316, 0.48579901152071014, null, null, 8360.3778358754316, 0.48579901152071014
2100-May-14 09:00:00, 8371.9213773097599, 0.48646977558524573, null, null, 8371.9213773097599, 0.48646977558524573
2100-May-14 10:00:00, 8380.0382656631664, 0.48694142607953178, null, null, 8380.0382656631664, 0.48694142607953178
2100-May-14 11:00:00, 8383.4401825442219, 0.48713910229591051, null, null, 8383.4401825442219, 0.48713910229591051
2100-May-14 12:00:00, 8381.1343918036237, 0.48700511901374954, null, null, 8381.1343918036237, 0.48700511901374954
2100-May-14 13:00:00, 8373.2543967554029, 0.48654723375062342, null, null, 8373.2543967554029, 0.48654723375062342
2100-May-14 14:00:00, 8360.6113262754425, 0.48581257901822655, null, null, 8360.6113262754425, 0.48581257901822655
2100-May-14 15:00:00, 8344.2778446614939, 0.48486348444636418, null, null, 8344.2778446614939, 0.48486348444636418
2100-May-14 16:00:00, 8325.5099464615832, 0.48377293249131809, null, null, 8325.5099464615832, 0.48377293249131809
2100-May-14 17:00:00, 8305.7452863017315, 0.48262446138663945, null, null, 8305.7452863017315, 0.48262446138663945
2100-May-14 18:00:00, 8286.2524582402366, 0.48149178571217627, null, null, 8286.2524582402366, 0.48149178571217627
2100-May-14 19:00:00, 8268.0652012689698, 0.48043497325317458, null, null, 8268.0652012689698, 0.48043497325317458
2100-May-14 20:00:00, 8252.0136587610723, 0.4795022614024903, null, null, 8252.0136587610723, 0.4795022614024903
2100-May-14 21:00:00, 8238.6493612306895, 0.47872569811104804, null, null, 8238.6493612306895, 0.47872569811104804
2100-May-14 22:00:00, 8228.1708456477318, 0.47811681982679616, null, null, 8228.1708456477318, 0.47811681982679616
2100-May-14 23:00:00, 8220.557884869484, 0.47767445120501584, null, null, 8220.557884869484, 0.47767445120501584
2100-May-15 00:00:00, 8216.0531862582466, 0.47741269531604785, null, null, 8216.0531862582466, 0.47741269531604785
2100-May-15 01:00:00, 8214.8472378179613, 0.47734262090413293, null, null, 8214.8472378179613, 0.47734262090413293
2100-May-15 02:00:00, 8216.7623978164811, 0.47745390568724316, null, null, 8216.7623978164811, 0.47745390568724316
2100-May-15 03:00:00, 8221.54777187113, 0.47773197086936081, null, null, 8221.54777187113, 0.47773197086936081
2100-May-15 04:00:00, 8228.8472682619522, 0.47815612492087317, null, null, 8228.8472682619522, 0.47815612492087317
2100-May-15 05:00:00, 8238.207021301183, 0.47869999493055437, null, null, 8238.207021301183, 0.47869999493055437
2100-May-15 06:00:00, 8249.2749244101851, 0.47934312093460746, null, null, 8249.2749244101851, 0.47934312093460746
2100-May-15 07:00:00, 8261.3384175972515, 0.48004409799339726, null, null, 8261.3384175972515, 0.48004409799339726
2100-May-15 08:00:00, 8273.1054139149892, 0.4807278464186413, null, null, 8273.1054139149892, 0.4807278464186413
2100-May-15 09:00:00, 8282.8921679687519, 0.48129652830582975, null, null, 8282.8921679687519, 0.48129652830582975
2100-May-15 10:00:00, 8289.4769615666937, 0.4816791529053091, null, null, 8289.4769615666937, 0.4816791529053091
2100-May-15 11:00:00, 8291.961508895778, 0.48182352325079353, null, null, 8291.961508895778, 0.48182352325079353
2100-May-15 12:00:00, 8289.5267471410752, 0.48168204581078511, null, null, 8289.5267471410752, 0.48168204581078511
2100-May-15 13:00:00, 8282.0819098075026, 0.48124944638901462, null, null, 8282.0819098075026, 0.48124944638901462
2100-May-15 14:00:00, 8270.1654898539782, 0.48055701535922957, null, null, 8270.1654898539782, 0.48055701535922957
2100-May-15 15:00:00, 8254.7619304385535, 0.47966195605870326, null, null, 8254.7619304385535, 0.47966195605870326
2100-May-15 16:00:00, 8237.0132901832185, 0.47863063043429438, null, null, 8237.0132901832185, 0.47863063043429438
2100-May-15 17:00:00, 8218.0028409302759, 0.47752598449161771, null, null, 8218.0028409302759, 0.47752598449161771
2100-May-15 18:00:00, 8198.7900281464954, 0.4764095797498557, null, null, 8198.7900281464954, 0.4764095797498557
2100-May-15 19:00:00, 8180.4510272100661, 0.47534394985822992, null, null, 8180.4510272100661, 0.47534394985822992
2100-May-15 20:00:00, 8163.9463359365463, 0.47438490675473233, null, null, 8163.9463359365463, 0.47438490675473233
2100-May-15 21:00:00, 8149.9805824049517, 0.47357339447694063, null, null, 8149.9805824049517, 0.47357339447694063
2100-May-15 22:00:00, 8138.9608592359082, 0.47293306807927699, null, null, 8138.9608592359082, 0.47293306807927699
2100-May-15 23:00:00, 8131.1113501898408, 0.47247695427552766, null, null, 8131.1113501898408, 0.47247695427552766
2100-May-16 00:00:00, 8126.5285428788993, 0.47221065970064713, null, null, 8126.5285428788993, 0.47221065970064713
2100-May-16 01:00:00, 8125.2060364052704, 0.472133812415724, null, null, 8125.2060364052704, 0.472133812415724
2100-May-16 02:00:00, 8127.0105437186412, 0.47223866746968524, null, null, 8127.0105437186412, 0.47223866746968524
2100-May-16 03:00:00, 8131.7855537080404, 0.47251613042391893, null, null, 8131.7855537080404, 0.47251613042391893
2100-May-16 04:00:00, 8139.5732716585217, 0.47296865371372904, null, null, 8139.5732716585217, 0.47296865371372904
2100-May-16 05:00:00, 8150.2875246848071, 0.47359123006512516, null, null, 8150.2875246848071, 0.47359123006512516
2100-May-16 06:00:00, 8163.4111457376584, 0.4743538082954642, null, null, 8163.4111457376584, 0.4743538082954642
2100-May-16 07:00:00, 8177.329506924073, 0.47516256673187524, null, null, 8177.329506924073, 0.47516256673187524
2100-May-16 08:00:00, 8190.3199848239201, 0.47591740837262586, null, null, 8190.3199848239201, 0.47591740837262586
2100-May-16 09:00:00, 8201.0402003038816, 0.47654033118612682, null, null, 8201.0402003038816, 0.47654033118612682
2100-May-16 10:00:00, 8208.3652168563622, 0.47696596814541564, null, null, 8208.3652168563622, 0.47696596814541564
2100-May-16 11:00:00, 8211.5246412768774, 0.47714955377881541, null, null, 8211.5246412768774, 0.47714955377881541
2100-May-16 12:00:00, 8210.1660060592712, 0.47707060715000421, null, null, 8210.1660060592712, 0.47707060715000421
2100-May-16 13:00:00, 8203.2332868441899, 0.47666776553112605, null, null, 8203.2332868441899, 0.47666776553112605
2100-May-16 14:00:00, 8190.8362939331682, 0.47594740970268962, null, null, 8190.8362939331682, 0.47594740970268962
2100-May-16 15:00:00, 8174.6099253488928, 0.47500453918014152, null, null, 8174.6099253488928, 0.47500453918014152
2100-May-16 16:00:00, 8156.3089971536492, 0.47394112159283935, null, null, 8156.3089971536492, 0.47394112159283935
2100-May-16 17:00:00, 8137.5340907130876, 0.4728501624078274, null, null, 8137.5340907130876, 0.4728501624078274
2100-May-16 18:00:00, 8119.6656027803092, 0.47181187275806252, null, null, 8119.6656027803092, 0.47181187275806252
2100-May-16 19:00:00, 8103.7478941267109, 0.47088693763175632, null, null, 8103.7478941267109, 0.47088693763175632
2100-May-16 20:00:00, 8090.4779138293397, 0.47011585486038932, null, null, 8090.4779138293397, 0.47011585486038932
2100-May-16 21:00:00, 8080.1809841162758, 0.46951752804137409, null, null, 8080.1809841162758, 0.46951752804137409
2100-May-16 22:00:00, 8072.9848781180126, 0.46909938172677174, null, null, 8072.9848781180126, 0.46909938172677174
2100-May-16 23:00:00, 8068.9171786160068, 0.46886301867763325, null, null, 8068.9171786160068, 0.46886301867763325
2100-May-17 00:00:00, 8068.104406883951, 0.46881579070399665, null, null, 8068.104406883951, 0.46881579070399665
2100-May-17 01:00:00, 8070.4760304888869, 0.46895359935637992, null, null, 8070.4760304888869, 0.46895359935637992
2100-May-17 02:00:00, 8075.7430471842627, 0.46925965149355686, null, null, 8075.7430471842627, 0.46925965149355686
2100-May-17 03:00:00, 8083.646183151277, 0.4697188814130725, null, null, 8083.646183151277, 0.4697188814130725
2100-May-17 04:00:00, 8094.0335655487452, 0.47032246419366452, null, null, 8094.0335655487452, 0.47032246419366452
2100-May-17 05:00:00, 8106.9652960521871, 0.47107389218162776, null, null, 8106.9652960521871, 0.47107389218162776
2100-May-17 06:00:00, 8122.1453616988074, 0.47195596486192015, null, null, 8122.1453616988074, 0.47195596486192015
2100-May-17 07:00:00, 8138.6224607547965, 0.47291340465606196, null, null, 8138.6224607547965, 0.47291340465606196
2100-May-17 08:00:00, 8154.9741825881083, 0.47386355911788514, null, null, 8154.9741825881083, 0.47386355911788514
2100-May-17 09:00:00, 8169.2398620083704, 0.47469249928028973, null, null, 8169.2398620083704, 0.47469249928028973
2100-May-17 10:00:00, 8179.2042899588268, 0.47527150531850121, null, null, 8179.2042899588268, 0.47527150531850121
2100-May-17 11:00:00, 8181.4431063266402, 0.47540159690046213, null, null, 8181.4431063266402, 0.47540159690046213
2100-May-17 12:00:00, 8174.5530885527851, 0.47500123654718529, null, null, 8174.5530885527851, 0.47500123654718529
2100-May-17 13:00:00, 8159.2359544764331, 0.47411119919005873, null, null, 8159.2359544764331, 0.47411119919005873
2100-May-17 14:00:00, 8137.1459804846172, 0.47282761036902565, null, null, 8137.1459804846172, 0.47282761036902565
2100-May-17 15:00:00, 8110.4999086413654, 0.47127927898777944, null, null, 8110.4999086413654, 0.47127927898777944
2100-May-17 16:00:00, 8080.5956075209551, 0.46954162068935018, null, null, 8080.5956075209551, 0.46954162068935018
2100-May-17 17:00:00, 8049.2594908722713, 0.46772076345159419, null, null, 8049.2594908722713, 0.46772076345159419
2100-May-17 18:00:00, 8018.9394578900801, 0.46595894809573579, null, null, 8018.9394578900801, 0.46595894809573579
2100-May-17 19:00:00, 7991.452342114957, 0.4643617459195602, null, null, 7991.452342114957, 0.4643617459195602
2100-May-17 20:00:00, 7967.9229106773673, 0.46299451410798165, null, null, 7967.9229106773673, 0.46299451410798165
2100-May-17 21:00:00, 7948.7391129187408, 0.46187979535108969, null, null, 7948.7391129187408, 0.46187979535108969
2100-May-17 22:00:00, 7934.034797925975, 0.46102536725838772, null, null, 7934.034797925975, 0.46102536725838772
2100-May-17 23:00:00, 7923.7929740346426, 0.46043024249007547, null, null, 7923.7929740346426, 0.46043024249007547
2100-May-18 00:00:00, 7917.9398983807978, 0.46009013604718335, null, null, 7917.9398983807978, 0.46009013604718335
2100-May-18 01:00:00, 7916.4850677686709, 0.46000559976339617, null, null, 7916.4850677686709, 0.46000559976339617
2100-May-18 02:00:00, 7919.3153938690612, 0.46017006238085717, null, null, 7919.3153938690612, 0.46017006238085717
2100-May-18 03:00:00, 7926.1232639443342, 0.46056564935288818, null, null, 7926.1232639443342, 0.46056564935288818
2100-May-18 04:00:00, 7936.6016554985563, 0.46117452043016466, null, null, 7936.6016554985563, 0.46117452043016466
2100-May-18 05:00:00, 7950.3554434712078, 0.46197371596091069, null, null, 7950.3554434712078, 0.46197371596091069
2100-May-18 06:00:00, 7966.8468967058498, 0.46293198983766665, null, null, 7966.8468967058498, 0.46293198983766665
2100-May-18 07:00:00, 7985.2194063439601, 0.46399956682958787, null, null, 7985.2194063439601, 0.46399956682958787
2100-May-18 08:00:00, 8004.3686011028494, 0.46511227489947521, null, null, 8004.3686011028494, 0.46511227489947521
2100-May-18 09:00:00, 8022.8844740346794, 0.46618818234580228, null, null, 8022.8844740346794, 0.46618818234580228
2100-May-18 10:00:00, 8038.5901258430249, 0.46710079542066146, null, null, 8038.5901258430249, 0.46710079542066146
2100-May-18 11:00:00, 8049.1045453013194, 0.46771175998229109, null, null, 8049.1045453013194, 0.46771175998229109
2100-May-18 12:00:00, 8053.1096111855959, 0.46794448356080059, null, null, 8053.1096111855959, 0.46794448356080059
2100-May-18 13:00:00, 8050.4464549108352, 0.46778973473111829, null, null, 8050.4464549108352, 0.46778973473111829
2100-May-18 14:00:00, 8042.1423838465407, 0.46730720755425775, null, null, 8042.1423838465407, 0.46730720755425775
2100-May-18 15:00:00, 8029.9839393119219, 0.46660071312870666, null, null, 8029.9839393119219, 0.46660071312870666
2100-May-18 16:00:00, 8015.8812527303862, 0.46578124404063537, null, null, 8015.8812527303862, 0.46578124404063537
2100-May-18 17:00:00, 8001.2671287047106, 0.4649320567018228, null, null, 8001.2671287047106, 0.4649320567018228
2100-May-18 18:00:00, 7986.9190530977658, 0.46409832871919887, null, null, 7986.9190530977658, 0.46409832871919887
2100-May-18 19:00:00, 7973.3469680705248, 0.46330969145663214, null, null, 7973.3469680705248, 0.46330969145663214
2100-May-18 20:00:00, 7961.1198898190532, 0.46259920891087175, null, null, 7961.1198898190532, 0.46259920891087175
2100-May-18 21:00:00, 7950.9382590208079, 0.46200758180088258, null, null, 7950.9382590208079, 0.46200758180088258
2100-May-18 22:00:00, 7943.2926504220659, 0.46156331610229123, null, null, 7943.2926504220659, 0.46156331610229123
2100-May-18 23:00:00, 7938.3156951425071, 0.46127411865181028, null, null, 7938.3156951425071, 0.46127411865181028
2100-May-19 00:00:00, 7935.8913304427169, 0.4611332453566262, null, null, 7935.8913304427169, 0.4611332453566262
2100-May-19 01:00:00, 7935.7748322021653, 0.46112647595801587, null, null, 7935.7748322021653, 0.46112647595801587
2100-May-19 02:00:00, 7937.7864207733646, 0.46124336394545606, null, null, 7937.7864207733646, 0.46124336394545606
2100-May-19 03:00:00, 7941.7247047505052, 0.46147220700742547, null, null, 7941.7247047505052, 0.46147220700742547
2100-May-19 04:00:00, 7947.4408242221998, 0.4618043552958877, null, null, 7947.4408242221998, 0.4618043552958877
2100-May-19 05:00:00, 7954.7797250133526, 0.46223079903084568, null, null, 7954.7797250133526, 0.46223079903084568
2100-May-19 06:00:00, 7963.381796732926, 0.46273064222219845, null, null, 7963.381796732926, 0.46273064222219845
2100-May-19 07:00:00, 7971.820169281923, 0.46322097329617878, null, null, 7971.820169281923, 0.46322097329617878
2100-May-19 08:00:00, 7978.2612007943144, 0.46359524426853438, null, null, 7978.2612007943144, 0.46359524426853438
2100-May-19 09:00:00, 7981.1901755125245, 0.46376543909116191, null, null, 7981.1901755125245, 0.46376543909116191
2100-May-19 10:00:00, 7979.6648159967081, 0.46367680456296895, null, null, 7979.6648159967081, 0.46367680456296895
2100-May-19 11:00:00, 7973.4403742601289, 0.4633151190384317, null, null, 7973.4403742601289, 0.4633151190384317
2100-May-19 12:00:00, 7962.8690747284518, 0.46270084932912015, null, null, 7962.8690747284518, 0.46270084932912015
2100-May-19 13:00:00, 7948.4501146181947, 0.46186300243915523, null, null, 7948.4501146181947, 0.46186300243915523
2100-May-19 14:00:00, 7930.6159128957343, 0.460826705068616, null, null, 7930.6159128957343, 0.460826705068616
2100-May-19 15:00:00, 7910.121439324208, 0.45963582647459345, null, null, 7910.121439324208, 0.45963582647459345
2100-May-19 16:00:00, 7887.9978230769757, 0.45835028279281753, null, null, 7887.9978230769757, 0.45835028279281753
2100-May-19 17:00:00, 7865.3979356264808, 0.45703706427572882, null, null, 7865.3979356264808, 0.45703706427572882
2100-May-19 18:00:00, 7843.3673252895005, 0.45575692491659875, null, null, 7843.3673252895005, 0.45575692491659875
2100-May-19 19:00:00, 7822.745108147431, 0.45455862348816412, null, null, 7822.745108147431, 0.45455862348816412
2100-May-19 20:00:00, 7804.1194853536163, 0.45347633877330762, null, null, 7804.1194853536163, 0.45347633877330762
2100-May-19 21:00:00, 7787.9710577604892, 0.45253799719158011, null, null, 7787.9710577604892, 0.45253799719158011
2100-May-19 22:00:00, 7774.6140518329867, 0.45176185759551873, null, null, 7774.6140518329867, 0.45176185759551873
2100-May-19 23:00:00, 7764.2416605526596, 0.45115914590831885, null, null, 7764.2416605526596, 0.45115914590831885
2100-May-20 00:00:00, 7756.9678762549402, 0.45073648591720172, null, null, 7756.9678762549402, 0.45073648591720172
2100-May-20 01:00:00, 7752.9610748543, 0.45050366149251625, null, null, 7752.9610748543, 0.45050366149251625
2100-May-20 02:00:00, 7752.2520810903725, 0.45046246377676086, null, null, 7752.2520810903725, 0.45046246377676086
2100-May-20 03:00:00, 7754.8562695782139, 0.45061378614735731, null, null, 7754.8562695782139, 0.45061378614735731
2100-May-20 04:00:00, 7760.6470890314285, 0.45095027505031038, null, null, 7760.6470890314285, 0.45095027505031038
2100-May-20 05:00:00, 7769.6489978032168, 0.45147335169457026, null, null, 7769.6489978032168, 0.45147335169457026
2100-May-20 06:00:00, 7781.6237217861535, 0.45216917061428236, null, null, 7781.6237217861535, 0.45216917061428236
2100-May-20 07:00:00, 7795.6910865331138, 0.45298658724579505, null, null, 7795.6910865331138, 0.45298658724579505
2100-May-20 08:00:00, 7810.2153175549129, 0.453830551144557, null, null, 7810.2153175549129, 0.453830551144557
2100-May-20 09:00:00, 7821.8616604951176, 0.45450728872738544, null, null, 7821.8616604951176, 0.45450728872738544
2100-May-20 10:00:00, 7827.6619827377262, 0.454844329811805, null, null, 7827.6619827377262, 0.454844329811805
2100-May-20 11:00:00, 7826.6206802662682, 0.45478382253315575, null, null, 7826.6206802662682, 0.45478382253315575
2100-May-20 12:00:00, 7818.7613997037606, 0.45432714093293591, null, null, 7818.7613997037606, 0.45432714093293591
2100-May-20 13:00:00, 7804.8015822289335, 0.45351597358339585, null, null, 7804.8015822289335, 0.45351597358339585
2100-May-20 14:00:00, 7785.3196112286787, 0.45238392878348421, null, null, 7785.3196112286787, 0.45238392878348421
2100-May-20 15:00:00, 7761.8296976966312, 0.45101899325083306, null, null, 7761.8296976966312, 0.45101899325083306
2100-May-20 16:00:00, 7735.838764414144, 0.44950873020471194, null, null, 7735.838764414144, 0.44950873020471194
2100-May-20 17:00:00, 7708.9756921029993, 0.44794778951143799, null, null, 7708.9756921029993, 0.44794778951143799
2100-May-20 18:00:00, 7682.8975540730671, 0.44643245923259839, null, null, 7682.8975540730671, 0.44643245923259839
2100-May-20 19:00:00, 7659.1227343114197, 0.44505096856722082, null, null, 7659.1227343114197, 0.44505096856722082
2100-May-20 20:00:00, 7638.7535363405195, 0.44386736940053351, null, null, 7638.7535363405195, 0.44386736940053351
2100-May-20 21:00:00, 7622.3408935565467, 0.44291367498654638, null, null, 7622.3408935565467, 0.44291367498654638
2100-May-20 22:00:00, 7609.9098992756126, 0.44219134343019212, null, null, 7609.9098992756126, 0.44219134343019212
2100-May-20 23:00:00, 7601.1961821065515, 0.44168501282283174, null, null, 7601.1961821065515, 0.44168501282283174
2100-May-21 00:00:00, 7595.8325200903473, 0.4413733448866744, null, null, 7595.8325200903473, 0.4413733448866744
2100-May-21 01:00:00, 7593.5424899593872, 0.44124027741103961, null, null, 7593.5424899593872, 0.44124027741103961
2100-May-21 02:00:00, 7594.2073151930972, 0.44127890861260854, null, null, 7594.2073151930972, 0.44127890861260854
2100-May-21 03:00:00, 7597.7450990550369, 0.44148447969286875, null, null, 7597.7450990550369, 0.44148447969286875
2100-May-21 04:00:00, 7603.9995192904116, 0.44184790718713124, null, null, 7603.9995192904116, 0.44184790718713124
2100-May-21 05:00:00, 7612.9718537665958, 0.44236926534882337, null, null, 7612.9718537665958, 0.44236926534882337
2100-May-21 06:00:00, 7624.8941678829324, 0.44306203887251533, null, null, 7624.8941678829324, 0.44306203887251533
2100-May-21 07:00:00, 7638.7470117320418, 0.44386699027312909, null, null, 7638.7470117320418, 0.44386699027312909
2100-May-21 08:00:00, 7653.3616336046925, 0.44471620654048682, null, null, 7653.3616336046925, 0.44471620654048682
2100-May-21 09:00:00, 7667.3906199544535, 0.44553139310682915, null, null, 7667.3906199544535, 0.44553139310682915
2100-May-21 10:00:00, 7679.4121128069974, 0.44622992963943758, null, null, 7679.4121128069974, 0.44622992963943758
2100-May-21 11:00:00, 7687.8946212899291, 0.44672282533352231, null, null, 7687.8946212899291, 0.44672282533352231
2100-May-21 12:00:00, 7691.3205380310592, 0.44692189611705213, null, null, 7691.3205380310592, 0.44692189611705213
2100-May-21 13:00:00, 7689.0488465403469, 0.44678989425035032, null, null, 7689.0488465403469, 0.44678989425035032
2100-May-21 14:00:00, 7681.7339397684891, 0.44636484474315152, null, null, 7681.7339397684891, 0.44636484474315152
2100-May-21 15:00:00, 7670.9254192019753, 0.44573679075919376, null, null, 7670.9254192019753, 0.44573679075919376
2100-May-21 16:00:00, 7658.3990129188596, 0.44500891506867996, null, null, 7658.3990129188596, 0.44500891506867996
2100-May-21 17:00:00, 7645.5715181584301, 0.44426354393866196, null, null, 7645.5715181584301, 0.44426354393866196
2100-May-21 18:00:00, 7633.3565284912993, 0.44355376382793965, null, null, 7633.3565284912993, 0.44355376382793965
2100-May-21 19:00:00, 7622.3595743260521, 0.4429147604756879, null, null, 7622.3595743260521, 0.4429147604756879
2100-May-21 20:00:00, 7612.9332017509896, 0.44236701938442519, null, null, 7612.9332017509896, 0.44236701938442519
2100-May-21 21:00:00, 7605.2412482074715, 0.44192006070606621, null, null, 7605.2412482074715, 0.44192006070606621
2100-May-21 22:00:00, 7599.280283093266, 0.44157368509756634, null, null, 7599.280283093266, 0.44157368509756634
2100-May-21 23:00:00, 7595.0390518169243, 0.44132723858496542, null, null, 7595.0390518169243, 0.44132723858496542
2100-May-22 00:00:00, 7592.4469194881294, 0.4411766167652606, null, null, 7592.4469194881294, 0.4411766167652606
2100-May-22 01:00:00, 7591.5132833350999, 0.44112236568604313, null, null, 7591.5132833350999, 0.44112236568604313
2100-May-22 02:00:00, 7592.3346740367942, 0.44117009448476358, null, null, 7592.3346740367942, 0.44117009448476358
2100-May-22 03:00:00, 7595.0427861967428, 0.44132745557970654, null, null, 7595.0427861967428, 0.44132745557970654
2100-May-22 04:00:00, 7599.6104116768638, 0.44159286797933733, null, null, 7599.6104116768638, 0.44159286797933733
2100-May-22 05:00:00, 7605.9866108589595, 0.44196337171980576, null, null, 7605.9866108589595, 0.44196337171980576
2100-May-22 06:00:00, 7613.9928069275629, 0.44242859018391378, null, null, 7613.9928069275629, 0.44242859018391378
2100-May-22 07:00:00, 7623.1007277606641, 0.4429578269031853, null, null, 7623.1007277606641, 0.4429578269031853
2100-May-22 08:00:00, 7632.5548327572542, 0.44350717945068002, null, null, 7632.5548327572542, 0.44350717945068002
2100-May-22 09:00:00, 7641.4909087232691, 0.44402643072812059, null, null, 7641.4909087232691, 0.44402643072812059
2100-May-22 10:00:00, 7649.0643888040813, 0.44446650523303621, null, null, 7649.0643888040813, 0.44446650523303621
2100-May-22 11:00:00, 7654.3928027407392, 0.44477612499834079, null, null, 7654.3928027407392, 0.44477612499834079
2100-May-22 12:00:00, 7657.0143764789054, 0.44492845757895277, null, null, 7657.0143764789054, 0.44492845757895277
2100-May-22 13:00:00, 7656.7658698004179, 0.4449140175259868, null, null, 7656.7658698004179, 0.4449140175259868
2100-May-22 14:00:00, 7653.7663376948776, 0.44473972280384599, null, null, 7653.7663376948776, 0.44473972280384599
2100-May-22 15:00:00, 7649.208496883256, 0.44447487896491644, null, null, 7649.208496883256, 0.44447487896491644
2100-May-22 16:00:00, 7643.8265432496582, 0.44416214815219734, null, null, 7643.8265432496582, 0.44416214815219734
2100-May-22 17:00:00, 7637.967781095861, 0.44382171128212716, null, null, 7637.967781095861, 0.44382171128212716
2100-May-22 18:00:00, 7631.8802993262061, 0.44346798413194283, null, null, 7631.8802993262061, 0.44346798413194283
2100-May-22 19:00:00, 7625.9360789402381, 0.44312258151444711, null, null, 7625.9360789402381, 0.44312258151444711
2100-May-22 20:00:00, 7620.519559528615, 0.44280784217757674, null, null, 7620.519559528615, 0.44280784217757674
2100-May-22 21:00:00, 7615.9474508125941, 0.44254216926919726, null, null, 7615.9474508125941, 0.44254216926919726
2100-May-22 22:00:00, 7612.5870892562762, 0.4423469077206813, null, null, 7612.5870892562762, 0.4423469077206813
2100-May-22 23:00:00, 7610.7497565591584, 0.44224014527218714, null, null, 7610.7497565591584, 0.44224014527218714
2100-May-23 00:00:00, 7610.4653523661273, 0.44222361931145199, null, null, 7610.4653523661273, 0.44222361931145199
2100-May-23 01:00:00, 7611.7716106006346, 0.44229952245501464, null, null, 7611.7716106006346, 0.44229952245501464
2100-May-23 02:00:00, 7614.7431560258992, 0.44247219094663326, null, null, 7614.7431560258992, 0.44247219094663326
2100-May-23 03:00:00, 7619.4504514636646, 0.44274571919086991, null, null, 7619.4504514636646, 0.44274571919086991
2100-May-23 04:00:00, 7625.9635087923161, 0.44312417538918425, null, null, 7625.9635087923161, 0.44312417538918425
2100-May-23 05:00:00, 7634.3037718692613, 0.44360880558630478, null, null, 7634.3037718692613, 0.44360880558630478
2100-May-23 06:00:00, 7644.344776547684, 0.44419226129168221, null, null, 7644.344776547684, 0.44419226129168221
2100-May-23 07:00:00, 7655.2571567469195, 0.44482635027883044, null, null, 7655.2571567469195, 0.44482635027883044
2100-May-23 08:00:00, 7665.9767852366695, 0.44544923898391309, null, null, 7665.9767852366695, 0.44544923898391309
2100-May-23 09:00:00, 7675.2804089219217, 0.44598984746819254, null, null, 7675.2804089219217, 0.44598984746819254
2100-May-23 10:00:00, 7681.9148560374961, 0.4463753572996863, null, null, 7681.9148560374961, 0.4463753572996863
2100-May-23 11:00:00, 7684.792261477889, 0.4465425555706411, null, null, 7684.792261477889, 0.4465425555706411
2100-May-23 12:00:00, 7683.4947082129056, 0.44646715824938371, null, null, 7683.4947082129056, 0.44646715824938371
2100-May-23 13:00:00, 7678.746282602171, 0.44619124004170707, null, null, 7678.746282602171, 0.44619124004170707
2100-May-23 14:00:00, 7671.9237760914666, 0.44579480258588161, null, null, 7671.9237760914666, 0.44579480258588161
2100-May-23 15:00:00, 7664.8397692287399, 0.44538317004975975, null, null, 7664.8397692287399, 0.44538317004975975
2100-May-23 16:00:00, 7659.1587480236221, 0.44505306122692262, null, null, 7659.1587480236221, 0.44505306122692262
2100-May-23 17:00:00, 7655.8964322731499, 0.4448634968557949, null, null, 7655.8964322731499, 0.4448634968557949
2100-May-23 18:00:00, 7655.2111049980804, 0.44482367433588815, null, null, 7655.2111049980804, 0.44482367433588815
2100-May-23 19:00:00, 7656.8269277866721, 0.44491756544091959, null, null, 7656.8269277866721, 0.44491756544091959
2100-May-23 20:00:00, 7660.3623711171531, 0.44512300051920817, null, null, 7660.3623711171531, 0.44512300051920817
2100-May-23 21:00:00, 7665.5414766345111, 0.44542394437489102, null, null, 7665.5414766345111, 0.44542394437489102
2100-May-23 22:00:00, 7672.1971274227772, 0.44581068629462728, null, null, 7672.1971274227772, 0.44581068629462728
2100-May-23 23:00:00, 7680.1641228859435, 0.4462736269172613, null, null, 7680.1641228859435, 0.4462736269172613
2100-May-24 00:00:00, 7689.2924752854051, 0.44680405085975849, null, null, 7689.2924752854051, 0.44680405085975849
2100-May-24 01:00:00, 7699.5144246004074, 0.44739802077003388, null, null, 7699.5144246004074, 0.44739802077003388
2100-May-24 02:00:00, 7710.8423189399628, 0.44805625416340428, null, null, 7710.8423189399628, 0.44805625416340428
2100-May-24 03:00:00, 7723.2483004027345, 0.44877713229234445, null, null, 7723.2483004027345, 0.44877713229234445
2100-May-24 04:00:00, 7736.6743193918701, 0.44955728205131729, null, null, 7736.6743193918701, 0.44955728205131729
2100-May-24 05:00:00, 7751.0551476518631, 0.45039291320228936, null, null, 7751.0551476518631, 0.45039291320228936
2100-May-24 06:00:00, 7766.134590453732, 0.45126913896041193, null, null, 7766.134590453732, 0.45126913896041193
2100-May-24 07:00:00, 7780.931103085567, 0.4521289244093008, null, null, 7780.931103085567, 0.4521289244093008
2100-May-24 08:00:00, 7794.2658226707435, 0.45290376900610679, null, null, 7794.2658226707435, 0.45290376900610679
2100-May-24 09:00:00, 7805.3575053106451, 0.45354827677457676, null, null, 7805.3575053106451, 0.45354827677457676
2100-May-24 10:00:00, 7814.0217679899761, 0.45405173371489743, null, null, 7814.0217679899761, 0.45405173371489743
2100-May-24 11:00:00, 7820.1761038337763, 0.4544093455750523, null, null, 7820.1761038337763, 0.4544093455750523
2100-May-24 12:00:00, 7823.9679954374424, 0.45462968217095945, null, null, 7823.9679954374424, 0.45462968217095945
2100-May-24 13:00:00, 7825.7696941812455, 0.45473437402651673, null, null, 7825.7696941812455, 0.45473437402651673
2100-May-24 14:00:00, 7826.0993008106379, 0.45475352657893636, null, null, 7826.0993008106379, 0.45475352657893636
2100-May-24 15:00:00, 7825.6369233564928, 0.454726659071919, null, null, 7825.6369233564928, 0.454726659071919
2100-May-24 16:00:00, 7825.1203738687327, 0.45469664377410812, null, null, 7825.1203738687327, 0.45469664377410812
2100-May-24 17:00:00, 7825.0786821303, 0.45469422117961333, null, null, 7825.0786821303, 0.45469422117961333
2100-May-24 18:00:00, 7825.6641483315261, 0.45472824104180354, null, null, 7825.6641483315261, 0.45472824104180354
2100-May-24 19:00:00, 7827.0254891368813, 0.454807344885023, null, null, 7827.0254891368813, 0.454807344885023
2100-May-24 20:00:00, 7829.3523144179926, 0.45494255042761161, null, null, 7829.3523144179926, 0.45494255042761161
2100-May-24 21:00:00, 7832.8726734070806, 0.45514710899549815, null, null, 7832.8726734070806, 0.45514710899549815
2100-May-24 22:00:00, 7837.76707669814, 0.45543150957253631, null, null, 7837.76707669814, 0.45543150957253631
2100-May-24 23:00:00, 7844.1166773728901, 0.45580046774546823, null, null, 7844.1166773728901, 0.45580046774546823
2100-May-25 00:00:00, 7851.89945732868, 0.45625270410172258, null, null, 7851.89945732868, 0.45625270410172258
2100-May-25 01:00:00, 7861.1608335271949, 0.45679085769847194, null, null, 7861.1608335271949, 0.45679085769847194
2100-May-25 02:00:00, 7871.909571709878, 0.45741543788931394, null, null, 7871.909571709878, 0.45741543788931394
2100-May-25 03:00:00, 7884.0855418465326, 0.45812295068033998, null, null, 7884.0855418465326, 0.45812295068033998
2100-May-25 04:00:00, 7897.4993132540048, 0.4589023887653691, null, null, 7897.4993132540048, 0.4589023887653691
2100-May-25 05:00:00, 7911.9325144945396, 0.45974106316901192, null, null, 7911.9325144945396, 0.45974106316901192
2100-May-25 06:00:00, 7926.8701882300038, 0.46060905110897893, null, null, 7926.8701882300038, 0.46060905110897893
2100-May-25 07:00:00, 7941.4898861363017, 0.46145856233096394, null, null, 7941.4898861363017, 0.46145856233096394
2100-May-25 08:00:00, 7954.6636066984356, 0.46222405170868947, null, null, 7954.6636066984356, 0.46222405170868947
2100-May-25 09:00:00, 7964.5734398286177, 0.46279988538911471, null, null, 7964.5734398286177, 0.46279988538911471
2100-May-25 10:00:00, 7969.165047789993, 0.46306669134606021, null, null, 7969.165047789993, 0.46306669134606021
2100-May-25 11:00:00, 7966.7777288333273, 0.46292797067911184, null, null, 7966.7777288333273, 0.46292797067911184
2100-May-25 12:00:00, 7956.6539295578395, 0.46233970400296215, null, null, 7956.6539295578395, 0.46233970400296215
2100-May-25 13:00:00, 7938.8191255705106, 0.46130337163643548, null, null, 7938.8191255705106, 0.46130337163643548
2100-May-25 14:00:00, 7914.6733887188893, 0.4599003279791713, null, null, 7914.6733887188893, 0.4599003279791713
2100-May-25 15:00:00, 7886.8885051668058, 0.4582858233204346, null, null, 7886.8885051668058, 0.4582858233204346
2100-May-25 16:00:00, 7858.6561356940283, 0.45664531646153295, null, null, 7858.6561356940283, 0.45664531646153295
2100-May-25 17:00:00, 7832.594808364036, 0.45513096300713524, null, null, 7832.594808364036, 0.45513096300713524
2100-May-25 18:00:00, 7810.1209229869592, 0.45382506613075679, null, null, 7810.1209229869592, 0.45382506613075679
2100-May-25 19:00:00, 7791.8265941102636, 0.45276203201205983, null, null, 7791.8265941102636, 0.45276203201205983
2100-May-25 20:00:00, 7777.8533157971888, 0.45195008248950758, null, null, 7777.8533157971888, 0.45195008248950758
2100-May-25 21:00:00, 7768.0453138629191, 0.45138016594527969, null, null, 7768.0453138629191, 0.45138016594527969
2100-May-25 22:00:00, 7762.134477909548, 0.45103670320713801, null, null, 7762.134477909548, 0.45103670320713801
2100-May-25 23:00:00, 7759.8167830940101, 0.45090202821128272, null, null, 7759.8167830940101, 0.45090202821128272
2100-May-26 00:00:00, 7760.6289179743462, 0.45094921917918324, null, null, 7760.6289179743462, 0.45094921917918324
2100-May-26 01:00:00, 7764.1010881486891, 0.45115097762499046, null, null, 7764.1010881486891, 0.45115097762499046
2100-May-26 02:00:00, 7769.8600061654279, 0.45148561282149502, null, null, 7769.8600061654279, 0.45148561282149502
2100-May-26 03:00:00, 7777.6705505357477, 0.45193946249300843, null, null, 7777.6705505357477, 0.45193946249300843
2100-May-26 04:00:00, 7787.3620314819282, 0.45250260831682793, null, null, 7787.3620314819282, 0.45250260831682793
2100-May-26 05:00:00, 7798.7589474844654, 0.45316485237291099, null, null, 7798.7589474844654, 0.45316485237291099
2100-May-26 06:00:00, 7811.4709850730615, 0.45390351459801453, null, null, 7811.4709850730615, 0.45390351459801453
2100-May-26 07:00:00, 7824.5953369911413, 0.45466613529696115, null, null, 7824.5953369911413, 0.45466613529696115
2100-May-26 08:00:00, 7835.6485058886665, 0.45530840513571741, null, null, 7835.6485058886665, 0.45530840513571741
2100-May-26 09:00:00, 7841.2314930325056, 0.45563281746361139, null, null, 7841.2314930325056, 0.45563281746361139
2100-May-26 10:00:00, 7839.3550512511911, 0.45552378249169578, null, null, 7839.3550512511911, 0.45552378249169578
2100-May-26 11:00:00, 7829.5312278877382, 0.45495294660688201, null, null, 7829.5312278877382, 0.45495294660688201
2100-May-26 12:00:00, 7812.5942071126656, 0.45396878200186513, null, null, 7812.5942071126656, 0.45396878200186513
2100-May-26 13:00:00, 7790.3586452073023, 0.45267673345976694, null, null, 7790.3586452073023, 0.45267673345976694
2100-May-26 14:00:00, 7764.7798883529567, 0.45119042087441374, null, null, 7764.7798883529567, 0.45119042087441374
2100-May-26 15:00:00, 7737.7835617920691, 0.44962173713601949, null, null, 7737.7835617920691, 0.44962173713601949
2100-May-26 16:00:00, 7710.7576156923196, 0.44805133228609378, null, null, 7710.7576156923196, 0.44805133228609378
2100-May-26 17:00:00, 7684.7249928459451, 0.44653864677183486, null, null, 7684.7249928459451, 0.44653864677183486
2100-May-26 18:00:00, 7660.6555369129492, 0.44514003559305354, null, null, 7660.6555369129492, 0.44514003559305354
2100-May-26 19:00:00, 7639.4715922812293, 0.4439090936949448, null, null, 7639.4715922812293, 0.4439090936949448
2100-May-26 20:00:00, 7621.8509918823784, 0.44288520812132504, null, null, 7621.8509918823784, 0.44288520812132504
2100-May-26 21:00:00, 7608.1223307571481, 0.44208747264392584, null, null, 7608.1223307571481, 0.44208747264392584
2100-May-26 22:00:00, 7598.3388848393752, 0.44151898298359904, null, null, 7598.3388848393752, 0.44151898298359904
2100-May-26 23:00:00, 7592.388091609906, 0.44117319843589176, null, null, 7592.388091609906, 0.44117319843589176
2100-May-27 00:00:00, 7590.0351031093051, 0.44103647261917012, null, null, 7590.0351031093051, 0.44103647261917012
2100-May-27 01:00:00, 7591.0163977489119, 0.4410934930045271, null, null, 7591.0163977489119, 0.4410934930045271
2100-May-27 02:00:00, 7595.0798303075362, 0.44132960811309191, null, null, 7595.0798303075362, 0.44132960811309191
2100-May-27 03:00:00, 7601.9534050565435, 0.441729013006535, null, null, 7601.9534050565435, 0.441729013006535
2100-May-27 04:00:00, 7611.3470359835637, 0.44227485156892082, null, null, 7611.3470359835637, 0.44227485156892082
2100-May-27 05:00:00, 7622.9878757015313, 0.44295126937434498, null, null, 7622.9878757015313, 0.44295126937434498
2100-May-27 06:00:00, 7636.5429236007312, 0.44373891665534348, null, null, 7636.5429236007312, 0.44373891665534348
2100-May-27 07:00:00, 7651.148827101274, 0.44458762632160792, null, null, 7651.148827101274, 0.44458762632160792
2100-May-27 08:00:00, 7665.429007429736, 0.44541740909268501, null, null, 7665.429007429736, 0.44541740909268501
2100-May-27 09:00:00, 7677.3619183928267, 0.44611079837056655, null, null, 7677.3619183928267, 0.44611079837056655
2100-May-27 10:00:00, 7685.0796557386448, 0.44655925527614876, null, null, 7685.0796557386448, 0.44655925527614876
2100-May-27 11:00:00, 7687.4880011703954, 0.44669919773486449, null, null, 7687.4880011703954, 0.44669919773486449
2100-May-27 12:00:00, 7683.4788698694365, 0.4464662379259543, null, null, 7683.4788698694365, 0.4464662379259543
2100-May-27 13:00:00, 7672.5593039313489, 0.44583173139489835, null, null, 7672.5593039313489, 0.44583173139489835
2100-May-27 14:00:00, 7655.3481445030884, 0.44483163733198466, null, null, 7655.3481445030884, 0.44483163733198466
2100-May-27 15:00:00, 7633.3456413677559, 0.44355313120654866, null, null, 7633.3456413677559, 0.44355313120654866
2100-May-27 16:00:00, 7608.7780554987366, 0.44212557504043792, null, null, 7608.7780554987366, 0.44212557504043792
2100-May-27 17:00:00, 7583.4090879773357, 0.44065145274750606, null, null, 7583.4090879773357, 0.44065145274750606
2100-May-27 18:00:00, 7558.8228713515446, 0.43922281399835877, null, null, 7558.8228713515446, 0.43922281399835877
2100-May-27 19:00:00, 7536.2646584327813, 0.4379120170759298, null, null, 7536.2646584327813, 0.4379120170759298
2100-May-27 20:00:00, 7516.755382625196, 0.43677838566729416, null, null, 7516.755382625196, 0.43677838566729416
2100-May-27 21:00:00, 7501.2040379613882, 0.4358747389645008, null, null, 7501.2040379613882, 0.4358747389645008
2100-May-27 22:00:00, 7490.1584049176845, 0.43523290701388895, null, null, 7490.1584049176845, 0.43523290701388895
2100-May-27 23:00:00, 7483.7322812986158, 0.43485950229901382, null, null, 7483.7322812986158, 0.43485950229901382
2100-May-28 00:00:00, 7481.7161302965824, 0.43474234920102089, null, null, 7481.7161302965824, 0.43474234920102089
2100-May-28 01:00:00, 7483.6295413905154, 0.43485353236000168, null, null, 7483.6295413905154, 0.43485353236000168
2100-May-28 02:00:00, 7488.9056315832659, 0.43516011173364355, null, null, 7488.9056315832659, 0.43516011173364355
2100-May-28 03:00:00, 7497.0017800782889, 0.43563055709068588, null, null, 7497.0017800782889, 0.43563055709068588
2100-May-28 04:00:00, 7507.5125296967553, 0.43624130840781911, null, null, 7507.5125296967553, 0.43624130840781911
2100-May-28 05:00:00, 7520.0299323317759, 0.43696866092062131, null, null, 7520.0299323317759, 0.43696866092062131
2100-May-28 06:00:00, 7534.008775888843, 0.43778093382449479, null, null, 7534.008775888843, 0.43778093382449479
2100-May-28 07:00:00, 7548.4484370634673, 0.43861998359748772, null, null, 7548.4484370634673, 0.43861998359748772
2100-May-28 08:00:00, 7560.9013492542344, 0.43934358874447871, null, null, 7560.9013492542344, 0.43934358874447871
2100-May-28 09:00:00, 7569.2516864881509, 0.43982880432369498, null, null, 7569.2516864881509, 0.43982880432369498
2100-May-28 10:00:00, 7572.0640943343215, 0.43999222575972147, null, null, 7572.0640943343215, 0.43999222575972147
2100-May-28 11:00:00, 7567.934809935864, 0.43975228417831941, null, null, 7567.934809935864, 0.43975228417831941
2100-May-28 12:00:00, 7556.3743176498565, 0.43908053514550227, null, null, 7556.3743176498565, 0.43908053514550227
2100-May-28 13:00:00, 7536.3379582704574, 0.4379162763318375, null, null, 7536.3379582704574, 0.4379162763318375
2100-May-28 14:00:00, 7508.6759767802214, 0.43630891318049808, null, null, 7508.6759767802214, 0.43630891318049808
2100-May-28 15:00:00, 7477.0904865833181, 0.43447356551831362, null, null, 7477.0904865833181, 0.43447356551831362
2100-May-28 16:00:00, 7446.1047802779412, 0.43267306968069374, null, null, 7446.1047802779412, 0.43267306968069374
2100-May-28 17:00:00, 7418.8592016874718, 0.43108990257899138, null, null, 7418.8592016874718, 0.43108990257899138
2100-May-28 18:00:00, 7396.774590647663, 0.42980662538463771, null, null, 7396.774590647663, 0.42980662538463771
2100-May-28 19:00:00, 7380.2740899904584, 0.42884782578655384, null, null, 7380.2740899904584, 0.42884782578655384
2100-May-28 20:00:00, 7369.1781304566366, 0.42820306949931125, null, null, 7369.1781304566366, 0.42820306949931125
2100-May-28 21:00:00, 7362.9786548608026, 0.42784283468988921, null, null, 7362.9786548608026, 0.42784283468988921
2100-May-28 22:00:00, 7361.120433143682, 0.42773485843677178, null, null, 7361.120433143682, 0.42773485843677178
2100-May-28 23:00:00, 7362.991515367773, 0.42784358197926969, null, null, 7362.991515367773, 0.42784358197926969
2100-May-29 00:00:00, 7368.1530958984613, 0.42814350750523494, null, null, 7368.1530958984613, 0.42814350750523494
2100-May-29 01:00:00, 7376.2691365312921, 0.42861510874076431, null, null, 7376.2691365312921, 0.42861510874076431
2100-May-29 02:00:00, 7386.9284359404119, 0.42923449188565432, null, null, 7386.9284359404119, 0.42923449188565432
2100-May-29 03:00:00, 7399.6638768704561, 0.42997451401582021, null, null, 7399.6638768704561, 0.42997451401582021
2100-May-29 04:00:00, 7414.0899329967342, 0.43081277323614098, null, null, 7414.0899329967342, 0.43081277323614098
2100-May-29 05:00:00, 7430.0687348186248, 0.43174125832171328, null, null, 7430.0687348186248, 0.43174125832171328
2100-May-29 06:00:00, 7447.4435181122553, 0.432750860126217, null, null, 7447.4435181122553, 0.432750860126217
2100-May-29 07:00:00, 7465.6683546640252, 0.43380985623330492, null, null, 7465.6683546640252, 0.43380985623330492
2100-May-29 08:00:00, 7483.4808837828286, 0.43484489426728778, null, null, 7483.4808837828286, 0.43484489426728778
2100-May-29 09:00:00, 7498.5406687857767, 0.43571997776372412, null, null, 7498.5406687857767, 0.43571997776372412
2100-May-29 10:00:00, 7508.6080303903254, 0.43630496499900484, null, null, 7508.6080303903254, 0.43630496499900484
2100-May-29 11:00:00, 7512.2662940572181, 0.4365175368358461, null, null, 7512.2662940572181, 0.4365175368358461
2100-May-29 12:00:00, 7508.9827399881424, 0.43632673836329539, null, null, 7508.9827399881424, 0.43632673836329539
2100-May-29 13:00:00, 7499.4199776481173, 0.43577107203057808, null, null, 7499.4199776481173, 0.43577107203057808
2100-May-29 14:00:00, 7484.1557893910913, 0.43488411121223935, null, null, 7484.1557893910913, 0.43488411121223935
2100-May-29 15:00:00, 7464.1541482104749, 0.43372186977948501, null, null, 7464.1541482104749, 0.43372186977948501
2100-May-29 16:00:00, 7440.9610133924316, 0.43237417925761373, null, null, 7440.9610133924316, 0.43237417925761373
2100-May-29 17:00:00, 7416.7221822140218, 0.43096572614005729, null, null, 7416.7221822140218, 0.43096572614005729
2100-May-29 18:00:00, 7393.6389978610096, 0.42962442454321748, null, null, 7393.6389978610096, 0.42962442454321748
2100-May-29 19:00:00, 7373.25908968356, 0.42844020303530866, null, null, 7373.25908968356, 0.42844020303530866
2100-May-29 20:00:00, 7356.3229635641519, 0.42745609041631993, null, null, 7356.3229635641519, 0.42745609041631993
2100-May-29 21:00:00, 7343.0960911826469, 0.4266875125296995, null, null, 7343.0960911826469, 0.4266875125296995
2100-May-29 22:00:00, 7333.5814478245065, 0.4261346422612623, null, null, 7333.5814478245065, 0.4261346422612623
2100-May-29 23:00:00, 7327.5002679018544, 0.42578128129441378, null, null, 7327.5002679018544, 0.42578128129441378
2100-May-30 00:00:00, 7324.5141157117387, 0.42560776404307815, null, null, 7324.5141157117387, 0.42560776404307815
2100-May-30 01:00:00, 7324.3651248654969, 0.42559910658677041, null, null, 7324.3651248654969, 0.42559910658677041
2100-May-30 02:00:00, 7326.8748445321016, 0.42574493962890864, null, null, 7326.8748445321016, 0.42574493962890864
2100-May-30 03:00:00, 7331.8840382391472, 0.42603601036747696, null, null, 7331.8840382391472, 0.42603601036747696
2100-May-30 04:00:00, 7339.2812928184294, 0.42646584488370681, null, null, 7339.2812928184294, 0.42646584488370681
2100-May-30 05:00:00, 7348.8044216335975, 0.42701920821917011, null, null, 7348.8044216335975, 0.42701920821917011
2100-May-30 06:00:00, 7360.0635593006, 0.4276734463477071, null, null, 7360.0635593006, 0.4276734463477071
2100-May-30 07:00:00, 7372.1385335067216, 0.42837509053755463, null, null, 7372.1385335067216, 0.42837509053755463
2100-May-30 08:00:00, 7382.5416155078456, 0.42897958557977967, null, null, 7382.5416155078456, 0.42897958557977967
2100-May-30 09:00:00, 7387.9669773403057, 0.42929483872588048, null, null, 7387.9669773403057, 0.42929483872588048
2100-May-30 10:00:00, 7385.5054074001691, 0.42915180353450721, null, null, 7385.5054074001691, 0.42915180353450721
2100-May-30 11:00:00, 7374.1246390487686, 0.42849049777488807, null, null, 7374.1246390487686, 0.42849049777488807
2100-May-30 12:00:00, 7354.7621203068611, 0.42736539402359514, null, null, 7354.7621203068611, 0.42736539402359514
2100-May-30 13:00:00, 7329.09945841223, 0.4258742059426085, null, null, 7329.09945841223, 0.4258742059426085
2100-May-30 14:00:00, 7298.9660669078503, 0.42412323581972994, null, null, 7298.9660669078503, 0.42412323581972994
2100-May-30 15:00:00, 7266.3483427193933, 0.42222790782380948, null, null, 7266.3483427193933, 0.42222790782380948
2100-May-30 16:00:00, 7233.6577510787301, 0.42032834569673505, null, null, 7233.6577510787301, 0.42032834569673505
2100-May-30 17:00:00, 7202.6797347971105, 0.41852829670565889, null, null, 7202.6797347971105, 0.41852829670565889
2100-May-30 18:00:00, 7174.6566052994831, 0.4168999482174785, null, null, 7174.6566052994831, 0.4168999482174785
2100-May-30 19:00:00, 7150.38514937332, 0.4154895993638057, null, null, 7150.38514937332, 0.4154895993638057
2100-May-30 20:00:00, 7130.1005305864019, 0.41431091486542415, null, null, 7130.1005305864019, 0.41431091486542415
2100-May-30 21:00:00, 7113.7555059888718, 0.41336114956191256, null, null, 7113.7555059888718, 0.41336114956191256
2100-May-30 22:00:00, 7101.1536567166731, 0.41262889008274201, null, null, 7101.1536567166731, 0.41262889008274201
2100-May-30 23:00:00, 7092.0290433512309, 0.41209868340542904, null, null, 7092.0290433512309, 0.41209868340542904
2100-May-31 00:00:00, 7086.1564082610566, 0.41175744041643558, null, null, 7086.1564082610566, 0.41175744041643558
2100-May-31 01:00:00, 7083.4057331578015, 0.41159760610363194, null, null, 7083.4057331578015, 0.41159760610363194
2100-May-31 02:00:00, 7083.7932846605272, 0.41162012567638734, null, null, 7083.7932846605272, 0.41162012567638734
2100-May-31 03:00:00, 7087.2846088800206, 0.41182299711210762, null, null, 7087.2846088800206, 0.41182299711210762
2100-May-31 04:00:00, 7093.745905707613, 0.41219844564728231, null, null, 7093.745905707613, 0.41219844564728231
2100-May-31 05:00:00, 7102.8289055340574, 0.41272623427405886, null, null, 7102.8289055340574, 0.41272623427405886
2100-May-31 06:00:00, 7113.9502157137986, 0.41337246361897551, null, null, 7113.9502157137986, 0.41337246361897551
2100-May-31 07:00:00, 7127.4112699806701, 0.41415464918346179, null, null, 7127.4112699806701, 0.41415464918346179
2100-May-31 08:00:00, 7140.4505017641195, 0.41491232378091925, null, null, 7140.4505017641195, 0.41491232378091925
2100-May-31 09:00:00, 7150.68858911192, 0.41550723142876278, null, null, 7150.68858911192, 0.41550723142876278
2100-May-31 10:00:00, 7156.8822818856916, 0.41586713021398869, null, null, 7156.8822818856916, 0.41586713021398869
2100-May-31 11:00:00, 7158.7762649960132, 0.41597718446523113, null, null, 7158.7762649960132, 0.41597718446523113
2100-May-31 12:00:00, 7155.9590986305075, 0.41581348652447786, null, null, 7155.9590986305075, 0.41581348652447786
2100-May-31 13:00:00, 7148.0509176598007, 0.41535396345340198, null, null, 7148.0509176598007, 0.41535396345340198
2100-May-31 14:00:00, 7136.1004960213486, 0.4146595566773944, null, null, 7136.1004960213486, 0.4146595566773944
2100-May-31 15:00:00, 7121.6721579622708, 0.41382116486011206, null, null, 7121.6721579622708, 0.41382116486011206
2100-May-31 16:00:00, 7106.1443202606079, 0.41291888408350025, null, null, 7106.1443202606079, 0.41291888408350025
2100-May-31 17:00:00, 7090.5552921139824, 0.41201304769513725, null, null, 7090.5552921139824, 0.41201304769513725
2100-May-31 18:00:00, 7075.6861351138259, 0.41114904107789735, null, null, 7075.6861351138259, 0.41114904107789735
2100-May-31 19:00:00, 7062.187059555984, 0.41036464619872065, null, null, 7062.187059555984, 0.41036464619872065
2100-May-31 20:00:00, 7050.5139991456072, 0.40968635613574661, null, null, 7050.5139991456072, 0.40968635613574661
2100-May-31 21:00:00, 7041.1478457113226, 0.40914211421636809, null, null, 7041.1478457113226, 0.40914211421636809
2100-May-31 22:00:00, 7034.3508177615258, 0.40874715725101174, null, null, 7034.3508177615258, 0.40874715725101174
2100-May-31 23:00:00, 7030.2037802758741, 0.40850618408558564, null, null, 7030.2037802758741, 0.40850618408558564
2100-Jun-01 00:00:00, 7028.7232765157205, 0.40842015600439668, null, null, 7028.7232765157205, 0.40842015600439668
2100-Jun-01 01:00:00, 7029.8521165115644, 0.40848574985253505, null, null, 7029.8521165115644, 0.40848574985253505
2100-Jun-01 02:00:00, 7033.5100133332553, 0.40869830037299082, null, null, 7033.5100133332553, 0.40869830037299082
2100-Jun-01 03:00:00, 7039.6417202987468, 0.40905459733004795, null, null, 7039.6417202987468, 0.40905459733004795
2100-Jun-01 04:00:00, 7048.1393887535278, 0.40954837392921661, null, null, 7048.1393887535278, 0.40954837392921661
2100-Jun-01 05:00:00, 7059.1212335124737, 0.4101864993146121, null, null, 7059.1212335124737, 0.4101864993146121
2100-Jun-01 06:00:00, 7073.2085267186267, 0.41100507393514951, null, null, 7073.2085267186267, 0.41100507393514951
2100-Jun-01 07:00:00, 7089.0903519920212, 0.41192792397499484, null, null, 7089.0903519920212, 0.41192792397499484
2100-Jun-01 08:00:00, 7105.7112585895466, 0.41289372003758518, null, null, 7105.7112585895466, 0.41289372003758518
2100-Jun-01 09:00:00, 7122.0518362248085, 0.413843226940111, null, null, 7122.0518362248085, 0.413843226940111
2100-Jun-01 10:00:00, 7137.172402142699, 0.41472184225161335, null, null, 7137.172402142699, 0.41472184225161335
2100-Jun-01 11:00:00, 7150.1413904319061, 0.4154754351890384, null, null, 7150.1413904319061, 0.4154754351890384
2100-Jun-01 12:00:00, 7160.378313516143, 0.41607027518466583, null, null, 7160.378313516143, 0.41607027518466583
2100-Jun-01 13:00:00, 7167.6093839550467, 0.41649045318862898, null, null, 7167.6093839550467, 0.41649045318862898
2100-Jun-01 14:00:00, 7172.0903556557723, 0.4167508303708089, null, null, 7172.0903556557723, 0.4167508303708089
2100-Jun-01 15:00:00, 7174.8179368291048, 0.41690932275761966, null, null, 7174.8179368291048, 0.41690932275761966
2100-Jun-01 16:00:00, 7177.0701912319491, 0.4170401951875593, null, null, 7177.0701912319491, 0.4170401951875593
2100-Jun-01 17:00:00, 7180.0097606827612, 0.41721100564152863, null, null, 7180.0097606827612, 0.41721100564152863
2100-Jun-01 18:00:00, 7184.7170647608546, 0.41748453438783151, null, null, 7184.7170647608546, 0.41748453438783151
2100-Jun-01 19:00:00, 7191.8405974273819, 0.41789846366182731, null, null, 7191.8405974273819, 0.41789846366182731
2100-Jun-01 20:00:00, 7201.4673281206169, 0.41845784702305311, null, null, 7201.4673281206169, 0.41845784702305311
2100-Jun-01 21:00:00, 7213.3477021530007, 0.41914818352156186, null, null, 7213.3477021530007, 0.41914818352156186
2100-Jun-01 22:00:00, 7227.1086402910178, 0.41994779452913616, null, null, 7227.1086402910178, 0.41994779452913616
2100-Jun-01 23:00:00, 7242.4030735438428, 0.42083651280262241, null, null, 7242.4030735438428, 0.42083651280262241
2100-Jun-02 00:00:00, 7258.8733889965388, 0.42179355841986949, null, null, 7258.8733889965388, 0.42179355841986949
2100-Jun-02 01:00:00, 7276.1083136922825, 0.42279503341839142, null, null, 7276.1083136922825, 0.42279503341839142
2100-Jun-02 02:00:00, 7293.7811772176128, 0.42382195586135857, null, null, 7293.7811772176128, 0.42382195586135857
2100-Jun-02 03:00:00, 7311.6107123660695, 0.4248579820698663, null, null, 7311.6107123660695, 0.4248579820698663
2100-Jun-02 04:00:00, 7329.4203001483174, 0.42589284919071352, null, null, 7329.4203001483174, 0.42589284919071352
2100-Jun-02 05:00:00, 7347.0974092845208, 0.42692001833467985, null, null, 7347.0974092845208, 0.42692001833467985
2100-Jun-02 06:00:00, 7364.4593582027492, 0.42792887436823795, null, null, 7364.4593582027492, 0.42792887436823795
2100-Jun-02 07:00:00, 7381.09265609658, 0.42889539045564234, null, null, 7381.09265609658, 0.42889539045564234
2100-Jun-02 08:00:00, 7396.2721375127921, 0.42977742918788114, null, null, 7396.2721375127921, 0.42977742918788114
2100-Jun-02 09:00:00, 7409.0525638647214, 0.4305200652996054, null, null, 7409.0525638647214, 0.4305200652996054
2100-Jun-02 10:00:00, 7418.3828528639897, 0.4310622232333769, null, null, 7418.3828528639897, 0.4310622232333769
2100-Jun-02 11:00:00, 7423.4865462533207, 0.43135878509365583, null, null, 7423.4865462533207, 0.43135878509365583
2100-Jun-02 12:00:00, 7424.2395837171425, 0.43140254207004425, null, null, 7424.2395837171425, 0.43140254207004425
2100-Jun-02 13:00:00, 7420.8431702564958, 0.43120518564258498, null, null, 7420.8431702564958, 0.43120518564258498
2100-Jun-02 14:00:00, 7413.1443558386845, 0.43075782829732184, null, null, 7413.1443558386845, 0.43075782829732184
2100-Jun-02 15:00:00, 7401.4054606480049, 0.43007571275279394, null, null, 7401.4054606480049, 0.43007571275279394
2100-Jun-02 16:00:00, 7386.7054479797162, 0.42922153465656571, null, null, 7386.7054479797162, 0.42922153465656571
2100-Jun-02 17:00:00, 7370.5347322206717, 0.4282818979696188, null, null, 7370.5347322206717, 0.4282818979696188
2100-Jun-02 18:00:00, 7354.3626239580753, 0.42734218036804555, null, null, 7354.3626239580753, 0.42734218036804555
2100-Jun-02 19:00:00, 7339.3621203586599, 0.42647054155411079, null, null, 7339.3621203586599, 0.42647054155411079
2100-Jun-02 20:00:00, 7326.2926810559375, 0.4257111116791657, null, null, 7326.2926810559375, 0.4257111116791657
2100-Jun-02 21:00:00, 7315.5737263830597, 0.42508826212776452, null, null, 7315.5737263830597, 0.42508826212776452
2100-Jun-02 22:00:00, 7307.3651827228905, 0.42461128579075941, null, null, 7307.3651827228905, 0.42461128579075941
2100-Jun-02 23:00:00, 7301.7011616911141, 0.42428216480215264, null, null, 7301.7011616911141, 0.42428216480215264
2100-Jun-03 00:00:00, 7298.522578008754, 0.42409746587571173, null, null, 7298.522578008754, 0.42409746587571173
2100-Jun-03 01:00:00, 7297.8376424070766, 0.42405766611488965, null, null, 7297.8376424070766, 0.42405766611488965
2100-Jun-03 02:00:00, 7299.6912345562496, 0.42416537335629767, null, null, 7299.6912345562496, 0.42416537335629767
2100-Jun-03 03:00:00, 7304.0024235701921, 0.42441588492438315, null, null, 7304.0024235701921, 0.42441588492438315
2100-Jun-03 04:00:00, 7310.5788453897421, 0.42479802306239539, null, null, 7310.5788453897421, 0.42479802306239539
2100-Jun-03 05:00:00, 7319.3416478438212, 0.42530720588330523, null, null, 7319.3416478438212, 0.42530720588330523
2100-Jun-03 06:00:00, 7329.8523850681868, 0.42591795648025071, null, null, 7329.8523850681868, 0.42591795648025071
2100-Jun-03 07:00:00, 7340.8782165790626, 0.42655863781718656, null, null, 7340.8782165790626, 0.42655863781718656
2100-Jun-03 08:00:00, 7349.8634459278064, 0.42708074526515089, null, null, 7349.8634459278064, 0.42708074526515089
2100-Jun-03 09:00:00, 7354.5575326052649, 0.42735350598394478, null, null, 7354.5575326052649, 0.42735350598394478
2100-Jun-03 10:00:00, 7353.4682391080005, 0.42729021007619811, null, null, 7353.4682391080005, 0.42729021007619811
2100-Jun-03 11:00:00, 7345.9174101462477, 0.42685145176673023, null, null, 7345.9174101462477, 0.42685145176673023
2100-Jun-03 12:00:00, 7331.6442389957929, 0.4260220762800862, null, null, 7331.6442389957929, 0.4260220762800862
2100-Jun-03 13:00:00, 7309.855469766354, 0.42475598965556871, null, null, 7309.855469766354, 0.42475598965556871
2100-Jun-03 14:00:00, 7282.1903527626037, 0.4231484443079942, null, null, 7282.1903527626037, 0.4231484443079942
2100-Jun-03 15:00:00, 7250.994643239962, 0.42133574574971194, null, null, 7250.994643239962, 0.42133574574971194
2100-Jun-03 16:00:00, 7218.0862105468132, 0.41942352546650585, null, null, 7218.0862105468132, 0.41942352546650585
2100-Jun-03 17:00:00, 7185.2910243931419, 0.41751788563432918, null, null, 7185.2910243931419, 0.41751788563432918
2100-Jun-03 18:00:00, 7154.1339261954527, 0.41570743067602095, null, null, 7154.1339261954527, 0.41570743067602095
2100-Jun-03 19:00:00, 7125.8839602240369, 0.41406590133203397, null, null, 7125.8839602240369, 0.41406590133203397
2100-Jun-03 20:00:00, 7101.3648696715381, 0.4126411630979942, null, null, 7101.3648696715381, 0.4126411630979942
2100-Jun-03 21:00:00, 7080.9586997766019, 0.41145541559249932, null, null, 7080.9586997766019, 0.41145541559249932
2100-Jun-03 22:00:00, 7064.8609627324513, 0.41052001950188116, null, null, 7064.8609627324513, 0.41052001950188116
2100-Jun-03 23:00:00, 7053.0113438740364, 0.40983147010359761, null, null, 7053.0113438740364, 0.40983147010359761
2100-Jun-04 00:00:00, 7045.2122825338747, 0.40937828768000167, null, null, 7045.2122825338747, 0.40937828768000167
2100-Jun-04 01:00:00, 7041.2200687321556, 0.40914631090135273, null, null, 7041.2200687321556, 0.40914631090135273
2100-Jun-04 02:00:00, 7040.7962818780225, 0.40912168579003899, null, null, 7040.7962818780225, 0.40912168579003899
2100-Jun-04 03:00:00, 7043.7660612745094, 0.40929425166248762, null, null, 7043.7660612745094, 0.40929425166248762
2100-Jun-04 04:00:00, 7049.8281482320544, 0.40964650318861967, null, null, 7049.8281482320544, 0.40964650318861967
2100-Jun-04 05:00:00, 7058.4387974861302, 0.41014684479737229, null, null, 7058.4387974861302, 0.41014684479737229
2100-Jun-04 06:00:00, 7068.5335315106931, 0.41073342257016787, null, null, 7068.5335315106931, 0.41073342257016787
2100-Jun-04 07:00:00, 7078.4152312332271, 0.41130762149413896, null, null, 7078.4152312332271, 0.41130762149413896
2100-Jun-04 08:00:00, 7086.5851781786005, 0.41178235508012684, null, null, 7086.5851781786005, 0.41178235508012684
2100-Jun-04 09:00:00, 7091.7033249430569, 0.41207975678705944, null, null, 7091.7033249430569, 0.41207975678705944
2100-Jun-04 10:00:00, 7092.8328360676014, 0.41214538963267688, null, null, 7092.8328360676014, 0.41214538963267688
2100-Jun-04 11:00:00, 7089.4164307023784, 0.41194687152955273, null, null, 7089.4164307023784, 0.41194687152955273
2100-Jun-04 12:00:00, 7081.4103015644296, 0.41148165695460459, null, null, 7081.4103015644296, 0.41148165695460459
2100-Jun-04 13:00:00, 7069.6527586982693, 0.41079845784393959, null, null, 7069.6527586982693, 0.41079845784393959
2100-Jun-04 14:00:00, 7055.2552028800646, 0.40996185469966728, null, null, 7055.2552028800646, 0.40996185469966728
2100-Jun-04 15:00:00, 7039.6634918400614, 0.40905586241560482, null, null, 7039.6634918400614, 0.40905586241560482
2100-Jun-04 16:00:00, 7024.4092608938663, 0.40816948018974764, null, null, 7024.4092608938663, 0.40816948018974764
2100-Jun-04 17:00:00, 7011.1652077652334, 0.40739990397624104, null, null, 7011.1652077652334, 0.40739990397624104
2100-Jun-04 18:00:00, 7001.1622614417875, 0.40681865973924347, null, null, 7001.1622614417875, 0.40681865973924347
2100-Jun-04 19:00:00, 6994.9290431136988, 0.40645646423064047, null, null, 6994.9290431136988, 0.40645646423064047
2100-Jun-04 20:00:00, 6992.5317755684428, 0.40631716547803637, null, null, 6992.5317755684428, 0.40631716547803637
2100-Jun-04 21:00:00, 6993.8489141307791, 0.40639370084810938, null, null, 6993.8489141307791, 0.40639370084810938
2100-Jun-04 22:00:00, 6998.5452805392179, 0.40666659403592303, null, null, 6998.5452805392179, 0.40666659403592303
2100-Jun-04 23:00:00, 7006.076254331193, 0.4071041986150164, null, null, 7006.076254331193, 0.4071041986150164
2100-Jun-05 00:00:00, 7015.9377931651943, 0.40767722604412054, null, null, 7015.9377931651943, 0.40767722604412054
2100-Jun-05 01:00:00, 7027.7013562384964, 0.4083607749727885, null, null, 7027.7013562384964, 0.4083607749727885
2100-Jun-05 02:00:00, 7041.0444235093873, 0.40913610463110106, null, null, 7041.0444235093873, 0.40913610463110106
2100-Jun-05 03:00:00, 7055.649507896328, 0.40998476670088291, null, null, 7055.649507896328, 0.40998476670088291
2100-Jun-05 04:00:00, 7071.1928264834569, 0.41088794703000348, null, null, 7071.1928264834569, 0.41088794703000348
2100-Jun-05 05:00:00, 7087.3266320348312, 0.41182543896431439, null, null, 7087.3266320348312, 0.41182543896431439
2100-Jun-05 06:00:00, 7103.6574268862687, 0.41277437741565237, null, null, 7103.6574268862687, 0.41277437741565237
2100-Jun-05 07:00:00, 7119.683764825495, 0.4137056246968176, null, null, 7119.683764825495, 0.4137056246968176
2100-Jun-05 08:00:00, 7134.8579312674683, 0.41458735459023571, null, null, 7134.8579312674683, 0.41458735459023571
2100-Jun-05 09:00:00, 7148.6163023864883, 0.41538681643525827, null, null, 7148.6163023864883, 0.41538681643525827
2100-Jun-05 10:00:00, 7160.2754702421562, 0.41606429923934074, null, null, 7160.2754702421562, 0.41606429923934074
2100-Jun-05 11:00:00, 7169.3770892435596, 0.41659316977616578, null, null, 7169.3770892435596, 0.41659316977616578
2100-Jun-05 12:00:00, 7175.7546455233378, 0.41696375237392103, null, null, 7175.7546455233378, 0.41696375237392103
2100-Jun-05 13:00:00, 7178.8936375061921, 0.41714615073346628, null, null, 7178.8936375061921, 0.41714615073346628
2100-Jun-05 14:00:00, 7178.8114187689216, 0.4171413732243538, null, null, 7178.8114187689216, 0.4171413732243538
2100-Jun-05 15:00:00, 7175.9719223114753, 0.416976377742173, null, null, 7175.9719223114753, 0.416976377742173
2100-Jun-05 16:00:00, 7170.7537373824252, 0.41667316308725788, null, null, 7170.7537373824252, 0.41667316308725788
2100-Jun-05 17:00:00, 7163.8125904570352, 0.41626983175685978, null, null, 7163.8125904570352, 0.41626983175685978
2100-Jun-05 18:00:00, 7156.1277680779031, 0.41582328745123348, null, null, 7156.1277680779031, 0.41582328745123348
2100-Jun-05 19:00:00, 7148.8234982394124, 0.41539885602754917, null, null, 7148.8234982394124, 0.41539885602754917
2100-Jun-05 20:00:00, 7142.8248043203657, 0.4150502880999391, null, null, 7142.8248043203657, 0.4150502880999391
2100-Jun-05 21:00:00, 7138.8134343461525, 0.41481719820776292, null, null, 7138.8134343461525, 0.41481719820776292
2100-Jun-05 22:00:00, 7137.1694303191816, 0.41472166956696255, null, null, 7137.1694303191816, 0.41472166956696255
2100-Jun-05 23:00:00, 7138.0045934374039, 0.41477019864366887, null, null, 7138.0045934374039, 0.41477019864366887
2100-Jun-06 00:00:00, 7141.3136997718238, 0.41496248188945473, null, null, 7141.3136997718238, 0.41496248188945473
2100-Jun-06 01:00:00, 7147.0558759040705, 0.41529614426019745, null, null, 7147.0558759040705, 0.41529614426019745
2100-Jun-06 02:00:00, 7155.0693194380719, 0.41576178385497625, null, null, 7155.0693194380719, 0.41576178385497625
2100-Jun-06 03:00:00, 7164.9721125317692, 0.41633720845786548, null, null, 7164.9721125317692, 0.41633720845786548
2100-Jun-06 04:00:00, 7176.4486388318428, 0.41700407845366194, null, null, 7176.4486388318428, 0.41700407845366194
2100-Jun-06 05:00:00, 7189.3453223313918, 0.41775346995473639, null, null, 7189.3453223313918, 0.41775346995473639
2100-Jun-06 06:00:00, 7203.369801111101, 0.41856839459833806, null, null, 7203.369801111101, 0.41856839459833806
2100-Jun-06 07:00:00, 7217.4864870081992, 0.41938867714888628, null, null, 7217.4864870081992, 0.41938867714888628
2100-Jun-06 08:00:00, 7230.1553773801461, 0.42012483220558072, null, null, 7230.1553773801461, 0.42012483220558072
2100-Jun-06 09:00:00, 7239.7016945301593, 0.42067954295265236, null, null, 7239.7016945301593, 0.42067954295265236
2100-Jun-06 10:00:00, 7244.7410367872862, 0.4209723655421676, null, null, 7244.7410367872862, 0.4209723655421676
2100-Jun-06 11:00:00, 7244.3173266027434, 0.42094774488591702, null, null, 7244.3173266027434, 0.42094774488591702
2100-Jun-06 12:00:00, 7237.5675867831778, 0.42055553570629162, null, null, 7237.5675867831778, 0.42055553570629162
2100-Jun-06 13:00:00, 7224.2809027865715, 0.41978348232800511, null, null, 7224.2809027865715, 0.41978348232800511
2100-Jun-06 14:00:00, 7204.6289935675723, 0.41864156287645621, null, null, 7204.6289935675723, 0.41864156287645621
2100-Jun-06 15:00:00, 7179.7383457641972, 0.417195234452506, null, null, 7179.7383457641972, 0.417195234452506
2100-Jun-06 16:00:00, 7151.5372374766603, 0.41555654409678006, null, null, 7151.5372374766603, 0.41555654409678006
2100-Jun-06 17:00:00, 7122.1670326628619, 0.41384992069448856, null, null, 7122.1670326628619, 0.41384992069448856
2100-Jun-06 18:00:00, 7093.4545933057998, 0.41218151826916344, null, null, 7093.4545933057998, 0.41218151826916344
2100-Jun-06 19:00:00, 7066.7282386508359, 0.41062852187021853, null, null, 7066.7282386508359, 0.41062852187021853
2100-Jun-06 20:00:00, 7042.8727128187275, 0.40924234159271777, null, null, 7042.8727128187275, 0.40924234159271777
2100-Jun-06 21:00:00, 7022.366168684096, 0.40805076161082254, null, null, 7022.366168684096, 0.40805076161082254
2100-Jun-06 22:00:00, 7005.3185859695368, 0.4070601725496425, null, null, 7005.3185859695368, 0.4070601725496425
2100-Jun-06 23:00:00, 6991.4439372571205, 0.40625395412722076, null, null, 6991.4439372571205, 0.40625395412722076
2100-Jun-07 00:00:00, 6980.4258642505165, 0.40561372361604664, null, null, 6980.4258642505165, 0.40561372361604664
2100-Jun-07 01:00:00, 6971.9666478456174, 0.40512218136180722, null, null, 6971.9666478456174, 0.40512218136180722
2100-Jun-07 02:00:00, 6965.8898227430245, 0.40476907344180912, null, null, 6965.8898227430245, 0.40476907344180912
2100-Jun-07 03:00:00, 6962.0262925981478, 0.40454457412345207, null, null, 6962.0262925981478, 0.40454457412345207
2100-Jun-07 04:00:00, 6960.1989820445078, 0.40443839403468979, null, null, 6960.1989820445078, 0.40443839403468979
2100-Jun-07 05:00:00, 6960.3316236229284, 0.40444610147913168, null, null, 6960.3316236229284, 0.40444610147913168
2100-Jun-07 06:00:00, 6962.1670527805381, 0.40455275331807811, null, null, 6962.1670527805381, 0.40455275331807811
2100-Jun-07 07:00:00, 6964.9523519801733, 0.40471459954375533, null, null, 6964.9523519801733, 0.40471459954375533
2100-Jun-07 08:00:00, 6967.5585506664393, 0.40486603872156157, null, null, 6967.5585506664393, 0.40486603872156157
2100-Jun-07 09:00:00, 6968.7023000547279, 0.4049324989142904, null, null, 6968.7023000547279, 0.4049324989142904
2100-Jun-07 10:00:00, 6967.1727876051455, 0.40484362307031513, null, null, 6967.1727876051455, 0.40484362307031513
2100-Jun-07 11:00:00, 6961.9043751173085, 0.40453748982740212, null, null, 6961.9043751173085, 0.40453748982740212
2100-Jun-07 12:00:00, 6951.9038607729372, 0.40395638690615054, null, null, 6951.9038607729372, 0.40395638690615054
2100-Jun-07 13:00:00, 6937.2973501405595, 0.40310764196109233, null, null, 6937.2973501405595, 0.40310764196109233
2100-Jun-07 14:00:00, 6919.36295389112, 0.40206552255677402, null, null, 6919.36295389112, 0.40206552255677402
2100-Jun-07 15:00:00, 6899.584794798966, 0.4009162670655404, null, null, 6899.584794798966, 0.4009162670655404
2100-Jun-07 16:00:00, 6879.1814273018526, 0.39973068239982612, null, null, 6879.1814273018526, 0.39973068239982612
2100-Jun-07 17:00:00, 6859.1618116631626, 0.3985673965197829, null, null, 6859.1618116631626, 0.3985673965197829
2100-Jun-07 18:00:00, 6840.3808344679383, 0.39747608457958783, null, null, 6840.3808344679383, 0.39747608457958783
2100-Jun-07 19:00:00, 6823.3686320254346, 0.39648755137061081, null, null, 6823.3686320254346, 0.39648755137061081
2100-Jun-07 20:00:00, 6808.5024795318959, 0.39562371933714852, null, null, 6808.5024795318959, 0.39562371933714852
2100-Jun-07 21:00:00, 6795.9997414830241, 0.39489721894390306, null, null, 6795.9997414830241, 0.39489721894390306
2100-Jun-07 22:00:00, 6786.1402898368387, 0.39432431279565461, null, null, 6786.1402898368387, 0.39432431279565461
2100-Jun-07 23:00:00, 6779.0839774969345, 0.3939142895135731, null, null, 6779.0839774969345, 0.3939142895135731
2100-Jun-08 00:00:00, 6774.7500604287134, 0.3936624572795418, null, null, 6774.7500604287134, 0.3936624572795418
2100-Jun-08 01:00:00, 6772.9789620284173, 0.39355954352742911, null, null, 6772.9789620284173, 0.39355954352742911
2100-Jun-08 02:00:00, 6773.6285012239478, 0.39359728649853964, null, null, 6773.6285012239478, 0.39359728649853964
2100-Jun-08 03:00:00, 6776.4596617830975, 0.39376179760414892, null, null, 6776.4596617830975, 0.39376179760414892
2100-Jun-08 04:00:00, 6781.1653197038449, 0.39403523069668744, null, null, 6781.1653197038449, 0.39403523069668744
2100-Jun-08 05:00:00, 6787.5836182874655, 0.39440818071985362, null, null, 6787.5836182874655, 0.39440818071985362
2100-Jun-08 06:00:00, 6795.6876929813716, 0.39487908664693927, null, null, 6795.6876929813716, 0.39487908664693927
2100-Jun-08 07:00:00, 6805.7327913102181, 0.39546278022330394, null, null, 6805.7327913102181, 0.39546278022330394
2100-Jun-08 08:00:00, 6816.858370176099, 0.39610925761006127, null, null, 6816.858370176099, 0.39610925761006127
2100-Jun-08 09:00:00, 6826.6498137623603, 0.39667821199333747, null, null, 6826.6498137623603, 0.39667821199333747
2100-Jun-08 10:00:00, 6833.1707542088452, 0.39705712625837153, null, null, 6833.1707542088452, 0.39705712625837153
2100-Jun-08 11:00:00, 6836.6474797379378, 0.39725914940355933, null, null, 6836.6474797379378, 0.39725914940355933
2100-Jun-08 12:00:00, 6838.5901597138518, 0.39737203329834581, null, null, 6838.5901597138518, 0.39737203329834581
2100-Jun-08 13:00:00, 6840.519729428368, 0.39748415539119547, null, null, 6840.519729428368, 0.39748415539119547
2100-Jun-08 14:00:00, 6843.5354467562793, 0.39765939059296335, null, null, 6843.5354467562793, 0.39765939059296335
2100-Jun-08 15:00:00, 6848.2608987894755, 0.39793397386799961, null, null, 6848.2608987894755, 0.39793397386799961
2100-Jun-08 16:00:00, 6854.9212975042756, 0.39832099167694351, null, null, 6854.9212975042756, 0.39832099167694351
2100-Jun-08 17:00:00, 6863.5450272791941, 0.39882209335948948, null, null, 6863.5450272791941, 0.39882209335948948
2100-Jun-08 18:00:00, 6874.31735005271, 0.39944804398730677, null, null, 6874.31735005271, 0.39944804398730677
2100-Jun-08 19:00:00, 6887.4483276180508, 0.40021104968474908, null, null, 6887.4483276180508, 0.40021104968474908
2100-Jun-08 20:00:00, 6902.9482977735679, 0.40111171115340172, null, null, 6902.9482977735679, 0.40111171115340172
2100-Jun-08 21:00:00, 6920.5439568194497, 0.40213414745225706, null, null, 6920.5439568194497, 0.40213414745225706
2100-Jun-08 22:00:00, 6939.8376231284765, 0.40325525037434218, null, null, 6939.8376231284765, 0.40325525037434218
2100-Jun-08 23:00:00, 6960.4866608003204, 0.40445511027143799, null, null, 6960.4866608003204, 0.40445511027143799
2100-Jun-09 00:00:00, 6982.2074296388691, 0.40571724557661015, null, null, 6982.2074296388691, 0.40571724557661015
2100-Jun-09 01:00:00, 7004.734222518653, 0.40702621676530099, null, null, 7004.734222518653, 0.40702621676530099
2100-Jun-09 02:00:00, 7027.9094586037354, 0.4083728672400655, null, null, 7027.9094586037354, 0.4083728672400655
2100-Jun-09 03:00:00, 7051.6755566119491, 0.40975385110787005, null, null, 7051.6755566119491, 0.40975385110787005
2100-Jun-09 04:00:00, 7076.0640226650185, 0.4111709991044889, null, null, 7076.0640226650185, 0.4111709991044889
2100-Jun-09 05:00:00, 7101.2205938003963, 0.41263277961617517, null, null, 7101.2205938003963, 0.41263277961617517
2100-Jun-09 06:00:00, 7127.026830722627, 0.41413231045485244, null, null, 7127.026830722627, 0.41413231045485244
2100-Jun-09 07:00:00, 7152.7194158030879, 0.41562523729147699, null, null, 7152.7194158030879, 0.41562523729147699
2100-Jun-09 08:00:00, 7177.1663238312758, 0.41704578119367586, null, null, 7177.1663238312758, 0.41704578119367586
2100-Jun-09 09:00:00, 7199.1279408706605, 0.41832191153832943, null, null, 7199.1279408706605, 0.41832191153832943
2100-Jun-09 10:00:00, 7217.2658134558533, 0.4193758544038258, null, null, 7217.2658134558533, 0.4193758544038258
2100-Jun-09 11:00:00, 7230.7207753308676, 0.42015768595584996, null, null, 7230.7207753308676, 0.42015768595584996
2100-Jun-09 12:00:00, 7238.8865082473058, 0.42063217467597996, null, null, 7238.8865082473058, 0.42063217467597996
2100-Jun-09 13:00:00, 7241.0873445385041, 0.42076005933810556, null, null, 7241.0873445385041, 0.42076005933810556
2100-Jun-09 14:00:00, 7237.5151297947223, 0.42055248757214753, null, null, 7237.5151297947223, 0.42055248757214753
2100-Jun-09 15:00:00, 7229.0242710267994, 0.42005910666551927, null, null, 7229.0242710267994, 0.42005910666551927
2100-Jun-09 16:00:00, 7216.8104371918216, 0.41934939371708663, null, null, 7216.8104371918216, 0.41934939371708663
2100-Jun-09 17:00:00, 7202.3222539134413, 0.41850752445548867, null, null, 7202.3222539134413, 0.41850752445548867
2100-Jun-09 18:00:00, 7187.0135868397101, 0.41761797909305237, null, null, 7187.0135868397101, 0.41761797909305237
2100-Jun-09 19:00:00, 7172.1866453735893, 0.41675642550665726, null, null, 7172.1866453735893, 0.41675642550665726
2100-Jun-09 20:00:00, 7158.9451270685377, 0.41598699658491356, null, null, 7158.9451270685377, 0.41598699658491356
2100-Jun-09 21:00:00, 7148.0481976324427, 0.41535380539994704, null, null, 7148.0481976324427, 0.41535380539994704
2100-Jun-09 22:00:00, 7140.0450502409967, 0.41488876408624759, null, null, 7140.0450502409967, 0.41488876408624759
2100-Jun-09 23:00:00, 7135.1695331026849, 0.41460546093261735, null, null, 7135.1695331026849, 0.41460546093261735
2100-Jun-10 00:00:00, 7133.3645494032608, 0.41450057819714708, null, null, 7133.3645494032608, 0.41450057819714708
2100-Jun-10 01:00:00, 7134.3695216827873, 0.4145589744263109, null, null, 7134.3695216827873, 0.4145589744263109
2100-Jun-10 02:00:00, 7137.9183359578374, 0.41476518645413241, null, null, 7137.9183359578374, 0.41476518645413241
2100-Jun-10 03:00:00, 7143.6811250520113, 0.41510004658850802, null, null, 7143.6811250520113, 0.41510004658850802
2100-Jun-10 04:00:00, 7151.4048364858472, 0.41554885063223529, null, null, 7151.4048364858472, 0.41554885063223529
2100-Jun-10 05:00:00, 7160.9713863767847, 0.4161047370493226, null, null, 7160.9713863767847, 0.4161047370493226
2100-Jun-10 06:00:00, 7172.0864442081283, 0.41675060308713391, null, null, 7172.0864442081283, 0.41675060308713391
2100-Jun-10 07:00:00, 7183.9861423131451, 0.41744206245539422, null, null, 7183.9861423131451, 0.41744206245539422
2100-Jun-10 08:00:00, 7195.3827575600053, 0.41810428903537589, null, null, 7195.3827575600053, 0.41810428903537589
2100-Jun-10 09:00:00, 7204.7831418578007, 0.41865052001792641, null, null, 7204.7831418578007, 0.41865052001792641
2100-Jun-10 10:00:00, 7210.7959917676062, 0.41899991051198654, null, null, 7210.7959917676062, 0.41899991051198654
2100-Jun-10 11:00:00, 7212.3355371689695, 0.41908936934373509, null, null, 7212.3355371689695, 0.41908936934373509
2100-Jun-10 12:00:00, 7208.7083603399797, 0.41887860387921588, null, null, 7208.7083603399797, 0.41887860387921588
2100-Jun-10 13:00:00, 7199.7563846747107, 0.41835842871312667, null, null, 7199.7563846747107, 0.41835842871312667
2100-Jun-10 14:00:00, 7185.7747251873398, 0.41754599218313665, null, null, 7185.7747251873398, 0.41754599218313665
2100-Jun-10 15:00:00, 7167.5710930736768, 0.41648822820876741, null, null, 7167.5710930736768, 0.41648822820876741
2100-Jun-10 16:00:00, 7146.4457676923794, 0.41526069251722858, null, null, 7146.4457676923794, 0.41526069251722858
2100-Jun-10 17:00:00, 7123.9326609019918, 0.4139525165902867, null, null, 7123.9326609019918, 0.4139525165902867
2100-Jun-10 18:00:00, 7101.5710965099606, 0.41265314638346545, null, null, 7101.5710965099606, 0.41265314638346545
2100-Jun-10 19:00:00, 7080.7401596364944, 0.41144271681427114, null, null, 7080.7401596364944, 0.41144271681427114
2100-Jun-10 20:00:00, 7062.4594176708042, 0.41038047219433432, null, null, 7062.4594176708042, 0.41038047219433432
2100-Jun-10 21:00:00, 7047.3148679056421, 0.4095004632461417, null, null, 7047.3148679056421, 0.4095004632461417
2100-Jun-10 22:00:00, 7035.6074359420236, 0.40882017594489484, null, null, 7035.6074359420236, 0.40882017594489484
2100-Jun-10 23:00:00, 7027.3934322608602, 0.40834288234079313, null, null, 7027.3934322608602, 0.40834288234079313
2100-Jun-11 00:00:00, 7022.5397575093466, 0.40806084838935974, null, null, 7022.5397575093466, 0.40806084838935974
2100-Jun-11 01:00:00, 7020.754916183193, 0.40795713607288453, null, null, 7020.754916183193, 0.40795713607288453
2100-Jun-11 02:00:00, 7021.7860962400546, 0.40801705516531761, null, null, 7021.7860962400546, 0.40801705516531761
2100-Jun-11 03:00:00, 7025.4772448842859, 0.4082315378595146, null, null, 7025.4772448842859, 0.4082315378595146
2100-Jun-11 04:00:00, 7031.7371213205379, 0.40859528239889698, null, null, 7031.7371213205379, 0.40859528239889698
2100-Jun-11 05:00:00, 7040.550973512909, 0.40910743158243862, null, null, 7040.550973512909, 0.40910743158243862
2100-Jun-11 06:00:00, 7051.635060860177, 0.40975149800893501, null, null, 7051.635060860177, 0.40975149800893501
2100-Jun-11 07:00:00, 7063.9677183560434, 0.4104681154798831, null, null, 7063.9677183560434, 0.4104681154798831
2100-Jun-11 08:00:00, 7075.9273970450377, 0.41116306015813525, null, null, 7075.9273970450377, 0.41116306015813525
2100-Jun-11 09:00:00, 7085.536893711771, 0.41172144209655415, null, null, 7085.536893711771, 0.41172144209655415
2100-Jun-11 10:00:00, 7090.6178599747291, 0.41201668334480529, null, null, 7090.6178599747291, 0.41201668334480529
2100-Jun-11 11:00:00, 7088.8388135661016, 0.411913307755361, null, null, 7088.8388135661016, 0.411913307755361
2100-Jun-11 12:00:00, 7079.1491522390625, 0.41135026766470306, null, null, 7079.1491522390625, 0.41135026766470306
2100-Jun-11 13:00:00, 7062.1258009772282, 0.4103610866278985, null, null, 7062.1258009772282, 0.4103610866278985
2100-Jun-11 14:00:00, 7038.6303326623147, 0.40899582832179399, null, null, 7038.6303326623147, 0.40899582832179399
2100-Jun-11 15:00:00, 7009.8757752918918, 0.4073249785322875, null, null, 7009.8757752918918, 0.4073249785322875
2100-Jun-11 16:00:00, 6977.8185016969392, 0.40546221680904942, null, null, 6977.8185016969392, 0.40546221680904942
2100-Jun-11 17:00:00, 6944.6793166306543, 0.40353658812768523, null, null, 6944.6793166306543, 0.40353658812768523
2100-Jun-11 18:00:00, 6912.5644401975105, 0.40167047925885119, null, null, 6912.5644401975105, 0.40167047925885119
2100-Jun-11 19:00:00, 6882.9906879899281, 0.39995202826639104, null, null, 6882.9906879899281, 0.39995202826639104
2100-Jun-11 20:00:00, 6856.9912913644202, 0.3984412734382291, null, null, 6856.9912913644202, 0.3984412734382291
2100-Jun-11 21:00:00, 6835.1814063798138, 0.39717395983411941, null, null, 6835.1814063798138, 0.39717395983411941
2100-Jun-11 22:00:00, 6817.8551130381529, 0.39616717564996712, null, null, 6817.8551130381529, 0.39616717564996712
2100-Jun-11 23:00:00, 6804.967968311581, 0.39541833842126817, null, null, 6804.967968311581, 0.39541833842126817
2100-Jun-12 00:00:00, 6796.3205937948051, 0.39491586280653307, null, null, 6796.3205937948051, 0.39491586280653307
2100-Jun-12 01:00:00, 6791.5908509697638, 0.39464103020515323, null, null, 6791.5908509697638, 0.39464103020515323
2100-Jun-12 02:00:00, 6790.4604763791331, 0.39457534718584997, null, null, 6790.4604763791331, 0.39457534718584997
2100-Jun-12 03:00:00, 6792.6720506932861, 0.39470385580553335, null, null, 6792.6720506932861, 0.39470385580553335
2100-Jun-12 04:00:00, 6797.7958769530624, 0.39500158753262371, null, null, 6797.7958769530624, 0.39500158753262371
2100-Jun-12 05:00:00, 6805.8024122607312, 0.39546682570899899, null, null, 6805.8024122607312, 0.39546682570899899
2100-Jun-12 06:00:00, 6816.3435869519253, 0.39607934494506453, null, null, 6816.3435869519253, 0.39607934494506453
2100-Jun-12 07:00:00, 6828.2135708451169, 0.39676907770060277, null, null, 6828.2135708451169, 0.39676907770060277
2100-Jun-12 08:00:00, 6839.4602927118349, 0.39742259438046557, null, null, 6839.4602927118349, 0.39742259438046557
2100-Jun-12 09:00:00, 6847.8596390512739, 0.39791065774664625, null, null, 6847.8596390512739, 0.39791065774664625
2100-Jun-12 10:00:00, 6851.0691451283765, 0.39809715349006053, null, null, 6851.0691451283765, 0.39809715349006053
2100-Jun-12 11:00:00, 6847.3702323609159, 0.39788221964359932, null, null, 6847.3702323609159, 0.39788221964359932
2100-Jun-12 12:00:00, 6835.9431194455128, 0.39721822092633835, null, null, 6835.9431194455128, 0.39721822092633835
2100-Jun-12 13:00:00, 6816.88836996789, 0.39611100081706507, null, null, 6816.88836996789, 0.39611100081706507
2100-Jun-12 14:00:00, 6791.5836030583814, 0.39464060904856746, null, null, 6791.5836030583814, 0.39464060904856746
2100-Jun-12 15:00:00, 6762.275032042, 0.39293756702004268, null, null, 6762.275032042, 0.39293756702004268
2100-Jun-12 16:00:00, 6730.5544371333008, 0.39109436878737797, null, null, 6730.5544371333008, 0.39109436878737797
2100-Jun-12 17:00:00, 6698.1595629304966, 0.38921199000318846, null, null, 6698.1595629304966, 0.38921199000318846
2100-Jun-12 18:00:00, 6666.6412420372953, 0.387380545368114, null, null, 6666.6412420372953, 0.387380545368114
2100-Jun-12 19:00:00, 6637.2487524193293, 0.38567262705594535, null, null, 6637.2487524193293, 0.38567262705594535
2100-Jun-12 20:00:00, 6611.1981765942783, 0.38415889834250733, null, null, 6611.1981765942783, 0.38415889834250733
2100-Jun-12 21:00:00, 6589.0683127147386, 0.38287299162766536, null, null, 6589.0683127147386, 0.38287299162766536
2100-Jun-12 22:00:00, 6571.4162738690411, 0.38184727925067602, null, null, 6571.4162738690411, 0.38184727925067602
2100-Jun-12 23:00:00, 6558.0251548972828, 0.38106915743760184, null, null, 6558.0251548972828, 0.38106915743760184
2100-Jun-13 00:00:00, 6548.7779964619695, 0.38053182999673263, null, null, 6548.7779964619695, 0.38053182999673263
2100-Jun-13 01:00:00, 6543.3623896224744, 0.3802171436869678, null, null, 6543.3623896224744, 0.3802171436869678
2100-Jun-13 02:00:00, 6541.4144597335408, 0.38010395473389263, null, null, 6541.4144597335408, 0.38010395473389263
2100-Jun-13 03:00:00, 6542.614001819753, 0.38017365688984767, null, null, 6542.614001819753, 0.38017365688984767
2100-Jun-13 04:00:00, 6546.6646111663395, 0.38040902687613992, null, null, 6546.6646111663395, 0.38040902687613992
2100-Jun-13 05:00:00, 6553.3899495677979, 0.38079981815515979, null, null, 6553.3899495677979, 0.38079981815515979
2100-Jun-13 06:00:00, 6562.3873470279677, 0.38132263265926669, null, null, 6562.3873470279677, 0.38132263265926669
2100-Jun-13 07:00:00, 6572.5806086229468, 0.38191493560349049, null, null, 6572.5806086229468, 0.38191493560349049
2100-Jun-13 08:00:00, 6582.5498191835422, 0.38249421954628038, null, null, 6582.5498191835422, 0.38249421954628038
2100-Jun-13 09:00:00, 6590.7863968702104, 0.38297282486496909, null, null, 6590.7863968702104, 0.38297282486496909
2100-Jun-13 10:00:00, 6596.0191615361446, 0.38327688670907895, null, null, 6596.0191615361446, 0.38327688670907895
2100-Jun-13 11:00:00, 6596.938576773101, 0.38333031144921137, null, null, 6596.938576773101, 0.38333031144921137
2100-Jun-13 12:00:00, 6592.4939910994444, 0.38307204856094618, null, null, 6592.4939910994444, 0.38307204856094618
2100-Jun-13 13:00:00, 6582.1463421914323, 0.38247077458628143, null, null, 6582.1463421914323, 0.38247077458628143
2100-Jun-13 14:00:00, 6566.3954170294292, 0.38155553079892496, null, null, 6566.3954170294292, 0.38155553079892496
2100-Jun-13 15:00:00, 6546.4895488087905, 0.38039885447461441, null, null, 6546.4895488087905, 0.38039885447461441
2100-Jun-13 16:00:00, 6523.8360324459209, 0.37908251972604284, null, null, 6523.8360324459209, 0.37908251972604284
2100-Jun-13 17:00:00, 6499.8668247228261, 0.37768973370041048, null, null, 6499.8668247228261, 0.37768973370041048
2100-Jun-13 18:00:00, 6475.8992230497443, 0.37629704099801348, null, null, 6475.8992230497443, 0.37629704099801348
2100-Jun-13 19:00:00, 6453.2258360071255, 0.37497955161782481, null, null, 6453.2258360071255, 0.37497955161782481
2100-Jun-13 20:00:00, 6433.0309206567426, 0.37380607954424677, null, null, 6433.0309206567426, 0.37380607954424677
2100-Jun-13 21:00:00, 6416.1850786738951, 0.37282721309297417, null, null, 6416.1850786738951, 0.37282721309297417
2100-Jun-13 22:00:00, 6403.2238208319723, 0.37207406935099502, null, null, 6403.2238208319723, 0.37207406935099502
2100-Jun-13 23:00:00, 6394.1579126985953, 0.37154727387641334, null, null, 6394.1579126985953, 0.37154727387641334
2100-Jun-14 00:00:00, 6388.8022410958874, 0.37123607024163735, null, null, 6388.8022410958874, 0.37123607024163735
2100-Jun-14 01:00:00, 6386.8288598332883, 0.37112140237787039, null, null, 6386.8288598332883, 0.37112140237787039
2100-Jun-14 02:00:00, 6388.0722520221689, 0.37119365254504572, null, null, 6388.0722520221689, 0.37119365254504572
2100-Jun-14 03:00:00, 6392.5480336170413, 0.3714537281441701, null, null, 6392.5480336170413, 0.3714537281441701
2100-Jun-14 04:00:00, 6399.9581408346867, 0.37188430949255696, null, null, 6399.9581408346867, 0.37188430949255696
2100-Jun-14 05:00:00, 6409.9549576358895, 0.37246519755954577, null, null, 6409.9549576358895, 0.37246519755954577
2100-Jun-14 06:00:00, 6422.0962083455579, 0.37317069289829374, null, null, 6422.0962083455579, 0.37317069289829374
2100-Jun-14 07:00:00, 6435.2735406293896, 0.37393639214342783, null, null, 6435.2735406293896, 0.37393639214342783
2100-Jun-14 08:00:00, 6448.0058368649807, 0.37467623154387897, null, null, 6448.0058368649807, 0.37467623154387897
2100-Jun-14 09:00:00, 6458.9367336526084, 0.37531139648004697, null, null, 6458.9367336526084, 0.37531139648004697
2100-Jun-14 10:00:00, 6467.0903809102965, 0.37578518293513713, null, null, 6467.0903809102965, 0.37578518293513713
2100-Jun-14 11:00:00, 6471.6062728507995, 0.37604758923828491, null, null, 6471.6062728507995, 0.37604758923828491
2100-Jun-14 12:00:00, 6471.7433872772035, 0.37605555658786166, null, null, 6471.7433872772035, 0.37605555658786166
2100-Jun-14 13:00:00, 6466.8212996885259, 0.37576954735094209, null, null, 6466.8212996885259, 0.37576954735094209
2100-Jun-14 14:00:00, 6457.0047800444709, 0.37519913586556736, null, null, 6457.0047800444709, 0.37519913586556736
2100-Jun-14 15:00:00, 6443.0888611080882, 0.37439051934171991, null, null, 6443.0888611080882, 0.37439051934171991
2100-Jun-14 16:00:00, 6426.4998900570899, 0.37342657896762116, null, null, 6426.4998900570899, 0.37342657896762116
2100-Jun-14 17:00:00, 6408.8341186866755, 0.3724000686306515, null, null, 6408.8341186866755, 0.3724000686306515
2100-Jun-14 18:00:00, 6391.3366645009637, 0.37138333875140223, null, null, 6391.3366645009637, 0.37138333875140223
2100-Jun-14 19:00:00, 6374.9727726405226, 0.37043247712212019, null, null, 6374.9727726405226, 0.37043247712212019
2100-Jun-14 20:00:00, 6360.3569505126643, 0.36958319111116894, null, null, 6360.3569505126643, 0.36958319111116894
2100-Jun-14 21:00:00, 6347.8933213102591, 0.36885896322753103, null, null, 6347.8933213102591, 0.36885896322753103
2100-Jun-14 22:00:00, 6337.851941180259, 0.36827548570567487, null, null, 6337.851941180259, 0.36827548570567487
2100-Jun-14 23:00:00, 6330.5128271677186, 0.36784902958099702, null, null, 6330.5128271677186, 0.36784902958099702
2100-Jun-15 00:00:00, 6325.9118337715663, 0.36758167826174531, null, null, 6325.9118337715663, 0.36758167826174531
2100-Jun-15 01:00:00, 6323.9071577976902, 0.36746519194669514, null, null, 6323.9071577976902, 0.36746519194669514
2100-Jun-15 02:00:00, 6324.4165733647551, 0.36749479271161173, null, null, 6324.4165733647551, 0.36749479271161173
2100-Jun-15 03:00:00, 6327.2974037856038, 0.36766218999894501, null, null, 6327.2974037856038, 0.36766218999894501
2100-Jun-15 04:00:00, 6332.4536269091013, 0.36796180422042513, null, null, 6332.4536269091013, 0.36796180422042513
2100-Jun-15 05:00:00, 6339.7772302038738, 0.36838735905911957, null, null, 6339.7772302038738, 0.36838735905911957
2100-Jun-15 06:00:00, 6348.9543011216374, 0.3689206139033413, null, null, 6348.9543011216374, 0.3689206139033413
2100-Jun-15 07:00:00, 6358.9641529339397, 0.36950225939967507, null, null, 6358.9641529339397, 0.36950225939967507
2100-Jun-15 08:00:00, 6368.381733016804, 0.37004948958292594, null, null, 6368.381733016804, 0.37004948958292594
2100-Jun-15 09:00:00, 6375.8624588398834, 0.37048417438804498, null, null, 6375.8624588398834, 0.37048417438804498
2100-Jun-15 10:00:00, 6380.2602227234975, 0.37073971658835003, null, null, 6380.2602227234975, 0.37073971658835003
2100-Jun-15 11:00:00, 6379.9749466018711, 0.37072313996219547, null, null, 6379.9749466018711, 0.37072313996219547
2100-Jun-15 12:00:00, 6374.2375828741406, 0.37038975722730205, null, null, 6374.2375828741406, 0.37038975722730205
2100-Jun-15 13:00:00, 6363.2620035867576, 0.36975199591156366, null, null, 6363.2620035867576, 0.36975199591156366
2100-Jun-15 14:00:00, 6348.4298534262307, 0.36889013966198231, null, null, 6348.4298534262307, 0.36889013966198231
2100-Jun-15 15:00:00, 6331.6473658544828, 0.3679149545646978, null, null, 6331.6473658544828, 0.3679149545646978
2100-Jun-15 16:00:00, 6314.388979785771, 0.3669121162890584, null, null, 6314.388979785771, 0.3669121162890584
2100-Jun-15 17:00:00, 6297.5003323731517, 0.36593076252969053, null, null, 6297.5003323731517, 0.36593076252969053
2100-Jun-15 18:00:00, 6281.5033266906648, 0.36500121966686733, null, null, 6281.5033266906648, 0.36500121966686733
2100-Jun-15 19:00:00, 6267.0062379577157, 0.3641588329333188, null, null, 6267.0062379577157, 0.3641588329333188
2100-Jun-15 20:00:00, 6254.6396633950708, 0.36344024463308067, null, null, 6254.6396633950708, 0.36344024463308067
2100-Jun-15 21:00:00, 6244.855185028252, 0.36287169497992394, null, null, 6244.855185028252, 0.36287169497992394
2100-Jun-15 22:00:00, 6237.8780476123675, 0.36246627233917483, null, null, 6237.8780476123675, 0.36246627233917483
2100-Jun-15 23:00:00, 6233.5299297084666, 0.36221361493287602, null, null, 6233.5299297084666, 0.36221361493287602
2100-Jun-16 00:00:00, 6231.5330748075903, 0.36209758307928758, null, null, 6231.5330748075903, 0.36209758307928758
2100-Jun-16 01:00:00, 6231.7949832737086, 0.36211280187399364, null, null, 6231.7949832737086, 0.36211280187399364
2100-Jun-16 02:00:00, 6234.2979002459242, 0.362258239629905, null, null, 6234.2979002459242, 0.362258239629905
2100-Jun-16 03:00:00, 6238.9679491390298, 0.36252960357787023, null, null, 6238.9679491390298, 0.36252960357787023
2100-Jun-16 04:00:00, 6245.6302072558028, 0.36291672943164871, null, null, 6245.6302072558028, 0.36291672943164871
2100-Jun-16 05:00:00, 6254.0685916225293, 0.36340706119232546, null, null, 6254.0685916225293, 0.36340706119232546
2100-Jun-16 06:00:00, 6263.8935521327348, 0.36397796315367059, null, null, 6263.8935521327348, 0.36397796315367059
2100-Jun-16 07:00:00, 6274.2425826061353, 0.36457931740737454, null, null, 6274.2425826061353, 0.36457931740737454
2100-Jun-16 08:00:00, 6283.9100004614393, 0.36514106498987153, null, null, 6283.9100004614393, 0.36514106498987153
2100-Jun-16 09:00:00, 6291.5901320503253, 0.36558733672632576, null, null, 6291.5901320503253, 0.36558733672632576
2100-Jun-16 10:00:00, 6295.9667657065183, 0.36584165110609496, null, null, 6295.9667657065183, 0.36584165110609496
2100-Jun-16 11:00:00, 6296.0957791114661, 0.36584914772716004, null, null, 6296.0957791114661, 0.36584914772716004
2100-Jun-16 12:00:00, 6291.7966671624463, 0.36559933792475036, null, null, 6291.7966671624463, 0.36559933792475036
2100-Jun-16 13:00:00, 6283.5513165781158, 0.36512022283663542, null, null, 6283.5513165781158, 0.36512022283663542
2100-Jun-16 14:00:00, 6271.9878678948653, 0.36444830201554668, null, null, 6271.9878678948653, 0.36444830201554668
2100-Jun-16 15:00:00, 6257.8818219236746, 0.36362863772240139, null, null, 6257.8818219236746, 0.36362863772240139
2100-Jun-16 16:00:00, 6241.9711759634874, 0.3627041129901642, null, null, 6241.9711759634874, 0.3627041129901642
2100-Jun-16 17:00:00, 6225.0109391892329, 0.3617185993660389, null, null, 6225.0109391892329, 0.3617185993660389
2100-Jun-16 18:00:00, 6207.9012514177357, 0.36072440154747215, null, null, 6207.9012514177357, 0.36072440154747215
2100-Jun-16 19:00:00, 6191.6489216013379, 0.35978002248773222, null, null, 6191.6489216013379, 0.35978002248773222
2100-Jun-16 20:00:00, 6177.1594194351619, 0.35893807658912097, null, null, 6177.1594194351619, 0.35893807658912097
2100-Jun-16 21:00:00, 6165.0450336776903, 0.35823414230030137, null, null, 6165.0450336776903, 0.35823414230030137
2100-Jun-16 22:00:00, 6155.8765598644977, 0.35770138701064336, null, null, 6155.8765598644977, 0.35770138701064336
2100-Jun-16 23:00:00, 6150.0979314858405, 0.35736560649815846, null, null, 6150.0979314858405, 0.35736560649815846
2100-Jun-17 00:00:00, 6147.865387309278, 0.35723587937631762, null, null, 6147.865387309278, 0.35723587937631762
2100-Jun-17 01:00:00, 6149.0406430320427, 0.35730417031718315, null, null, 6149.0406430320427, 0.35730417031718315
2100-Jun-17 02:00:00, 6153.2791874992572, 0.35755046070655089, null, null, 6153.2791874992572, 0.35755046070655089
2100-Jun-17 03:00:00, 6160.2535467595508, 0.35795572191617014, null, null, 6160.2535467595508, 0.35795572191617014
2100-Jun-17 04:00:00, 6169.6590333574059, 0.35850224937961833, null, null, 6169.6590333574059, 0.35850224937961833
2100-Jun-17 05:00:00, 6181.4322693660824, 0.35918636037647689, null, null, 6181.4322693660824, 0.35918636037647689
2100-Jun-17 06:00:00, 6195.2492285552844, 0.3599892266162697, null, null, 6195.2492285552844, 0.3599892266162697
2100-Jun-17 07:00:00, 6209.9581937762978, 0.36084392492119532, null, null, 6209.9581937762978, 0.36084392492119532
2100-Jun-17 08:00:00, 6223.9882346572695, 0.36165917276350262, null, null, 6223.9882346572695, 0.36165917276350262
2100-Jun-17 09:00:00, 6235.9658895642797, 0.36235516199130918, null, null, 6235.9658895642797, 0.36235516199130918
2100-Jun-17 10:00:00, 6244.916684040697, 0.36287526852169938, null, null, 6244.916684040697, 0.36287526852169938
2100-Jun-17 11:00:00, 6250.0948508738647, 0.36317615783297524, null, null, 6250.0948508738647, 0.36317615783297524
2100-Jun-17 12:00:00, 6251.1544144791596, 0.36323772621686895, null, null, 6251.1544144791596, 0.36323772621686895
2100-Jun-17 13:00:00, 6248.0639354391933, 0.36305814681361531, null, null, 6248.0639354391933, 0.36305814681361531
2100-Jun-17 14:00:00, 6241.0775191474731, 0.36265218500241275, null, null, 6241.0775191474731, 0.36265218500241275
2100-Jun-17 15:00:00, 6230.8164221130801, 0.36205594032372901, null, null, 6230.8164221130801, 0.36205594032372901
2100-Jun-17 16:00:00, 6218.0690827676717, 0.36131522680873152, null, null, 6218.0690827676717, 0.36131522680873152
2100-Jun-17 17:00:00, 6203.7475664942212, 0.36048304211735727, null, null, 6203.7475664942212, 0.36048304211735727
2100-Jun-17 18:00:00, 6188.7960078763026, 0.35961424736431269, null, null, 6188.7960078763026, 0.35961424736431269
2100-Jun-17 19:00:00, 6174.1103566121074, 0.35876090377054953, null, null, 6174.1103566121074, 0.35876090377054953
2100-Jun-17 20:00:00, 6160.5663071012486, 0.35797389557623938, null, null, 6160.5663071012486, 0.35797389557623938
2100-Jun-17 21:00:00, 6148.9284696238083, 0.35729765222291648, null, null, 6148.9284696238083, 0.35729765222291648
2100-Jun-17 22:00:00, 6139.6735021784016, 0.35675987102152845, null, null, 6139.6735021784016, 0.35675987102152845
2100-Jun-17 23:00:00, 6133.2242735313203, 0.3563851237357803, null, null, 6133.2242735313203, 0.3563851237357803
2100-Jun-18 00:00:00, 6129.8542753197498, 0.35618930222721373, null, null, 6129.8542753197498, 0.35618930222721373
2100-Jun-18 01:00:00, 6129.6636285929717, 0.356178224260017, null, null, 6129.6636285929717, 0.356178224260017
2100-Jun-18 02:00:00, 6132.6283506656328, 0.35635049626501558, null, null, 6132.6283506656328, 0.35635049626501558
2100-Jun-18 03:00:00, 6138.4840262280741, 0.35669075378158538, null, null, 6138.4840262280741, 0.35669075378158538
2100-Jun-18 04:00:00, 6146.8366932262634, 0.35717610473712114, null, null, 6146.8366932262634, 0.35717610473712114
2100-Jun-18 05:00:00, 6157.3560527699565, 0.35778735635379189, null, null, 6157.3560527699565, 0.35778735635379189
2100-Jun-18 06:00:00, 6169.6298229072218, 0.35850055203912679, null, null, 6169.6298229072218, 0.35850055203912679
2100-Jun-18 07:00:00, 6182.4896384783096, 0.35924780124429606, null, null, 6182.4896384783096, 0.35924780124429606
2100-Jun-18 08:00:00, 6193.9099385642266, 0.35991140408640704, null, null, 6193.9099385642266, 0.35991140408640704
2100-Jun-18 09:00:00, 6202.6129135126066, 0.36041711049229103, null, null, 6202.6129135126066, 0.36041711049229103
2100-Jun-18 10:00:00, 6208.0916388416217, 0.36073546444727711, null, null, 6208.0916388416217, 0.36073546444727711
2100-Jun-18 11:00:00, 6210.2041949190116, 0.3608582193842339, null, null, 6210.2041949190116, 0.3608582193842339
2100-Jun-18 12:00:00, 6208.9189374308689, 0.36078353653741208, null, null, 6208.9189374308689, 0.36078353653741208
2100-Jun-18 13:00:00, 6204.2586790295927, 0.36051274148852613, null, null, 6204.2586790295927, 0.36051274148852613
2100-Jun-18 14:00:00, 6196.3789901353202, 0.36005487401518033, null, null, 6196.3789901353202, 0.36005487401518033
2100-Jun-18 15:00:00, 6185.7050798916825, 0.35943464187409591, null, null, 6185.7050798916825, 0.35943464187409591
2100-Jun-18 16:00:00, 6172.8665254880607, 0.35868862809803537, null, null, 6172.8665254880607, 0.35868862809803537
2100-Jun-18 17:00:00, 6158.6219449803411, 0.3578609139365434, null, null, 6158.6219449803411, 0.3578609139365434
2100-Jun-18 18:00:00, 6143.8667393576843, 0.35700352872656971, null, null, 6143.8667393576843, 0.35700352872656971
2100-Jun-18 19:00:00, 6129.5133906131714, 0.3561694943361412, null, null, 6129.5133906131714, 0.3561694943361412
2100-Jun-18 20:00:00, 6116.3257487451247, 0.35540319602886916, null, null, 6116.3257487451247, 0.35540319602886916
2100-Jun-18 21:00:00, 6104.8764949839806, 0.35473791076676697, null, null, 6104.8764949839806, 0.35473791076676697
2100-Jun-18 22:00:00, 6095.6144389914034, 0.35419971766901776, null, null, 6095.6144389914034, 0.35419971766901776
2100-Jun-18 23:00:00, 6088.870004967418, 0.353807816794866, null, null, 6088.870004967418, 0.353807816794866
2100-Jun-19 00:00:00, 6084.7840490839808, 0.3535703929166325, null, null, 6084.7840490839808, 0.3535703929166325
2100-Jun-19 01:00:00, 6083.4529468373967, 0.35349304615452221, null, null, 6083.4529468373967, 0.35349304615452221
2100-Jun-19 02:00:00, 6084.8903632652309, 0.35357657054701902, null, null, 6084.8903632652309, 0.35357657054701902
2100-Jun-19 03:00:00, 6089.1471529328592, 0.35382392111578298, null, null, 6089.1471529328592, 0.35382392111578298
2100-Jun-19 04:00:00, 6096.263602477813, 0.35423743880868447, null, null, 6096.263602477813, 0.35423743880868447
2100-Jun-19 05:00:00, 6106.2394348207063, 0.35481710752538742, null, null, 6106.2394348207063, 0.35481710752538742
2100-Jun-19 06:00:00, 6118.7712042243047, 0.35554529485237035, null, null, 6118.7712042243047, 0.35554529485237035
2100-Jun-19 07:00:00, 6133.0171236175729, 0.35637308681289109, null, null, 6133.0171236175729, 0.35637308681289109
2100-Jun-19 08:00:00, 6147.843186776312, 0.35723458936321273, null, null, 6147.843186776312, 0.35723458936321273
2100-Jun-19 09:00:00, 6162.0689938822643, 0.35806121265295215, null, null, 6162.0689938822643, 0.35806121265295215
2100-Jun-19 10:00:00, 6174.3815848499107, 0.35877666411205655, null, null, 6174.3815848499107, 0.35877666411205655
2100-Jun-19 11:00:00, 6183.8647084719723, 0.35932770285362609, null, null, 6183.8647084719723, 0.35932770285362609
2100-Jun-19 12:00:00, 6189.887092143771, 0.35967764732888696, null, null, 6189.887092143771, 0.35967764732888696
2100-Jun-19 13:00:00, 6191.9847898683083, 0.35979953888702643, null, null, 6191.9847898683083, 0.35979953888702643
2100-Jun-19 14:00:00, 6189.6029082167879, 0.3596611341672179, null, null, 6189.6029082167879, 0.3596611341672179
2100-Jun-19 15:00:00, 6182.6969463995456, 0.35925984734857436, null, null, 6182.6969463995456, 0.35925984734857436
2100-Jun-19 16:00:00, 6172.1122979412403, 0.35864480196913306, null, null, 6172.1122979412403, 0.35864480196913306
2100-Jun-19 17:00:00, 6159.1448924136703, 0.35789130100171868, null, null, 6159.1448924136703, 0.35789130100171868
2100-Jun-19 18:00:00, 6145.1245814887543, 0.35707661854092004, null, null, 6145.1245814887543, 0.35707661854092004
2100-Jun-19 19:00:00, 6131.2555594779651, 0.35627072707095697, null, null, 6131.2555594779651, 0.35627072707095697
2100-Jun-19 20:00:00, 6118.5958531205224, 0.35553510567257984, null, null, 6118.5958531205224, 0.35553510567257984
2100-Jun-19 21:00:00, 6107.8811800244457, 0.35491250491206089, null, null, 6107.8811800244457, 0.35491250491206089
2100-Jun-19 22:00:00, 6099.6226458610308, 0.35443262376171614, null, null, 6099.6226458610308, 0.35443262376171614
2100-Jun-19 23:00:00, 6094.2429401953723, 0.35412002357235212, null, null, 6094.2429401953723, 0.35412002357235212
2100-Jun-20 00:00:00, 6091.9715301685355, 0.35398803806075713, null, null, 6091.9715301685355, 0.35398803806075713
2100-Jun-20 01:00:00, 6092.9242479613458, 0.35404339792260681, null, null, 6092.9242479613458, 0.35404339792260681
2100-Jun-20 02:00:00, 6096.8728093361997, 0.35427283817644339, null, null, 6096.8728093361997, 0.35427283817644339
2100-Jun-20 03:00:00, 6103.6403340486759, 0.35466608078823719, null, null, 6103.6403340486759, 0.35466608078823719
2100-Jun-20 04:00:00, 6113.0115890233201, 0.3552106191443693, null, null, 6113.0115890233201, 0.3552106191443693
2100-Jun-20 05:00:00, 6124.7650733101127, 0.35589358242193153, null, null, 6124.7650733101127, 0.35589358242193153
2100-Jun-20 06:00:00, 6138.4063802092232, 0.35668624198080956, null, null, 6138.4063802092232, 0.35668624198080956
2100-Jun-20 07:00:00, 6152.9055417764621, 0.35752874916116906, null, null, 6152.9055417764621, 0.35752874916116906
2100-Jun-20 08:00:00, 6167.2149159012652, 0.35836022830502784, null, null, 6167.2149159012652, 0.35836022830502784
2100-Jun-20 09:00:00, 6179.8847333994572, 0.35909643723452833, null, null, 6179.8847333994572, 0.35909643723452833
2100-Jun-20 10:00:00, 6189.1344721539135, 0.35963391461078487, null, null, 6189.1344721539135, 0.35963391461078487
2100-Jun-20 11:00:00, 6192.8491474034699, 0.35984976437257565, null, null, 6192.8491474034699, 0.35984976437257565
2100-Jun-20 12:00:00, 6189.8040277198279, 0.35967282067920242, null, null, 6189.8040277198279, 0.35967282067920242
2100-Jun-20 13:00:00, 6180.201374633958, 0.35911483640281316, null, null, 6180.201374633958, 0.35911483640281316
2100-Jun-20 14:00:00, 6164.0081453357197, 0.35817389151481355, null, null, 6164.0081453357197, 0.35817389151481355
2100-Jun-20 15:00:00, 6141.3711407910987, 0.35685851622347475, null, null, 6141.3711407910987, 0.35685851622347475
2100-Jun-20 16:00:00, 6113.6607639363601, 0.35524834094800667, null, null, 6113.6607639363601, 0.35524834094800667
2100-Jun-20 17:00:00, 6083.0947330899817, 0.35347223131961597, null, null, 6083.0947330899817, 0.35347223131961597
2100-Jun-20 18:00:00, 6051.9434481174667, 0.35166211415214671, null, null, 6051.9434481174667, 0.35166211415214671
2100-Jun-20 19:00:00, 6022.3809351824884, 0.34994431624350986, null, null, 6022.3809351824884, 0.34994431624350986
2100-Jun-20 20:00:00, 5995.9009742726339, 0.34840563712067002, null, null, 5995.9009742726339, 0.34840563712067002
2100-Jun-20 21:00:00, 5973.3428886549145, 0.34709484759536147, null, null, 5973.3428886549145, 0.34709484759536147
2100-Jun-20 22:00:00, 5955.0884014246321, 0.34603412856730092, null, null, 5955.0884014246321, 0.34603412856730092
2100-Jun-20 23:00:00, 5941.1269869474909, 0.34522286842026284, null, null, 5941.1269869474909, 0.34522286842026284
2100-Jun-21 00:00:00, 5931.3045114443257, 0.34465211085597575, null, null, 5931.3045114443257, 0.34465211085597575
2100-Jun-21 01:00:00, 5925.4771466700968, 0.34431349840296638, null, null, 5925.4771466700968, 0.34431349840296638
2100-Jun-21 02:00:00, 5923.5955389947403, 0.34420416325487829, null, null, 5923.5955389947403, 0.34420416325487829
2100-Jun-21 03:00:00, 5925.5363011816471, 0.34431693571211702, null, null, 5925.5363011816471, 0.34431693571211702
2100-Jun-21 04:00:00, 5930.9864076508211, 0.34463362670233111, null, null, 5930.9864076508211, 0.34463362670233111
2100-Jun-21 05:00:00, 5939.6829589431009, 0.34513895984688109, null, null, 5939.6829589431009, 0.34513895984688109
2100-Jun-21 06:00:00, 5951.0806528366847, 0.34580124910411519, null, null, 5951.0806528366847, 0.34580124910411519
2100-Jun-21 07:00:00, 5963.6644497993675, 0.34653245961225948, null, null, 5963.6644497993675, 0.34653245961225948
2100-Jun-21 08:00:00, 5975.7438410189388, 0.34723436046284767, null, null, 5975.7438410189388, 0.34723436046284767
2100-Jun-21 09:00:00, 5985.9102570403575, 0.34782510348318346, null, null, 5985.9102570403575, 0.34782510348318346
2100-Jun-21 10:00:00, 5992.8653676378772, 0.34822924620491474, null, null, 5992.8653676378772, 0.34822924620491474
2100-Jun-21 11:00:00, 5995.1228160869405, 0.34836042044687399, null, null, 5995.1228160869405, 0.34836042044687399
2100-Jun-21 12:00:00, 5991.6018555411174, 0.3481558269241477, null, null, 5991.6018555411174, 0.3481558269241477
2100-Jun-21 13:00:00, 5982.3674887292818, 0.34761924277002504, null, null, 5982.3674887292818, 0.34761924277002504
2100-Jun-21 14:00:00, 5967.7853764805486, 0.34677191554924797, null, null, 5967.7853764805486, 0.34677191554924797
2100-Jun-21 15:00:00, 5948.5749672057173, 0.34565565046890973, null, null, 5948.5749672057173, 0.34565565046890973
2100-Jun-21 16:00:00, 5925.8626983749373, 0.34433590177285928, null, null, 5925.8626983749373, 0.34433590177285928
2100-Jun-21 17:00:00, 5901.195169015351, 0.34290253816001842, null, null, 5901.195169015351, 0.34290253816001842
2100-Jun-21 18:00:00, 5876.1782651330805, 0.34144887333578466, null, null, 5876.1782651330805, 0.34144887333578466
2100-Jun-21 19:00:00, 5852.2021452883619, 0.3400556856654039, null, null, 5852.2021452883619, 0.3400556856654039
2100-Jun-21 20:00:00, 5830.3336039429078, 0.33878496369833755, null, null, 5830.3336039429078, 0.33878496369833755
2100-Jun-21 21:00:00, 5811.3196139488837, 0.3376801120127445, null, null, 5811.3196139488837, 0.3376801120127445
2100-Jun-21 22:00:00, 5795.5336804470035, 0.33676283398516099, null, null, 5795.5336804470035, 0.33676283398516099
2100-Jun-21 23:00:00, 5783.0201157475758, 0.33603570448444675, null, null, 5783.0201157475758, 0.33603570448444675
2100-Jun-22 00:00:00, 5773.6214835509081, 0.33548957531176804, null, null, 5773.6214835509081, 0.33548957531176804
2100-Jun-22 01:00:00, 5767.2511316779573, 0.33511941134266621, null, null, 5767.2511316779573, 0.33511941134266621
2100-Jun-22 02:00:00, 5763.8734313215218, 0.33492314228323111, null, null, 5763.8734313215218, 0.33492314228323111
2100-Jun-22 03:00:00, 5763.4091962668308, 0.33489616683605522, null, null, 5763.4091962668308, 0.33489616683605522
2100-Jun-22 04:00:00, 5765.7021496217912, 0.33502940417235394, null, null, 5765.7021496217912, 0.33502940417235394
2100-Jun-22 05:00:00, 5770.5900302310429, 0.33531342573394129, null, null, 5770.5900302310429, 0.33531342573394129
2100-Jun-22 06:00:00, 5777.6619003955157, 0.33572435303925535, null, null, 5777.6619003955157, 0.33572435303925535
2100-Jun-22 07:00:00, 5785.7070504768017, 0.33619183501599731, null, null, 5785.7070504768017, 0.33619183501599731
2100-Jun-22 08:00:00, 5793.1785520876538, 0.33662598382701775, null, null, 5793.1785520876538, 0.33662598382701775
2100-Jun-22 09:00:00, 5798.6626051387002, 0.33694464736156443, null, null, 5798.6626051387002, 0.33694464736156443
2100-Jun-22 10:00:00, 5800.8848644181644, 0.33707377685576906, null, null, 5800.8848644181644, 0.33707377685576906
2100-Jun-22 11:00:00, 5798.7814893404229, 0.33695155540194444, null, null, 5798.7814893404229, 0.33695155540194444
2100-Jun-22 12:00:00, 5791.7010201840076, 0.33654012843239656, null, null, 5791.7010201840076, 0.33654012843239656
2100-Jun-22 13:00:00, 5779.5217711054029, 0.33583242511089573, null, null, 5779.5217711054029, 0.33583242511089573
2100-Jun-22 14:00:00, 5762.3549229095761, 0.3348349058542095, null, null, 5762.3549229095761, 0.3348349058542095
2100-Jun-22 15:00:00, 5741.0701893390042, 0.33359810738265061, null, null, 5741.0701893390042, 0.33359810738265061
2100-Jun-22 16:00:00, 5717.0202783219811, 0.33220063190623184, null, null, 5717.0202783219811, 0.33220063190623184
2100-Jun-22 17:00:00, 5692.0746747632666, 0.33075111015153208, null, null, 5692.0746747632666, 0.33075111015153208
2100-Jun-22 18:00:00, 5668.0373165502297, 0.3293543640847032, null, null, 5668.0373165502297, 0.3293543640847032
2100-Jun-22 19:00:00, 5646.2084715401279, 0.32808594876463942, null, null, 5646.2084715401279, 0.32808594876463942
2100-Jun-22 20:00:00, 5627.3922670460897, 0.32699258986110391, null, null, 5627.3922670460897, 0.32699258986110391
2100-Jun-22 21:00:00, 5612.0996243047348, 0.3261039756294109, null, null, 5612.0996243047348, 0.3261039756294109
2100-Jun-22 22:00:00, 5600.6474899953701, 0.32543852298641929, null, null, 5600.6474899953701, 0.32543852298641929
2100-Jun-22 23:00:00, 5593.0662801760882, 0.32499799932724516, null, null, 5593.0662801760882, 0.32499799932724516
2100-Jun-23 00:00:00, 5589.305048045956, 0.32477944427066896, null, null, 5589.305048045956, 0.32477944427066896
2100-Jun-23 01:00:00, 5589.0634622095622, 0.32476540636917439, null, null, 5589.0634622095622, 0.32476540636917439
2100-Jun-23 02:00:00, 5591.9871775644624, 0.32493529558438228, null, null, 5591.9871775644624, 0.32493529558438228
2100-Jun-23 03:00:00, 5597.7630843799161, 0.32527091795416829, null, null, 5597.7630843799161, 0.32527091795416829
2100-Jun-23 04:00:00, 5606.1420234594134, 0.32575779550950379, null, null, 5606.1420234594134, 0.32575779550950379
2100-Jun-23 05:00:00, 5616.9951496522763, 0.32638844140612555, null, null, 5616.9951496522763, 0.32638844140612555
2100-Jun-23 06:00:00, 5629.976404234375, 0.32714274710475333, null, null, 5629.976404234375, 0.32714274710475333
2100-Jun-23 07:00:00, 5643.9935848437162, 0.32795724767135509, null, null, 5643.9935848437162, 0.32795724767135509
2100-Jun-23 08:00:00, 5657.5568484734431, 0.32874537234630002, null, null, 5657.5568484734431, 0.32874537234630002
2100-Jun-23 09:00:00, 5668.9204018875189, 0.32940567779233287, null, null, 5668.9204018875189, 0.32940567779233287
2100-Jun-23 10:00:00, 5676.6744757494835, 0.32985624611488362, null, null, 5676.6744757494835, 0.32985624611488362
2100-Jun-23 11:00:00, 5679.6579513438701, 0.33002960783645913, null, null, 5679.6579513438701, 0.33002960783645913
2100-Jun-23 12:00:00, 5676.9957331191727, 0.32987491351433645, null, null, 5676.9957331191727, 0.32987491351433645
2100-Jun-23 13:00:00, 5668.3167668923506, 0.3293706021905205, null, null, 5668.3167668923506, 0.3293706021905205
2100-Jun-23 14:00:00, 5654.3109425814009, 0.328556761507795, null, null, 5654.3109425814009, 0.328556761507795
2100-Jun-23 15:00:00, 5636.1143626228413, 0.32749940731514199, null, null, 5636.1143626228413, 0.32749940731514199
2100-Jun-23 16:00:00, 5614.9467215753939, 0.32626941277435123, null, null, 5614.9467215753939, 0.32626941277435123
2100-Jun-23 17:00:00, 5592.1182841179334, 0.32494291383266366, null, null, 5592.1182841179334, 0.32494291383266366
2100-Jun-23 18:00:00, 5569.1102618482573, 0.32360597970180516, null, null, 5569.1102618482573, 0.32360597970180516
2100-Jun-23 19:00:00, 5547.3408142033213, 0.32234101580246072, null, null, 5547.3408142033213, 0.32234101580246072
2100-Jun-23 20:00:00, 5527.9731719012307, 0.32121561433490164, null, null, 5527.9731719012307, 0.32121561433490164
2100-Jun-23 21:00:00, 5511.7734630471887, 0.32027429293738702, null, null, 5511.7734630471887, 0.32027429293738702
2100-Jun-23 22:00:00, 5499.0569686107719, 0.31953537173687491, null, null, 5499.0569686107719, 0.31953537173687491
2100-Jun-23 23:00:00, 5489.7839353921709, 0.31899654078212253, null, null, 5489.7839353921709, 0.31899654078212253
2100-Jun-24 00:00:00, 5483.7701685459451, 0.31864709700735966, null, null, 5483.7701685459451, 0.31864709700735966
2100-Jun-24 01:00:00, 5480.7244335687228, 0.31847011756093563, null, null, 5480.7244335687228, 0.31847011756093563
2100-Jun-24 02:00:00, 5480.353004857242, 0.31844853484010294, null, null, 5480.353004857242, 0.31844853484010294
2100-Jun-24 03:00:00, 5482.4318213494462, 0.31856932926074649, null, null, 5482.4318213494462, 0.31856932926074649
2100-Jun-24 04:00:00, 5486.8092121770469, 0.31882368763770441, null, null, 5486.8092121770469, 0.31882368763770441
2100-Jun-24 05:00:00, 5493.3812450636615, 0.31920557074665895, null, null, 5493.3812450636615, 0.31920557074665895
2100-Jun-24 06:00:00, 5501.9836620628976, 0.31970543400128187, null, null, 5501.9836620628976, 0.31970543400128187
2100-Jun-24 07:00:00, 5512.1441014448928, 0.32029582973521731, null, null, 5512.1441014448928, 0.32029582973521731
2100-Jun-24 08:00:00, 5523.0735174448573, 0.32093090862680729, null, null, 5523.0735174448573, 0.32093090862680729
2100-Jun-24 09:00:00, 5533.8149134234764, 0.32155506218197011, null, null, 5533.8149134234764, 0.32155506218197011
2100-Jun-24 10:00:00, 5543.3977148462418, 0.32211189293174819, null, null, 5543.3977148462418, 0.32211189293174819
2100-Jun-24 11:00:00, 5550.9292406735185, 0.32254952958812433, null, null, 5550.9292406735185, 0.32254952958812433
2100-Jun-24 12:00:00, 5555.6456814509966, 0.3228235892433905, null, null, 5555.6456814509966, 0.3228235892433905
2100-Jun-24 13:00:00, 5556.3981868190231, 0.32286731530112706, null, null, 5556.3981868190231, 0.32286731530112706
2100-Jun-24 14:00:00, 5552.1840419342607, 0.3226224427056999, null, null, 5552.1840419342607, 0.3226224427056999
2100-Jun-24 15:00:00, 5542.773849986198, 0.32207564182703957, null, null, 5542.773849986198, 0.32207564182703957
2100-Jun-24 16:00:00, 5529.2675788876277, 0.32129082883439458, null, null, 5529.2675788876277, 0.32129082883439458
2100-Jun-24 17:00:00, 5513.578331960709, 0.32037916900295788, null, null, 5513.578331960709, 0.32037916900295788
2100-Jun-24 18:00:00, 5497.7868374805121, 0.31946156784192004, null, null, 5497.7868374805121, 0.31946156784192004
2100-Jun-24 19:00:00, 5483.472406330191, 0.31862979484794518, null, null, 5483.472406330191, 0.31862979484794518
2100-Jun-24 20:00:00, 5471.6248711249427, 0.31794136652512839, null, null, 5471.6248711249427, 0.31794136652512839
2100-Jun-24 21:00:00, 5462.7124006518288, 0.31742348689922595, null, null, 5462.7124006518288, 0.31742348689922595
2100-Jun-24 22:00:00, 5456.9700566716792, 0.31708981477529419, null, null, 5456.9700566716792, 0.31708981477529419
2100-Jun-24 23:00:00, 5454.519441455589, 0.31694741613339478, null, null, 5454.519441455589, 0.31694741613339478
2100-Jun-25 00:00:00, 5455.315247871471, 0.31699365829825704, null, null, 5455.315247871471, 0.31699365829825704
2100-Jun-25 01:00:00, 5459.1550501509209, 0.31721677885433852, null, null, 5459.1550501509209, 0.31721677885433852
2100-Jun-25 02:00:00, 5465.7755134461422, 0.31760147612374023, null, null, 5465.7755134461422, 0.31760147612374023
2100-Jun-25 03:00:00, 5474.882354222189, 0.31813065008380881, null, null, 5474.882354222189, 0.31813065008380881
2100-Jun-25 04:00:00, 5486.1668330885104, 0.31878636072110339, null, null, 5486.1668330885104, 0.31878636072110339
2100-Jun-25 05:00:00, 5499.3784567715593, 0.31955405254697605, null, null, 5499.3784567715593, 0.31955405254697605
2100-Jun-25 06:00:00, 5514.1635123534552, 0.32041317225758803, null, null, 5514.1635123534552, 0.32041317225758803
2100-Jun-25 07:00:00, 5529.6475771802407, 0.32131290951047825, null, null, 5529.6475771802407, 0.32131290951047825
2100-Jun-25 08:00:00, 5544.4632571193706, 0.32217380871990769, null, null, 5544.4632571193706, 0.32217380871990769
2100-Jun-25 09:00:00, 5556.9672883885532, 0.32290038425869816, null, null, 5556.9672883885532, 0.32290038425869816
2100-Jun-25 10:00:00, 5565.2216061800627, 0.32338002040704134, null, null, 5565.2216061800627, 0.32338002040704134
2100-Jun-25 11:00:00, 5568.1238808203589, 0.32354866376014046, null, null, 5568.1238808203589, 0.32354866376014046
2100-Jun-25 12:00:00, 5565.4485011856023, 0.32339320466397015, null, null, 5565.4485011856023, 0.32339320466397015
2100-Jun-25 13:00:00, 5556.9204625166722, 0.32289766333355335, null, null, 5556.9204625166722, 0.32289766333355335
2100-Jun-25 14:00:00, 5542.4641618089727, 0.32205764668216347, null, null, 5542.4641618089727, 0.32205764668216347
2100-Jun-25 15:00:00, 5522.3988547903737, 0.3208917057992447, null, null, 5522.3988547903737, 0.3208917057992447
2100-Jun-25 16:00:00, 5497.8367857402836, 0.31946447020060531, null, null, 5497.8367857402836, 0.31946447020060531
2100-Jun-25 17:00:00, 5470.8992056982515, 0.3178992000640064, null, null, 5470.8992056982515, 0.3178992000640064
2100-Jun-25 18:00:00, 5443.8701652086838, 0.31632861540743268, null, null, 5443.8701652086838, 0.31632861540743268
2100-Jun-25 19:00:00, 5418.5946352394831, 0.31485992251869621, null, null, 5418.5946352394831, 0.31485992251869621
2100-Jun-25 20:00:00, 5396.3153657979965, 0.31356533424953525, null, null, 5396.3153657979965, 0.31356533424953525
2100-Jun-25 21:00:00, 5377.7714261252395, 0.31248779592057746, null, null, 5377.7714261252395, 0.31248779592057746
2100-Jun-25 22:00:00, 5363.2947183654314, 0.31164659347041901, null, null, 5363.2947183654314, 0.31164659347041901
2100-Jun-25 23:00:00, 5352.8305945838929, 0.31103855145493881, null, null, 5352.8305945838929, 0.31103855145493881
2100-Jun-26 00:00:00, 5346.0977119049649, 0.31064732179829901, null, null, 5346.0977119049649, 0.31064732179829901
2100-Jun-26 01:00:00, 5342.7816215664989, 0.31045463273087109, null, null, 5342.7816215664989, 0.31045463273087109
2100-Jun-26 02:00:00, 5342.5689118359696, 0.31044227274202124, null, null, 5342.5689118359696, 0.31044227274202124
2100-Jun-26 03:00:00, 5345.2745679816826, 0.31059949112459984, null, null, 5345.2745679816826, 0.31059949112459984
2100-Jun-26 04:00:00, 5350.7335662204241, 0.31091669879156603, null, null, 5350.7335662204241, 0.31091669879156603
2100-Jun-26 05:00:00, 5358.9601247796709, 0.31139472192577772, null, null, 5358.9601247796709, 0.31139472192577772
2100-Jun-26 06:00:00, 5369.6310740762137, 0.31201478201421096, null, null, 5369.6310740762137, 0.31201478201421096
2100-Jun-26 07:00:00, 5381.7203767998235, 0.31271725879557155, null, null, 5381.7203767998235, 0.31271725879557155
2100-Jun-26 08:00:00, 5393.8545767523865, 0.31342234443383715, null, null, 5393.8545767523865, 0.31342234443383715
2100-Jun-26 09:00:00, 5404.2126563609499, 0.31402422450838358, null, null, 5404.2126563609499, 0.31402422450838358
2100-Jun-26 10:00:00, 5410.9737601481829, 0.31441709401752616, null, null, 5410.9737601481829, 0.31441709401752616
2100-Jun-26 11:00:00, 5412.5386255621224, 0.31450802412692774, null, null, 5412.5386255621224, 0.31450802412692774
2100-Jun-26 12:00:00, 5408.0295385025811, 0.31424601323706264, null, null, 5408.0295385025811, 0.31424601323706264
2100-Jun-26 13:00:00, 5397.2950089366341, 0.31362225867062432, null, null, 5397.2950089366341, 0.31362225867062432
2100-Jun-26 14:00:00, 5380.7183310653554, 0.3126590326200494, null, null, 5380.7183310653554, 0.3126590326200494
2100-Jun-26 15:00:00, 5359.2307613204703, 0.31141044788536743, null, null, 5359.2307613204703, 0.31141044788536743
2100-Jun-26 16:00:00, 5334.6622318911941, 0.30998283689151457, null, null, 5334.6622318911941, 0.30998283689151457
2100-Jun-26 17:00:00, 5309.1186124482711, 0.30849856604638787, null, null, 5309.1186124482711, 0.30849856604638787
2100-Jun-26 18:00:00, 5284.2862790347626, 0.30705562611438275, null, null, 5284.2862790347626, 0.30705562611438275
2100-Jun-26 19:00:00, 5261.3898387832642, 0.30572517571370944, null, null, 5261.3898387832642, 0.30572517571370944
2100-Jun-26 20:00:00, 5241.3570968898721, 0.30456112710240163, null, null, 5241.3570968898721, 0.30456112710240163
2100-Jun-26 21:00:00, 5224.831204668958, 0.30360085206902127, null, null, 5224.831204668958, 0.30360085206902127
2100-Jun-26 22:00:00, 5212.074740007638, 0.30285960830652336, null, null, 5212.074740007638, 0.30285960830652336
2100-Jun-26 23:00:00, 5203.1471342261166, 0.30234084920866311, null, null, 5203.1471342261166, 0.30234084920866311
2100-Jun-27 00:00:00, 5197.9411656840957, 0.30203834441505567, null, null, 5197.9411656840957, 0.30203834441505567
2100-Jun-27 01:00:00, 5196.1383540901743, 0.30193358789477892, null, null, 5196.1383540901743, 0.30193358789477892
2100-Jun-27 02:00:00, 5197.4285133427047, 0.3020085555699113, null, null, 5197.4285133427047, 0.3020085555699113
2100-Jun-27 03:00:00, 5201.5132459443248, 0.30224590836653709, null, null, 5201.5132459443248, 0.30224590836653709
2100-Jun-27 04:00:00, 5208.1195761261297, 0.30262978439882937, null, null, 5208.1195761261297, 0.30262978439882937
2100-Jun-27 05:00:00, 5217.0238315046499, 0.30314718666773771, null, null, 5217.0238315046499, 0.30314718666773771
2100-Jun-27 06:00:00, 5227.8745489798703, 0.3037776926002726, null, null, 5227.8745489798703, 0.3037776926002726
2100-Jun-27 07:00:00, 5239.6982588063265, 0.30446473649457512, null, null, 5239.6982588063265, 0.30446473649457512
2100-Jun-27 08:00:00, 5251.0772115448963, 0.3051259367538286, null, null, 5251.0772115448963, 0.3051259367538286
2100-Jun-27 09:00:00, 5260.6121520971847, 0.30567998643748451, null, null, 5260.6121520971847, 0.30567998643748451
2100-Jun-27 10:00:00, 5266.9918746460226, 0.30605069491129322, null, null, 5266.9918746460226, 0.30605069491129322
2100-Jun-27 11:00:00, 5268.8326184331772, 0.30615765556903113, null, null, 5268.8326184331772, 0.30615765556903113
2100-Jun-27 12:00:00, 5265.0209529726126, 0.30593616996762157, null, null, 5265.0209529726126, 0.30593616996762157
2100-Jun-27 13:00:00, 5254.8815854367058, 0.30534699866184017, null, null, 5254.8815854367058, 0.30534699866184017
2100-Jun-27 14:00:00, 5238.5954451924645, 0.30440065496931118, null, null, 5238.5954451924645, 0.30440065496931118
2100-Jun-27 15:00:00, 5217.0064190885423, 0.30314617487919188, null, null, 5217.0064190885423, 0.30314617487919188
2100-Jun-27 16:00:00, 5191.4161855554521, 0.30165919541498476, null, null, 5191.4161855554521, 0.30165919541498476
2100-Jun-27 17:00:00, 5163.6578592190981, 0.30004623392444008, null, null, 5163.6578592190981, 0.30004623392444008
2100-Jun-27 18:00:00, 5135.7840868938474, 0.29842656417879132, null, null, 5135.7840868938474, 0.29842656417879132
2100-Jun-27 19:00:00, 5109.6183756704686, 0.2969061452578296, null, null, 5109.6183756704686, 0.2969061452578296
2100-Jun-27 20:00:00, 5086.3778567585905, 0.29555570137404114, null, null, 5086.3778567585905, 0.29555570137404114
2100-Jun-27 21:00:00, 5066.7071938649524, 0.29441269219702998, null, null, 5066.7071938649524, 0.29441269219702998
2100-Jun-27 22:00:00, 5050.9965982886197, 0.2934997918531444, null, null, 5050.9965982886197, 0.2934997918531444
2100-Jun-27 23:00:00, 5039.4568833614385, 0.29282925013662059, null, null, 5039.4568833614385, 0.29282925013662059
2100-Jun-28 00:00:00, 5031.9763997768159, 0.29239457940732499, null, null, 5031.9763997768159, 0.29239457940732499
2100-Jun-28 01:00:00, 5028.2434046347407, 0.2921776651259812, null, null, 5028.2434046347407, 0.2921776651259812
2100-Jun-28 02:00:00, 5027.9779223888281, 0.29216223866856833, null, null, 5027.9779223888281, 0.29216223866856833
2100-Jun-28 03:00:00, 5030.9726672807174, 0.29233625521863299, null, null, 5030.9726672807174, 0.29233625521863299
2100-Jun-28 04:00:00, 5036.915795003506, 0.29268159434441782, null, null, 5036.915795003506, 0.29268159434441782
2100-Jun-28 05:00:00, 5045.5768889665587, 0.29318486715918035, null, null, 5045.5768889665587, 0.29318486715918035
2100-Jun-28 06:00:00, 5056.5202421630147, 0.29382075590367551, null, null, 5056.5202421630147, 0.29382075590367551
2100-Jun-28 07:00:00, 5068.7236043678831, 0.29452986037392026, null, null, 5068.7236043678831, 0.29452986037392026
2100-Jun-28 08:00:00, 5080.8640091198004, 0.29523530655634456, null, null, 5080.8640091198004, 0.29523530655634456
2100-Jun-28 09:00:00, 5091.299653076393, 0.29584169368599561, null, null, 5091.299653076393, 0.29584169368599561
2100-Jun-28 10:00:00, 5098.2915518813434, 0.29624797407125786, null, null, 5098.2915518813434, 0.29624797407125786
2100-Jun-28 11:00:00, 5100.176798115529, 0.29635752064618781, null, null, 5100.176798115529, 0.29635752064618781
2100-Jun-28 12:00:00, 5095.8339815071831, 0.29610517128387825, null, null, 5095.8339815071831, 0.29610517128387825
2100-Jun-28 13:00:00, 5084.8182660860984, 0.29546507776564124, null, null, 5084.8182660860984, 0.29546507776564124
2100-Jun-28 14:00:00, 5067.498783704611, 0.29445868934801828, null, null, 5067.498783704611, 0.29445868934801828
2100-Jun-28 15:00:00, 5045.0027273868718, 0.29315150417806385, null, null, 5045.0027273868718, 0.29315150417806385
2100-Jun-28 16:00:00, 5018.8260650702741, 0.29163044891860584, null, null, 5018.8260650702741, 0.29163044891860584
2100-Jun-28 17:00:00, 4990.9013921253809, 0.29000782147520776, null, null, 4990.9013921253809, 0.29000782147520776
2100-Jun-28 18:00:00, 4963.3510756554333, 0.2884069468770824, null, null, 4963.3510756554333, 0.2884069468770824
2100-Jun-28 19:00:00, 4937.9503160238401, 0.2869309772303576, null, null, 4937.9503160238401, 0.2869309772303576
2100-Jun-28 20:00:00, 4915.8849539327857, 0.28564881854050955, null, null, 4915.8849539327857, 0.28564881854050955
2100-Jun-28 21:00:00, 4897.7483032667724, 0.28459494667744162, null, null, 4897.7483032667724, 0.28459494667744162
2100-Jun-28 22:00:00, 4883.7416727225645, 0.28378105914667556, null, null, 4883.7416727225645, 0.28378105914667556
2100-Jun-28 23:00:00, 4873.7415305882887, 0.28319997785354889, null, null, 4873.7415305882887, 0.28319997785354889
2100-Jun-29 00:00:00, 4867.4127979180466, 0.28283223226408649, null, null, 4867.4127979180466, 0.28283223226408649
2100-Jun-29 01:00:00, 4864.3075040800859, 0.28265179201287094, null, null, 4864.3075040800859, 0.28265179201287094
2100-Jun-29 02:00:00, 4864.1013356475278, 0.28263981212120698, null, null, 4864.1013356475278, 0.28263981212120698
2100-Jun-29 03:00:00, 4866.6264018051879, 0.2827865369065572, null, null, 4866.6264018051879, 0.2827865369065572
2100-Jun-29 04:00:00, 4871.5893457011534, 0.28307492019332048, null, null, 4871.5893457011534, 0.28307492019332048
2100-Jun-29 05:00:00, 4878.586194445038, 0.28348148820618629, null, null, 4878.586194445038, 0.28348148820618629
2100-Jun-29 06:00:00, 4887.1856277531861, 0.28398117808656587, null, null, 4887.1856277531861, 0.28398117808656587
2100-Jun-29 07:00:00, 4896.6091375128108, 0.28452875282734336, null, null, 4896.6091375128108, 0.28452875282734336
2100-Jun-29 08:00:00, 4905.6299391465891, 0.28505292728486714, null, null, 4905.6299391465891, 0.28505292728486714
2100-Jun-29 09:00:00, 4912.5229565020391, 0.28545346193574184, null, null, 4912.5229565020391, 0.28545346193574184
2100-Jun-29 10:00:00, 4915.9812325159583, 0.28565441302935368, null, null, 4915.9812325159583, 0.28565441302935368
2100-Jun-29 11:00:00, 4914.3643961113139, 0.28556046302582677, null, null, 4914.3643961113139, 0.28556046302582677
2100-Jun-29 12:00:00, 4906.7240165146222, 0.28511650117044407, null, null, 4906.7240165146222, 0.28511650117044407
2100-Jun-29 13:00:00, 4893.3545090245989, 0.28433963514229615, null, null, 4893.3545090245989, 0.28433963514229615
2100-Jun-29 14:00:00, 4875.3867786093397, 0.28329557877949069, null, null, 4875.3867786093397, 0.28329557877949069
2100-Jun-29 15:00:00, 4854.4561207061888, 0.28207935469016832, null, null, 4854.4561207061888, 0.28207935469016832
2100-Jun-29 16:00:00, 4832.4085765910058, 0.28079823135485033, null, null, 4832.4085765910058, 0.28079823135485033
2100-Jun-29 17:00:00, 4810.9785283163155, 0.27955298903768949, null, null, 4810.9785283163155, 0.27955298903768949
2100-Jun-29 18:00:00, 4791.6208613265353, 0.27842816720862945, null, null, 4791.6208613265353, 0.27842816720862945
2100-Jun-29 19:00:00, 4775.4738794552532, 0.27748990963389986, null, null, 4775.4738794552532, 0.27748990963389986
2100-Jun-29 20:00:00, 4763.1580048108035, 0.27677426736919114, null, null, 4763.1580048108035, 0.27677426736919114
2100-Jun-29 21:00:00, 4754.8334941389203, 0.27629055250185092, null, null, 4754.8334941389203, 0.27629055250185092
2100-Jun-29 22:00:00, 4750.4239293190694, 0.27603432458096344, null, null, 4750.4239293190694, 0.27603432458096344
2100-Jun-29 23:00:00, 4749.7354610629554, 0.27599431954711817, null, null, 4749.7354610629554, 0.27599431954711817
2100-Jun-30 00:00:00, 4752.510462807737, 0.27615556741546188, null, null, 4752.510462807737, 0.27615556741546188
2100-Jun-30 01:00:00, 4758.4437486760435, 0.27650033465762225, null, null, 4758.4437486760435, 0.27650033465762225
2100-Jun-30 02:00:00, 4767.3697412891624, 0.27701900001861668, null, null, 4767.3697412891624, 0.27701900001861668
2100-Jun-30 03:00:00, 4779.0893294016851, 0.27769999368089621, null, null, 4779.0893294016851, 0.27769999368089621
2100-Jun-30 04:00:00, 4793.3676432972825, 0.27852966799859258, null, null, 4793.3676432972825, 0.27852966799859258
2100-Jun-30 05:00:00, 4809.8086980336284, 0.2794850133545167, null, null, 4809.8086980336284, 0.2794850133545167
2100-Jun-30 06:00:00, 4827.7241034382032, 0.28052602925205045, null, null, 4827.7241034382032, 0.28052602925205045
2100-Jun-30 07:00:00, 4846.1244370343629, 0.28159522301914408, null, null, 4846.1244370343629, 0.28159522301914408
2100-Jun-30 08:00:00, 4863.7954686759613, 0.28262203901628746, null, null, 4863.7954686759613, 0.28262203901628746
2100-Jun-30 09:00:00, 4878.8427123736446, 0.2834963937712936, null, null, 4878.8427123736446, 0.2834963937712936
2100-Jun-30 10:00:00, 4888.9830736032809, 0.28408562281793803, null, null, 4888.9830736032809, 0.28408562281793803
2100-Jun-30 11:00:00, 4892.6461932936536, 0.28429847682520898, null, null, 4892.6461932936536, 0.28429847682520898
2100-Jun-30 12:00:00, 4889.3260942523502, 0.28410555482286898, null, null, 4889.3260942523502, 0.28410555482286898
2100-Jun-30 13:00:00, 4880.2768607995058, 0.28357972826900824, null, null, 4880.2768607995058, 0.28357972826900824
2100-Jun-30 14:00:00, 4868.173792144964, 0.2828764515865223, null, null, 4868.173792144964, 0.2828764515865223
2100-Jun-30 15:00:00, 4855.1864299862527, 0.28212179099308721, null, null, 4855.1864299862527, 0.28212179099308721
2100-Jun-30 16:00:00, 4842.391893468568, 0.28137833497768017, null, null, 4842.391893468568, 0.28137833497768017
2100-Jun-30 17:00:00, 4829.9892833814929, 0.28065765275029053, null, null, 4829.9892833814929, 0.28065765275029053
2100-Jun-30 18:00:00, 4818.1814759977333, 0.27997153290405075, null, null, 4818.1814759977333, 0.27997153290405075
2100-Jun-30 19:00:00, 4807.4534029866427, 0.27934815351060444, null, null, 4807.4534029866427, 0.27934815351060444
2100-Jun-30 20:00:00, 4798.4358038874407, 0.27882416514372899, null, null, 4798.4358038874407, 0.27882416514372899
2100-Jun-30 21:00:00, 4791.7131224381137, 0.2784335282530328, null, null, 4791.7131224381137, 0.2784335282530328
2100-Jun-30 22:00:00, 4787.6491064961565, 0.27819737924563565, null, null, 4787.6491064961565, 0.27819737924563565
2100-Jun-30 23:00:00, 4786.3626366595936, 0.2781226259525163, null, null, 4786.3626366595936, 0.2781226259525163
2100-Jul-01 00:00:00, 4787.8090944266451, 0.27820667571285423, null, null, 4787.8090944266451, 0.27820667571285423
2100-Jul-01 01:00:00, 4791.8544298557408, 0.27844173924602272, null, null, 4791.8544298557408, 0.27844173924602272
2100-Jul-01 02:00:00, 4798.3299967609964, 0.27881801697692987, null, null, 4798.3299967609964, 0.27881801697692987
2100-Jul-01 03:00:00, 4807.0553457366022, 0.27932502347720234, null, null, 4807.0553457366022, 0.27932502347720234
2100-Jul-01 04:00:00, 4817.8536701889188, 0.27995248499245884, null, null, 4817.8536701889188, 0.27995248499245884
2100-Jul-01 05:00:00, 4830.4352286456897, 0.28068356542706091, null, null, 4830.4352286456897, 0.28068356542706091
2100-Jul-01 06:00:00, 4844.4361397061048, 0.28149712061404686, null, null, 4844.4361397061048, 0.28149712061404686
2100-Jul-01 07:00:00, 4859.332437597428, 0.2823627043152846, null, null, 4859.332437597428, 0.2823627043152846
2100-Jul-01 08:00:00, 4874.3965058358144, 0.28323803669898207, null, null, 4874.3965058358144, 0.28323803669898207
2100-Jul-01 09:00:00, 4888.5753877373118, 0.28406193329162871, null, null, 4888.5753877373118, 0.28406193329162871
2100-Jul-01 10:00:00, 4900.7591833404394, 0.28476990079940945, null, null, 4900.7591833404394, 0.28476990079940945
2100-Jul-01 11:00:00, 4910.0251113675213, 0.2853083188906424, null, null, 4910.0251113675213, 0.2853083188906424
2100-Jul-01 12:00:00, 4916.287092872124, 0.28567218574987013, null, null, 4916.287092872124, 0.28567218574987013
2100-Jul-01 13:00:00, 4920.0180149214193, 0.28588897956938281, null, null, 4920.0180149214193, 0.28588897956938281
2100-Jul-01 14:00:00, 4922.0331093612112, 0.286006071273393, null, null, 4922.0331093612112, 0.286006071273393
2100-Jul-01 15:00:00, 4922.9950035999163, 0.28606196435376852, null, null, 4922.9950035999163, 0.28606196435376852
2100-Jul-01 16:00:00, 4923.4791996662561, 0.28609009968150462, null, null, 4923.4791996662561, 0.28609009968150462
2100-Jul-01 17:00:00, 4924.0648437931168, 0.28612412988247365, null, null, 4924.0648437931168, 0.28612412988247365
2100-Jul-01 18:00:00, 4925.3592918603617, 0.28619934676906389, null, null, 4925.3592918603617, 0.28619934676906389
2100-Jul-01 19:00:00, 4927.8087343240659, 0.28634167726548454, null, null, 4927.8087343240659, 0.28634167726548454
2100-Jul-01 20:00:00, 4931.670676032968, 0.28656608428411046, null, null, 4931.670676032968, 0.28656608428411046
2100-Jul-01 21:00:00, 4937.0428083357237, 0.28687824440577847, null, null, 4937.0428083357237, 0.28687824440577847
2100-Jul-01 22:00:00, 4943.906407496338, 0.28727706964468008, null, null, 4943.906407496338, 0.28727706964468008
2100-Jul-01 23:00:00, 4952.1466312848488, 0.28775588682851477, null, null, 4952.1466312848488, 0.28775588682851477
2100-Jul-02 00:00:00, 4961.6512346556192, 0.28830817370035966, null, null, 4961.6512346556192, 0.28830817370035966
2100-Jul-02 01:00:00, 4972.3003737503604, 0.2889269664567794, null, null, 4972.3003737503604, 0.2889269664567794
2100-Jul-02 02:00:00, 4983.9646556916032, 0.28960474642658396, null, null, 4983.9646556916032, 0.28960474642658396
2100-Jul-02 03:00:00, 4996.526658504089, 0.29033469053543021, null, null, 4996.526658504089, 0.29033469053543021
2100-Jul-02 04:00:00, 5009.8685935978656, 0.2911099544059837, null, null, 5009.8685935978656, 0.2911099544059837
2100-Jul-02 05:00:00, 5023.877417428821, 0.29192396938272824, null, null, 5023.877417428821, 0.29192396938272824
2100-Jul-02 06:00:00, 5038.2873772104549, 0.29276129328786704, null, null, 5038.2873772104549, 0.29276129328786704
2100-Jul-02 07:00:00, 5052.4723485772101, 0.29358554372291901, null, null, 5052.4723485772101, 0.29358554372291901
2100-Jul-02 08:00:00, 5065.4679522199076, 0.2943406832067646, null, null, 5065.4679522199076, 0.2943406832067646
2100-Jul-02 09:00:00, 5076.0981640915752, 0.29495837615329051, null, null, 5076.0981640915752, 0.29495837615329051
2100-Jul-02 10:00:00, 5083.1362452339617, 0.29536734006964632, null, null, 5083.1362452339617, 0.29536734006964632
2100-Jul-02 11:00:00, 5085.7261228685156, 0.29551783087514882, null, null, 5085.7261228685156, 0.29551783087514882
2100-Jul-02 12:00:00, 5083.4581152644369, 0.29538604306916533, null, null, 5083.4581152644369, 0.29538604306916533
2100-Jul-02 13:00:00, 5076.6235066220243, 0.29498890239110082, null, null, 5076.6235066220243, 0.29498890239110082
2100-Jul-02 14:00:00, 5065.846957336541, 0.29436270617207028, null, null, 5065.846957336541, 0.29436270617207028
2100-Jul-02 15:00:00, 5051.659762160155, 0.29353832651743739, null, null, 5051.659762160155, 0.29353832651743739
2100-Jul-02 16:00:00, 5034.7758546378518, 0.2925572481803142, null, null, 5034.7758546378518, 0.2925572481803142
2100-Jul-02 17:00:00, 5016.2822111971391, 0.29148263242977213, null, null, 5016.2822111971391, 0.29148263242977213
2100-Jul-02 18:00:00, 4997.3182689629457, 0.29038068888454449, null, null, 4997.3182689629457, 0.29038068888454449
2100-Jul-02 19:00:00, 4978.8967186970985, 0.28931026227398804, null, null, 4978.8967186970985, 0.28931026227398804
2100-Jul-02 20:00:00, 4961.9045590106243, 0.28832289369551672, null, null, 4961.9045590106243, 0.28832289369551672
2100-Jul-02 21:00:00, 4946.9834000000546, 0.28745586538167989, null, null, 4946.9834000000546, 0.28745586538167989
2100-Jul-02 22:00:00, 4934.4987677462514, 0.28673041706736191, null, null, 4934.4987677462514, 0.28673041706736191
2100-Jul-02 23:00:00, 4924.6086839643713, 0.2861557309683106, null, null, 4924.6086839643713, 0.2861557309683106
2100-Jul-03 00:00:00, 4917.3468195942432, 0.28573376361204261, null, null, 4917.3468195942432, 0.28573376361204261
2100-Jul-03 01:00:00, 4912.7578482153713, 0.28546711085979659, null, null, 4912.7578482153713, 0.28546711085979659
2100-Jul-03 02:00:00, 4910.8420597882878, 0.28535578956039714, null, null, 4910.8420597882878, 0.28535578956039714
2100-Jul-03 03:00:00, 4911.464151291304, 0.28539193762011089, null, null, 4911.464151291304, 0.28539193762011089
2100-Jul-03 04:00:00, 4914.4027549167085, 0.28556269195257022, null, null, 4914.4027549167085, 0.28556269195257022
2100-Jul-03 05:00:00, 4919.4697665290114, 0.28585712233370181, null, null, 4919.4697665290114, 0.28585712233370181
2100-Jul-03 06:00:00, 4926.3429769388176, 0.28625650605637637, null, null, 4926.3429769388176, 0.28625650605637637
2100-Jul-03 07:00:00, 4934.3471172254967, 0.28672160506454031, null, null, 4934.3471172254967, 0.28672160506454031
2100-Jul-03 08:00:00, 4942.5051564602982, 0.28719564672557713, null, null, 4942.5051564602982, 0.28719564672557713
2100-Jul-03 09:00:00, 4949.5794158312028, 0.28760671286123424, null, null, 4949.5794158312028, 0.28760671286123424
2100-Jul-03 10:00:00, 4953.9590473566886, 0.28786120143910404, null, null, 4953.9590473566886, 0.28786120143910404
2100-Jul-03 11:00:00, 4954.0058208848241, 0.28786391932269489, null, null, 4954.0058208848241, 0.28786391932269489
2100-Jul-03 12:00:00, 4948.7974564745464, 0.28756127531164372, null, null, 4948.7974564745464, 0.28756127531164372
2100-Jul-03 13:00:00, 4938.0203264356105, 0.28693504534659608, null, null, 4938.0203264356105, 0.28693504534659608
2100-Jul-03 14:00:00, 4921.923403997791, 0.28599969659055519, null, null, 4921.923403997791, 0.28599969659055519
2100-Jul-03 15:00:00, 4901.597696028598, 0.28481862451059231, null, null, 4901.597696028598, 0.28481862451059231
2100-Jul-03 16:00:00, 4878.4977507157764, 0.28347634897957547, null, null, 4878.4977507157764, 0.28347634897957547
2100-Jul-03 17:00:00, 4854.0468389959578, 0.28205557243365226, null, null, 4854.0468389959578, 0.28205557243365226
2100-Jul-03 18:00:00, 4829.5704763313743, 0.28063331700195959, null, null, 4829.5704763313743, 0.28063331700195959
2100-Jul-03 19:00:00, 4806.2559120026781, 0.27927857053867, null, null, 4806.2559120026781, 0.27927857053867
2100-Jul-03 20:00:00, 4785.0591964308333, 0.27804688655566862, null, null, 4785.0591964308333, 0.27804688655566862
2100-Jul-03 21:00:00, 4766.6722952582868, 0.27697847331048936, null, null, 4766.6722952582868, 0.27697847331048936
2100-Jul-03 22:00:00, 4751.485081100408, 0.27609598524948437, null, null, 4751.485081100408, 0.27609598524948437
2100-Jul-03 23:00:00, 4739.5848771390247, 0.27540449648727472, null, null, 4739.5848771390247, 0.27540449648727472
2100-Jul-04 00:00:00, 4730.8947896131922, 0.27489953893476288, null, null, 4730.8947896131922, 0.27489953893476288
2100-Jul-04 01:00:00, 4725.2366932535415, 0.27457076221287691, null, null, 4725.2366932535415, 0.27457076221287691
2100-Jul-04 02:00:00, 4722.4040561739366, 0.27440616531064549, null, null, 4722.4040561739366, 0.27440616531064549
2100-Jul-04 03:00:00, 4722.2499186205432, 0.27439720879306378, null, null, 4722.2499186205432, 0.27439720879306378
2100-Jul-04 04:00:00, 4724.6564874290061, 0.27453704801699108, null, null, 4724.6564874290061, 0.27453704801699108
2100-Jul-04 05:00:00, 4729.5422610230044, 0.27482094714560384, null, null, 4729.5422610230044, 0.27482094714560384
2100-Jul-04 06:00:00, 4736.6406337422795, 0.27523341444291094, null, null, 4736.6406337422795, 0.27523341444291094
2100-Jul-04 07:00:00, 4745.2041051611304, 0.27573101467487793, null, null, 4745.2041051611304, 0.27573101467487793
2100-Jul-04 08:00:00, 4754.1319053301613, 0.27624978506807218, null, null, 4754.1319053301613, 0.27624978506807218
2100-Jul-04 09:00:00, 4761.8813210915123, 0.27670008272095731, null, null, 4761.8813210915123, 0.27670008272095731
2100-Jul-04 10:00:00, 4766.7749287889756, 0.27698443706819703, null, null, 4766.7749287889756, 0.27698443706819703
2100-Jul-04 11:00:00, 4767.1215259993678, 0.27700457689746188, null, null, 4767.1215259993678, 0.27700457689746188
2100-Jul-04 12:00:00, 4762.0312493601241, 0.27670879464835108, null, null, 4762.0312493601241, 0.27670879464835108
2100-Jul-04 13:00:00, 4751.7891422935418, 0.2761136534254886, null, null, 4751.7891422935418, 0.2761136534254886
2100-Jul-04 14:00:00, 4737.2178758380705, 0.27526695642451132, null, null, 4737.2178758380705, 0.27526695642451132
2100-Jul-04 15:00:00, 4719.4257829642856, 0.27423310588561828, null, null, 4719.4257829642856, 0.27423310588561828
2100-Jul-04 16:00:00, 4699.5237218331476, 0.27307665078101245, null, null, 4699.5237218331476, 0.27307665078101245
2100-Jul-04 17:00:00, 4678.5512670119242, 0.27185799798549004, null, null, 4678.5512670119242, 0.27185799798549004
2100-Jul-04 18:00:00, 4657.6021211639163, 0.27064069961154641, null, null, 4657.6021211639163, 0.27064069961154641
2100-Jul-04 19:00:00, 4637.7276928106585, 0.26948585017314891, null, null, 4637.7276928106585, 0.26948585017314891
2100-Jul-04 20:00:00, 4619.8471688029895, 0.26844686113952848, null, null, 4619.8471688029895, 0.26844686113952848
2100-Jul-04 21:00:00, 4604.6678563366786, 0.26756483222451283, null, null, 4604.6678563366786, 0.26756483222451283
2100-Jul-04 22:00:00, 4592.6000135448248, 0.26686360242191792, null, null, 4592.6000135448248, 0.26686360242191792
2100-Jul-04 23:00:00, 4583.7438634739192, 0.26634899542271473, null, null, 4583.7438634739192, 0.26634899542271473
2100-Jul-05 00:00:00, 4578.1128265262087, 0.26602179105028839, null, null, 4578.1128265262087, 0.26602179105028839
2100-Jul-05 01:00:00, 4575.6301026349702, 0.26587752665986014, null, null, 4575.6301026349702, 0.26587752665986014
2100-Jul-05 02:00:00, 4576.1059192491075, 0.26590517508022471, null, null, 4576.1059192491075, 0.26590517508022471
2100-Jul-05 03:00:00, 4579.2742901743986, 0.26608928057089198, null, null, 4579.2742901743986, 0.26608928057089198
2100-Jul-05 04:00:00, 4584.7649353193001, 0.26640832715423635, null, null, 4584.7649353193001, 0.26640832715423635
2100-Jul-05 05:00:00, 4592.1990312852486, 0.26684030242409923, null, null, 4592.1990312852486, 0.26684030242409923
2100-Jul-05 06:00:00, 4601.1931382988505, 0.26736292572922904, null, null, 4601.1931382988505, 0.26736292572922904
2100-Jul-05 07:00:00, 4611.0160112840313, 0.2679337063901242, null, null, 4611.0160112840313, 0.2679337063901242
2100-Jul-05 08:00:00, 4620.6452149301876, 0.26849323344797571, null, null, 4620.6452149301876, 0.26849323344797571
2100-Jul-05 09:00:00, 4628.7078461235369, 0.26896173120500022, null, null, 4628.7078461235369, 0.26896173120500022
2100-Jul-05 10:00:00, 4633.8548554364943, 0.26926081003679575, null, null, 4633.8548554364943, 0.26926081003679575
2100-Jul-05 11:00:00, 4634.9594027003068, 0.26932499229978335, null, null, 4634.9594027003068, 0.26932499229978335
2100-Jul-05 12:00:00, 4631.4575771633599, 0.26912151066082357, null, null, 4631.4575771633599, 0.26912151066082357
2100-Jul-05 13:00:00, 4623.3049877472322, 0.26864778567405401, null, null, 4623.3049877472322, 0.26864778567405401
2100-Jul-05 14:00:00, 4610.7759315664152, 0.26791975600513041, null, null, 4610.7759315664152, 0.26791975600513041
2100-Jul-05 15:00:00, 4594.4746934801424, 0.26697253501771367, null, null, 4594.4746934801424, 0.26697253501771367
2100-Jul-05 16:00:00, 4575.2247733577733, 0.26585397406856964, null, null, 4575.2247733577733, 0.26585397406856964
2100-Jul-05 17:00:00, 4554.4984534043606, 0.26464962350649057, null, null, 4554.4984534043606, 0.26464962350649057
2100-Jul-05 18:00:00, 4534.0929654361598, 0.26346391562591942, null, null, 4534.0929654361598, 0.26346391562591942
2100-Jul-05 19:00:00, 4515.4970658875382, 0.26238335804868967, null, null, 4515.4970658875382, 0.26238335804868967
2100-Jul-05 20:00:00, 4499.6613489324054, 0.26146318723888329, null, null, 4499.6613489324054, 0.26146318723888329
2100-Jul-05 21:00:00, 4487.0515004980443, 0.26073046294996993, null, null, 4487.0515004980443, 0.26073046294996993
2100-Jul-05 22:00:00, 4477.8014523090615, 0.26019296759330746, null, null, 4477.8014523090615, 0.26019296759330746
2100-Jul-05 23:00:00, 4471.8221261648823, 0.25984552507486802, null, null, 4471.8221261648823, 0.25984552507486802
2100-Jul-06 00:00:00, 4468.8485358069847, 0.25967273775772842, null, null, 4468.8485358069847, 0.25967273775772842
2100-Jul-06 01:00:00, 4468.5837966097888, 0.25965735447687277, null, null, 4468.5837966097888, 0.25965735447687277
2100-Jul-06 02:00:00, 4470.8241716316352, 0.25978753662801651, null, null, 4470.8241716316352, 0.25978753662801651
2100-Jul-06 03:00:00, 4475.4036891075575, 0.26005364003945541, null, null, 4475.4036891075575, 0.26005364003945541
2100-Jul-06 04:00:00, 4482.1791356307704, 0.26044734296630928, null, null, 4482.1791356307704, 0.26044734296630928
2100-Jul-06 05:00:00, 4490.9635922263678, 0.26095778405099035, null, null, 4490.9635922263678, 0.26095778405099035
2100-Jul-06 06:00:00, 4501.3898687207893, 0.26156362686267487, null, null, 4501.3898687207893, 0.26156362686267487
2100-Jul-06 07:00:00, 4512.6630851378341, 0.26221868306941221, null, null, 4512.6630851378341, 0.26221868306941221
2100-Jul-06 08:00:00, 4523.4948243796744, 0.26284808622798189, null, null, 4523.4948243796744, 0.26284808622798189
2100-Jul-06 09:00:00, 4532.7106122841242, 0.26338359081189611, null, null, 4532.7106122841242, 0.26338359081189611
2100-Jul-06 10:00:00, 4539.2615811608903, 0.26376424994803943, null, null, 4539.2615811608903, 0.26376424994803943
2100-Jul-06 11:00:00, 4541.9853571702524, 0.2639225212270328, null, null, 4541.9853571702524, 0.2639225212270328
2100-Jul-06 12:00:00, 4540.1429500895829, 0.26381546391979399, null, null, 4540.1429500895829, 0.26381546391979399
2100-Jul-06 13:00:00, 4533.2348893291328, 0.26341405513722066, null, null, 4533.2348893291328, 0.26341405513722066
2100-Jul-06 14:00:00, 4520.8728347104952, 0.26269572947874037, null, null, 4520.8728347104952, 0.26269572947874037
2100-Jul-06 15:00:00, 4503.5258982305086, 0.2616877457774861, null, null, 4503.5258982305086, 0.2616877457774861
2100-Jul-06 16:00:00, 4482.5919940987014, 0.26047133305857023, null, null, 4482.5919940987014, 0.26047133305857023
2100-Jul-06 17:00:00, 4459.9944360552563, 0.25915824989704372, null, null, 4459.9944360552563, 0.25915824989704372
2100-Jul-06 18:00:00, 4437.8365609117336, 0.25787071552318658, null, null, 4437.8365609117336, 0.25787071552318658
2100-Jul-06 19:00:00, 4417.7298290653189, 0.25670236755522929, null, null, 4417.7298290653189, 0.25670236755522929
2100-Jul-06 20:00:00, 4400.5814669302699, 0.25570592247368551, null, null, 4400.5814669302699, 0.25570592247368551
2100-Jul-06 21:00:00, 4386.6863260913242, 0.25489851330905006, null, null, 4386.6863260913242, 0.25489851330905006
2100-Jul-06 22:00:00, 4375.967073701162, 0.2542756464581003, null, null, 4375.967073701162, 0.2542756464581003
2100-Jul-06 23:00:00, 4368.1834973290133, 0.25382336382423898, null, null, 4368.1834973290133, 0.25382336382423898
2100-Jul-07 00:00:00, 4363.4254516506498, 0.25354688662037378, null, null, 4363.4254516506498, 0.25354688662037378
2100-Jul-07 01:00:00, 4361.9513516866673, 0.25346123064651183, null, null, 4361.9513516866673, 0.25346123064651183
2100-Jul-07 02:00:00, 4363.7883359812531, 0.25356797285027438, null, null, 4363.7883359812531, 0.25356797285027438
2100-Jul-07 03:00:00, 4368.7549447712954, 0.25385656909414978, null, null, 4368.7549447712954, 0.25385656909414978
2100-Jul-07 04:00:00, 4376.6085738114698, 0.25431292229964669, null, null, 4376.6085738114698, 0.25431292229964669
2100-Jul-07 05:00:00, 4386.9379701624566, 0.25491313566744234, null, null, 4386.9379701624566, 0.25491313566744234
2100-Jul-07 06:00:00, 4399.2142194402095, 0.25562647540894573, null, null, 4399.2142194402095, 0.25562647540894573
2100-Jul-07 07:00:00, 4412.7097270378526, 0.25641066296357662, null, null, 4412.7097270378526, 0.25641066296357662
2100-Jul-07 08:00:00, 4426.3009839918877, 0.25720041425511053, null, null, 4426.3009839918877, 0.25720041425511053
2100-Jul-07 09:00:00, 4438.5525267410858, 0.25791231836686301, null, null, 4438.5525267410858, 0.25791231836686301
2100-Jul-07 10:00:00, 4448.0116692072934, 0.25846196362813323, null, null, 4448.0116692072934, 0.25846196362813323
2100-Jul-07 11:00:00, 4453.7347696403267, 0.25879451756143407, null, null, 4453.7347696403267, 0.25879451756143407
2100-Jul-07 12:00:00, 4455.1726852910097, 0.25887807096242443, null, null, 4455.1726852910097, 0.25887807096242443
2100-Jul-07 13:00:00, 4451.7757343050989, 0.25868068330082156, null, null, 4451.7757343050989, 0.25868068330082156
2100-Jul-07 14:00:00, 4443.9146694533711, 0.2582238980203666, null, null, 4443.9146694533711, 0.2582238980203666
2100-Jul-07 15:00:00, 4433.1276194368411, 0.25759709163217115, null, null, 4433.1276194368411, 0.25759709163217115
2100-Jul-07 16:00:00, 4421.2194245921128, 0.25690513854127839, null, null, 4421.2194245921128, 0.25690513854127839
2100-Jul-07 17:00:00, 4410.2932630328978, 0.25627024875646448, null, null, 4410.2932630328978, 0.25627024875646448
2100-Jul-07 18:00:00, 4402.2259228055218, 0.255801477370171, null, null, 4402.2259228055218, 0.255801477370171
2100-Jul-07 19:00:00, 4397.9750411429859, 0.25555447009965149, null, null, 4397.9750411429859, 0.25555447009965149
2100-Jul-07 20:00:00, 4397.6721238466598, 0.25553686839240614, null, null, 4397.6721238466598, 0.25553686839240614
2100-Jul-07 21:00:00, 4401.081139504603, 0.25573495709956728, null, null, 4401.081139504603, 0.25573495709956728
2100-Jul-07 22:00:00, 4407.821776873292, 0.25612663736031782, null, null, 4407.821776873292, 0.25612663736031782
2100-Jul-07 23:00:00, 4417.4378003649781, 0.25668539855493455, null, null, 4417.4378003649781, 0.25668539855493455
2100-Jul-08 00:00:00, 4429.4769670489004, 0.2573849620662253, null, null, 4429.4769670489004, 0.2573849620662253
2100-Jul-08 01:00:00, 4443.5442047156475, 0.25820237131344947, null, null, 4443.5442047156475, 0.25820237131344947
2100-Jul-08 02:00:00, 4459.2833687982456, 0.2591169316961966, null, null, 4459.2833687982456, 0.2591169316961966
2100-Jul-08 03:00:00, 4476.382513966063, 0.2601105169124926, null, null, 4476.382513966063, 0.2601105169124926
2100-Jul-08 04:00:00, 4494.5337732416847, 0.2611652376424714, null, null, 4494.5337732416847, 0.2611652376424714
2100-Jul-08 05:00:00, 4513.3951822258186, 0.26226122325702833, null, null, 4513.3951822258186, 0.26226122325702833
2100-Jul-08 06:00:00, 4532.6156126858014, 0.26337807064141266, null, null, 4532.6156126858014, 0.26337807064141266
2100-Jul-08 07:00:00, 4551.2309767614834, 0.26445975924982201, null, null, 4551.2309767614834, 0.26445975924982201
2100-Jul-08 08:00:00, 4567.5633934599882, 0.26540879194231959, null, null, 4567.5633934599882, 0.26540879194231959
2100-Jul-08 09:00:00, 4579.5189560025356, 0.26610349744240125, null, null, 4579.5189560025356, 0.26610349744240125
2100-Jul-08 10:00:00, 4585.786748856397, 0.26646770198346359, null, null, 4585.786748856397, 0.26646770198346359
2100-Jul-08 11:00:00, 4585.7660071565342, 0.26646649673921641, null, null, 4585.7660071565342, 0.26646649673921641
2100-Jul-08 12:00:00, 4579.3766512181755, 0.26609522849511996, null, null, 4579.3766512181755, 0.26609522849511996
2100-Jul-08 13:00:00, 4567.130522541881, 0.26538363898054435, null, null, 4567.130522541881, 0.26538363898054435
2100-Jul-08 14:00:00, 4549.3219318042848, 0.26434882979527319, null, null, 4549.3219318042848, 0.26434882979527319
2100-Jul-08 15:00:00, 4526.8800242385159, 0.26304479106327872, null, null, 4526.8800242385159, 0.26304479106327872
2100-Jul-08 16:00:00, 4502.13846575769, 0.26160712581782891, null, null, 4502.13846575769, 0.26160712581782891
2100-Jul-08 17:00:00, 4477.7217482049973, 0.26018833620274973, null, null, 4477.7217482049973, 0.26018833620274973
2100-Jul-08 18:00:00, 4455.549974888364, 0.25889999424353083, null, null, 4455.549974888364, 0.25889999424353083
2100-Jul-08 19:00:00, 4436.8488807142339, 0.25781332409027968, null, null, 4436.8488807142339, 0.25781332409027968
2100-Jul-08 20:00:00, 4422.2836424862162, 0.25696697737334406, null, null, 4422.2836424862162, 0.25696697737334406
2100-Jul-08 21:00:00, 4412.1933131197711, 0.25638065554335415, null, null, 4412.1933131197711, 0.25638065554335415
2100-Jul-08 22:00:00, 4406.5656869826735, 0.25605364936393504, null, null, 4406.5656869826735, 0.25605364936393504
2100-Jul-08 23:00:00, 4405.0513343662469, 0.25596565441698454, null, null, 4405.0513343662469, 0.25596565441698454
2100-Jul-09 00:00:00, 4407.1248522185424, 0.25608614094795129, null, null, 4407.1248522185424, 0.25608614094795129
2100-Jul-09 01:00:00, 4412.2096725828724, 0.25638160614764022, null, null, 4412.2096725828724, 0.25638160614764022
2100-Jul-09 02:00:00, 4419.7832968206167, 0.25682168902912639, null, null, 4419.7832968206167, 0.25682168902912639
2100-Jul-09 03:00:00, 4429.3990772941033, 0.25738043610261091, null, null, 4429.3990772941033, 0.25738043610261091
2100-Jul-09 04:00:00, 4440.7115174912624, 0.25803777149744017, null, null, 4440.7115174912624, 0.25803777149744017
2100-Jul-09 05:00:00, 4453.4233247379516, 0.25877642033799664, null, null, 4453.4233247379516, 0.25877642033799664
2100-Jul-09 06:00:00, 4467.266376909497, 0.25958080277063128, null, null, 4467.266376909497, 0.25958080277063128
2100-Jul-09 07:00:00, 4481.6326725606286, 0.26041558947089088, null, null, 4481.6326725606286, 0.26041558947089088
2100-Jul-09 08:00:00, 4495.6595688240022, 0.26123065458794931, null, null, 4495.6595688240022, 0.26123065458794931
2100-Jul-09 09:00:00, 4508.1940166150143, 0.26195899754880236, null, null, 4508.1940166150143, 0.26195899754880236
2100-Jul-09 10:00:00, 4518.0854996658927, 0.26253376495560193, null, null, 4518.0854996658927, 0.26253376495560193
2100-Jul-09 11:00:00, 4524.6549560315116, 0.26291549834986927, null, null, 4524.6549560315116, 0.26291549834986927
2100-Jul-09 12:00:00, 4527.5276644441155, 0.2630824236892052, null, null, 4527.5276644441155, 0.2630824236892052
2100-Jul-09 13:00:00, 4526.7439693309725, 0.26303688527948588, null, null, 4526.7439693309725, 0.26303688527948588
2100-Jul-09 14:00:00, 4522.7186690204217, 0.26280298593302948, null, null, 4522.7186690204217, 0.26280298593302948
2100-Jul-09 15:00:00, 4516.3817084624652, 0.26243476224319923, null, null, 4516.3817084624652, 0.26243476224319923
2100-Jul-09 16:00:00, 4508.7688479153285, 0.26199239944557856, null, null, 4508.7688479153285, 0.26199239944557856
2100-Jul-09 17:00:00, 4500.7479978383981, 0.26152632947656251, null, null, 4500.7479978383981, 0.26152632947656251
2100-Jul-09 18:00:00, 4493.1687036723124, 0.2610859171308299, null, null, 4493.1687036723124, 0.2610859171308299
2100-Jul-09 19:00:00, 4486.7802792449957, 0.26071470301432814, null, null, 4486.7802792449957, 0.26071470301432814
2100-Jul-09 20:00:00, 4482.0261258646215, 0.2604384519814032, null, null, 4482.0261258646215, 0.2604384519814032
2100-Jul-09 21:00:00, 4479.0667143685914, 0.26026648855969214, null, null, 4479.0667143685914, 0.26026648855969214
2100-Jul-09 22:00:00, 4477.9762163449241, 0.26020312266016427, null, null, 4477.9762163449241, 0.26020312266016427
2100-Jul-09 23:00:00, 4478.766921251603, 0.26024906839008344, null, null, 4478.766921251603, 0.26024906839008344
2100-Jul-10 00:00:00, 4481.3791791643916, 0.26040085965320364, null, null, 4481.3791791643916, 0.26040085965320364
2100-Jul-10 01:00:00, 4485.7131423540623, 0.26065269456722806, null, null, 4485.7131423540623, 0.26065269456722806
2100-Jul-10 02:00:00, 4491.5692895954098, 0.26099297949178712, null, null, 4491.5692895954098, 0.26099297949178712
2100-Jul-10 03:00:00, 4498.7248818966837, 0.26140877166470633, null, null, 4498.7248818966837, 0.26140877166470633
2100-Jul-10 04:00:00, 4506.9647948404327, 0.26188757078619013, null, null, 4506.9647948404327, 0.26188757078619013
2100-Jul-10 05:00:00, 4516.0717427826112, 0.26241675097339368, null, null, 4516.0717427826112, 0.26241675097339368
2100-Jul-10 06:00:00, 4525.6698089291103, 0.26297446871510521, null, null, 4525.6698089291103, 0.26297446871510521
2100-Jul-10 07:00:00, 4535.1031342544766, 0.26352261381193942, null, null, 4535.1031342544766, 0.26352261381193942
2100-Jul-10 08:00:00, 4543.5635637081277, 0.26401422655317075, null, null, 4543.5635637081277, 0.26401422655317075
2100-Jul-10 09:00:00, 4550.3857134192676, 0.26441064327633562, null, null, 4550.3857134192676, 0.26441064327633562
2100-Jul-10 10:00:00, 4554.983760416133, 0.26467782338827001, null, null, 4554.983760416133, 0.26467782338827001
2100-Jul-10 11:00:00, 4556.7665563689861, 0.26478141685361828, null, null, 4556.7665563689861, 0.26478141685361828
2100-Jul-10 12:00:00, 4554.9601881448316, 0.26467645366714948, null, null, 4554.9601881448316, 0.26467645366714948
2100-Jul-10 13:00:00, 4549.1357386307263, 0.26433801061204459, null, null, 4549.1357386307263, 0.26433801061204459
2100-Jul-10 14:00:00, 4539.2878025785994, 0.26376577360391407, null, null, 4539.2878025785994, 0.26376577360391407
2100-Jul-10 15:00:00, 4526.0170186789237, 0.2629946441373841, null, null, 4526.0170186789237, 0.2629946441373841
2100-Jul-10 16:00:00, 4510.2635260421448, 0.26207925116099184, null, null, 4510.2635260421448, 0.26207925116099184
2100-Jul-10 17:00:00, 4493.2071178398255, 0.26108814927451679, null, null, 4493.2071178398255, 0.26108814927451679
2100-Jul-10 18:00:00, 4476.030358198007, 0.26009005409043107, null, null, 4476.030358198007, 0.26009005409043107
2100-Jul-10 19:00:00, 4459.8177224407946, 0.25914798154543173, null, null, 4459.8177224407946, 0.25914798154543173
2100-Jul-10 20:00:00, 4445.3862467182489, 0.25830940740698627, null, null, 4445.3862467182489, 0.25830940740698627
2100-Jul-10 21:00:00, 4433.2248425173902, 0.25760274100321096, null, null, 4433.2248425173902, 0.25760274100321096
2100-Jul-10 22:00:00, 4423.6857747011309, 0.25704845149537525, null, null, 4423.6857747011309, 0.25704845149537525
2100-Jul-10 23:00:00, 4416.9475122411086, 0.25665690923416318, null, null, 4416.9475122411086, 0.25665690923416318
2100-Jul-11 00:00:00, 4412.9610747722818, 0.25642526810264221, null, null, 4412.9610747722818, 0.25642526810264221
2100-Jul-11 01:00:00, 4411.4591919129216, 0.25633799773964899, null, null, 4411.4591919129216, 0.25633799773964899
2100-Jul-11 02:00:00, 4412.1100577547249, 0.25637581779859703, null, null, 4412.1100577547249, 0.25637581779859703
2100-Jul-11 03:00:00, 4414.7414320181515, 0.25652871986130382, null, null, 4414.7414320181515, 0.25652871986130382
2100-Jul-11 04:00:00, 4419.2319758120984, 0.25678965325200886, null, null, 4419.2319758120984, 0.25678965325200886
2100-Jul-11 05:00:00, 4425.3088197081343, 0.2571427622640432, null, null, 4425.3088197081343, 0.2571427622640432
2100-Jul-11 06:00:00, 4432.6461092417949, 0.2575691123731732, null, null, 4432.6461092417949, 0.2575691123731732
2100-Jul-11 07:00:00, 4440.53959710052, 0.25802778166713314, null, null, 4440.53959710052, 0.25802778166713314
2100-Jul-11 08:00:00, 4448.0169196153893, 0.25846226871518946, null, null, 4448.0169196153893, 0.25846226871518946
2100-Jul-11 09:00:00, 4454.0290819106085, 0.25881161925382024, null, null, 4454.0290819106085, 0.25881161925382024
2100-Jul-11 10:00:00, 4457.6157995217982, 0.25902003374229499, null, null, 4457.6157995217982, 0.25902003374229499
2100-Jul-11 11:00:00, 4457.3548254103771, 0.25900486924042082, null, null, 4457.3548254103771, 0.25900486924042082
2100-Jul-11 12:00:00, 4452.44598579185, 0.25871962980732238, null, null, 4452.44598579185, 0.25871962980732238
2100-Jul-11 13:00:00, 4442.9587546820476, 0.25816835239071645, null, null, 4442.9587546820476, 0.25816835239071645
2100-Jul-11 14:00:00, 4429.2303024848552, 0.25737062905356217, null, null, 4429.2303024848552, 0.25737062905356217
2100-Jul-11 15:00:00, 4412.0312570500964, 0.25637123890214436, null, null, 4412.0312570500964, 0.25637123890214436
2100-Jul-11 16:00:00, 4392.4174058052258, 0.25523153089684525, null, null, 4392.4174058052258, 0.25523153089684525
2100-Jul-11 17:00:00, 4371.6489023172917, 0.25402472916332691, null, null, 4371.6489023172917, 0.25402472916332691
2100-Jul-11 18:00:00, 4351.011524352054, 0.25282554678034053, null, null, 4351.011524352054, 0.25282554678034053
2100-Jul-11 19:00:00, 4331.6412447197645, 0.25169999206463545, null, null, 4331.6412447197645, 0.25169999206463545
2100-Jul-11 20:00:00, 4314.4661996395107, 0.25070199650909875, null, null, 4314.4661996395107, 0.25070199650909875
2100-Jul-11 21:00:00, 4300.048214165965, 0.24986420625264499, null, null, 4300.048214165965, 0.24986420625264499
2100-Jul-11 22:00:00, 4288.6200606259745, 0.24920014706749538, null, null, 4288.6200606259745, 0.24920014706749538
2100-Jul-11 23:00:00, 4280.1772862606858, 0.24870956021584023, null, null, 4280.1772862606858, 0.24870956021584023
2100-Jul-12 00:00:00, 4274.6833908499011, 0.24839032476831002, null, null, 4274.6833908499011, 0.24839032476831002
2100-Jul-12 01:00:00, 4272.0191717338721, 0.24823551417978762, null, null, 4272.0191717338721, 0.24823551417978762
2100-Jul-12 02:00:00, 4272.0081853527654, 0.2482348757908073, null, null, 4272.0081853527654, 0.2482348757908073
2100-Jul-12 03:00:00, 4274.4839229701756, 0.24837873422770251, null, null, 4274.4839229701756, 0.24837873422770251
2100-Jul-12 04:00:00, 4279.2340016056287, 0.24865474848818805, null, null, 4279.2340016056287, 0.24865474848818805
2100-Jul-12 05:00:00, 4285.9531527363224, 0.24904518024158828, null, null, 4285.9531527363224, 0.24904518024158828
2100-Jul-12 06:00:00, 4294.2823476060266, 0.24952916729503249, null, null, 4294.2823476060266, 0.24952916729503249
2100-Jul-12 07:00:00, 4303.5305985195218, 0.25006655821686286, null, null, 4303.5305985195218, 0.25006655821686286
2100-Jul-12 08:00:00, 4312.7530459429927, 0.25060244976746943, null, null, 4312.7530459429927, 0.25060244976746943
2100-Jul-12 09:00:00, 4320.8832075700293, 0.25107487153589353, null, null, 4320.8832075700293, 0.25107487153589353
2100-Jul-12 10:00:00, 4326.8660921452774, 0.25142252082516681, null, null, 4326.8660921452774, 0.25142252082516681
2100-Jul-12 11:00:00, 4329.5002359920954, 0.25157558382089606, null, null, 4329.5002359920954, 0.25157558382089606
2100-Jul-12 12:00:00, 4327.8902286344728, 0.2514820306348764, null, null, 4327.8902286344728, 0.2514820306348764
2100-Jul-12 13:00:00, 4321.4934053453953, 0.25111032848316606, null, null, 4321.4934053453953, 0.25111032848316606
2100-Jul-12 14:00:00, 4309.5876779504724, 0.2504185187691278, null, null, 4309.5876779504724, 0.2504185187691278
2100-Jul-12 15:00:00, 4292.6289020481254, 0.24943309003232972, null, null, 4292.6289020481254, 0.24943309003232972
2100-Jul-12 16:00:00, 4272.2734010920949, 0.24825028676224128, null, null, 4272.2734010920949, 0.24825028676224128
2100-Jul-12 17:00:00, 4250.4891248610902, 0.24698446121374704, null, null, 4250.4891248610902, 0.24698446121374704
2100-Jul-12 18:00:00, 4228.9756032477662, 0.24573436848597166, null, null, 4228.9756032477662, 0.24573436848597166
2100-Jul-12 19:00:00, 4209.1480103053309, 0.24458224052700109, null, null, 4209.1480103053309, 0.24458224052700109
2100-Jul-12 20:00:00, 4192.1089774086704, 0.24359214827268375, null, null, 4192.1089774086704, 0.24359214827268375
2100-Jul-12 21:00:00, 4178.5921125602163, 0.24280671970580003, null, null, 4178.5921125602163, 0.24280671970580003
2100-Jul-12 22:00:00, 4168.8557929268645, 0.24224096842678064, null, null, 4168.8557929268645, 0.24224096842678064
2100-Jul-12 23:00:00, 4162.9053063942893, 0.2418952017004028, null, null, 4162.9053063942893, 0.2418952017004028
2100-Jul-13 00:00:00, 4160.584386239957, 0.24176033928880761, null, null, 4160.584386239957, 0.24176033928880761
2100-Jul-13 01:00:00, 4161.5834603209805, 0.24181839278956144, null, null, 4161.5834603209805, 0.24181839278956144
2100-Jul-13 02:00:00, 4165.6068099171198, 0.24205217878526364, null, null, 4165.6068099171198, 0.24205217878526364
2100-Jul-13 03:00:00, 4172.3569483039637, 0.24244441112455878, null, null, 4172.3569483039637, 0.24244441112455878
2100-Jul-13 04:00:00, 4181.5735183048973, 0.2429799611539907, null, null, 4181.5735183048973, 0.2429799611539907
2100-Jul-13 05:00:00, 4192.9971776167749, 0.24364375919166376, null, null, 4192.9971776167749, 0.24364375919166376
2100-Jul-13 06:00:00, 4206.2029654556836, 0.24441111191237036, null, null, 4206.2029654556836, 0.24441111191237036
2100-Jul-13 07:00:00, 4220.21817934713, 0.24522549819829867, null, null, 4220.21817934713, 0.24522549819829867
2100-Jul-13 08:00:00, 4233.7202565764228, 0.24601006749650908, null, null, 4233.7202565764228, 0.24601006749650908
2100-Jul-13 09:00:00, 4245.0502407063614, 0.24666842232196334, null, null, 4245.0502407063614, 0.24666842232196334
2100-Jul-13 10:00:00, 4252.5856625449669, 0.24710628536505186, null, null, 4252.5856625449669, 0.24710628536505186
2100-Jul-13 11:00:00, 4255.1523637163446, 0.2472554294487766, null, null, 4255.1523637163446, 0.2472554294487766
2100-Jul-13 12:00:00, 4251.8297939577569, 0.24706236387971772, null, null, 4251.8297939577569, 0.24706236387971772
2100-Jul-13 13:00:00, 4242.2802642999168, 0.24650746646247909, null, null, 4242.2802642999168, 0.24650746646247909
2100-Jul-13 14:00:00, 4227.2801398800293, 0.2456358496816442, null, null, 4227.2801398800293, 0.2456358496816442
2100-Jul-13 15:00:00, 4208.3557194018849, 0.24453620263908657, null, null, 4208.3557194018849, 0.24453620263908657
2100-Jul-13 16:00:00, 4187.1683069946321, 0.24330505923789275, null, null, 4187.1683069946321, 0.24330505923789275
2100-Jul-13 17:00:00, 4165.5612799306737, 0.24204953316052702, null, null, 4165.5612799306737, 0.24204953316052702
2100-Jul-13 18:00:00, 4145.3535683987902, 0.24087531753534808, null, null, 4145.3535683987902, 0.24087531753534808
2100-Jul-13 19:00:00, 4127.8720626147924, 0.23985951437471612, null, null, 4127.8720626147924, 0.23985951437471612
2100-Jul-13 20:00:00, 4113.8214242957756, 0.23904306967082686, null, null, 4113.8214242957756, 0.23904306967082686
2100-Jul-13 21:00:00, 4103.4863679073296, 0.23844252741351726, null, null, 4103.4863679073296, 0.23844252741351726
2100-Jul-13 22:00:00, 4096.8559899672127, 0.23805725403083644, null, null, 4096.8559899672127, 0.23805725403083644
2100-Jul-13 23:00:00, 4093.6822875750463, 0.23787283874300585, null, null, 4093.6822875750463, 0.23787283874300585
2100-Jul-14 00:00:00, 4093.5991264103418, 0.23786800647197656, null, null, 4093.5991264103418, 0.23786800647197656
2100-Jul-14 01:00:00, 4096.3064711791585, 0.23802532297589019, null, null, 4096.3064711791585, 0.23802532297589019
2100-Jul-14 02:00:00, 4101.5147801115554, 0.23832796376327128, null, null, 4101.5147801115554, 0.23832796376327128
2100-Jul-14 03:00:00, 4109.0745504836341, 0.23876724163398189, null, null, 4109.0745504836341, 0.23876724163398189
2100-Jul-14 04:00:00, 4118.8587340789109, 0.2393357741587592, null, null, 4118.8587340789109, 0.2393357741587592
2100-Jul-14 05:00:00, 4130.6383528281231, 0.24002025603945867, null, null, 4130.6383528281231, 0.24002025603945867
2100-Jul-14 06:00:00, 4143.9985388742398, 0.24079658042363725, null, null, 4143.9985388742398, 0.24079658042363725
2100-Jul-14 07:00:00, 4158.0786393513627, 0.24161473709408662, null, null, 4158.0786393513627, 0.24161473709408662
2100-Jul-14 08:00:00, 4171.7107015429619, 0.24240685946794036, null, null, 4171.7107015429619, 0.24240685946794036
2100-Jul-14 09:00:00, 4183.4505541177487, 0.24308903064347706, null, null, 4183.4505541177487, 0.24308903064347706
2100-Jul-14 10:00:00, 4191.7892478806889, 0.24357356965199259, null, null, 4191.7892478806889, 0.24357356965199259
2100-Jul-14 11:00:00, 4195.2524636106318, 0.24377480777918223, null, null, 4195.2524636106318, 0.24377480777918223
2100-Jul-14 12:00:00, 4193.2458953059268, 0.24365821150589043, null, null, 4193.2458953059268, 0.24365821150589043
2100-Jul-14 13:00:00, 4185.8886961420803, 0.24323070450183845, null, null, 4185.8886961420803, 0.24323070450183845
2100-Jul-14 14:00:00, 4173.8309851527483, 0.24253006343096675, null, null, 4173.8309851527483, 0.24253006343096675
2100-Jul-14 15:00:00, 4158.0242707862235, 0.2416115778833762, null, null, 4158.0242707862235, 0.2416115778833762
2100-Jul-14 16:00:00, 4139.4773749378646, 0.24053386777902577, null, null, 4139.4773749378646, 0.24053386777902577
2100-Jul-14 17:00:00, 4119.5666544662536, 0.23937690950349574, null, null, 4119.5666544662536, 0.23937690950349574
2100-Jul-14 18:00:00, 4099.9363830945558, 0.23823624736890509, null, null, 4099.9363830945558, 0.23823624736890509
2100-Jul-14 19:00:00, 4082.1354090479444, 0.23720188076900797, null, null, 4082.1354090479444, 0.23720188076900797
2100-Jul-14 20:00:00, 4067.2966202154112, 0.23633963876409811, null, null, 4067.2966202154112, 0.23633963876409811
2100-Jul-14 21:00:00, 4056.0199932630549, 0.23568438438035066, null, null, 4056.0199932630549, 0.23568438438035066
2100-Jul-14 22:00:00, 4048.4417918952181, 0.23524403553417741, null, null, 4048.4417918952181, 0.23524403553417741
2100-Jul-14 23:00:00, 4044.3384961771544, 0.23500560408491222, null, null, 4044.3384961771544, 0.23500560408491222
2100-Jul-15 00:00:00, 4043.4821886843547, 0.23495584636561695, null, null, 4043.4821886843547, 0.23495584636561695
2100-Jul-15 01:00:00, 4045.5972064539574, 0.23507874434487008, null, null, 4045.5972064539574, 0.23507874434487008
2100-Jul-15 02:00:00, 4050.425270124601, 0.23535929010545675, null, null, 4050.425270124601, 0.23535929010545675
2100-Jul-15 03:00:00, 4057.7307120474334, 0.23578378963580152, null, null, 4057.7307120474334, 0.23578378963580152
2100-Jul-15 04:00:00, 4067.2380870919937, 0.23633623756213623, null, null, 4067.2380870919937, 0.23633623756213623
2100-Jul-15 05:00:00, 4078.6855394025606, 0.23700141814680314, null, null, 4078.6855394025606, 0.23700141814680314
2100-Jul-15 06:00:00, 4091.6822159122203, 0.23775661997205486, null, null, 4091.6822159122203, 0.23775661997205486
2100-Jul-15 07:00:00, 4105.3358480812858, 0.23854999571913374, null, null, 4105.3358480812858, 0.23854999571913374
2100-Jul-15 08:00:00, 4117.7776120605449, 0.23927295307361618, null, null, 4117.7776120605449, 0.23927295307361618
2100-Jul-15 09:00:00, 4127.0056299527623, 0.23980916830914029, null, null, 4127.0056299527623, 0.23980916830914029
2100-Jul-15 10:00:00, 4131.8217690669699, 0.24008902116590813, null, null, 4131.8217690669699, 0.24008902116590813
2100-Jul-15 11:00:00, 4131.9094170537355, 0.24009411415406828, null, null, 4131.9094170537355, 0.24009411415406828
2100-Jul-15 12:00:00, 4127.2723957935978, 0.23982466935279281, null, null, 4127.2723957935978, 0.23982466935279281
2100-Jul-15 13:00:00, 4118.4367171998756, 0.2393112518959255, null, null, 4118.4367171998756, 0.2393112518959255
2100-Jul-15 14:00:00, 4106.4732904841558, 0.23861608942994725, null, null, 4106.4732904841558, 0.23861608942994725
2100-Jul-15 15:00:00, 4092.101454699331, 0.23778098080745821, null, null, 4092.101454699331, 0.23778098080745821
2100-Jul-15 16:00:00, 4076.4064276894469, 0.23686898511098689, null, null, 4076.4064276894469, 0.23686898511098689
2100-Jul-15 17:00:00, 4061.0420958245872, 0.23597620521764331, null, null, 4061.0420958245872, 0.23597620521764331
2100-Jul-15 18:00:00, 4047.9018659290364, 0.23521266189224227, null, null, 4047.9018659290364, 0.23521266189224227
2100-Jul-15 19:00:00, 4038.4617215485537, 0.23466412055850347, null, null, 4038.4617215485537, 0.23466412055850347
2100-Jul-15 20:00:00, 4033.4195524268475, 0.23437113370751045, null, null, 4033.4195524268475, 0.23437113370751045
2100-Jul-15 21:00:00, 4032.7860320971354, 0.23433432154949627, null, null, 4032.7860320971354, 0.23433432154949627
2100-Jul-15 22:00:00, 4036.1223417562655, 0.23452818550712476, null, null, 4036.1223417562655, 0.23452818550712476
2100-Jul-15 23:00:00, 4042.7708554935307, 0.23491451271207306, null, null, 4042.7708554935307, 0.23491451271207306
2100-Jul-16 00:00:00, 4052.1259112181388, 0.23545810977346829, null, null, 4052.1259112181388, 0.23545810977346829
2100-Jul-16 01:00:00, 4063.6468318192569, 0.23612755940238517, null, null, 4063.6468318192569, 0.23612755940238517
2100-Jul-16 02:00:00, 4076.8454315492786, 0.23689449444146773, null, null, 4076.8454315492786, 0.23689449444146773
2100-Jul-16 03:00:00, 4091.3363327445204, 0.23773652163388537, null, null, 4091.3363327445204, 0.23773652163388537
2100-Jul-16 04:00:00, 4106.8579759583163, 0.23863844246551122, null, null, 4106.8579759583163, 0.23863844246551122
2100-Jul-16 05:00:00, 4123.2053548581252, 0.23958834457117964, null, null, 4123.2053548581252, 0.23958834457117964
2100-Jul-16 06:00:00, 4140.2339574233602, 0.24057783074706418, null, null, 4140.2339574233602, 0.24057783074706418
2100-Jul-16 07:00:00, 4157.3843579142285, 0.24157439427196803, null, null, 4157.3843579142285, 0.24157439427196803
2100-Jul-16 08:00:00, 4173.7288476763024, 0.2425241284976335, null, null, 4173.7288476763024, 0.2425241284976335
2100-Jul-16 09:00:00, 4187.9602341086756, 0.24335107598698608, null, null, 4187.9602341086756, 0.24335107598698608
2100-Jul-16 10:00:00, 4198.6193810131372, 0.2439704502702417, null, null, 4198.6193810131372, 0.2439704502702417
2100-Jul-16 11:00:00, 4204.4277643690311, 0.24430795976421676, null, null, 4204.4277643690311, 0.24430795976421676
2100-Jul-16 12:00:00, 4204.9183387460698, 0.24433646571838788, null, null, 4204.9183387460698, 0.24433646571838788
2100-Jul-16 13:00:00, 4200.2617743983401, 0.24406588532099213, null, null, 4200.2617743983401, 0.24406588532099213
2100-Jul-16 14:00:00, 4191.0485422468046, 0.24353052924498794, null, null, 4191.0485422468046, 0.24353052924498794
2100-Jul-16 15:00:00, 4178.4072271301993, 0.24279597651202217, null, null, 4178.4072271301993, 0.24279597651202217
2100-Jul-16 16:00:00, 4164.1608531803467, 0.24196815813844408, null, null, 4164.1608531803467, 0.24196815813844408
2100-Jul-16 17:00:00, 4150.1297427382033, 0.24115284814682125, null, null, 4150.1297427382033, 0.24115284814682125
2100-Jul-16 18:00:00, 4137.528163515557, 0.24042060435950199, null, null, 4137.528163515557, 0.24042060435950199
2100-Jul-16 19:00:00, 4127.0296007131128, 0.23981056118538494, null, null, 4127.0296007131128, 0.23981056118538494
2100-Jul-16 20:00:00, 4119.0107056066618, 0.23934460481443171, null, null, 4119.0107056066618, 0.23934460481443171
2100-Jul-16 21:00:00, 4113.6039134412031, 0.23903043070160554, null, null, 4113.6039134412031, 0.23903043070160554
2100-Jul-16 22:00:00, 4110.7232369786707, 0.23886304236037484, null, null, 4110.7232369786707, 0.23886304236037484
2100-Jul-16 23:00:00, 4110.1339321986316, 0.23882879944872087, null, null, 4110.1339321986316, 0.23882879944872087
2100-Jul-17 00:00:00, 4111.600851705789, 0.23891403818559945, null, null, 4111.600851705789, 0.23891403818559945
2100-Jul-17 01:00:00, 4114.9270877370227, 0.23910731679187536, null, null, 4114.9270877370227, 0.23910731679187536
2100-Jul-17 02:00:00, 4119.9411801382894, 0.23939867218035507, null, null, 4119.9411801382894, 0.23939867218035507
2100-Jul-17 03:00:00, 4126.5015294378563, 0.23977987638757217, null, null, 4126.5015294378563, 0.23977987638757217
2100-Jul-17 04:00:00, 4134.5310595822357, 0.24024645073190104, null, null, 4134.5310595822357, 0.24024645073190104
2100-Jul-17 05:00:00, 4143.9108458503351, 0.24079148481849039, null, null, 4143.9108458503351, 0.24079148481849039
2100-Jul-17 06:00:00, 4154.3666117453877, 0.24139904117972472, null, null, 4154.3666117453877, 0.24139904117972472
2100-Jul-17 07:00:00, 4165.4719972624971, 0.24204434518543813, null, null, 4165.4719972624971, 0.24204434518543813
2100-Jul-17 08:00:00, 4176.5889693787267, 0.24269032245718211, null, null, 4176.5889693787267, 0.24269032245718211
2100-Jul-17 09:00:00, 4186.7359769170862, 0.2432799377029041, null, null, 4186.7359769170862, 0.2432799377029041
2100-Jul-17 10:00:00, 4194.5985199233064, 0.2437368088749306, null, null, 4194.5985199233064, 0.2437368088749306
2100-Jul-17 11:00:00, 4198.7795462218919, 0.24397975703862232, null, null, 4198.7795462218919, 0.24397975703862232
2100-Jul-17 12:00:00, 4198.7214538370426, 0.24397638144679015, null, null, 4198.7214538370426, 0.24397638144679015
2100-Jul-17 13:00:00, 4194.4709069187575, 0.24372939362735638, null, null, 4194.4709069187575, 0.24372939362735638
2100-Jul-17 14:00:00, 4186.3078479997566, 0.24325506028600677, null, null, 4186.3078479997566, 0.24325506028600677
2100-Jul-17 15:00:00, 4174.8124597147025, 0.24258709427112615, null, null, 4174.8124597147025, 0.24258709427112615
2100-Jul-17 16:00:00, 4161.1588561455956, 0.24179372018591375, null, null, 4161.1588561455956, 0.24179372018591375
2100-Jul-17 17:00:00, 4146.779208798629, 0.24095815765461323, null, null, 4146.779208798629, 0.24095815765461323
2100-Jul-17 18:00:00, 4133.0174341454585, 0.24015849803939909, null, null, 4133.0174341454585, 0.24015849803939909
2100-Jul-17 19:00:00, 4120.8733778957348, 0.23945283967828387, null, null, 4120.8733778957348, 0.23945283967828387
2100-Jul-17 20:00:00, 4110.9485889061743, 0.23887613695320001, null, null, 4110.9485889061743, 0.23887613695320001
2100-Jul-17 21:00:00, 4103.6008772576779, 0.23844918124308109, null, null, 4103.6008772576779, 0.23844918124308109
2100-Jul-17 22:00:00, 4098.9723776445953, 0.23818023161173657, null, null, 4098.9723776445953, 0.23818023161173657
2100-Jul-17 23:00:00, 4097.0547958053057, 0.23806880610198994, null, null, 4097.0547958053057, 0.23806880610198994
2100-Jul-18 00:00:00, 4097.6968813678723, 0.23810611596258835, null, null, 4097.6968813678723, 0.23810611596258835
2100-Jul-18 01:00:00, 4100.6308233700765, 0.23827659942069401, null, null, 4100.6308233700765, 0.23827659942069401
2100-Jul-18 02:00:00, 4105.5297272849712, 0.23856126151684692, null, null, 4105.5297272849712, 0.23856126151684692
2100-Jul-18 03:00:00, 4112.059717917462, 0.23894070166378514, null, null, 4112.059717917462, 0.23894070166378514
2100-Jul-18 04:00:00, 4119.9123735427274, 0.23939699830676658, null, null, 4119.9123735427274, 0.23939699830676658
2100-Jul-18 05:00:00, 4128.8599691877489, 0.23991691896169035, null, null, 4128.8599691877489, 0.23991691896169035
2100-Jul-18 06:00:00, 4138.6785716981867, 0.24048745147681394, null, null, 4138.6785716981867, 0.24048745147681394
2100-Jul-18 07:00:00, 4148.4035764590826, 0.24105254527910649, null, null, 4148.4035764590826, 0.24105254527910649
2100-Jul-18 08:00:00, 4156.9318379945626, 0.24154809955969753, null, null, 4156.9318379945626, 0.24154809955969753
2100-Jul-18 09:00:00, 4163.2368667173087, 0.24191446777669079, null, null, 4163.2368667173087, 0.24191446777669079
2100-Jul-18 10:00:00, 4166.0825353184518, 0.24207982190549807, null, null, 4166.0825353184518, 0.24207982190549807
2100-Jul-18 11:00:00, 4164.4470201219037, 0.24198478652774269, null, null, 4164.4470201219037, 0.24198478652774269
2100-Jul-18 12:00:00, 4157.5305584731177, 0.24158288959220192, null, null, 4157.5305584731177, 0.24158288959220192
2100-Jul-18 13:00:00, 4145.6319154513458, 0.24089149153198383, null, null, 4145.6319154513458, 0.24089149153198383
2100-Jul-18 14:00:00, 4129.6831408670905, 0.23996475124821931, null, null, 4129.6831408670905, 0.23996475124821931
2100-Jul-18 15:00:00, 4110.724627463911, 0.23886312315772257, null, null, 4110.724627463911, 0.23886312315772257
2100-Jul-18 16:00:00, 4089.8309492737235, 0.23764904785980129, null, null, 4089.8309492737235, 0.23764904785980129
2100-Jul-18 17:00:00, 4068.0823010490089, 0.23638529255867841, null, null, 4068.0823010490089, 0.23638529255867841
2100-Jul-18 18:00:00, 4046.5580738511194, 0.2351345777582525, null, null, 4046.5580738511194, 0.2351345777582525
2100-Jul-18 19:00:00, 4026.2535186300915, 0.23395473480744525, null, null, 4026.2535186300915, 0.23395473480744525
2100-Jul-18 20:00:00, 4007.9470629912712, 0.23289099603530211, null, null, 4007.9470629912712, 0.23289099603530211
2100-Jul-18 21:00:00, 3992.1620060117475, 0.23197376894006907, null, null, 3992.1620060117475, 0.23197376894006907
2100-Jul-18 22:00:00, 3979.1801605743481, 0.23121942890843306, null, null, 3979.1801605743481, 0.23121942890843306
2100-Jul-18 23:00:00, 3969.143981844195, 0.23063625362589596, null, null, 3969.143981844195, 0.23063625362589596
2100-Jul-19 00:00:00, 3962.0537081147827, 0.23022425693905016, null, null, 3962.0537081147827, 0.23022425693905016
2100-Jul-19 01:00:00, 3957.9268031523775, 0.22998445362026076, null, null, 3957.9268031523775, 0.22998445362026076
2100-Jul-19 02:00:00, 3956.7443830082602, 0.22991574637418996, null, null, 3956.7443830082602, 0.22991574637418996
2100-Jul-19 03:00:00, 3958.3201815195407, 0.23000731177639594, null, null, 3958.3201815195407, 0.23000731177639594
2100-Jul-19 04:00:00, 3962.4485776904021, 0.23024720174528757, null, null, 3962.4485776904021, 0.23024720174528757
2100-Jul-19 05:00:00, 3969.0790254395074, 0.23063247918438046, null, null, 3969.0790254395074, 0.23063247918438046
2100-Jul-19 06:00:00, 3978.0465656385695, 0.2311535587635572, null, null, 3978.0465656385695, 0.2311535587635572
2100-Jul-19 07:00:00, 3988.5298888574025, 0.23176271640656557, null, null, 3988.5298888574025, 0.23176271640656557
2100-Jul-19 08:00:00, 3999.2011767442114, 0.23238279616956611, null, null, 3999.2011767442114, 0.23238279616956611
2100-Jul-19 09:00:00, 4008.3426559368222, 0.23291398287461559, null, null, 4008.3426559368222, 0.23291398287461559
2100-Jul-19 10:00:00, 4014.1039492435807, 0.233248756092818, null, null, 4014.1039492435807, 0.233248756092818
2100-Jul-19 11:00:00, 4014.1211414844861, 0.23324975508757659, null, null, 4014.1211414844861, 0.23324975508757659
2100-Jul-19 12:00:00, 4006.9936301826874, 0.23283559462581391, null, null, 4006.9936301826874, 0.23283559462581391
2100-Jul-19 13:00:00, 3992.8993940120035, 0.23201661656832989, null, null, 3992.8993940120035, 0.23201661656832989
2100-Jul-19 14:00:00, 3972.8759159231499, 0.23085310625172312, null, null, 3972.8759159231499, 0.23085310625172312
2100-Jul-19 15:00:00, 3948.5937261637664, 0.22944213368394664, null, null, 3948.5937261637664, 0.22944213368394664
2100-Jul-19 16:00:00, 3922.239905745676, 0.22791078424493386, null, null, 3922.239905745676, 0.22791078424493386
2100-Jul-19 17:00:00, 3895.7341348475265, 0.22637060537327322, null, null, 3895.7341348475265, 0.22637060537327322
2100-Jul-19 18:00:00, 3870.4758489830092, 0.22490291449295965, null, null, 3870.4758489830092, 0.22490291449295965
2100-Jul-19 19:00:00, 3847.4164868815642, 0.22356299714291955, null, null, 3847.4164868815642, 0.22356299714291955
2100-Jul-19 20:00:00, 3827.1959461310444, 0.22238803604644081, null, null, 3827.1959461310444, 0.22238803604644081
2100-Jul-19 21:00:00, 3810.2881011345908, 0.22140556676724435, null, null, 3810.2881011345908, 0.22140556676724435
2100-Jul-19 22:00:00, 3796.9603577733942, 0.22063112754000183, null, null, 3796.9603577733942, 0.22063112754000183
2100-Jul-19 23:00:00, 3787.2650706451054, 0.22006776054920374, null, null, 3787.2650706451054, 0.22006776054920374
2100-Jul-20 00:00:00, 3781.0237322107523, 0.21970509320312231, null, null, 3781.0237322107523, 0.21970509320312231
2100-Jul-20 01:00:00, 3778.0045966025909, 0.21952965937430682, null, null, 3778.0045966025909, 0.21952965937430682
2100-Jul-20 02:00:00, 3777.9997847087657, 0.21952937976813233, null, null, 3777.9997847087657, 0.21952937976813233
2100-Jul-20 03:00:00, 3780.8014708964429, 0.2196921781974957, null, null, 3780.8014708964429, 0.2196921781974957
2100-Jul-20 04:00:00, 3786.1734332435244, 0.22000432844349777, null, null, 3786.1734332435244, 0.22000432844349777
2100-Jul-20 05:00:00, 3793.9700219231622, 0.22045736718745843, null, null, 3793.9700219231622, 0.22045736718745843
2100-Jul-20 06:00:00, 3803.9773295628047, 0.22103886484877949, null, null, 3803.9773295628047, 0.22103886484877949
2100-Jul-20 07:00:00, 3815.6421186974258, 0.2217166742902236, null, null, 3815.6421186974258, 0.2217166742902236
2100-Jul-20 08:00:00, 3827.8883114054838, 0.22242826752551231, null, null, 3827.8883114054838, 0.22242826752551231
2100-Jul-20 09:00:00, 3839.168192191396, 0.22308371098075344, null, null, 3839.168192191396, 0.22308371098075344
2100-Jul-20 10:00:00, 3847.7577372758201, 0.22358282628311693, null, null, 3847.7577372758201, 0.22358282628311693
2100-Jul-20 11:00:00, 3851.5727608269831, 0.22380450701411575, null, null, 3851.5727608269831, 0.22380450701411575
2100-Jul-20 12:00:00, 3849.4223693652229, 0.22367955356499974, null, null, 3849.4223693652229, 0.22367955356499974
2100-Jul-20 13:00:00, 3840.9956972261439, 0.22318990237028852, null, null, 3840.9956972261439, 0.22318990237028852
2100-Jul-20 14:00:00, 3826.2837673547492, 0.22233503179752365, null, null, 3826.2837673547492, 0.22233503179752365
2100-Jul-20 15:00:00, 3806.2923581707551, 0.22117338491850153, null, null, 3806.2923581707551, 0.22117338491850153
2100-Jul-20 16:00:00, 3782.6878356279444, 0.21980178976528855, null, null, 3782.6878356279444, 0.21980178976528855
2100-Jul-20 17:00:00, 3757.2621840625752, 0.21832437371541538, null, null, 3757.2621840625752, 0.21832437371541538
2100-Jul-20 18:00:00, 3731.7405703007166, 0.21684138156107502, null, null, 3731.7405703007166, 0.21684138156107502
2100-Jul-20 19:00:00, 3707.6392627062942, 0.21544091956813916, null, null, 3707.6392627062942, 0.21544091956813916
2100-Jul-20 20:00:00, 3686.1661734826325, 0.21419317625749745, null, null, 3686.1661734826325, 0.21419317625749745
2100-Jul-20 21:00:00, 3668.2396522613922, 0.21315151444983205, null, null, 3668.2396522613922, 0.21315151444983205
2100-Jul-20 22:00:00, 3654.3009975765849, 0.21234157681295265, null, null, 3654.3009975765849, 0.21234157681295265
2100-Jul-20 23:00:00, 3644.3768064460164, 0.21176490882784263, null, null, 3644.3768064460164, 0.21176490882784263
2100-Jul-21 00:00:00, 3638.2998854201974, 0.21141179533400456, null, null, 3638.2998854201974, 0.21141179533400456
2100-Jul-21 01:00:00, 3635.8752230228465, 0.21127090474041799, null, null, 3635.8752230228465, 0.21127090474041799
2100-Jul-21 02:00:00, 3636.8931970188069, 0.21133005646426345, null, null, 3636.8931970188069, 0.21133005646426345
2100-Jul-21 03:00:00, 3641.0207642963878, 0.21156989826840172, null, null, 3641.0207642963878, 0.21156989826840172
2100-Jul-21 04:00:00, 3647.9210863847134, 0.21197085737760593, null, null, 3647.9210863847134, 0.21197085737760593
2100-Jul-21 05:00:00, 3657.3942321176701, 0.21252131633094581, null, null, 3657.3942321176701, 0.21252131633094581
2100-Jul-21 06:00:00, 3669.0893076514499, 0.213200885633375, null, null, 3669.0893076514499, 0.213200885633375
2100-Jul-21 07:00:00, 3681.9302249005405, 0.2139470367080141, null, null, 3681.9302249005405, 0.2139470367080141
2100-Jul-21 08:00:00, 3694.2426335244591, 0.21466247757161622, null, null, 3694.2426335244591, 0.21466247757161622
2100-Jul-21 09:00:00, 3704.2001916764257, 0.21524108442436246, null, null, 3704.2001916764257, 0.21524108442436246
2100-Jul-21 10:00:00, 3710.3364706936291, 0.21559764705101564, null, null, 3710.3364706936291, 0.21559764705101564
2100-Jul-21 11:00:00, 3711.5224813313607, 0.21566656293098826, null, null, 3711.5224813313607, 0.21566656293098826
2100-Jul-21 12:00:00, 3706.8069911792832, 0.21539255851400069, null, null, 3706.8069911792832, 0.21539255851400069
2100-Jul-21 13:00:00, 3695.790314317966, 0.21475240912906438, null, null, 3695.790314317966, 0.21475240912906438
2100-Jul-21 14:00:00, 3679.1318032050517, 0.21378442796948879, null, null, 3679.1318032050517, 0.21378442796948879
2100-Jul-21 15:00:00, 3657.9353972305562, 0.2125527619763545, null, null, 3657.9353972305562, 0.2125527619763545
2100-Jul-21 16:00:00, 3633.65610888931, 0.21114195800216201, null, null, 3633.65610888931, 0.21114195800216201
2100-Jul-21 17:00:00, 3607.9080792335276, 0.20964580943077687, null, null, 3607.9080792335276, 0.20964580943077687
2100-Jul-21 18:00:00, 3582.364331515601, 0.20816153113193564, null, null, 3582.364331515601, 0.20816153113193564
2100-Jul-21 19:00:00, 3558.5114128252117, 0.2067755023484098, null, null, 3558.5114128252117, 0.2067755023484098
2100-Jul-21 20:00:00, 3537.5526802900108, 0.20555764691792477, null, null, 3537.5526802900108, 0.20555764691792477
2100-Jul-21 21:00:00, 3520.2006104130332, 0.20454936492881401, null, null, 3520.2006104130332, 0.20454936492881401
2100-Jul-21 22:00:00, 3506.7528560227311, 0.20376795218429083, null, null, 3506.7528560227311, 0.20376795218429083
2100-Jul-21 23:00:00, 3497.3485643287581, 0.20322149415348509, null, null, 3497.3485643287581, 0.20322149415348509
2100-Jul-22 00:00:00, 3491.9914451933137, 0.20291020640648519, null, null, 3491.9914451933137, 0.20291020640648519
2100-Jul-22 01:00:00, 3490.5784858313182, 0.20282810314813354, null, null, 3490.5784858313182, 0.20282810314813354
2100-Jul-22 02:00:00, 3492.8439955867625, 0.20295974581086854, null, null, 3492.8439955867625, 0.20295974581086854
2100-Jul-22 03:00:00, 3498.4537056585109, 0.20328571093604256, null, null, 3498.4537056585109, 0.20328571093604256
2100-Jul-22 04:00:00, 3507.0859467821792, 0.20378730719011273, null, null, 3507.0859467821792, 0.20378730719011273
2100-Jul-22 05:00:00, 3518.3789026497579, 0.20444351040309136, null, null, 3518.3789026497579, 0.20444351040309136
2100-Jul-22 06:00:00, 3531.8491510985782, 0.20522623021669772, null, null, 3531.8491510985782, 0.20522623021669772
2100-Jul-22 07:00:00, 3546.5454439192381, 0.20608019216261114, null, null, 3546.5454439192381, 0.20608019216261114
2100-Jul-22 08:00:00, 3561.0676287266797, 0.20692403716137459, null, null, 3561.0676287266797, 0.20692403716137459
2100-Jul-22 09:00:00, 3573.7911544402464, 0.20766336693044138, null, null, 3573.7911544402464, 0.20766336693044138
2100-Jul-22 10:00:00, 3582.8770158689827, 0.20819132183721051, null, null, 3582.8770158689827, 0.20819132183721051
2100-Jul-22 11:00:00, 3586.8616009558959, 0.20842285533181362, null, null, 3586.8616009558959, 0.20842285533181362
2100-Jul-22 12:00:00, 3585.0709575449332, 0.20831880587183599, null, null, 3585.0709575449332, 0.20831880587183599
2100-Jul-22 13:00:00, 3577.4233179900375, 0.20787442215985916, null, null, 3577.4233179900375, 0.20787442215985916
2100-Jul-22 14:00:00, 3564.564757060662, 0.20712724585853651, null, null, 3564.564757060662, 0.20712724585853651
2100-Jul-22 15:00:00, 3547.5590916300162, 0.20613909249769086, null, null, 3547.5590916300162, 0.20613909249769086
2100-Jul-22 16:00:00, 3528.1025548500265, 0.20500852561173319, null, null, 3528.1025548500265, 0.20500852561173319
2100-Jul-22 17:00:00, 3508.1183023245494, 0.2038472945868389, null, null, 3508.1183023245494, 0.2038472945868389
2100-Jul-22 18:00:00, 3489.1571453321899, 0.2027455128845036, null, null, 3489.1571453321899, 0.2027455128845036
2100-Jul-22 19:00:00, 3472.3481512454478, 0.20176878756510996, null, null, 3472.3481512454478, 0.20176878756510996
2100-Jul-22 20:00:00, 3458.3841372577808, 0.20095737636752506, null, null, 3458.3841372577808, 0.20095737636752506
2100-Jul-22 21:00:00, 3447.5354967623325, 0.20032699112268398, null, null, 3447.5354967623325, 0.20032699112268398
2100-Jul-22 22:00:00, 3439.8994159716558, 0.19988327905932665, null, null, 3439.8994159716558, 0.19988327905932665
2100-Jul-22 23:00:00, 3435.351879823937, 0.19961903399662906, null, null, 3435.351879823937, 0.19961903399662906
2100-Jul-23 00:00:00, 3433.6140782205493, 0.19951805503159686, null, null, 3433.6140782205493, 0.19951805503159686
2100-Jul-23 01:00:00, 3434.4537050520057, 0.19956684348264239, null, null, 3434.4537050520057, 0.19956684348264239
2100-Jul-23 02:00:00, 3437.7285100964737, 0.19975713357296571, null, null, 3437.7285100964737, 0.19975713357296571
2100-Jul-23 03:00:00, 3443.40820330733, 0.20008716522963735, null, null, 3443.40820330733, 0.20008716522963735
2100-Jul-23 04:00:00, 3451.5224507665484, 0.20055866226868355, null, null, 3451.5224507665484, 0.20055866226868355
2100-Jul-23 05:00:00, 3461.937983295958, 0.20116388077753328, null, null, 3461.937983295958, 0.20116388077753328
2100-Jul-23 06:00:00, 3474.4281192922649, 0.2018896488994868, null, null, 3474.4281192922649, 0.2018896488994868
2100-Jul-23 07:00:00, 3488.2220028639936, 0.20269117427737374, null, null, 3488.2220028639936, 0.20269117427737374
2100-Jul-23 08:00:00, 3502.1058648047447, 0.20349792805564967, null, null, 3502.1058648047447, 0.20349792805564967
2100-Jul-23 09:00:00, 3514.620256195557, 0.204225105593171, null, null, 3514.620256195557, 0.204225105593171
2100-Jul-23 10:00:00, 3524.2238694443326, 0.20478314566203756, null, null, 3524.2238694443326, 0.20478314566203756
2100-Jul-23 11:00:00, 3529.3751999777433, 0.20508247558830103, null, null, 3529.3751999777433, 0.20508247558830103
2100-Jul-23 12:00:00, 3529.1654367829778, 0.20507028681469883, null, null, 3529.1654367829778, 0.20507028681469883
2100-Jul-23 13:00:00, 3523.5209131005536, 0.20474229876448652, null, null, 3523.5209131005536, 0.20474229876448652
2100-Jul-23 14:00:00, 3513.0147697239404, 0.2041318151036462, null, null, 3513.0147697239404, 0.2041318151036462
2100-Jul-23 15:00:00, 3498.7235578709028, 0.20330139132042352, null, null, 3498.7235578709028, 0.20330139132042352
2100-Jul-23 16:00:00, 3482.5583227347574, 0.2023620730976943, null, null, 3482.5583227347574, 0.2023620730976943
2100-Jul-23 17:00:00, 3466.5733644770326, 0.20143323027823704, null, null, 3466.5733644770326, 0.20143323027823704
2100-Jul-23 18:00:00, 3452.2984200238111, 0.20060375174975115, null, null, 3452.2984200238111, 0.20060375174975115
2100-Jul-23 19:00:00, 3440.7147435555034, 0.19993065554661879, null, null, 3440.7147435555034, 0.19993065554661879
2100-Jul-23 20:00:00, 3432.2489804376473, 0.19943873288054323, null, null, 3432.2489804376473, 0.19943873288054323
2100-Jul-23 21:00:00, 3426.9106902261765, 0.1991285392315415, null, null, 3426.9106902261765, 0.1991285392315415
2100-Jul-23 22:00:00, 3424.5355822701767, 0.19899052811291379, null, null, 3424.5355822701767, 0.19899052811291379
2100-Jul-23 23:00:00, 3425.0156657410885, 0.19901842446881957, null, null, 3425.0156657410885, 0.19901842446881957
2100-Jul-24 00:00:00, 3428.2240246201241, 0.19920485355164771, null, null, 3428.2240246201241, 0.19920485355164771
2100-Jul-24 01:00:00, 3433.9363149805267, 0.19953677934077832, null, null, 3433.9363149805267, 0.19953677934077832
2100-Jul-24 02:00:00, 3441.8752956023586, 0.19999809209652702, null, null, 3441.8752956023586, 0.19999809209652702
2100-Jul-24 03:00:00, 3451.6983170367548, 0.20056888138340578, null, null, 3451.6983170367548, 0.20056888138340578
2100-Jul-24 04:00:00, 3463.0367351396362, 0.20122772628428479, null, null, 3463.0367351396362, 0.20122772628428479
2100-Jul-24 05:00:00, 3475.5525011731179, 0.20195498369858478, null, null, 3475.5525011731179, 0.20195498369858478
2100-Jul-24 06:00:00, 3488.8759482350224, 0.20272917327946083, null, null, 3488.8759482350224, 0.20272917327946083
2100-Jul-24 07:00:00, 3502.615843435075, 0.20352756153865423, null, null, 3502.615843435075, 0.20352756153865423
2100-Jul-24 08:00:00, 3516.2674684424182, 0.20432082065497792, null, null, 3516.2674684424182, 0.20432082065497792
2100-Jul-24 09:00:00, 3528.8545629335304, 0.20505222277360716, null, null, 3528.8545629335304, 0.20505222277360716
2100-Jul-24 10:00:00, 3538.8288237308479, 0.20563180017203453, null, null, 3538.8288237308479, 0.20563180017203453
2100-Jul-24 11:00:00, 3544.1788770423082, 0.20594267734305635, null, null, 3544.1788770423082, 0.20594267734305635
2100-Jul-24 12:00:00, 3543.8748156362594, 0.20592500915468021, null, null, 3543.8748156362594, 0.20592500915468021
2100-Jul-24 13:00:00, 3538.0156597844812, 0.20558454940788196, null, null, 3538.0156597844812, 0.20558454940788196
2100-Jul-24 14:00:00, 3527.1991664552079, 0.20495603214817953, null, null, 3527.1991664552079, 0.20495603214817953
2100-Jul-24 15:00:00, 3512.0313888570822, 0.20407467349324934, null, null, 3512.0313888570822, 0.20407467349324934
2100-Jul-24 16:00:00, 3493.7091572112045, 0.20301001801987756, null, null, 3493.7091572112045, 0.20301001801987756
2100-Jul-24 17:00:00, 3474.0697940041805, 0.20186882758325306, null, null, 3474.0697940041805, 0.20186882758325306
2100-Jul-24 18:00:00, 3455.0757157858161, 0.20076513291724971, null, null, 3455.0757157858161, 0.20076513291724971
2100-Jul-24 19:00:00, 3438.439209991453, 0.19979843042739581, null, null, 3438.439209991453, 0.19979843042739581
2100-Jul-24 20:00:00, 3425.1251796934448, 0.19902478802927662, null, null, 3425.1251796934448, 0.19902478802927662
2100-Jul-24 21:00:00, 3415.5056778656349, 0.19846582471792737, null, null, 3415.5056778656349, 0.19846582471792737
2100-Jul-24 22:00:00, 3409.5885461258927, 0.19812199614861684, null, null, 3409.5885461258927, 0.19812199614861684
2100-Jul-24 23:00:00, 3407.1822823212651, 0.19798217464763992, null, null, 3407.1822823212651, 0.19798217464763992
2100-Jul-25 00:00:00, 3407.9648886487716, 0.19802764979096193, null, null, 3407.9648886487716, 0.19802764979096193
2100-Jul-25 01:00:00, 3411.562326043656, 0.19823668717716034, null, null, 3411.562326043656, 0.19823668717716034
2100-Jul-25 02:00:00, 3417.5797697566695, 0.19858634460473729, null, null, 3417.5797697566695, 0.19858634460473729
2100-Jul-25 03:00:00, 3425.7681556676562, 0.19906214962929464, null, null, 3425.7681556676562, 0.19906214962929464
2100-Jul-25 04:00:00, 3435.9722436159541, 0.19965508166371559, null, null, 3435.9722436159541, 0.19965508166371559
2100-Jul-25 05:00:00, 3447.9250960776194, 0.20034962968830519, null, null, 3447.9250960776194, 0.20034962968830519
2100-Jul-25 06:00:00, 3461.0630459795566, 0.20111304052942555, null, null, 3461.0630459795566, 0.20111304052942555
2100-Jul-25 07:00:00, 3474.6960050905132, 0.20190521502084449, null, null, 3474.6960050905132, 0.20190521502084449
2100-Jul-25 08:00:00, 3487.8766061653355, 0.20267110420660844, null, null, 3487.8766061653355, 0.20267110420660844
2100-Jul-25 09:00:00, 3499.0120990395612, 0.20331815766965666, null, null, 3499.0120990395612, 0.20331815766965666
2100-Jul-25 10:00:00, 3506.0534235784598, 0.20372731005103767, null, null, 3506.0534235784598, 0.20372731005103767
2100-Jul-25 11:00:00, 3507.8315149144705, 0.20383063014378766, null, null, 3507.8315149144705, 0.20383063014378766
2100-Jul-25 12:00:00, 3504.0727287191094, 0.20361221721388531, null, null, 3504.0727287191094, 0.20361221721388531
2100-Jul-25 13:00:00, 3495.3463949426873, 0.20310515348949304, null, null, 3495.3463949426873, 0.20310515348949304
2100-Jul-25 14:00:00, 3482.506623766712, 0.20235906901007217, null, null, 3482.506623766712, 0.20235906901007217
2100-Jul-25 15:00:00, 3466.5122054406324, 0.20142967649155274, null, null, 3466.5122054406324, 0.20142967649155274
2100-Jul-25 16:00:00, 3448.9069944915764, 0.20040668515736151, null, null, 3448.9069944915764, 0.20040668515736151
2100-Jul-25 17:00:00, 3431.4232322284975, 0.19939075087881494, null, null, 3431.4232322284975, 0.19939075087881494
2100-Jul-25 18:00:00, 3415.6157331213149, 0.19847221973206089, null, null, 3415.6157331213149, 0.19847221973206089
2100-Jul-25 19:00:00, 3402.5292486693702, 0.19771179940945832, null, null, 3402.5292486693702, 0.19771179940945832
2100-Jul-25 20:00:00, 3392.6759017328368, 0.19713924798942584, null, null, 3392.6759017328368, 0.19713924798942584
2100-Jul-25 21:00:00, 3386.1643045734736, 0.19676087663761138, null, null, 3386.1643045734736, 0.19676087663761138
2100-Jul-25 22:00:00, 3382.9386485494315, 0.19657344246433023, null, null, 3382.9386485494315, 0.19657344246433023
2100-Jul-25 23:00:00, 3383.0017049728663, 0.19657710650305862, null, null, 3383.0017049728663, 0.19657710650305862
2100-Jul-26 00:00:00, 3386.2382426077656, 0.19676517297740345, null, null, 3386.2382426077656, 0.19676517297740345
2100-Jul-26 01:00:00, 3392.3459601391428, 0.19712007597313391, null, null, 3392.3459601391428, 0.19712007597313391
2100-Jul-26 02:00:00, 3400.8643511354899, 0.1976150567033127, null, null, 3400.8643511354899, 0.1976150567033127
2100-Jul-26 03:00:00, 3411.2544337022177, 0.19821879638345916, null, null, 3411.2544337022177, 0.19821879638345916
2100-Jul-26 04:00:00, 3423.0489705459954, 0.19890414511440582, null, null, 3423.0489705459954, 0.19890414511440582
2100-Jul-26 05:00:00, 3435.9230647335198, 0.19965222401147267, null, null, 3435.9230647335198, 0.19965222401147267
2100-Jul-26 06:00:00, 3449.6550974777815, 0.2004501554045619, null, null, 3449.6550974777815, 0.2004501554045619
2100-Jul-26 07:00:00, 3463.3067462156587, 0.20124341589980294, null, null, 3463.3067462156587, 0.20124341589980294
2100-Jul-26 08:00:00, 3475.9265488540668, 0.20197671860067101, null, null, 3475.9265488540668, 0.20197671860067101
2100-Jul-26 09:00:00, 3486.7310963892533, 0.20260454172249198, null, null, 3486.7310963892533, 0.20260454172249198
2100-Jul-26 10:00:00, 3494.737847932633, 0.20306979246374135, null, null, 3494.737847932633, 0.20306979246374135
2100-Jul-26 11:00:00, 3499.2737354629489, 0.20333336065669322, null, null, 3499.2737354629489, 0.20333336065669322
2100-Jul-26 12:00:00, 3499.4863266346174, 0.20334571375640736, null, null, 3499.4863266346174, 0.20334571375640736
2100-Jul-26 13:00:00, 3494.7523706060792, 0.2030706363371336, null, null, 3494.7523706060792, 0.2030706363371336
2100-Jul-26 14:00:00, 3485.2338233431756, 0.20251753922331786, null, null, 3485.2338233431756, 0.20251753922331786
2100-Jul-26 15:00:00, 3472.1075389786679, 0.20175480623512032, null, null, 3472.1075389786679, 0.20175480623512032
2100-Jul-26 16:00:00, 3457.286537153017, 0.20089359778521612, null, null, 3457.286537153017, 0.20089359778521612
2100-Jul-26 17:00:00, 3442.8479918560306, 0.20005461285286366, null, null, 3442.8479918560306, 0.20005461285286366
2100-Jul-26 18:00:00, 3430.4210080897778, 0.19933251433670282, null, null, 3430.4210080897778, 0.19933251433670282
2100-Jul-26 19:00:00, 3420.9032227668181, 0.19877946149716258, null, null, 3420.9032227668181, 0.19877946149716258
2100-Jul-26 20:00:00, 3414.633128763418, 0.19841512324250585, null, null, 3414.633128763418, 0.19841512324250585
2100-Jul-26 21:00:00, 3411.5621164474678, 0.19823667499809103, null, null, 3411.5621164474678, 0.19823667499809103
2100-Jul-26 22:00:00, 3411.4779101667959, 0.19823178199819111, null, null, 3411.4779101667959, 0.19823178199819111
2100-Jul-26 23:00:00, 3414.10409944806, 0.19838438277556625, null, null, 3414.10409944806, 0.19838438277556625
2100-Jul-27 00:00:00, 3419.1520996822046, 0.19867770845677896, null, null, 3419.1520996822046, 0.19867770845677896
2100-Jul-27 01:00:00, 3426.2743421867276, 0.19909156276293971, null, null, 3426.2743421867276, 0.19909156276293971
2100-Jul-27 02:00:00, 3435.0848110826223, 0.19960351535224652, null, null, 3435.0848110826223, 0.19960351535224652
2100-Jul-27 03:00:00, 3445.296031736098, 0.20019686184893137, null, null, 3445.296031736098, 0.20019686184893137
2100-Jul-27 04:00:00, 3456.7688340335676, 0.20086351545297862, null, null, 3456.7688340335676, 0.20086351545297862
2100-Jul-27 05:00:00, 3469.379994588186, 0.20159631598566186, null, null, 3469.379994588186, 0.20159631598566186
2100-Jul-27 06:00:00, 3482.6286586826805, 0.20236616012996081, null, null, 3482.6286586826805, 0.20236616012996081
2100-Jul-27 07:00:00, 3495.8185284298866, 0.20313258789328315, null, null, 3495.8185284298866, 0.20313258789328315
2100-Jul-27 08:00:00, 3508.0228979033518, 0.20384175089318984, null, null, 3508.0228979033518, 0.20384175089318984
2100-Jul-27 09:00:00, 3518.0817265612659, 0.20442624230195153, null, null, 3518.0817265612659, 0.20442624230195153
2100-Jul-27 10:00:00, 3524.7572861778062, 0.20481414107001281, null, null, 3524.7572861778062, 0.20481414107001281
2100-Jul-27 11:00:00, 3527.4802671714542, 0.20497236615278688, null, null, 3527.4802671714542, 0.20497236615278688
2100-Jul-27 12:00:00, 3526.2223842985572, 0.20489927397103883, null, null, 3526.2223842985572, 0.20489927397103883
2100-Jul-27 13:00:00, 3520.8260831142347, 0.2045857094608366, null, null, 3520.8260831142347, 0.2045857094608366
2100-Jul-27 14:00:00, 3511.4796255821147, 0.20404261201722101, null, null, 3511.4796255821147, 0.20404261201722101
2100-Jul-27 15:00:00, 3499.2848037000749, 0.20333400380210609, null, null, 3499.2848037000749, 0.20333400380210609
2100-Jul-27 16:00:00, 3485.7191780367784, 0.20254574187575988, null, null, 3485.7191780367784, 0.20254574187575988
2100-Jul-27 17:00:00, 3472.0884319961938, 0.20175369597989248, null, null, 3472.0884319961938, 0.20175369597989248
2100-Jul-27 18:00:00, 3459.3838284481621, 0.20101546572683957, null, null, 3459.3838284481621, 0.20101546572683957
2100-Jul-27 19:00:00, 3448.4498267180288, 0.2003801203708353, null, null, 3448.4498267180288, 0.2003801203708353
2100-Jul-27 20:00:00, 3440.0259278034164, 0.19989063032071958, null, null, 3440.0259278034164, 0.19989063032071958
2100-Jul-27 21:00:00, 3434.5809242125183, 0.19957423584500172, null, null, 3434.5809242125183, 0.19957423584500172
2100-Jul-27 22:00:00, 3432.1812690536754, 0.19943479835461053, null, null, 3432.1812690536754, 0.19943479835461053
2100-Jul-27 23:00:00, 3432.6744983463391, 0.1994634585787694, null, null, 3432.6744983463391, 0.1994634585787694
2100-Jul-28 00:00:00, 3435.8724564787422, 0.19964928330225731, null, null, 3435.8724564787422, 0.19964928330225731
2100-Jul-28 01:00:00, 3441.5587653867224, 0.199979699379249, null, null, 3441.5587653867224, 0.199979699379249
2100-Jul-28 02:00:00, 3449.4884963299405, 0.20044047466111606, null, null, 3449.4884963299405, 0.20044047466111606
2100-Jul-28 03:00:00, 3459.41767657742, 0.20101743255035617, null, null, 3459.41767657742, 0.20101743255035617
2100-Jul-28 04:00:00, 3471.0904059131444, 0.20169570337547493, null, null, 3471.0904059131444, 0.20169570337547493
2100-Jul-28 05:00:00, 3484.2642462659546, 0.20246119971391363, null, null, 3484.2642462659546, 0.20246119971391363
2100-Jul-28 06:00:00, 3498.6676372584952, 0.20329814192443155, null, null, 3498.6676372584952, 0.20329814192443155
2100-Jul-28 07:00:00, 3513.7610580862079, 0.20417517990794287, null, null, 3513.7610580862079, 0.20417517990794287
2100-Jul-28 08:00:00, 3528.2892077396727, 0.20501937150782396, null, null, 3528.2892077396727, 0.20501937150782396
2100-Jul-28 09:00:00, 3540.3708040481083, 0.20572140049017984, null, null, 3540.3708040481083, 0.20572140049017984
2100-Jul-28 10:00:00, 3548.0742619235448, 0.20616902765424408, null, null, 3548.0742619235448, 0.20616902765424408
2100-Jul-28 11:00:00, 3550.2407853729637, 0.20629491848966158, null, null, 3550.2407853729637, 0.20629491848966158
2100-Jul-28 12:00:00, 3546.4708383735201, 0.20607585703553014, null, null, 3546.4708383735201, 0.20607585703553014
2100-Jul-28 13:00:00, 3535.5390326576126, 0.20544063928399076, null, null, 3535.5390326576126, 0.20544063928399076
2100-Jul-28 14:00:00, 3517.9848391676942, 0.20442061243677678, null, null, 3517.9848391676942, 0.20442061243677678
2100-Jul-28 15:00:00, 3495.7745743683222, 0.20313003384129177, null, null, 3495.7745743683222, 0.20313003384129177
2100-Jul-28 16:00:00, 3470.7998989952584, 0.20167882280185498, null, null, 3470.7998989952584, 0.20167882280185498
2100-Jul-28 17:00:00, 3444.6317937385011, 0.2001582647700694, null, null, 3444.6317937385011, 0.2001582647700694
2100-Jul-28 18:00:00, 3419.1230509056168, 0.1986760205107041, null, null, 3419.1230509056168, 0.1986760205107041
2100-Jul-28 19:00:00, 3396.0715097716461, 0.197336557615994, null, null, 3396.0715097716461, 0.197336557615994
2100-Jul-28 20:00:00, 3376.7223322596665, 0.19621222908759631, null, null, 3376.7223322596665, 0.19621222908759631
2100-Jul-28 21:00:00, 3361.5857238978433, 0.19533268159293696, null, null, 3361.5857238978433, 0.19533268159293696
2100-Jul-28 22:00:00, 3350.6704442825612, 0.1946984241285408, null, null, 3350.6704442825612, 0.1946984241285408
2100-Jul-28 23:00:00, 3343.7561751742592, 0.19429665459561518, null, null, 3343.7561751742592, 0.19429665459561518
2100-Jul-29 00:00:00, 3340.5163343579134, 0.19410839618230386, null, null, 3340.5163343579134, 0.19410839618230386
2100-Jul-29 01:00:00, 3340.5433342538536, 0.19410996507344924, null, null, 3340.5433342538536, 0.19410996507344924
2100-Jul-29 02:00:00, 3343.46134867211, 0.19427952302260187, null, null, 3343.46134867211, 0.19427952302260187
2100-Jul-29 03:00:00, 3348.926643512104, 0.19459709656808749, null, null, 3348.926643512104, 0.19459709656808749
2100-Jul-29 04:00:00, 3356.6321216621741, 0.19504484112486284, null, null, 3356.6321216621741, 0.19504484112486284
2100-Jul-29 05:00:00, 3366.3829923688431, 0.1956114379275144, null, null, 3366.3829923688431, 0.1956114379275144
2100-Jul-29 06:00:00, 3377.9470421826604, 0.19628339367867939, null, null, 3377.9470421826604, 0.19628339367867939
2100-Jul-29 07:00:00, 3390.6874865311311, 0.19702370654399781, null, null, 3390.6874865311311, 0.19702370654399781
2100-Jul-29 08:00:00, 3403.5420603259199, 0.19777065116368134, null, null, 3403.5420603259199, 0.19777065116368134
2100-Jul-29 09:00:00, 3415.0424302176075, 0.19843890664629008, null, null, 3415.0424302176075, 0.19843890664629008
2100-Jul-29 10:00:00, 3423.450461521159, 0.1989274746723155, null, null, 3423.450461521159, 0.1989274746723155
2100-Jul-29 11:00:00, 3427.2823265200595, 0.19915013401442785, null, null, 3427.2823265200595, 0.19915013401442785
2100-Jul-29 12:00:00, 3425.7067571879625, 0.19905858192920622, null, null, 3425.7067571879625, 0.19905858192920622
2100-Jul-29 13:00:00, 3418.3660787940976, 0.19863203490254813, null, null, 3418.3660787940976, 0.19863203490254813
2100-Jul-29 14:00:00, 3405.6838367787336, 0.19789510401785862, null, null, 3405.6838367787336, 0.19789510401785862
2100-Jul-29 15:00:00, 3389.7918257775764, 0.19697166211283973, null, null, 3389.7918257775764, 0.19697166211283973
2100-Jul-29 16:00:00, 3373.1451563756009, 0.19600436904315457, null, null, 3373.1451563756009, 0.19600436904315457
2100-Jul-29 17:00:00, 3357.2900921561331, 0.19508307401598929, null, null, 3357.2900921561331, 0.19508307401598929
2100-Jul-29 18:00:00, 3343.0361334412805, 0.19425481491217006, null, null, 3343.0361334412805, 0.19425481491217006
2100-Jul-29 19:00:00, 3330.9757012329674, 0.19355401571860137, null, null, 3330.9757012329674, 0.19355401571860137
2100-Jul-29 20:00:00, 3321.5739744191051, 0.19300770672606243, null, null, 3321.5739744191051, 0.19300770672606243
2100-Jul-29 21:00:00, 3315.0994581390341, 0.19263149004415167, null, null, 3315.0994581390341, 0.19263149004415167
2100-Jul-29 22:00:00, 3311.5942294583961, 0.19242781065768891, null, null, 3311.5942294583961, 0.19242781065768891
2100-Jul-29 23:00:00, 3310.8823228144288, 0.19238644368232921, null, null, 3310.8823228144288, 0.19238644368232921
2100-Jul-30 00:00:00, 3312.677099113163, 0.19249073329327054, null, null, 3312.677099113163, 0.19249073329327054
2100-Jul-30 01:00:00, 3316.6850869538212, 0.19272362665878612, null, null, 3316.6850869538212, 0.19272362665878612
2100-Jul-30 02:00:00, 3322.7596374614923, 0.19307660240820693, null, null, 3322.7596374614923, 0.19307660240820693
2100-Jul-30 03:00:00, 3330.7441638552827, 0.1935405617059458, null, null, 3330.7441638552827, 0.1935405617059458
2100-Jul-30 04:00:00, 3340.452758892186, 0.19410470198342747, null, null, 3340.452758892186, 0.19410470198342747
2100-Jul-30 05:00:00, 3351.7484580625724, 0.19476106460233469, null, null, 3351.7484580625724, 0.19476106460233469
2100-Jul-30 06:00:00, 3364.4786260044257, 0.19550078033337584, null, null, 3364.4786260044257, 0.19550078033337584
2100-Jul-30 07:00:00, 3378.0789818606463, 0.19629106033757976, null, null, 3378.0789818606463, 0.19629106033757976
2100-Jul-30 08:00:00, 3391.2838311095438, 0.1970583585193518, null, null, 3391.2838311095438, 0.1970583585193518
2100-Jul-30 09:00:00, 3402.2737995157709, 0.19769695594798462, null, null, 3402.2737995157709, 0.19769695594798462
2100-Jul-30 10:00:00, 3409.512529789301, 0.19811757904428248, null, null, 3409.512529789301, 0.19811757904428248
2100-Jul-30 11:00:00, 3412.0978414338538, 0.1982678045324186, null, null, 3412.0978414338538, 0.1982678045324186
2100-Jul-30 12:00:00, 3409.6959485701832, 0.19812823701503407, null, null, 3409.6959485701832, 0.19812823701503407
2100-Jul-30 13:00:00, 3401.6662525356842, 0.19766165303127767, null, null, 3401.6662525356842, 0.19766165303127767
2100-Jul-30 14:00:00, 3388.0968028446509, 0.19687316890099152, null, null, 3388.0968028446509, 0.19687316890099152
2100-Jul-30 15:00:00, 3369.9134532613652, 0.1958165834897688, null, null, 3369.9134532613652, 0.1958165834897688
2100-Jul-30 16:00:00, 3348.5391900919044, 0.1945745826946432, null, null, 3348.5391900919044, 0.1945745826946432
2100-Jul-30 17:00:00, 3325.9380532076343, 0.19326129157632702, null, null, 3325.9380532076343, 0.19326129157632702
2100-Jul-30 18:00:00, 3304.0166110088689, 0.19198749568332676, null, null, 3304.0166110088689, 0.19198749568332676
2100-Jul-30 19:00:00, 3284.0745106089071, 0.1908287140047791, null, null, 3284.0745106089071, 0.1908287140047791
2100-Jul-30 20:00:00, 3266.8450268148813, 0.18982755516238412, null, null, 3266.8450268148813, 0.18982755516238412
2100-Jul-30 21:00:00, 3252.8038951685912, 0.18901166286561144, null, null, 3252.8038951685912, 0.18901166286561144
2100-Jul-30 22:00:00, 3242.295508185769, 0.18840104883486439, null, null, 3242.295508185769, 0.18840104883486439
2100-Jul-30 23:00:00, 3235.4355682141831, 0.18800243622156987, null, null, 3235.4355682141831, 0.18800243622156987
2100-Jul-31 00:00:00, 3232.130458448858, 0.18781038520563703, null, null, 3232.130458448858, 0.18781038520563703
2100-Jul-31 01:00:00, 3232.1301272767378, 0.18781036596211814, null, null, 3232.1301272767378, 0.18781036596211814
2100-Jul-31 02:00:00, 3235.2449677378963, 0.18799136094186444, null, null, 3235.2449677378963, 0.18799136094186444
2100-Jul-31 03:00:00, 3241.269999060733, 0.18834145926498752, null, null, 3241.269999060733, 0.18834145926498752
2100-Jul-31 04:00:00, 3249.8906598494164, 0.18884238261701916, null, null, 3249.8906598494164, 0.18884238261701916
2100-Jul-31 05:00:00, 3260.6882901049871, 0.18946980379437472, null, null, 3260.6882901049871, 0.18946980379437472
2100-Jul-31 06:00:00, 3273.2298804813217, 0.19019856179160022, null, null, 3273.2298804813217, 0.19019856179160022
2100-Jul-31 07:00:00, 3286.6672699256183, 0.19097937225706102, null, null, 3286.6672699256183, 0.19097937225706102
2100-Jul-31 08:00:00, 3299.8454107909338, 0.19174511848668471, null, null, 3299.8454107909338, 0.19174511848668471
2100-Jul-31 09:00:00, 3311.6690313150775, 0.19243215719187062, null, null, 3311.6690313150775, 0.19243215719187062
2100-Jul-31 10:00:00, 3321.2418855940891, 0.19298840993994856, null, null, 3321.2418855940891, 0.19298840993994856
2100-Jul-31 11:00:00, 3328.1143130123805, 0.1933877481650976, null, null, 3328.1143130123805, 0.1933877481650976
2100-Jul-31 12:00:00, 3331.9419037667949, 0.19361015914238874, null, null, 3331.9419037667949, 0.19361015914238874
2100-Jul-31 13:00:00, 3332.3943624033855, 0.19363645029366502, null, null, 3332.3943624033855, 0.19363645029366502
2100-Jul-31 14:00:00, 3328.9974614133539, 0.1934390655371879, null, null, 3328.9974614133539, 0.1934390655371879
2100-Jul-31 15:00:00, 3321.7822636239821, 0.19301980985008696, null, null, 3321.7822636239821, 0.19301980985008696
2100-Jul-31 16:00:00, 3311.8043258580969, 0.19244001879293141, null, null, 3311.8043258580969, 0.19244001879293141
2100-Jul-31 17:00:00, 3301.1617524459894, 0.19182160755062455, null, null, 3301.1617524459894, 0.19182160755062455
2100-Jul-31 18:00:00, 3291.989857452927, 0.19128865346542981, null, null, 3291.989857452927, 0.19128865346542981
2100-Jul-31 19:00:00, 3285.5769711016628, 0.19091601793249127, null, null, 3285.5769711016628, 0.19091601793249127
2100-Jul-31 20:00:00, 3282.3101927695907, 0.19072619425278056, null, null, 3282.3101927695907, 0.19072619425278056
2100-Jul-31 21:00:00, 3282.0794352630446, 0.19071278555633384, null, null, 3282.0794352630446, 0.19071278555633384
2100-Jul-31 22:00:00, 3284.5756465219915, 0.19085783366132972, null, null, 3284.5756465219915, 0.19085783366132972
2100-Jul-31 23:00:00, 3289.433031250127, 0.19114008318950035, null, null, 3289.433031250127, 0.19114008318950035
2100-Aug-01 00:00:00, 3296.2897116255936, 0.19153850639645417, null, null, 3296.2897116255936, 0.19153850639645417
2100-Aug-01 01:00:00, 3304.8189213195801, 0.19203411577197918, null, null, 3304.8189213195801, 0.19203411577197918
2100-Aug-01 02:00:00, 3314.7377795894859, 0.19261047387893665, null, null, 3314.7377795894859, 0.19261047387893665
2100-Aug-01 03:00:00, 3325.8137245578359, 0.19325406717375079, null, null, 3325.8137245578359, 0.19325406717375079
2100-Aug-01 04:00:00, 3337.8737776679095, 0.19395484433894306, null, null, 3337.8737776679095, 0.19395484433894306
2100-Aug-01 05:00:00, 3350.7863265261703, 0.19470515773322988, null, null, 3350.7863265261703, 0.19470515773322988
2100-Aug-01 06:00:00, 3364.2924300943569, 0.19548996099113602, null, null, 3364.2924300943569, 0.19548996099113602
2100-Aug-01 07:00:00, 3377.7410204252105, 0.19627142230991046, null, null, 3377.7410204252105, 0.19627142230991046
2100-Aug-01 08:00:00, 3389.9049304707664, 0.19697823432156389, null, null, 3389.9049304707664, 0.19697823432156389
2100-Aug-01 09:00:00, 3399.5072612240342, 0.19753619986807486, null, null, 3399.5072612240342, 0.19753619986807486
2100-Aug-01 10:00:00, 3405.725803578483, 0.19789754259542475, null, null, 3405.725803578483, 0.19789754259542475
2100-Aug-01 11:00:00, 3408.2097576631922, 0.19804187846907825, null, null, 3408.2097576631922, 0.19804187846907825
2100-Aug-01 12:00:00, 3406.2410491357887, 0.1979274821253531, null, null, 3406.2410491357887, 0.1979274821253531
2100-Aug-01 13:00:00, 3399.4195515827773, 0.19753110329733847, null, null, 3399.4195515827773, 0.19753110329733847
2100-Aug-01 14:00:00, 3387.6178869424334, 0.19684534038935408, null, null, 3387.6178869424334, 0.19684534038935408
2100-Aug-01 15:00:00, 3370.9485965363492, 0.19587673287411977, null, null, 3370.9485965363492, 0.19587673287411977
2100-Aug-01 16:00:00, 3350.3752557375683, 0.19468127151819412, null, null, 3350.3752557375683, 0.19468127151819412
2100-Aug-01 17:00:00, 3327.6863603340626, 0.193362880988974, null, null, 3327.6863603340626, 0.193362880988974
2100-Aug-01 18:00:00, 3304.8940746089042, 0.19203848272696411, null, null, 3304.8940746089042, 0.19203848272696411
2100-Aug-01 19:00:00, 3283.7667917414387, 0.19081083329118254, null, null, 3283.7667917414387, 0.19081083329118254
2100-Aug-01 20:00:00, 3265.5327309775844, 0.18975130119000433, null, null, 3265.5327309775844, 0.18975130119000433
2100-Aug-01 21:00:00, 3250.7901449591627, 0.18889464927120281, null, null, 3250.7901449591627, 0.18889464927120281
2100-Aug-01 22:00:00, 3239.6213291650756, 0.18824565950313973, null, null, 3239.6213291650756, 0.18824565950313973
2100-Aug-01 23:00:00, 3231.8693667681441, 0.1877952138721283, null, null, 3231.8693667681441, 0.1877952138721283
2100-Aug-02 00:00:00, 3227.3572054316137, 0.18753302434431746, null, null, 3227.3572054316137, 0.18753302434431746
2100-Aug-02 01:00:00, 3225.9853495594098, 0.18745330949891825, null, null, 3225.9853495594098, 0.18745330949891825
2100-Aug-02 02:00:00, 3227.6598855155662, 0.18755061226779146, null, null, 3227.6598855155662, 0.18755061226779146
2100-Aug-02 03:00:00, 3232.1196372601921, 0.18780975641554398, null, null, 3232.1196372601921, 0.18780975641554398
2100-Aug-02 04:00:00, 3238.9727167853857, 0.18820797038679846, null, null, 3238.9727167853857, 0.18820797038679846
2100-Aug-02 05:00:00, 3247.9703929568386, 0.18873080108606644, null, null, 3247.9703929568386, 0.18873080108606644
2100-Aug-02 06:00:00, 3258.7427408371218, 0.18935675317277029, null, null, 3258.7427408371218, 0.18935675317277029
2100-Aug-02 07:00:00, 3270.6343304567426, 0.1900477413788095, null, null, 3270.6343304567426, 0.1900477413788095
2100-Aug-02 08:00:00, 3282.6933534063241, 0.19074845868415349, null, null, 3282.6933534063241, 0.19074845868415349
2100-Aug-02 09:00:00, 3293.8219652097673, 0.19139511230673398, null, null, 3293.8219652097673, 0.19139511230673398
2100-Aug-02 10:00:00, 3302.755153643247, 0.1919141957974454, null, null, 3302.755153643247, 0.1919141957974454
2100-Aug-02 11:00:00, 3307.8369887095146, 0.19220948752951406, null, null, 3307.8369887095146, 0.19220948752951406
2100-Aug-02 12:00:00, 3308.0414952072597, 0.1922213708506276, null, null, 3308.0414952072597, 0.1922213708506276
2100-Aug-02 13:00:00, 3303.331666622094, 0.19194769541202633, null, null, 3303.331666622094, 0.19194769541202633
2100-Aug-02 14:00:00, 3294.2816579969517, 0.1914218238149937, null, null, 3294.2816579969517, 0.1914218238149937
2100-Aug-02 15:00:00, 3281.7894240230171, 0.19069593378521763, null, null, 3281.7894240230171, 0.19069593378521763
2100-Aug-02 16:00:00, 3266.8826593763047, 0.1898297418890488, null, null, 3266.8826593763047, 0.1898297418890488
2100-Aug-02 17:00:00, 3250.697525005573, 0.18888926737545786, null, null, 3250.697525005573, 0.18888926737545786
2100-Aug-02 18:00:00, 3234.5275885459419, 0.18794967597149845, null, null, 3234.5275885459419, 0.18794967597149845
2100-Aug-02 19:00:00, 3219.7640310035672, 0.18709180545399165, null, null, 3219.7640310035672, 0.18709180545399165
2100-Aug-02 20:00:00, 3207.5876444975115, 0.1863842684688625, null, null, 3207.5876444975115, 0.1863842684688625
2100-Aug-02 21:00:00, 3198.7674339919749, 0.18587174982088855, null, null, 3198.7674339919749, 0.18587174982088855
2100-Aug-02 22:00:00, 3193.5540068011383, 0.18556881162531136, null, null, 3193.5540068011383, 0.18556881162531136
2100-Aug-02 23:00:00, 3191.8446742296865, 0.1854694869189556, null, null, 3191.8446742296865, 0.1854694869189556
2100-Aug-03 00:00:00, 3193.3257928229514, 0.18555555072643873, null, null, 3193.3257928229514, 0.18555555072643873
2100-Aug-03 01:00:00, 3197.5822440559073, 0.18580288162967651, null, null, 3197.5822440559073, 0.18580288162967651
2100-Aug-03 02:00:00, 3204.1757057959258, 0.18618600991151751, null, null, 3204.1757057959258, 0.18618600991151751
2100-Aug-03 03:00:00, 3212.8420771043207, 0.18668958937858698, null, null, 3212.8420771043207, 0.18668958937858698
2100-Aug-03 04:00:00, 3223.3145898467337, 0.18729811885396203, null, null, 3223.3145898467337, 0.18729811885396203
2100-Aug-03 05:00:00, 3235.436563600842, 0.18800249406080446, null, null, 3235.436563600842, 0.18800249406080446
2100-Aug-03 06:00:00, 3249.0212830042351, 0.18879186547289969, null, null, 3249.0212830042351, 0.18879186547289969
2100-Aug-03 07:00:00, 3263.5174438042891, 0.18963419828676994, null, null, 3263.5174438042891, 0.18963419828676994
2100-Aug-03 08:00:00, 3277.9849684007759, 0.19047486712807107, null, null, 3277.9849684007759, 0.19047486712807107
2100-Aug-03 09:00:00, 3291.0787522009141, 0.1912357115961138, null, null, 3291.0787522009141, 0.1912357115961138
2100-Aug-03 10:00:00, 3301.007744168166, 0.19181265854489762, null, null, 3301.007744168166, 0.19181265854489762
2100-Aug-03 11:00:00, 3306.1619854418291, 0.19211215760642808, null, null, 3306.1619854418291, 0.19211215760642808
2100-Aug-03 12:00:00, 3305.6140657958058, 0.192080319473313, null, null, 3305.6140657958058, 0.192080319473313
2100-Aug-03 13:00:00, 3297.9363279928421, 0.19163418683330363, null, null, 3297.9363279928421, 0.19163418683330363
2100-Aug-03 14:00:00, 3283.3375102428295, 0.19078588890089512, null, null, 3283.3375102428295, 0.19078588890089512
2100-Aug-03 15:00:00, 3263.3860071225236, 0.18962656085562357, null, null, 3263.3860071225236, 0.18962656085562357
2100-Aug-03 16:00:00, 3240.2736884062783, 0.18828356633949977, null, null, 3240.2736884062783, 0.18828356633949977
2100-Aug-03 17:00:00, 3216.3367280147963, 0.18689265411934955, null, null, 3216.3367280147963, 0.18689265411934955
2100-Aug-03 18:00:00, 3193.4779176545653, 0.18556439029018532, null, null, 3193.4779176545653, 0.18556439029018532
2100-Aug-03 19:00:00, 3173.5365379257532, 0.18440565048789484, null, null, 3173.5365379257532, 0.18440565048789484
2100-Aug-03 20:00:00, 3157.7678304003666, 0.1834893734153539, null, null, 3157.7678304003666, 0.1834893734153539
2100-Aug-03 21:00:00, 3146.5453104053304, 0.18283726304099196, null, null, 3146.5453104053304, 0.18283726304099196
2100-Aug-03 22:00:00, 3139.651319299961, 0.18243667180813528, null, null, 3139.651319299961, 0.18243667180813528
2100-Aug-03 23:00:00, 3136.7025675224609, 0.1822653277939231, null, null, 3136.7025675224609, 0.1822653277939231
2100-Aug-04 00:00:00, 3137.2015032748877, 0.18229431960507084, null, null, 3137.2015032748877, 0.18229431960507084
2100-Aug-04 01:00:00, 3140.7577557268869, 0.18250096384529713, null, null, 3140.7577557268869, 0.18250096384529713
2100-Aug-04 02:00:00, 3147.0256429985511, 0.18286517387272336, null, null, 3147.0256429985511, 0.18286517387272336
2100-Aug-04 03:00:00, 3155.6265546571271, 0.18336494965605979, null, null, 3155.6265546571271, 0.18336494965605979
2100-Aug-04 04:00:00, 3166.2106954028741, 0.18397996553369345, null, null, 3166.2106954028741, 0.18397996553369345
2100-Aug-04 05:00:00, 3178.5516081286914, 0.18469706269379299, null, null, 3178.5516081286914, 0.18469706269379299
2100-Aug-04 06:00:00, 3192.4762805171545, 0.18550618785713635, null, null, 3192.4762805171545, 0.18550618785713635
2100-Aug-04 07:00:00, 3207.4350216758976, 0.18637539996825989, null, null, 3207.4350216758976, 0.18637539996825989
2100-Aug-04 08:00:00, 3222.1960521328911, 0.18723312364364969, null, null, 3222.1960521328911, 0.18723312364364969
2100-Aug-04 09:00:00, 3235.2396880089818, 0.18799105415105449, null, null, 3235.2396880089818, 0.18799105415105449
2100-Aug-04 10:00:00, 3244.9563731151934, 0.18855566452064806, null, null, 3244.9563731151934, 0.18855566452064806
2100-Aug-04 11:00:00, 3250.2453024956253, 0.18886298994486408, null, null, 3250.2453024956253, 0.18886298994486408
2100-Aug-04 12:00:00, 3250.5511344547012, 0.18888076101530218, null, null, 3250.5511344547012, 0.18888076101530218
2100-Aug-04 13:00:00, 3245.4269700737277, 0.18858300964090083, null, null, 3245.4269700737277, 0.18858300964090083
2100-Aug-04 14:00:00, 3235.0495848151668, 0.18798000776709251, null, null, 3235.0495848151668, 0.18798000776709251
2100-Aug-04 15:00:00, 3220.3621685372914, 0.18712656161314389, null, null, 3220.3621685372914, 0.18712656161314389
2100-Aug-04 16:00:00, 3202.6749974438317, 0.18609880779597437, null, null, 3202.6749974438317, 0.18609880779597437
2100-Aug-04 17:00:00, 3183.3908871123435, 0.18497826014597546, null, null, 3183.3908871123435, 0.18497826014597546
2100-Aug-04 18:00:00, 3164.1548317659513, 0.18386050484157582, null, null, 3164.1548317659513, 0.18386050484157582
2100-Aug-04 19:00:00, 3146.441254664096, 0.18283121664246466, null, null, 3146.441254664096, 0.18283121664246466
2100-Aug-04 20:00:00, 3131.1707942954336, 0.18194389136863201, null, null, 3131.1707942954336, 0.18194389136863201
2100-Aug-04 21:00:00, 3119.1460805311549, 0.18124516767752813, null, null, 3119.1460805311549, 0.18124516767752813
2100-Aug-04 22:00:00, 3110.7941666979664, 0.1807598604863796, null, null, 3110.7941666979664, 0.1807598604863796
2100-Aug-04 23:00:00, 3106.1092153062914, 0.18048763059440845, null, null, 3106.1092153062914, 0.18048763059440845
2100-Aug-05 00:00:00, 3104.7787552420937, 0.18041032114778494, null, null, 3104.7787552420937, 0.18041032114778494
2100-Aug-05 01:00:00, 3106.5332422501015, 0.1805122696566859, null, null, 3106.5332422501015, 0.1805122696566859
2100-Aug-05 02:00:00, 3111.1687601776448, 0.18078162710335821, null, null, 3111.1687601776448, 0.18078162710335821
2100-Aug-05 03:00:00, 3118.462427269254, 0.18120544243001249, null, null, 3118.462427269254, 0.18120544243001249
2100-Aug-05 04:00:00, 3128.1958140394304, 0.1817710232882615, null, null, 3128.1958140394304, 0.1817710232882615
2100-Aug-05 05:00:00, 3140.1452736895321, 0.18246537416572017, null, null, 3140.1452736895321, 0.18246537416572017
2100-Aug-05 06:00:00, 3154.135158215146, 0.18327828863050291, null, null, 3154.135158215146, 0.18327828863050291
2100-Aug-05 07:00:00, 3169.6725715984667, 0.18418112582415413, null, null, 3169.6725715984667, 0.18418112582415413
2100-Aug-05 08:00:00, 3185.4863671369062, 0.18510002283954963, null, null, 3185.4863671369062, 0.18510002283954963
2100-Aug-05 09:00:00, 3199.7230414200881, 0.18592727759165353, null, null, 3199.7230414200881, 0.18592727759165353
2100-Aug-05 10:00:00, 3210.625753008851, 0.1865608047619195, null, null, 3210.625753008851, 0.1865608047619195
2100-Aug-05 11:00:00, 3216.8992213903884, 0.18692533909259046, null, null, 3216.8992213903884, 0.18692533909259046
2100-Aug-05 12:00:00, 3216.4645430966502, 0.18690008110909104, null, null, 3216.4645430966502, 0.18690008110909104
2100-Aug-05 13:00:00, 3208.5072109472894, 0.1864377019955642, null, null, 3208.5072109472894, 0.1864377019955642
2100-Aug-05 14:00:00, 3193.7830269904666, 0.18558211937093938, null, null, 3193.7830269904666, 0.18558211937093938
2100-Aug-05 15:00:00, 3173.6904715691617, 0.18441459515681718, null, null, 3173.6904715691617, 0.18441459515681718
2100-Aug-05 16:00:00, 3149.6013021734552, 0.18301483848187694, null, null, 3149.6013021734552, 0.18301483848187694
2100-Aug-05 17:00:00, 3123.8562267678672, 0.18151886157400418, null, null, 3123.8562267678672, 0.18151886157400418
2100-Aug-05 18:00:00, 3099.110493136845, 0.18008095372183514, null, null, 3099.110493136845, 0.18008095372183514
2100-Aug-05 19:00:00, 3077.374094581668, 0.17881791021597671, null, null, 3077.374094581668, 0.17881791021597671
2100-Aug-05 20:00:00, 3059.7048186939342, 0.17779119624095588, null, null, 3059.7048186939342, 0.17779119624095588
2100-Aug-05 21:00:00, 3046.3548132650953, 0.17701546342499433, null, null, 3046.3548132650953, 0.17701546342499433
2100-Aug-05 22:00:00, 3037.2419795905403, 0.1764859412337538, null, null, 3037.2419795905403, 0.1764859412337538
2100-Aug-05 23:00:00, 3032.1271134628728, 0.17618873015577849, null, null, 3032.1271134628728, 0.17618873015577849
2100-Aug-06 00:00:00, 3030.6283405427821, 0.17610164050297, null, null, 3030.6283405427821, 0.17610164050297
2100-Aug-06 01:00:00, 3032.3369408262638, 0.17620092265804649, null, null, 3032.3369408262638, 0.17620092265804649
2100-Aug-06 02:00:00, 3036.9552484169376, 0.17646928005845255, null, null, 3036.9552484169376, 0.17646928005845255
2100-Aug-06 03:00:00, 3044.1390377927032, 0.17688671068733447, null, null, 3044.1390377927032, 0.17688671068733447
2100-Aug-06 04:00:00, 3053.549766855921, 0.17743354277630807, null, null, 3053.549766855921, 0.17743354277630807
2100-Aug-06 05:00:00, 3064.9487416431502, 0.17809590646281789, null, null, 3064.9487416431502, 0.17809590646281789
2100-Aug-06 06:00:00, 3078.1613389684603, 0.17886365486441685, null, null, 3078.1613389684603, 0.17886365486441685
2100-Aug-06 07:00:00, 3092.5311865367307, 0.17969864795700333, null, null, 3092.5311865367307, 0.17969864795700333
2100-Aug-06 08:00:00, 3106.8274845720402, 0.18052936728456248, null, null, 3106.8274845720402, 0.18052936728456248
2100-Aug-06 09:00:00, 3119.5925455147321, 0.18127111055379022, null, null, 3119.5925455147321, 0.18127111055379022
2100-Aug-06 10:00:00, 3129.2527956741733, 0.18183244164080895, null, null, 3129.2527956741733, 0.18183244164080895
2100-Aug-06 11:00:00, 3133.4822852392358, 0.18207820587423004, null, null, 3133.4822852392358, 0.18207820587423004
2100-Aug-06 12:00:00, 3131.1643725320241, 0.18194351821727717, null, null, 3131.1643725320241, 0.18194351821727717
2100-Aug-06 13:00:00, 3122.6867339194891, 0.18145090549822915, null, null, 3122.6867339194891, 0.18145090549822915
2100-Aug-06 14:00:00, 3109.4493193617591, 0.18068171503417621, null, null, 3109.4493193617591, 0.18068171503417621
2100-Aug-06 15:00:00, 3093.5643885576296, 0.17975868454031421, null, null, 3093.5643885576296, 0.17975868454031421
2100-Aug-06 16:00:00, 3076.980594249027, 0.1787950449727565, null, null, 3076.980594249027, 0.1787950449727565
2100-Aug-06 17:00:00, 3060.9662393456406, 0.17786449399349058, null, null, 3060.9662393456406, 0.17786449399349058
2100-Aug-06 18:00:00, 3046.3827883239483, 0.17701708898022697, null, null, 3046.3827883239483, 0.17701708898022697
2100-Aug-06 19:00:00, 3033.9022731666428, 0.17629187989928435, null, null, 3033.9022731666428, 0.17629187989928435
2100-Aug-06 20:00:00, 3023.9664743640737, 0.17571453742365553, null, null, 3023.9664743640737, 0.17571453742365553
2100-Aug-06 21:00:00, 3016.7051226236431, 0.17529259985491694, null, null, 3016.7051226236431, 0.17529259985491694
2100-Aug-06 22:00:00, 3012.1109024125622, 0.17502564210718521, null, null, 3012.1109024125622, 0.17502564210718521
2100-Aug-06 23:00:00, 3010.1374532601799, 0.17491097029852606, null, null, 3010.1374532601799, 0.17491097029852606
2100-Aug-07 00:00:00, 3010.6780077299627, 0.17494238046111066, null, null, 3010.6780077299627, 0.17494238046111066
2100-Aug-07 01:00:00, 3013.6456831743394, 0.17511482407857565, null, null, 3013.6456831743394, 0.17511482407857565
2100-Aug-07 02:00:00, 3018.8633731581308, 0.17541800997355644, null, null, 3018.8633731581308, 0.17541800997355644
2100-Aug-07 03:00:00, 3026.1212925312684, 0.17583974809668734, null, null, 3026.1212925312684, 0.17583974809668734
2100-Aug-07 04:00:00, 3035.3027798848584, 0.17637325956808567, null, null, 3035.3027798848584, 0.17637325956808567
2100-Aug-07 05:00:00, 3046.3252560176343, 0.17701374593304819, null, null, 3046.3252560176343, 0.17701374593304819
2100-Aug-07 06:00:00, 3059.0522134620874, 0.17775327511074282, null, null, 3059.0522134620874, 0.17775327511074282
2100-Aug-07 07:00:00, 3072.9590020771129, 0.17856136109623699, null, null, 3072.9590020771129, 0.17856136109623699
2100-Aug-07 08:00:00, 3087.1755844324448, 0.17938744836059323, null, null, 3087.1755844324448, 0.17938744836059323
2100-Aug-07 09:00:00, 3100.464484664265, 0.18015963051833175, null, null, 3100.464484664265, 0.18015963051833175
2100-Aug-07 10:00:00, 3111.2170683605664, 0.18078443416160034, null, null, 3111.2170683605664, 0.18078443416160034
2100-Aug-07 11:00:00, 3117.6822369681399, 0.18116010767546911, null, null, 3117.6822369681399, 0.18116010767546911
2100-Aug-07 12:00:00, 3118.7077954671781, 0.18121970011433614, null, null, 3118.7077954671781, 0.18121970011433614
2100-Aug-07 13:00:00, 3113.8433254343518, 0.18093703887821608, null, null, 3113.8433254343518, 0.18093703887821608
2100-Aug-07 14:00:00, 3102.5303794147658, 0.18027967409140958, null, null, 3102.5303794147658, 0.18027967409140958
2100-Aug-07 15:00:00, 3085.5194820369284, 0.17929121671622106, null, null, 3085.5194820369284, 0.17929121671622106
2100-Aug-07 16:00:00, 3064.841772561806, 0.17808969077795286, null, null, 3064.841772561806, 0.17808969077795286
2100-Aug-07 17:00:00, 3042.6249582209375, 0.17679873160627294, null, null, 3042.6249582209375, 0.17679873160627294
2100-Aug-07 18:00:00, 3020.8778997295685, 0.17553506868026789, null, null, 3020.8778997295685, 0.17553506868026789
2100-Aug-07 19:00:00, 3001.2676351354294, 0.17439556908557105, null, null, 3001.2676351354294, 0.17439556908557105
2100-Aug-07 20:00:00, 2984.8460609504668, 0.17344135569195671, null, null, 2984.8460609504668, 0.17344135569195671
2100-Aug-07 21:00:00, 2972.0072938887929, 0.1726953295589102, null, null, 2972.0072938887929, 0.1726953295589102
2100-Aug-07 22:00:00, 2962.7445628503224, 0.17215709723606448, null, null, 2962.7445628503224, 0.17215709723606448
2100-Aug-07 23:00:00, 2957.2012234860049, 0.1718349887337246, null, null, 2957.2012234860049, 0.1718349887337246
2100-Aug-08 00:00:00, 2955.4766479458244, 0.1717347782995601, null, null, 2955.4766479458244, 0.1717347782995601
2100-Aug-08 01:00:00, 2957.4555894302748, 0.17184976925282516, null, null, 2957.4555894302748, 0.17184976925282516
2100-Aug-08 02:00:00, 2962.7593104906837, 0.17215795418167751, null, null, 2962.7593104906837, 0.17215795418167751
2100-Aug-08 03:00:00, 2970.8587055847493, 0.17262858818983545, null, null, 2970.8587055847493, 0.17262858818983545
2100-Aug-08 04:00:00, 2981.2815938383328, 0.17323423411998157, null, null, 2981.2815938383328, 0.17323423411998157
2100-Aug-08 05:00:00, 2993.7053301579067, 0.17395614393577291, null, null, 2993.7053301579067, 0.17395614393577291
2100-Aug-08 06:00:00, 3007.8004547175769, 0.1747751736151453, null, null, 3007.8004547175769, 0.1747751736151453
2100-Aug-08 07:00:00, 3022.9780459564995, 0.17565710251427882, null, null, 3022.9780459564995, 0.17565710251427882
2100-Aug-08 08:00:00, 3038.1492274855523, 0.17653865896245619, null, null, 3038.1492274855523, 0.17653865896245619
2100-Aug-08 09:00:00, 3051.9658597474599, 0.1773415062053855, null, null, 3051.9658597474599, 0.1773415062053855
2100-Aug-08 10:00:00, 3062.8388247763505, 0.17797330488327159, null, null, 3062.8388247763505, 0.17797330488327159
2100-Aug-08 11:00:00, 3069.2411359743774, 0.17834532592257235, null, null, 3069.2411359743774, 0.17834532592257235
2100-Aug-08 12:00:00, 3070.1665233750518, 0.17839909768903395, null, null, 3070.1665233750518, 0.17839909768903395
2100-Aug-08 13:00:00, 3065.4740638005769, 0.17812643151680679, null, null, 3065.4740638005769, 0.17812643151680679
2100-Aug-08 14:00:00, 3055.6637211165007, 0.17755637895791973, null, null, 3055.6637211165007, 0.17755637895791973
2100-Aug-08 15:00:00, 3041.5250349733747, 0.17673481803240049, null, null, 3041.5250349733747, 0.17673481803240049
2100-Aug-08 16:00:00, 3024.2300130270241, 0.17572985094470353, null, null, 3024.2300130270241, 0.17572985094470353
2100-Aug-08 17:00:00, 3005.4601455105717, 0.17463918455798363, null, null, 3005.4601455105717, 0.17463918455798363
2100-Aug-08 18:00:00, 2987.0328709581458, 0.17356842532457015, null, null, 2987.0328709581458, 0.17356842532457015
2100-Aug-08 19:00:00, 2970.6056884494078, 0.17261388604638456, null, null, 2970.6056884494078, 0.17261388604638456
2100-Aug-08 20:00:00, 2957.4300722506491, 0.17184828651832651, null, null, 2957.4300722506491, 0.17184828651832651
2100-Aug-08 21:00:00, 2948.1334100194163, 0.17130808254536792, null, null, 2948.1334100194163, 0.17130808254536792
2100-Aug-08 22:00:00, 2942.8070240574029, 0.17099858062020129, null, null, 2942.8070240574029, 0.17099858062020129
2100-Aug-08 23:00:00, 2941.4439203187344, 0.17091937433768092, null, null, 2941.4439203187344, 0.17091937433768092
2100-Aug-09 00:00:00, 2943.8546389571798, 0.17105945469703812, null, null, 2943.8546389571798, 0.17105945469703812
2100-Aug-09 01:00:00, 2949.6308727748374, 0.17139509606804043, null, null, 2949.6308727748374, 0.17139509606804043
2100-Aug-09 02:00:00, 2958.2592773108408, 0.1718964693883471, null, null, 2958.2592773108408, 0.1718964693883471
2100-Aug-09 03:00:00, 2969.3310299940235, 0.17253981908077506, null, null, 2969.3310299940235, 0.17253981908077506
2100-Aug-09 04:00:00, 2982.4765820919129, 0.17330367166500218, null, null, 2982.4765820919129, 0.17330367166500218
2100-Aug-09 05:00:00, 2997.2455915977744, 0.17416185898140549, null, null, 2997.2455915977744, 0.17416185898140549
2100-Aug-09 06:00:00, 3013.2183847325477, 0.1750899949183724, null, null, 3013.2183847325477, 0.1750899949183724
2100-Aug-09 07:00:00, 3029.750262089251, 0.17605061773185401, null, null, 3029.750262089251, 0.17605061773185401
2100-Aug-09 08:00:00, 3045.7488434597431, 0.1769802521536582, null, null, 3045.7488434597431, 0.1769802521536582
2100-Aug-09 09:00:00, 3058.8171318850555, 0.17773961515422043, null, null, 3058.8171318850555, 0.17773961515422043
2100-Aug-09 10:00:00, 3067.1484432240954, 0.1782237251899905, null, null, 3067.1484432240954, 0.1782237251899905
2100-Aug-09 11:00:00, 3070.1728696745995, 0.17839946645538729, null, null, 3070.1728696745995, 0.17839946645538729
2100-Aug-09 12:00:00, 3067.8095630099119, 0.17826214107797445, null, null, 3067.8095630099119, 0.17826214107797445
2100-Aug-09 13:00:00, 3060.2249622475529, 0.17782142038024207, null, null, 3060.2249622475529, 0.17782142038024207
2100-Aug-09 14:00:00, 3048.1924847070177, 0.17712224555703565, null, null, 3048.1924847070177, 0.17712224555703565
2100-Aug-09 15:00:00, 3032.5650314936861, 0.17621417639166309, null, null, 3032.5650314936861, 0.17621417639166309
2100-Aug-09 16:00:00, 3014.4798491526185, 0.17516329521416873, null, null, 3014.4798491526185, 0.17516329521416873
2100-Aug-09 17:00:00, 2995.3709357829475, 0.17405292778718642, null, null, 2995.3709357829475, 0.17405292778718642
2100-Aug-09 18:00:00, 2976.6452325725986, 0.17296482766920113, null, null, 2976.6452325725986, 0.17296482766920113
2100-Aug-09 19:00:00, 2959.4507180456058, 0.17196570079661561, null, null, 2959.4507180456058, 0.17196570079661561
2100-Aug-09 20:00:00, 2944.5355540233209, 0.17109902083538195, null, null, 2944.5355540233209, 0.17109902083538195
2100-Aug-09 21:00:00, 2932.41475915807, 0.17039471413059201, null, null, 2932.41475915807, 0.17039471413059201
2100-Aug-09 22:00:00, 2923.4341272777269, 0.16987287382911895, null, null, 2923.4341272777269, 0.16987287382911895
2100-Aug-09 23:00:00, 2917.69076581114, 0.16953914258179403, null, null, 2917.69076581114, 0.16953914258179403
2100-Aug-10 00:00:00, 2915.1028763949489, 0.16938876730629923, null, null, 2915.1028763949489, 0.16938876730629923
2100-Aug-10 01:00:00, 2915.4959177999099, 0.16941160588246948, null, null, 2915.4959177999099, 0.16941160588246948
2100-Aug-10 02:00:00, 2918.5979641211165, 0.16959185742924374, null, null, 2918.5979641211165, 0.16959185742924374
2100-Aug-10 03:00:00, 2924.052655478255, 0.16990881483493386, null, null, 2924.052655478255, 0.16990881483493386
2100-Aug-10 04:00:00, 2931.5055198204877, 0.17034188068453199, null, null, 2931.5055198204877, 0.17034188068453199
2100-Aug-10 05:00:00, 2940.6120883043254, 0.17087103882243457, null, null, 2940.6120883043254, 0.17087103882243457
2100-Aug-10 06:00:00, 2951.0071917413106, 0.17147507025181244, null, null, 2951.0071917413106, 0.17147507025181244
2100-Aug-10 07:00:00, 2962.212196840786, 0.17212616288282387, null, null, 2962.212196840786, 0.17212616288282387
2100-Aug-10 08:00:00, 2973.7848078567549, 0.1727986161023598, null, null, 2973.7848078567549, 0.1727986161023598
2100-Aug-10 09:00:00, 2985.2383945060296, 0.17346415313690722, null, null, 2985.2383945060296, 0.17346415313690722
2100-Aug-10 10:00:00, 2995.7737754496511, 0.17407633571392464, null, null, 2995.7737754496511, 0.17407633571392464
2100-Aug-10 11:00:00, 3004.4287098981454, 0.17457925061590582, null, null, 3004.4287098981454, 0.17457925061590582
2100-Aug-10 12:00:00, 3010.43982015855, 0.1749285400236304, null, null, 3010.43982015855, 0.1749285400236304
2100-Aug-10 13:00:00, 3013.3166862197108, 0.17509570695271251, null, null, 3013.3166862197108, 0.17509570695271251
2100-Aug-10 14:00:00, 3013.1046573493513, 0.17508338652681113, null, null, 3013.1046573493513, 0.17508338652681113
2100-Aug-10 15:00:00, 3010.0740551409021, 0.17490728640477365, null, null, 3010.0740551409021, 0.17490728640477365
2100-Aug-10 16:00:00, 3004.762080526209, 0.17459862188413827, null, null, 3004.762080526209, 0.17459862188413827
2100-Aug-10 17:00:00, 2997.9559307089939, 0.17420313487166419, null, null, 2997.9559307089939, 0.17420313487166419
2100-Aug-10 18:00:00, 2990.695557103335, 0.17378125413969953, null, null, 2990.695557103335, 0.17378125413969953
2100-Aug-10 19:00:00, 2984.5601278919371, 0.17342474089297014, null, null, 2984.5601278919371, 0.17342474089297014
2100-Aug-10 20:00:00, 2980.8521496610429, 0.17320928027687466, null, null, 2980.8521496610429, 0.17320928027687466
2100-Aug-10 21:00:00, 2980.2178768600029, 0.17317242439478073, null, null, 2980.2178768600029, 0.17317242439478073
2100-Aug-10 22:00:00, 2982.7474205528938, 0.17331940935762916, null, null, 2982.7474205528938, 0.17331940935762916
2100-Aug-10 23:00:00, 2988.1772083995597, 0.17363491968748032, null, null, 2988.1772083995597, 0.17363491968748032
2100-Aug-11 00:00:00, 2996.1650283648992, 0.17409907036578048, null, null, 2996.1650283648992, 0.17409907036578048
2100-Aug-11 01:00:00, 3006.3498062261938, 0.17469088034311711, null, null, 3006.3498062261938, 0.17469088034311711
2100-Aug-11 02:00:00, 3018.3606263803304, 0.17538879671400104, null, null, 3018.3606263803304, 0.17538879671400104
2100-Aug-11 03:00:00, 3031.8743747442568, 0.17617404419037272, null, null, 3031.8743747442568, 0.17617404419037272
2100-Aug-11 04:00:00, 3046.6475091306042, 0.17703247119245794, null, null, 3046.6475091306042, 0.17703247119245794
2100-Aug-11 05:00:00, 3062.532928275888, 0.17795553006250756, null, null, 3062.532928275888, 0.17795553006250756
2100-Aug-11 06:00:00, 3079.3803651583976, 0.17893448918909871, null, null, 3079.3803651583976, 0.17893448918909871
2100-Aug-11 07:00:00, 3096.8351790855113, 0.17994874135790417, null, null, 3096.8351790855113, 0.17994874135790417
2100-Aug-11 08:00:00, 3114.0709251607909, 0.18095026408457601, null, null, 3114.0709251607909, 0.18095026408457601
2100-Aug-11 09:00:00, 3129.8346337467569, 0.18186625068222731, null, null, 3129.8346337467569, 0.18186625068222731
2100-Aug-11 10:00:00, 3142.4073209842895, 0.18259681563420149, null, null, 3142.4073209842895, 0.18259681563420149
2100-Aug-11 11:00:00, 3149.8201186204838, 0.18302755331555523, null, null, 3149.8201186204838, 0.18302755331555523
2100-Aug-11 12:00:00, 3151.2506636524463, 0.18311067842976733, null, null, 3151.2506636524463, 0.18311067842976733
2100-Aug-11 13:00:00, 3146.6768849110331, 0.18284490848071569, null, null, 3146.6768849110331, 0.18284490848071569
2100-Aug-11 14:00:00, 3136.3114207520671, 0.18224259930985851, null, null, 3136.3114207520671, 0.18224259930985851
2100-Aug-11 15:00:00, 3121.3326523246456, 0.18137222346815743, null, null, 3121.3326523246456, 0.18137222346815743
2100-Aug-11 16:00:00, 3103.3575263797511, 0.18032773737106758, null, null, 3103.3575263797511, 0.18032773737106758
2100-Aug-11 17:00:00, 3084.046997311108, 0.17920565459949311, null, null, 3084.046997311108, 0.17920565459949311
2100-Aug-11 18:00:00, 3064.9914052715803, 0.17809838553121959, null, null, 3064.9914052715803, 0.17809838553121959
2100-Aug-11 19:00:00, 3047.5814720855424, 0.17708674126125304, null, null, 3047.5814720855424, 0.17708674126125304
2100-Aug-11 20:00:00, 3032.7289095921983, 0.17622369890605538, null, null, 3032.7289095921983, 0.17622369890605538
2100-Aug-11 21:00:00, 3020.8825560245737, 0.17553533924501449, null, null, 3020.8825560245737, 0.17553533924501449
2100-Aug-11 22:00:00, 3012.113130413582, 0.17502577157031646, null, null, 3012.113130413582, 0.17502577157031646
2100-Aug-11 23:00:00, 3006.3054045674016, 0.17468830028245783, null, null, 3006.3054045674016, 0.17468830028245783
2100-Aug-12 00:00:00, 3003.2242374202951, 0.17450926196818795, null, null, 3003.2242374202951, 0.17450926196818795
2100-Aug-12 01:00:00, 3002.5790423543849, 0.17447177142273529, null, null, 3002.5790423543849, 0.17447177142273529
2100-Aug-12 02:00:00, 3004.1319062590496, 0.17456200415679607, null, null, 3004.1319062590496, 0.17456200415679607
2100-Aug-12 03:00:00, 3007.6961218203196, 0.17476911111182886, null, null, 3007.6961218203196, 0.17476911111182886
2100-Aug-12 04:00:00, 3013.1781572479317, 0.17508765740771845, null, null, 3013.1781572479317, 0.17508765740771845
2100-Aug-12 05:00:00, 3020.3991229817461, 0.17550724825451713, null, null, 3020.3991229817461, 0.17550724825451713
2100-Aug-12 06:00:00, 3029.0724468788267, 0.17601123171776684, null, null, 3029.0724468788267, 0.17601123171776684
2100-Aug-12 07:00:00, 3038.6403357916711, 0.17656719594180637, null, null, 3038.6403357916711, 0.17656719594180637
2100-Aug-12 08:00:00, 3048.2925797447856, 0.17712806180976493, null, null, 3048.2925797447856, 0.17712806180976493
2100-Aug-12 09:00:00, 3057.1130502941851, 0.17764059556818654, null, null, 3057.1130502941851, 0.17764059556818654
2100-Aug-12 10:00:00, 3063.9512484387442, 0.17803794482254134, null, null, 3063.9512484387442, 0.17803794482254134
2100-Aug-12 11:00:00, 3067.4296005411079, 0.17824006248351573, null, null, 3067.4296005411079, 0.17824006248351573
2100-Aug-12 12:00:00, 3066.374773902889, 0.17817876935200516, null, null, 3066.374773902889, 0.17817876935200516
2100-Aug-12 13:00:00, 3059.7856566567816, 0.17779589351698999, null, null, 3059.7856566567816, 0.17779589351698999
2100-Aug-12 14:00:00, 3048.0036530813227, 0.17711127306046823, null, null, 3048.0036530813227, 0.17711127306046823
2100-Aug-12 15:00:00, 3032.599160949725, 0.17621615956232031, null, null, 3032.599160949725, 0.17621615956232031
2100-Aug-12 16:00:00, 3015.7927831201587, 0.17523958626657621, null, null, 3015.7927831201587, 0.17523958626657621
2100-Aug-12 17:00:00, 2999.6625409666121, 0.17430230139170402, null, null, 2999.6625409666121, 0.17430230139170402
2100-Aug-12 18:00:00, 2985.7400144883459, 0.17349330092141554, null, null, 2985.7400144883459, 0.17349330092141554
2100-Aug-12 19:00:00, 2974.9254990945224, 0.17286489859420842, null, null, 2974.9254990945224, 0.17286489859420842
2100-Aug-12 20:00:00, 2967.606428556147, 0.17243960714176526, null, null, 2967.606428556147, 0.17243960714176526
2100-Aug-12 21:00:00, 2963.8060697401065, 0.1722187785389796, null, null, 2963.8060697401065, 0.1722187785389796
2100-Aug-12 22:00:00, 2963.2802428842715, 0.17218822415832716, null, null, 2963.2802428842715, 0.17218822415832716
2100-Aug-12 23:00:00, 2965.655349263026, 0.1723262351853054, null, null, 2965.655349263026, 0.1723262351853054
2100-Aug-13 00:00:00, 2970.4845248075248, 0.17260684555388356, null, null, 2970.4845248075248, 0.17260684555388356
2100-Aug-13 01:00:00, 2977.3889485412897, 0.17300804299864375, null, null, 2977.3889485412897, 0.17300804299864375
2100-Aug-13 02:00:00, 2986.1306553731215, 0.17351600000983106, null, null, 2986.1306553731215, 0.17351600000983106
2100-Aug-13 03:00:00, 2996.5914378626567, 0.17412384787184304, null, null, 2996.5914378626567, 0.17412384787184304
2100-Aug-13 04:00:00, 3008.6722471920411, 0.17482583112496844, null, null, 3008.6722471920411, 0.17482583112496844
2100-Aug-13 05:00:00, 3022.202667615491, 0.1756120473697613, null, null, 3022.202667615491, 0.1756120473697613
2100-Aug-13 06:00:00, 3036.8907236122059, 0.17646553069604662, null, null, 3036.8907236122059, 0.17646553069604662
2100-Aug-13 07:00:00, 3052.1620920187365, 0.17735290873351114, null, null, 3052.1620920187365, 0.17735290873351114
2100-Aug-13 08:00:00, 3066.435023776899, 0.17818227030971459, null, null, 3066.435023776899, 0.17818227030971459
2100-Aug-13 09:00:00, 3078.0774566422333, 0.17885878068863617, null, null, 3078.0774566422333, 0.17885878068863617
2100-Aug-13 10:00:00, 3085.7194745177999, 0.17930283773998654, null, null, 3085.7194745177999, 0.17930283773998654
2100-Aug-13 11:00:00, 3088.5620456001434, 0.1794680118803291, null, null, 3088.5620456001434, 0.1794680118803291
2100-Aug-13 12:00:00, 3085.9747378628667, 0.17931767040462745, null, null, 3085.9747378628667, 0.17931767040462745
2100-Aug-13 13:00:00, 3078.0474335718613, 0.1788570361289768, null, null, 3078.0474335718613, 0.1788570361289768
2100-Aug-13 14:00:00, 3064.8602985571147, 0.17809076727358322, null, null, 3064.8602985571147, 0.17809076727358322
2100-Aug-13 15:00:00, 3046.7911298593476, 0.17704081660571883, null, null, 3046.7911298593476, 0.17704081660571883
2100-Aug-13 16:00:00, 3024.9969678229295, 0.17577441661972998, null, null, 3024.9969678229295, 0.17577441661972998
2100-Aug-13 17:00:00, 3001.21570526305, 0.17439255158072073, null, null, 3001.21570526305, 0.17439255158072073
2100-Aug-13 18:00:00, 2977.4914826744221, 0.17301400098062744, null, null, 2977.4914826744221, 0.17301400098062744
2100-Aug-13 19:00:00, 2955.6123698848837, 0.17174266473545224, null, null, 2955.6123698848837, 0.17174266473545224
2100-Aug-13 20:00:00, 2936.7753187334824, 0.17064809448887228, null, null, 2936.7753187334824, 0.17064809448887228
2100-Aug-13 21:00:00, 2921.5809619231773, 0.1697651913875956, null, null, 2921.5809619231773, 0.1697651913875956
2100-Aug-13 22:00:00, 2910.199977815003, 0.16910387309093214, null, null, 2910.199977815003, 0.16910387309093214
2100-Aug-13 23:00:00, 2902.4841842946935, 0.16865552913580853, null, null, 2902.4841842946935, 0.16865552913580853
2100-Aug-14 00:00:00, 2898.2485473612078, 0.16840940769538532, null, null, 2898.2485473612078, 0.16840940769538532
2100-Aug-14 01:00:00, 2897.3631275016533, 0.16835795833496209, null, null, 2897.3631275016533, 0.16835795833496209
2100-Aug-14 02:00:00, 2899.6194808059468, 0.16848906894101193, null, null, 2899.6194808059468, 0.16848906894101193
2100-Aug-14 03:00:00, 2904.7239222381418, 0.1687856742680445, null, null, 2904.7239222381418, 0.1687856742680445
2100-Aug-14 04:00:00, 2912.3489326466402, 0.16922874306134572, null, null, 2912.3489326466402, 0.16922874306134572
2100-Aug-14 05:00:00, 2922.1228039001239, 0.16979667636374962, null, null, 2922.1228039001239, 0.16979667636374962
2100-Aug-14 06:00:00, 2933.6575673359953, 0.17046693036246555, null, null, 2933.6575673359953, 0.17046693036246555
2100-Aug-14 07:00:00, 2945.9892097551647, 0.171183488850044, null, null, 2945.9892097551647, 0.171183488850044
2100-Aug-14 08:00:00, 2957.7766269964754, 0.17186842388008997, null, null, 2957.7766269964754, 0.17186842388008997
2100-Aug-14 09:00:00, 2967.6060659051541, 0.17243958606909399, null, null, 2967.6060659051541, 0.17243958606909399
2100-Aug-14 10:00:00, 2973.1649734388639, 0.17276259919577625, null, null, 2973.1649734388639, 0.17276259919577625
2100-Aug-14 11:00:00, 2972.7459718124678, 0.17273825214114252, null, null, 2972.7459718124678, 0.17273825214114252
2100-Aug-14 12:00:00, 2966.1228820357037, 0.17235340225398091, null, null, 2966.1228820357037, 0.17235340225398091
2100-Aug-14 13:00:00, 2952.911998907472, 0.17158575345975169, null, null, 2952.911998907472, 0.17158575345975169
2100-Aug-14 14:00:00, 2933.4310378945188, 0.17045376734747866, null, null, 2933.4310378945188, 0.17045376734747866
2100-Aug-14 15:00:00, 2908.2304135500872, 0.16898942702260772, null, null, 2908.2304135500872, 0.16898942702260772
2100-Aug-14 16:00:00, 2879.4695968761889, 0.16731821352185508, null, null, 2879.4695968761889, 0.16731821352185508
2100-Aug-14 17:00:00, 2850.0624385259835, 0.16560944284921159, null, null, 2850.0624385259835, 0.16560944284921159
2100-Aug-14 18:00:00, 2822.3495713332109, 0.1639991228669157, null, null, 2822.3495713332109, 0.1639991228669157
2100-Aug-14 19:00:00, 2797.9211230850292, 0.16257965161275453, null, null, 2797.9211230850292, 0.16257965161275453
2100-Aug-14 20:00:00, 2777.6734100142266, 0.16140311160601681, null, null, 2777.6734100142266, 0.16140311160601681
2100-Aug-14 21:00:00, 2762.0007693596576, 0.160492416720286, null, null, 2762.0007693596576, 0.160492416720286
2100-Aug-14 22:00:00, 2750.9400402341394, 0.1598497075770679, null, null, 2750.9400402341394, 0.1598497075770679
2100-Aug-14 23:00:00, 2744.3408988295391, 0.15946624926523378, null, null, 2744.3408988295391, 0.15946624926523378
2100-Aug-15 00:00:00, 2741.9043729017249, 0.15932466931388306, null, null, 2741.9043729017249, 0.15932466931388306
2100-Aug-15 01:00:00, 2743.2484109508614, 0.15940276774059711, null, null, 2743.2484109508614, 0.15940276774059711
2100-Aug-15 02:00:00, 2747.9299735651221, 0.15967480071985085, null, null, 2747.9299735651221, 0.15967480071985085
2100-Aug-15 03:00:00, 2755.4593870125723, 0.1601123146315315, null, null, 2755.4593870125723, 0.1601123146315315
2100-Aug-15 04:00:00, 2765.3720728032185, 0.16068831407236384, null, null, 2765.3720728032185, 0.16068831407236384
2100-Aug-15 05:00:00, 2777.2953497388116, 0.16138114354288646, null, null, 2777.2953497388116, 0.16138114354288646
2100-Aug-15 06:00:00, 2790.9093205387494, 0.16217221467475584, null, null, 2790.9093205387494, 0.16217221467475584
2100-Aug-15 07:00:00, 2805.6694525271932, 0.16302988614256103, null, null, 2805.6694525271932, 0.16302988614256103
2100-Aug-15 08:00:00, 2820.742446923457, 0.16390573720122259, null, null, 2820.742446923457, 0.16390573720122259
2100-Aug-15 09:00:00, 2834.5550997063133, 0.16470835320735525, null, null, 2834.5550997063133, 0.16470835320735525
2100-Aug-15 10:00:00, 2844.3638536057679, 0.16527831344625227, null, null, 2844.3638536057679, 0.16527831344625227
2100-Aug-15 11:00:00, 2848.087798876938, 0.16549470186400161, null, null, 2848.087798876938, 0.16549470186400161
2100-Aug-15 12:00:00, 2845.1571619992142, 0.16532441045776694, null, null, 2845.1571619992142, 0.16532441045776694
2100-Aug-15 13:00:00, 2835.7916337244401, 0.16478020486472175, null, null, 2835.7916337244401, 0.16478020486472175
2100-Aug-15 14:00:00, 2820.563332683812, 0.16389532935575471, null, null, 2820.563332683812, 0.16389532935575471
2100-Aug-15 15:00:00, 2800.7347813932406, 0.16274314570975823, null, null, 2800.7347813932406, 0.16274314570975823
2100-Aug-15 16:00:00, 2778.0720975091813, 0.16142627826125139, null, null, 2778.0720975091813, 0.16142627826125139
2100-Aug-15 17:00:00, 2754.0059403888854, 0.16002785876758055, null, null, 2754.0059403888854, 0.16002785876758055
2100-Aug-15 18:00:00, 2730.1377360730439, 0.15864094177757873, null, null, 2730.1377360730439, 0.15864094177757873
2100-Aug-15 19:00:00, 2708.1851133415853, 0.15736533406790482, null, null, 2708.1851133415853, 0.15736533406790482
2100-Aug-15 20:00:00, 2689.4978083133751, 0.1562794651647394, null, null, 2689.4978083133751, 0.1562794651647394
2100-Aug-15 21:00:00, 2674.8814071926936, 0.15543014551007647, null, null, 2674.8814071926936, 0.15543014551007647
2100-Aug-15 22:00:00, 2664.5694723483166, 0.15483094678334336, null, null, 2664.5694723483166, 0.15483094678334336
2100-Aug-15 23:00:00, 2658.4764888534983, 0.15447689994274566, null, null, 2658.4764888534983, 0.15447689994274566
2100-Aug-16 00:00:00, 2656.3226508114508, 0.15435174622214318, null, null, 2656.3226508114508, 0.15435174622214318
2100-Aug-16 01:00:00, 2657.7431807521048, 0.15443428938640594, null, null, 2657.7431807521048, 0.15443428938640594
2100-Aug-16 02:00:00, 2662.3884368936906, 0.15470421269443624, null, null, 2662.3884368936906, 0.15470421269443624
2100-Aug-16 03:00:00, 2669.8783732874222, 0.1551394327009788, null, null, 2669.8783732874222, 0.1551394327009788
2100-Aug-16 04:00:00, 2679.9432937542265, 0.15572427808832798, null, null, 2679.9432937542265, 0.15572427808832798
2100-Aug-16 05:00:00, 2692.3628630314133, 0.15644594576852303, null, null, 2692.3628630314133, 0.15644594576852303
2100-Aug-16 06:00:00, 2706.8664528995005, 0.15728871026550353, null, null, 2706.8664528995005, 0.15728871026550353
2100-Aug-16 07:00:00, 2722.859547950784, 0.15821802589209288, null, null, 2722.859547950784, 0.15821802589209288
2100-Aug-16 08:00:00, 2739.0321394355801, 0.15915777157240513, null, null, 2739.0321394355801, 0.15915777157240513
2100-Aug-16 09:00:00, 2753.4048654020748, 0.15999293192095054, null, null, 2753.4048654020748, 0.15999293192095054
2100-Aug-16 10:00:00, 2764.1695743025775, 0.16061844012713855, null, null, 2764.1695743025775, 0.16061844012713855
2100-Aug-16 11:00:00, 2769.923844902271, 0.16095280527477079, null, null, 2769.923844902271, 0.16095280527477079
2100-Aug-16 12:00:00, 2769.9513820347383, 0.1609544053832821, null, null, 2769.9513820347383, 0.1609544053832821
2100-Aug-16 13:00:00, 2764.0055616075633, 0.1606089097917065, null, null, 2764.0055616075633, 0.1606089097917065
2100-Aug-16 14:00:00, 2751.8695218320449, 0.15990371724629021, null, null, 2751.8695218320449, 0.15990371724629021
2100-Aug-16 15:00:00, 2734.532746396917, 0.15889632397595246, null, null, 2734.532746396917, 0.15889632397595246
2100-Aug-16 16:00:00, 2713.9467567893244, 0.15770012763185542, null, null, 2713.9467567893244, 0.15770012763185542
2100-Aug-16 17:00:00, 2692.2002834956306, 0.15643649871010926, null, null, 2692.2002834956306, 0.15643649871010926
2100-Aug-16 18:00:00, 2671.0964721586652, 0.15521021314167191, null, null, 2671.0964721586652, 0.15521021314167191
2100-Aug-16 19:00:00, 2652.0100110633325, 0.15410115035580679, null, null, 2652.0100110633325, 0.15410115035580679
2100-Aug-16 20:00:00, 2635.9769040005431, 0.15316950973912488, null, null, 2635.9769040005431, 0.15316950973912488
2100-Aug-16 21:00:00, 2623.6257169614364, 0.15245181556638571, null, null, 2623.6257169614364, 0.15245181556638571
2100-Aug-16 22:00:00, 2615.2261731735962, 0.15196374072701088, null, null, 2615.2261731735962, 0.15196374072701088
2100-Aug-16 23:00:00, 2610.7555599797483, 0.15170396544973297, null, null, 2610.7555599797483, 0.15170396544973297
2100-Aug-17 00:00:00, 2609.9757705858983, 0.15165865399082962, null, null, 2609.9757705858983, 0.15165865399082962
2100-Aug-17 01:00:00, 2612.540745430249, 0.15180769776234604, null, null, 2612.540745430249, 0.15180769776234604
2100-Aug-17 02:00:00, 2618.0424118259666, 0.15212738476085552, null, null, 2618.0424118259666, 0.15212738476085552
2100-Aug-17 03:00:00, 2626.0271815902515, 0.15259135820019756, null, null, 2626.0271815902515, 0.15259135820019756
2100-Aug-17 04:00:00, 2636.0792081968907, 0.15317545436010202, null, null, 2636.0792081968907, 0.15317545436010202
2100-Aug-17 05:00:00, 2647.9355382113713, 0.15386439372556732, null, null, 2647.9355382113713, 0.15386439372556732
2100-Aug-17 06:00:00, 2661.4093716783836, 0.15464732185491348, null, null, 2661.4093716783836, 0.15464732185491348
2100-Aug-17 07:00:00, 2675.7827866773277, 0.15548252224127651, null, null, 2675.7827866773277, 0.15548252224127651
2100-Aug-17 08:00:00, 2689.7166996988603, 0.15629218435288936, null, null, 2689.7166996988603, 0.15629218435288936
2100-Aug-17 09:00:00, 2701.3792390157923, 0.15696986306349439, null, null, 2701.3792390157923, 0.15696986306349439
2100-Aug-17 10:00:00, 2709.2389845992402, 0.1574265716848271, null, null, 2709.2389845992402, 0.1574265716848271
2100-Aug-17 11:00:00, 2712.4628169846469, 0.15761389989138477, null, null, 2712.4628169846469, 0.15761389989138477
2100-Aug-17 12:00:00, 2710.3216779209361, 0.15748948407416946, null, null, 2710.3216779209361, 0.15748948407416946
2100-Aug-17 13:00:00, 2702.8206944286553, 0.15705362215051974, null, null, 2702.8206944286553, 0.15705362215051974
2100-Aug-17 14:00:00, 2690.9235061602803, 0.15636230862209868, null, null, 2690.9235061602803, 0.15636230862209868
2100-Aug-17 15:00:00, 2675.5837598050125, 0.15547095732642041, null, null, 2675.5837598050125, 0.15547095732642041
2100-Aug-17 16:00:00, 2657.9953705745738, 0.15444894345693672, null, null, 2657.9953705745738, 0.15444894345693672
2100-Aug-17 17:00:00, 2639.6801185032805, 0.153384693547823, null, null, 2639.6801185032805, 0.153384693547823
2100-Aug-17 18:00:00, 2622.0639850240441, 0.15236106753485656, null, null, 2622.0639850240441, 0.15236106753485656
2100-Aug-17 19:00:00, 2606.2454731628509, 0.15144189646666387, null, null, 2606.2454731628509, 0.15144189646666387
2100-Aug-17 20:00:00, 2593.0025215352739, 0.15067238425841331, null, null, 2593.0025215352739, 0.15067238425841331
2100-Aug-17 21:00:00, 2582.8128239356624, 0.15008028840834964, null, null, 2582.8128239356624, 0.15008028840834964
2100-Aug-17 22:00:00, 2575.7633012243009, 0.14967065965327392, null, null, 2575.7633012243009, 0.14967065965327392
2100-Aug-17 23:00:00, 2571.7540668734073, 0.1494376938564099, null, null, 2571.7540668734073, 0.1494376938564099
2100-Aug-18 00:00:00, 2570.6783142700365, 0.14937518477349312, null, null, 2570.6783142700365, 0.14937518477349312
2100-Aug-18 01:00:00, 2572.3852178586421, 0.14947436833820565, null, null, 2572.3852178586421, 0.14947436833820565
2100-Aug-18 02:00:00, 2576.7751163432258, 0.14972945350138281, null, null, 2576.7751163432258, 0.14972945350138281
2100-Aug-18 03:00:00, 2583.6501319740237, 0.15012894212058125, null, null, 2583.6501319740237, 0.15012894212058125
2100-Aug-18 04:00:00, 2592.7460449678651, 0.15065748109669366, null, null, 2592.7460449678651, 0.15065748109669366
2100-Aug-18 05:00:00, 2603.8271315460856, 0.15130137315659256, null, null, 2603.8271315460856, 0.15130137315659256
2100-Aug-18 06:00:00, 2616.5966468967249, 0.15204337525945441, null, null, 2616.5966468967249, 0.15204337525945441
2100-Aug-18 07:00:00, 2630.4123141947621, 0.15284616643093532, null, null, 2630.4123141947621, 0.15284616643093532
2100-Aug-18 08:00:00, 2644.0880306766649, 0.1536408254378808, null, null, 2644.0880306766649, 0.1536408254378808
2100-Aug-18 09:00:00, 2655.8304123261896, 0.15432314357113067, null, null, 2655.8304123261896, 0.15432314357113067
2100-Aug-18 10:00:00, 2663.7283386160402, 0.15478207077035469, null, null, 2663.7283386160402, 0.15478207077035469
2100-Aug-18 11:00:00, 2666.7354995990177, 0.15495680878599141, null, null, 2666.7354995990177, 0.15495680878599141
2100-Aug-18 12:00:00, 2664.8725706132714, 0.15484855900618774, null, null, 2664.8725706132714, 0.15484855900618774
2100-Aug-18 13:00:00, 2658.5449032081369, 0.15448087531640817, null, null, 2658.5449032081369, 0.15448087531640817
2100-Aug-18 14:00:00, 2648.3729969083474, 0.15388981327080128, null, null, 2648.3729969083474, 0.15388981327080128
2100-Aug-18 15:00:00, 2635.1465752556114, 0.15312126157481415, null, null, 2635.1465752556114, 0.15312126157481415
2100-Aug-18 16:00:00, 2619.7415657389811, 0.15222611801281716, null, null, 2619.7415657389811, 0.15222611801281716
2100-Aug-18 17:00:00, 2603.3099598138656, 0.15127132170183405, null, null, 2603.3099598138656, 0.15127132170183405
2100-Aug-18 18:00:00, 2587.1546085577711, 0.15033257780472178, null, null, 2587.1546085577711, 0.15033257780472178
2100-Aug-18 19:00:00, 2572.4215850660421, 0.14947648153856016, null, null, 2572.4215850660421, 0.14947648153856016
2100-Aug-18 20:00:00, 2560.0434442824198, 0.14875722115641044, null, null, 2560.0434442824198, 0.14875722115641044
2100-Aug-18 21:00:00, 2550.6269252764391, 0.14821005262947598, null, null, 2550.6269252764391, 0.14821005262947598
2100-Aug-18 22:00:00, 2544.5230922351666, 0.14785537535099064, null, null, 2544.5230922351666, 0.14785537535099064
2100-Aug-18 23:00:00, 2541.7537851758871, 0.14769445838546516, null, null, 2541.7537851758871, 0.14769445838546516
2100-Aug-19 00:00:00, 2542.1692644121554, 0.14771860076350704, null, null, 2542.1692644121554, 0.14771860076350704
2100-Aug-19 01:00:00, 2545.5565853086578, 0.14791542884658279, null, null, 2545.5565853086578, 0.14791542884658279
2100-Aug-19 02:00:00, 2551.6299202136211, 0.14826833396060823, null, null, 2551.6299202136211, 0.14826833396060823
2100-Aug-19 03:00:00, 2560.0481532459589, 0.14875749478158354, null, null, 2560.0481532459589, 0.14875749478158354
2100-Aug-19 04:00:00, 2570.5227982709548, 0.14936614815814958, null, null, 2570.5227982709548, 0.14936614815814958
2100-Aug-19 05:00:00, 2582.8548199183456, 0.15008272868165734, null, null, 2582.8548199183456, 0.15008272868165734
2100-Aug-19 06:00:00, 2596.8829442798365, 0.15089786516018569, null, null, 2596.8829442798365, 0.15089786516018569
2100-Aug-19 07:00:00, 2611.4951964255461, 0.15174694372910108, null, null, 2611.4951964255461, 0.15174694372910108
2100-Aug-19 08:00:00, 2624.5817370237451, 0.15250736731421111, null, null, 2624.5817370237451, 0.15250736731421111
2100-Aug-19 09:00:00, 2634.9645364489479, 0.15311068379064319, null, null, 2634.9645364489479, 0.15311068379064319
2100-Aug-19 10:00:00, 2641.7515785093224, 0.15350506050289309, null, null, 2641.7515785093224, 0.15350506050289309
2100-Aug-19 11:00:00, 2643.7531187813074, 0.15362136461076209, null, null, 2643.7531187813074, 0.15362136461076209
2100-Aug-19 12:00:00, 2640.2384784632372, 0.15341713833942747, null, null, 2640.2384784632372, 0.15341713833942747
2100-Aug-19 13:00:00, 2631.4638624772751, 0.15290726906603622, null, null, 2631.4638624772751, 0.15290726906603622
2100-Aug-19 14:00:00, 2618.2161286672895, 0.15213747897806149, null, null, 2618.2161286672895, 0.15213747897806149
2100-Aug-19 15:00:00, 2602.0970201269574, 0.1512008410474304, null, null, 2602.0970201269574, 0.1512008410474304
2100-Aug-19 16:00:00, 2584.8821842658176, 0.15020053335691591, null, null, 2584.8821842658176, 0.15020053335691591
2100-Aug-19 17:00:00, 2568.0669178338349, 0.14922344356845432, null, null, 2568.0669178338349, 0.14922344356845432
2100-Aug-19 18:00:00, 2552.7419318646998, 0.14833294995901147, null, null, 2552.7419318646998, 0.14833294995901147
2100-Aug-19 19:00:00, 2539.6593413719288, 0.14757275590387606, null, null, 2539.6593413719288, 0.14757275590387606
2100-Aug-19 20:00:00, 2529.2988987357144, 0.14697073852016496, null, null, 2529.2988987357144, 0.14697073852016496
2100-Aug-19 21:00:00, 2521.9730418111294, 0.14654505272911927, null, null, 2521.9730418111294, 0.14654505272911927
2100-Aug-19 22:00:00, 2517.7140253976163, 0.14629757277015656, null, null, 2517.7140253976163, 0.14629757277015656
2100-Aug-19 23:00:00, 2516.3783488776121, 0.1462199602093528, null, null, 2516.3783488776121, 0.1462199602093528
2100-Aug-20 00:00:00, 2517.8224703538185, 0.14630387421412977, null, null, 2517.8224703538185, 0.14630387421412977
2100-Aug-20 01:00:00, 2521.8715847259778, 0.14653915733148939, null, null, 2521.8715847259778, 0.14653915733148939
2100-Aug-20 02:00:00, 2528.3921027979786, 0.14691804705348116, null, null, 2528.3921027979786, 0.14691804705348116
2100-Aug-20 03:00:00, 2537.1868296394432, 0.14742908491445492, null, null, 2537.1868296394432, 0.14742908491445492
2100-Aug-20 04:00:00, 2548.1146485634304, 0.14806407100426655, null, null, 2548.1146485634304, 0.14806407100426655
2100-Aug-20 05:00:00, 2561.0522428085087, 0.14881583971844414, null, null, 2561.0522428085087, 0.14881583971844414
2100-Aug-20 06:00:00, 2575.7947716169688, 0.14967248831292906, null, null, 2575.7947716169688, 0.14967248831292906
2100-Aug-20 07:00:00, 2591.6578743467085, 0.15059425043624966, null, null, 2591.6578743467085, 0.15059425043624966
2100-Aug-20 08:00:00, 2606.6442294375156, 0.15146506711850194, null, null, 2606.6442294375156, 0.15146506711850194
2100-Aug-20 09:00:00, 2618.8452526877677, 0.15217403567840113, null, null, 2618.8452526877677, 0.15217403567840113
2100-Aug-20 10:00:00, 2626.8833422584958, 0.15264110738791384, null, null, 2626.8833422584958, 0.15264110738791384
2100-Aug-20 11:00:00, 2630.0282119141066, 0.15282384728317328, null, null, 2630.0282119141066, 0.15282384728317328
2100-Aug-20 12:00:00, 2627.2013519525649, 0.15265958607369404, null, null, 2627.2013519525649, 0.15265958607369404
2100-Aug-20 13:00:00, 2617.565156011724, 0.15209965271245376, null, null, 2617.565156011724, 0.15209965271245376
2100-Aug-20 14:00:00, 2601.2392255882241, 0.15115099691990588, null, null, 2601.2392255882241, 0.15115099691990588
2100-Aug-20 15:00:00, 2579.0817063936715, 0.14986348322928358, null, null, 2579.0817063936715, 0.14986348322928358
2100-Aug-20 16:00:00, 2552.9351236209341, 0.14834417581100706, null, null, 2552.9351236209341, 0.14834417581100706
2100-Aug-20 17:00:00, 2525.2347863492573, 0.146734583908638, null, null, 2525.2347863492573, 0.146734583908638
2100-Aug-20 18:00:00, 2498.1811285012463, 0.14516256880374806, null, null, 2498.1811285012463, 0.14516256880374806
2100-Aug-20 19:00:00, 2473.5555524306742, 0.14373164298340094, null, null, 2473.5555524306742, 0.14373164298340094
2100-Aug-20 20:00:00, 2452.4921754064912, 0.14250770694384457, null, null, 2452.4921754064912, 0.14250770694384457
2100-Aug-20 21:00:00, 2435.4448534257058, 0.14151713303320101, null, null, 2435.4448534257058, 0.14151713303320101
2100-Aug-20 22:00:00, 2422.4814006764691, 0.14076386175107658, null, null, 2422.4814006764691, 0.14076386175107658
2100-Aug-20 23:00:00, 2413.487667547116, 0.14024126017135224, null, null, 2413.487667547116, 0.14024126017135224
2100-Aug-21 00:00:00, 2408.1314533772902, 0.13993002500946411, null, null, 2408.1314533772902, 0.13993002500946411
2100-Aug-21 01:00:00, 2406.1186063214113, 0.13981306389487283, null, null, 2406.1186063214113, 0.13981306389487283
2100-Aug-21 02:00:00, 2407.1962146764672, 0.13987568081051582, null, null, 2407.1962146764672, 0.13987568081051582
2100-Aug-21 03:00:00, 2411.1345947022642, 0.14010452945361362, null, null, 2411.1345947022642, 0.14010452945361362
2100-Aug-21 04:00:00, 2417.7392555826809, 0.14048830848730368, null, null, 2417.7392555826809, 0.14048830848730368
2100-Aug-21 05:00:00, 2426.7548914966178, 0.14101218277877731, null, null, 2426.7548914966178, 0.14101218277877731
2100-Aug-21 06:00:00, 2437.8671011360939, 0.14165788331583959, null, null, 2437.8671011360939, 0.14165788331583959
2100-Aug-21 07:00:00, 2450.5645817517161, 0.14239569967449783, null, null, 2450.5645817517161, 0.14239569967449783
2100-Aug-21 08:00:00, 2464.1143006469988, 0.14318303730144882, null, null, 2464.1143006469988, 0.14318303730144882
2100-Aug-21 09:00:00, 2477.5209917400048, 0.14396206396849703, null, null, 2477.5209917400048, 0.14396206396849703
2100-Aug-21 10:00:00, 2489.313691182128, 0.14464730593298827, null, null, 2489.313691182128, 0.14464730593298827
2100-Aug-21 11:00:00, 2497.6316382419541, 0.14513063940653123, null, null, 2497.6316382419541, 0.14513063940653123
2100-Aug-21 12:00:00, 2501.2162913842931, 0.14533893393428812, null, null, 2501.2162913842931, 0.14533893393428812
2100-Aug-21 13:00:00, 2499.3419912267655, 0.14523002340635566, null, null, 2499.3419912267655, 0.14523002340635566
2100-Aug-21 14:00:00, 2491.4859602133929, 0.14477353062867335, null, null, 2491.4859602133929, 0.14477353062867335
2100-Aug-21 15:00:00, 2478.2483890800327, 0.14400433106643273, null, null, 2478.2483890800327, 0.14400433106643273
2100-Aug-21 16:00:00, 2460.4619241979026, 0.14297080755495833, null, null, 2460.4619241979026, 0.14297080755495833
2100-Aug-21 17:00:00, 2439.8968788500401, 0.14177582822531612, null, null, 2439.8968788500401, 0.14177582822531612
2100-Aug-21 18:00:00, 2419.0979092096804, 0.1405672561858351, null, null, 2419.0979092096804, 0.1405672561858351
2100-Aug-21 19:00:00, 2400.2830629805103, 0.13947397620740837, null, null, 2400.2830629805103, 0.13947397620740837
2100-Aug-21 20:00:00, 2384.7514560594864, 0.13857147641162354, null, null, 2384.7514560594864, 0.13857147641162354
2100-Aug-21 21:00:00, 2373.0212341499723, 0.13788986484807586, null, null, 2373.0212341499723, 0.13788986484807586
2100-Aug-21 22:00:00, 2365.1588032188643, 0.13743300018843188, null, null, 2365.1588032188643, 0.13743300018843188
2100-Aug-21 23:00:00, 2360.9768251119963, 0.1371899967177275, null, null, 2360.9768251119963, 0.1371899967177275
2100-Aug-22 00:00:00, 2360.1554962635014, 0.13714227151312969, null, null, 2360.1554962635014, 0.13714227151312969
2100-Aug-22 01:00:00, 2362.3339420599259, 0.13726885512398196, null, null, 2362.3339420599259, 0.13726885512398196
2100-Aug-22 02:00:00, 2367.2060245565572, 0.13755195869984602, null, null, 2367.2060245565572, 0.13755195869984602
2100-Aug-22 03:00:00, 2374.5619786407774, 0.13797939335567838, null, null, 2374.5619786407774, 0.13797939335567838
2100-Aug-22 04:00:00, 2384.1333277338858, 0.13853555864146236, null, null, 2384.1333277338858, 0.13853555864146236
2100-Aug-22 05:00:00, 2395.558803555462, 0.13919946223161561, null, null, 2395.558803555462, 0.13919946223161561
2100-Aug-22 06:00:00, 2408.4386790507519, 0.1399478770648869, null, null, 2408.4386790507519, 0.1399478770648869
2100-Aug-22 07:00:00, 2422.2340231595795, 0.14074948731064618, null, null, 2422.2340231595795, 0.14074948731064618
2100-Aug-22 08:00:00, 2435.2108891634698, 0.14150353800082846, null, null, 2435.2108891634698, 0.14150353800082846
2100-Aug-22 09:00:00, 2445.678186410918, 0.14211176441785514, null, null, 2445.678186410918, 0.14211176441785514
2100-Aug-22 10:00:00, 2452.7779526391846, 0.14252431268821197, null, null, 2452.7779526391846, 0.14252431268821197
2100-Aug-22 11:00:00, 2456.0776216562181, 0.1427160475569331, null, null, 2456.0776216562181, 0.1427160475569331
2100-Aug-22 12:00:00, 2455.2857088928208, 0.14267003164171713, null, null, 2455.2857088928208, 0.14267003164171713
2100-Aug-22 13:00:00, 2449.9881485705232, 0.14236220469674341, null, null, 2449.9881485705232, 0.14236220469674341
2100-Aug-22 14:00:00, 2440.5850803642588, 0.14181581775950916, null, null, 2440.5850803642588, 0.14181581775950916
2100-Aug-22 15:00:00, 2428.0830086671431, 0.14108935608616735, null, null, 2428.0830086671431, 0.14108935608616735
2100-Aug-22 16:00:00, 2414.4058559572327, 0.14029461362388526, null, null, 2414.4058559572327, 0.14029461362388526
2100-Aug-22 17:00:00, 2401.7803759033227, 0.13956098102371203, null, null, 2401.7803759033227, 0.13956098102371203
2100-Aug-22 18:00:00, 2391.8490299078903, 0.1389838972886985, null, null, 2391.8490299078903, 0.1389838972886985
2100-Aug-22 19:00:00, 2385.3861507285924, 0.13860835680733319, null, null, 2385.3861507285924, 0.13860835680733319
2100-Aug-22 20:00:00, 2382.576867686274, 0.13844511694523223, null, null, 2382.576867686274, 0.13844511694523223
2100-Aug-22 21:00:00, 2383.3304640964275, 0.13848890640048472, null, null, 2383.3304640964275, 0.13848890640048472
2100-Aug-22 22:00:00, 2387.4490070477696, 0.13872822382536018, null, null, 2387.4490070477696, 0.13872822382536018
2100-Aug-22 23:00:00, 2394.6138437374275, 0.13914455316476004, null, null, 2394.6138437374275, 0.13914455316476004
2100-Aug-23 00:00:00, 2404.4487728082568, 0.13971603437228192, null, null, 2404.4487728082568, 0.13971603437228192
2100-Aug-23 01:00:00, 2416.5922558362872, 0.14042165942503027, null, null, 2416.5922558362872, 0.14042165942503027
2100-Aug-23 02:00:00, 2430.6766000635921, 0.14124006268835904, null, null, 2430.6766000635921, 0.14124006268835904
2100-Aug-23 03:00:00, 2446.3302145493626, 0.14214965201472676, null, null, 2446.3302145493626, 0.14214965201472676
2100-Aug-23 04:00:00, 2463.2396000832014, 0.14313221081039648, null, null, 2463.2396000832014, 0.14313221081039648
2100-Aug-23 05:00:00, 2481.1699916003313, 0.14417409751051941, null, null, 2481.1699916003313, 0.14417409751051941
2100-Aug-23 06:00:00, 2499.8847289217001, 0.14526156043026658, null, null, 2499.8847289217001, 0.14526156043026658
2100-Aug-23 07:00:00, 2518.9983965215797, 0.1463722041127461, null, null, 2518.9983965215797, 0.1463722041127461
2100-Aug-23 08:00:00, 2538.0997533506566, 0.1474821324495314, null, null, 2538.0997533506566, 0.1474821324495314
2100-Aug-23 09:00:00, 2556.6830734956616, 0.14856195907153849, null, null, 2556.6830734956616, 0.14856195907153849
2100-Aug-23 10:00:00, 2574.1526383956648, 0.14957706837960122, null, null, 2574.1526383956648, 0.14957706837960122
2100-Aug-23 11:00:00, 2589.2092575858119, 0.15045196791919258, null, null, 2589.2092575858119, 0.15045196791919258
2100-Aug-23 12:00:00, 2600.8722434775532, 0.15112967257905555, null, null, 2600.8722434775532, 0.15112967257905555
2100-Aug-23 13:00:00, 2608.5494653083233, 0.15157577523731214, null, null, 2608.5494653083233, 0.15157577523731214
2100-Aug-23 14:00:00, 2610.8294262519362, 0.15170825761962267, null, null, 2610.8294262519362, 0.15170825761962267
2100-Aug-23 15:00:00, 2607.3779154230929, 0.1515076996326726, null, null, 2607.3779154230929, 0.1515076996326726
2100-Aug-23 16:00:00, 2599.6231652190345, 0.15105709200970657, null, null, 2599.6231652190345, 0.15105709200970657
2100-Aug-23 17:00:00, 2589.6737556270746, 0.150478958647809, null, null, 2589.6737556270746, 0.150478958647809
2100-Aug-23 18:00:00, 2579.6344262173657, 0.14989560028777899, null, null, 2579.6344262173657, 0.14989560028777899
2100-Aug-23 19:00:00, 2571.1643063839797, 0.14940342446471225, null, null, 2571.1643063839797, 0.14940342446471225
2100-Aug-23 20:00:00, 2565.2281862459117, 0.14905849253077896, null, null, 2565.2281862459117, 0.14905849253077896
2100-Aug-23 21:00:00, 2562.1956780349897, 0.1488822816560775, null, null, 2562.1956780349897, 0.1488822816560775
2100-Aug-23 22:00:00, 2562.1327259634736, 0.14887862368095769, null, null, 2562.1327259634736, 0.14887862368095769
2100-Aug-23 23:00:00, 2564.9034169495944, 0.14903962106274002, null, null, 2564.9034169495944, 0.14903962106274002
2100-Aug-24 00:00:00, 2570.2571035040824, 0.14935070935171679, null, null, 2570.2571035040824, 0.14935070935171679
2100-Aug-24 01:00:00, 2577.9535683149161, 0.14979793016765441, null, null, 2577.9535683149161, 0.14979793016765441
2100-Aug-24 02:00:00, 2587.6735242938839, 0.15036273059884367, null, null, 2587.6735242938839, 0.15036273059884367
2100-Aug-24 03:00:00, 2599.0396360678674, 0.1510231847042719, null, null, 2599.0396360678674, 0.1510231847042719
2100-Aug-24 04:00:00, 2611.7576851512372, 0.15176219624112619, null, null, 2611.7576851512372, 0.15176219624112619
2100-Aug-24 05:00:00, 2625.6533318325396, 0.15256963479889693, null, null, 2625.6533318325396, 0.15256963479889693
2100-Aug-24 06:00:00, 2640.4971699791231, 0.1534321702058303, null, null, 2640.4971699791231, 0.1534321702058303
2100-Aug-24 07:00:00, 2655.8407081158039, 0.15432374183170161, null, null, 2655.8407081158039, 0.15432374183170161
2100-Aug-24 08:00:00, 2670.8612658569928, 0.15519654593773699, null, null, 2670.8612658569928, 0.15519654593773699
2100-Aug-24 09:00:00, 2684.1194634157637, 0.15596694404593719, null, null, 2684.1194634157637, 0.15596694404593719
2100-Aug-24 10:00:00, 2694.1907702621966, 0.15655216052858512, null, null, 2694.1907702621966, 0.15655216052858512
2100-Aug-24 11:00:00, 2699.5095333573108, 0.15686121950951201, null, null, 2699.5095333573108, 0.15686121950951201
2100-Aug-24 12:00:00, 2699.4970831976098, 0.15686049606430477, null, null, 2699.4970831976098, 0.15686049606430477
2100-Aug-24 13:00:00, 2694.3800043160495, 0.15656315640916763, null, null, 2694.3800043160495, 0.15656315640916763
2100-Aug-24 14:00:00, 2684.6765186971465, 0.15599931302618791, null, null, 2684.6765186971465, 0.15599931302618791
2100-Aug-24 15:00:00, 2671.5870978098797, 0.15523872207524714, null, null, 2671.5870978098797, 0.15523872207524714
2100-Aug-24 16:00:00, 2656.6815688088172, 0.15437260197911501, null, null, 2656.6815688088172, 0.15437260197911501
2100-Aug-24 17:00:00, 2641.5368995219551, 0.15349258608583866, null, null, 2641.5368995219551, 0.15349258608583866
2100-Aug-24 18:00:00, 2627.8261508685882, 0.15269589145387683, null, null, 2627.8261508685882, 0.15269589145387683
2100-Aug-24 19:00:00, 2616.8670689747746, 0.15205908875719204, null, null, 2616.8670689747746, 0.15205908875719204
2100-Aug-24 20:00:00, 2609.3467079491788, 0.15162210085733469, null, null, 2609.3467079491788, 0.15162210085733469
2100-Aug-24 21:00:00, 2605.4566440773483, 0.15139605973565495, null, null, 2605.4566440773483, 0.15139605973565495
2100-Aug-24 22:00:00, 2605.0412538600117, 0.15137192253026316, null, null, 2605.0412538600117, 0.15137192253026316
2100-Aug-24 23:00:00, 2607.7556904390885, 0.1515296511201473, null, null, 2607.7556904390885, 0.1515296511201473
2100-Aug-25 00:00:00, 2613.1514100049585, 0.15184318183406964, null, null, 2613.1514100049585, 0.15184318183406964
2100-Aug-25 01:00:00, 2620.8204368786228, 0.15228880830546723, null, null, 2620.8204368786228, 0.15228880830546723
2100-Aug-25 02:00:00, 2630.5064512227755, 0.15285163647978409, null, null, 2630.5064512227755, 0.15285163647978409
2100-Aug-25 03:00:00, 2642.0173677085636, 0.15352050479653614, null, null, 2642.0173677085636, 0.15352050479653614
2100-Aug-25 04:00:00, 2655.09495169414, 0.15428040793703898, null, null, 2655.09495169414, 0.15428040793703898
2100-Aug-25 05:00:00, 2669.537930045773, 0.15511965046224283, null, null, 2669.537930045773, 0.15511965046224283
2100-Aug-25 06:00:00, 2685.1497339517578, 0.15602681028856524, null, null, 2685.1497339517578, 0.15602681028856524
2100-Aug-25 07:00:00, 2701.3054528807061, 0.15696557555015558, null, null, 2701.3054528807061, 0.15696557555015558
2100-Aug-25 08:00:00, 2716.2575745889794, 0.15783440302286225, null, null, 2716.2575745889794, 0.15783440302286225
2100-Aug-25 09:00:00, 2728.7627460394056, 0.15856104481451017, null, null, 2728.7627460394056, 0.15856104481451017
2100-Aug-25 10:00:00, 2737.8819929372103, 0.15909093966085988, null, null, 2737.8819929372103, 0.15909093966085988
2100-Aug-25 11:00:00, 2742.5591306754386, 0.15936271552249948, null, null, 2742.5591306754386, 0.15936271552249948
2100-Aug-25 12:00:00, 2742.3244267660202, 0.15934907751122368, null, null, 2742.3244267660202, 0.15934907751122368
2100-Aug-25 13:00:00, 2737.2754083549921, 0.15905569266649788, null, null, 2737.2754083549921, 0.15905569266649788
2100-Aug-25 14:00:00, 2728.0529372908236, 0.15851979974219416, null, null, 2728.0529372908236, 0.15851979974219416
2100-Aug-25 15:00:00, 2715.4677903720349, 0.15778851079174083, null, null, 2715.4677903720349, 0.15778851079174083
2100-Aug-25 16:00:00, 2700.5529007069827, 0.15692184677266613, null, null, 2700.5529007069827, 0.15692184677266613
2100-Aug-25 17:00:00, 2684.7106610144833, 0.1560012969441805, null, null, 2684.7106610144833, 0.1560012969441805
2100-Aug-25 18:00:00, 2669.3259091637965, 0.15510733050052483, null, null, 2669.3259091637965, 0.15510733050052483
2100-Aug-25 19:00:00, 2655.6578503610017, 0.15431311646066267, null, null, 2655.6578503610017, 0.15431311646066267
2100-Aug-25 20:00:00, 2645.0086432045596, 0.15369431974936104, null, null, 2645.0086432045596, 0.15369431974936104
2100-Aug-25 21:00:00, 2638.3285234530713, 0.15330615600415476, null, null, 2638.3285234530713, 0.15330615600415476
2100-Aug-25 22:00:00, 2635.9443814799406, 0.15316761994315262, null, null, 2635.9443814799406, 0.15316761994315262
2100-Aug-25 23:00:00, 2637.6264754354147, 0.15326536188698531, null, null, 2637.6264754354147, 0.15326536188698531
2100-Aug-26 00:00:00, 2642.8467925321147, 0.15356870043641296, null, null, 2642.8467925321147, 0.15356870043641296
2100-Aug-26 01:00:00, 2650.9683423002152, 0.15404062179293695, null, null, 2650.9683423002152, 0.15404062179293695
2100-Aug-26 02:00:00, 2661.3756858439201, 0.15464536446190974, null, null, 2661.3756858439201, 0.15464536446190974
2100-Aug-26 03:00:00, 2673.5627094596448, 0.15535351954079782, null, null, 2673.5627094596448, 0.15535351954079782
2100-Aug-26 04:00:00, 2687.1373915710305, 0.15614230771292098, null, null, 2687.1373915710305, 0.15614230771292098
2100-Aug-26 05:00:00, 2701.7600841556873, 0.15699199294759, null, null, 2701.7600841556873, 0.15699199294759
2100-Aug-26 06:00:00, 2717.1558896019196, 0.15788660168587576, null, null, 2717.1558896019196, 0.15788660168587576
2100-Aug-26 07:00:00, 2732.7032143608012, 0.15879001480283392, null, null, 2732.7032143608012, 0.15879001480283392
2100-Aug-26 08:00:00, 2747.5007553904989, 0.15964986000914946, null, null, 2747.5007553904989, 0.15964986000914946
2100-Aug-26 09:00:00, 2760.2018044899701, 0.16038788372278143, null, null, 2760.2018044899701, 0.16038788372278143
2100-Aug-26 10:00:00, 2769.4735633540949, 0.16092664062823159, null, null, 2769.4735633540949, 0.16092664062823159
2100-Aug-26 11:00:00, 2774.4012122973645, 0.16121297302046977, null, null, 2774.4012122973645, 0.16121297302046977
2100-Aug-26 12:00:00, 2774.7099620365248, 0.16123091363524053, null, null, 2774.7099620365248, 0.16123091363524053
2100-Aug-26 13:00:00, 2770.7885831572685, 0.16100305288292305, null, null, 2770.7885831572685, 0.16100305288292305
2100-Aug-26 14:00:00, 2763.9090766989711, 0.16060330331384856, null, null, 2763.9090766989711, 0.16060330331384856
2100-Aug-26 15:00:00, 2755.732713346662, 0.16012819688775604, null, null, 2755.732713346662, 0.16012819688775604
2100-Aug-26 16:00:00, 2747.7319455247916, 0.15966329384442793, null, null, 2747.7319455247916, 0.15966329384442793
2100-Aug-26 17:00:00, 2740.8319525573261, 0.1592623538595494, null, null, 2740.8319525573261, 0.1592623538595494
2100-Aug-26 18:00:00, 2735.5881619786669, 0.1589576513293835, null, null, 2735.5881619786669, 0.1589576513293835
2100-Aug-26 19:00:00, 2732.2717159417925, 0.1587649415932802, null, null, 2732.2717159417925, 0.1587649415932802
2100-Aug-26 20:00:00, 2730.9434065991691, 0.15868775711928776, null, null, 2730.9434065991691, 0.15868775711928776
2100-Aug-26 21:00:00, 2731.5399892022479, 0.15872242292561323, null, null, 2731.5399892022479, 0.15872242292561323
2100-Aug-26 22:00:00, 2733.9022822620805, 0.15885968940518122, null, null, 2733.9022822620805, 0.15885968940518122
2100-Aug-26 23:00:00, 2737.7708312345026, 0.15908448035407322, null, null, 2737.7708312345026, 0.15908448035407322
2100-Aug-27 00:00:00, 2742.8857727876834, 0.15938169581482173, null, null, 2742.8857727876834, 0.15938169581482173
2100-Aug-27 01:00:00, 2749.0673801557064, 0.15974089234970901, null, null, 2749.0673801557064, 0.15974089234970901
2100-Aug-27 02:00:00, 2756.2155048590812, 0.16015625060065133, null, null, 2756.2155048590812, 0.16015625060065133
2100-Aug-27 03:00:00, 2764.2726981781266, 0.16062443237746377, null, null, 2764.2726981781266, 0.16062443237746377
2100-Aug-27 04:00:00, 2773.1647128465006, 0.16114112337171371, null, null, 2773.1647128465006, 0.16114112337171371
2100-Aug-27 05:00:00, 2782.7751894882813, 0.16169956225384005, null, null, 2782.7751894882813, 0.16169956225384005
2100-Aug-27 06:00:00, 2792.9380549183097, 0.16229009895888466, null, null, 2792.9380549183097, 0.16229009895888466
2100-Aug-27 07:00:00, 2803.3750711169341, 0.16289656582581979, null, null, 2803.3750711169341, 0.16289656582581979
2100-Aug-27 08:00:00, 2813.6540875319261, 0.16349385175138889, null, null, 2813.6540875319261, 0.16349385175138889
2100-Aug-27 09:00:00, 2823.0864208131234, 0.16404193920321153, null, null, 2823.0864208131234, 0.16404193920321153
2100-Aug-27 10:00:00, 2830.9072051681992, 0.16449638389262605, null, null, 2830.9072051681992, 0.16449638389262605
2100-Aug-27 11:00:00, 2836.0754703663702, 0.1647966978465929, null, null, 2836.0754703663702, 0.1647966978465929
2100-Aug-27 12:00:00, 2837.5472297206657, 0.16488221781393755, null, null, 2837.5472297206657, 0.16488221781393755
2100-Aug-27 13:00:00, 2834.4541154350068, 0.16470248528366294, null, null, 2834.4541154350068, 0.16470248528366294
2100-Aug-27 14:00:00, 2827.0623989334149, 0.16427297257019374, null, null, 2827.0623989334149, 0.16427297257019374
2100-Aug-27 15:00:00, 2816.363750022047, 0.16365130293183755, null, null, 2816.363750022047, 0.16365130293183755
2100-Aug-27 16:00:00, 2803.7506975864035, 0.16291839246704959, null, null, 2803.7506975864035, 0.16291839246704959
2100-Aug-27 17:00:00, 2790.6760067759892, 0.16215865744115371, null, null, 2790.6760067759892, 0.16215865744115371
2100-Aug-27 18:00:00, 2778.3021909062882, 0.16143964836808941, null, null, 2778.3021909062882, 0.16143964836808941
2100-Aug-27 19:00:00, 2767.5039391393484, 0.16081219107638414, null, null, 2767.5039391393484, 0.16081219107638414
2100-Aug-27 20:00:00, 2758.8956607027903, 0.16031198722944437, null, null, 2758.8956607027903, 0.16031198722944437
2100-Aug-27 21:00:00, 2752.8335225563137, 0.15995973272886152, null, null, 2752.8335225563137, 0.15995973272886152
2100-Aug-27 22:00:00, 2749.3875218219687, 0.15975949491864427, null, null, 2749.3875218219687, 0.15975949491864427
2100-Aug-27 23:00:00, 2748.4837850017775, 0.15970698120903179, null, null, 2748.4837850017775, 0.15970698120903179
2100-Aug-28 00:00:00, 2749.9416160458086, 0.15979169183982594, null, null, 2749.9416160458086, 0.15979169183982594
2100-Aug-28 01:00:00, 2753.5252461971318, 0.15999992692433351, null, null, 2753.5252461971318, 0.15999992692433351
2100-Aug-28 02:00:00, 2759.0421116334305, 0.16032049709810559, null, null, 2759.0421116334305, 0.16032049709810559
2100-Aug-28 03:00:00, 2766.3011379601066, 0.16074229954332159, null, null, 2766.3011379601066, 0.16074229954332159
2100-Aug-28 04:00:00, 2775.0737671760021, 0.16125205337086179, null, null, 2775.0737671760021, 0.16125205337086179
2100-Aug-28 05:00:00, 2785.165652630747, 0.16183846562094664, null, null, 2785.165652630747, 0.16183846562094664
2100-Aug-28 06:00:00, 2796.40845791835, 0.16249175471895849, null, null, 2796.40845791835, 0.16249175471895849
2100-Aug-28 07:00:00, 2808.4224776779138, 0.16318985701028577, null, null, 2808.4224776779138, 0.16318985701028577
2100-Aug-28 08:00:00, 2820.6028323819387, 0.16389762457669832, null, null, 2820.6028323819387, 0.16389762457669832
2100-Aug-28 09:00:00, 2832.1800380163372, 0.1645703447771214, null, null, 2832.1800380163372, 0.1645703447771214
2100-Aug-28 10:00:00, 2842.1908648775225, 0.1651520469309164, null, null, 2842.1908648775225, 0.1651520469309164
2100-Aug-28 11:00:00, 2849.8123538874579, 0.16559491110524291, null, null, 2849.8123538874579, 0.16559491110524291
2100-Aug-28 12:00:00, 2854.4097311585851, 0.16586205230122064, null, null, 2854.4097311585851, 0.16586205230122064
2100-Aug-28 13:00:00, 2855.9805921116549, 0.16595333079523356, null, null, 2855.9805921116549, 0.16595333079523356
2100-Aug-28 14:00:00, 2854.9594650959943, 0.16589399585791573, null, null, 2854.9594650959943, 0.16589399585791573
2100-Aug-28 15:00:00, 2851.5585216714221, 0.16569637620646824, null, null, 2851.5585216714221, 0.16569637620646824
2100-Aug-28 16:00:00, 2846.1358164542235, 0.16538127742911646, null, null, 2846.1358164542235, 0.16538127742911646
2100-Aug-28 17:00:00, 2839.4820654717355, 0.16499464590197099, null, null, 2839.4820654717355, 0.16499464590197099
2100-Aug-28 18:00:00, 2832.6659364385687, 0.16459857902416783, null, null, 2832.6659364385687, 0.16459857902416783
2100-Aug-28 19:00:00, 2826.7677574721065, 0.16425585174940469, null, null, 2826.7677574721065, 0.16425585174940469
2100-Aug-28 20:00:00, 2822.6142090092849, 0.16401450024865272, null, null, 2822.6142090092849, 0.16401450024865272
2100-Aug-28 21:00:00, 2820.7012490437733, 0.16390334330352802, null, null, 2820.7012490437733, 0.16390334330352802
2100-Aug-28 22:00:00, 2821.2132612875821, 0.16393309495432798, null, null, 2821.2132612875821, 0.16393309495432798
2100-Aug-28 23:00:00, 2824.1177936016779, 0.16410186949476357, null, null, 2824.1177936016779, 0.16410186949476357
2100-Aug-29 00:00:00, 2829.2269075596496, 0.16439874632966914, null, null, 2829.2269075596496, 0.16439874632966914
2100-Aug-29 01:00:00, 2836.2556499496172, 0.16480716759630468, null, null, 2836.2556499496172, 0.16480716759630468
2100-Aug-29 02:00:00, 2844.9140821604506, 0.16531028574382337, null, null, 2844.9140821604506, 0.16531028574382337
2100-Aug-29 03:00:00, 2854.9699509575203, 0.16589460516305293, null, null, 2854.9699509575203, 0.16589460516305293
2100-Aug-29 04:00:00, 2866.2155837818914, 0.16654805856160165, null, null, 2866.2155837818914, 0.16654805856160165
2100-Aug-29 05:00:00, 2878.4447095796977, 0.16725866008475815, null, null, 2878.4447095796977, 0.16725866008475815
2100-Aug-29 06:00:00, 2891.3719491169868, 0.16800982711478854, null, null, 2891.3719491169868, 0.16800982711478854
2100-Aug-29 07:00:00, 2904.1396501923123, 0.16875172379500425, null, null, 2904.1396501923123, 0.16875172379500425
2100-Aug-29 08:00:00, 2915.831612223496, 0.16943111218019341, null, null, 2915.831612223496, 0.16943111218019341
2100-Aug-29 09:00:00, 2925.1396712833489, 0.16997197839213052, null, null, 2925.1396712833489, 0.16997197839213052
2100-Aug-29 10:00:00, 2930.9636407331418, 0.17031039355199273, null, null, 2930.9636407331418, 0.17031039355199273
2100-Aug-29 11:00:00, 2932.5007044937615, 0.17039970818228961, null, null, 2932.5007044937615, 0.17039970818228961
2100-Aug-29 12:00:00, 2929.7499005430609, 0.17023986638250835, null, null, 2929.7499005430609, 0.17023986638250835
2100-Aug-29 13:00:00, 2923.0874305571856, 0.16985272821758762, null, null, 2923.0874305571856, 0.16985272821758762
2100-Aug-29 14:00:00, 2913.2961638593656, 0.16928378411282177, null, null, 2913.2961638593656, 0.16928378411282177
2100-Aug-29 15:00:00, 2901.5213659122705, 0.16859958235593359, null, null, 2901.5213659122705, 0.16859958235593359
2100-Aug-29 16:00:00, 2888.9904671106319, 0.16787144561728287, null, null, 2888.9904671106319, 0.16787144561728287
2100-Aug-29 17:00:00, 2876.8676817200435, 0.16716702324843322, null, null, 2876.8676817200435, 0.16716702324843322
2100-Aug-29 18:00:00, 2866.1482275922062, 0.16654414467505116, null, null, 2866.1482275922062, 0.16654414467505116
2100-Aug-29 19:00:00, 2857.587704754224, 0.16604671577716731, null, null, 2857.587704754224, 0.16604671577716731
2100-Aug-29 20:00:00, 2851.5821693604125, 0.16569775030990733, null, null, 2851.5821693604125, 0.16569775030990733
2100-Aug-29 21:00:00, 2848.1722854360296, 0.16549961115012471, null, null, 2848.1722854360296, 0.16549961115012471
2100-Aug-29 22:00:00, 2847.198726378128, 0.16544304025856091, null, null, 2847.198726378128, 0.16544304025856091
2100-Aug-29 23:00:00, 2848.5185175227307, 0.16551972976303647, null, null, 2848.5185175227307, 0.16551972976303647
2100-Aug-30 00:00:00, 2852.0017944232827, 0.16572213359075341, null, null, 2852.0017944232827, 0.16572213359075341
2100-Aug-30 01:00:00, 2857.488847077213, 0.16604097142413493, null, null, 2857.488847077213, 0.16604097142413493
2100-Aug-30 02:00:00, 2864.8261008887966, 0.16646731945755139, null, null, 2864.8261008887966, 0.16646731945755139
2100-Aug-30 03:00:00, 2873.8374994520896, 0.1669909475280055, null, null, 2873.8374994520896, 0.1669909475280055
2100-Aug-30 04:00:00, 2884.2665365851835, 0.16759695075295894, null, null, 2884.2665365851835, 0.16759695075295894
2100-Aug-30 05:00:00, 2895.85366377329, 0.16827024746811362, null, null, 2895.85366377329, 0.16827024746811362
2100-Aug-30 06:00:00, 2908.1404679615416, 0.16898420052700383, null, null, 2908.1404679615416, 0.16898420052700383
2100-Aug-30 07:00:00, 2920.5338522083216, 0.16970434666569226, null, null, 2920.5338522083216, 0.16970434666569226
2100-Aug-30 08:00:00, 2932.2585526171733, 0.1703856373897257, null, null, 2932.2585526171733, 0.1703856373897257
2100-Aug-30 09:00:00, 2942.4128477433142, 0.17097567609752201, null, null, 2942.4128477433142, 0.17097567609752201
2100-Aug-30 10:00:00, 2949.7184166005268, 0.17140018300368132, null, null, 2949.7184166005268, 0.17140018300368132
2100-Aug-30 11:00:00, 2953.0950830687361, 0.1715963919866596, null, null, 2953.0950830687361, 0.1715963919866596
2100-Aug-30 12:00:00, 2952.1788318364765, 0.17154315109830806, null, null, 2952.1788318364765, 0.17154315109830806
2100-Aug-30 13:00:00, 2947.1137068480948, 0.17124883034380511, null, null, 2947.1137068480948, 0.17124883034380511
2100-Aug-30 14:00:00, 2938.5216453157573, 0.17074956881743922, null, null, 2938.5216453157573, 0.17074956881743922
2100-Aug-30 15:00:00, 2927.2353433071389, 0.17009375224226206, null, null, 2927.2353433071389, 0.17009375224226206
2100-Aug-30 16:00:00, 2914.1005818509198, 0.16933052667312443, null, null, 2914.1005818509198, 0.16933052667312443
2100-Aug-30 17:00:00, 2900.0256135467207, 0.16851266821940428, null, null, 2900.0256135467207, 0.16851266821940428
2100-Aug-30 18:00:00, 2885.9196954372583, 0.16769301135595926, null, null, 2885.9196954372583, 0.16769301135595926
2100-Aug-30 19:00:00, 2872.5879920941034, 0.16691834202484357, null, null, 2872.5879920941034, 0.16691834202484357
2100-Aug-30 20:00:00, 2860.6740526077288, 0.16622605512831573, null, null, 2860.6740526077288, 0.16622605512831573
2100-Aug-30 21:00:00, 2850.6180307200143, 0.16564172681340164, null, null, 2850.6180307200143, 0.16564172681340164
2100-Aug-30 22:00:00, 2842.6774545347207, 0.16518032134376276, null, null, 2842.6774545347207, 0.16518032134376276
2100-Aug-30 23:00:00, 2836.978385910988, 0.16484916383409645, null, null, 2836.978385910988, 0.16484916383409645
2100-Aug-31 00:00:00, 2833.6053881451267, 0.16465316802951863, null, null, 2833.6053881451267, 0.16465316802951863
2100-Aug-31 01:00:00, 2832.5692564575183, 0.16459296121117536, null, null, 2832.5692564575183, 0.16459296121117536
2100-Aug-31 02:00:00, 2833.9751936605062, 0.16467465643080298, null, null, 2833.9751936605062, 0.16467465643080298
2100-Aug-31 03:00:00, 2837.852182619079, 0.16489993780453102, null, null, 2837.852182619079, 0.16489993780453102
2100-Aug-31 04:00:00, 2844.0807071607928, 0.16526186056986503, null, null, 2844.0807071607928, 0.16526186056986503
2100-Aug-31 05:00:00, 2852.5367282512784, 0.16575321715300034, null, null, 2852.5367282512784, 0.16575321715300034
2100-Aug-31 06:00:00, 2863.148458589465, 0.16636983618745282, null, null, 2863.148458589465, 0.16636983618745282
2100-Aug-31 07:00:00, 2875.2268494504665, 0.1670716789099021, null, null, 2875.2268494504665, 0.1670716789099021
2100-Aug-31 08:00:00, 2887.5147481541458, 0.16778569556813233, null, null, 2887.5147481541458, 0.16778569556813233
2100-Aug-31 09:00:00, 2898.5798090608, 0.16842865641947122, null, null, 2898.5798090608, 0.16842865641947122
2100-Aug-31 10:00:00, 2906.8047142450014, 0.16890658348051751, null, null, 2906.8047142450014, 0.16890658348051751
2100-Aug-31 11:00:00, 2910.3091075955526, 0.16911021432820147, null, null, 2910.3091075955526, 0.16911021432820147
2100-Aug-31 12:00:00, 2907.5162349871553, 0.16894792803216344, null, null, 2907.5162349871553, 0.16894792803216344
2100-Aug-31 13:00:00, 2898.0082312655422, 0.16839544357510047, null, null, 2898.0082312655422, 0.16839544357510047
2100-Aug-31 14:00:00, 2882.6359187501948, 0.16750219994767759, null, null, 2882.6359187501948, 0.16750219994767759
2100-Aug-31 15:00:00, 2863.012139825762, 0.16636191507169004, null, null, 2863.012139825762, 0.16636191507169004
2100-Aug-31 16:00:00, 2841.1038474201482, 0.16508888327771018, null, null, 2841.1038474201482, 0.16508888327771018
2100-Aug-31 17:00:00, 2818.7680049705432, 0.16379100770360172, null, null, 2818.7680049705432, 0.16379100770360172
2100-Aug-31 18:00:00, 2797.4740053390829, 0.1625536708062314, null, null, 2797.4740053390829, 0.1625536708062314
2100-Aug-31 19:00:00, 2778.3697123369902, 0.1614435718563498, null, null, 2778.3697123369902, 0.1614435718563498
2100-Aug-31 20:00:00, 2762.1336321484855, 0.16050013701866814, null, null, 2762.1336321484855, 0.16050013701866814
2100-Aug-31 21:00:00, 2749.0807324814723, 0.1597416682173535, null, null, 2749.0807324814723, 0.1597416682173535
2100-Aug-31 22:00:00, 2739.2652200037105, 0.15917131525569617, null, null, 2739.2652200037105, 0.15917131525569617
2100-Aug-31 23:00:00, 2732.569042665818, 0.15878221844744467, null, null, 2732.569042665818, 0.15878221844744467
2100-Sep-01 00:00:00, 2728.7797022183668, 0.15856203009234571, null, null, 2728.7797022183668, 0.15856203009234571
2100-Sep-01 01:00:00, 2727.6543599917272, 0.15849663949014373, null, null, 2727.6543599917272, 0.15849663949014373
2100-Sep-01 02:00:00, 2728.949665215287, 0.15857190618377601, null, null, 2728.949665215287, 0.15857190618377601
2100-Sep-01 03:00:00, 2732.4421451515154, 0.15877484477507928, null, null, 2732.4421451515154, 0.15877484477507928
2100-Sep-01 04:00:00, 2737.9292231576746, 0.15909368408161045, null, null, 2737.9292231576746, 0.15909368408161045
2100-Sep-01 05:00:00, 2745.208623124096, 0.1595166703840927, null, null, 2745.208623124096, 0.1595166703840927
2100-Sep-01 06:00:00, 2753.8625639069319, 0.16001952754684201, null, null, 2753.8625639069319, 0.16001952754684201
2100-Sep-01 07:00:00, 2763.4762584490422, 0.16057815341247911, null, null, 2763.4762584490422, 0.16057815341247911
2100-Sep-01 08:00:00, 2773.444157951646, 0.16115736117322449, null, null, 2773.444157951646, 0.16115736117322449
2100-Sep-01 09:00:00, 2782.8101955491875, 0.16170159636164227, null, null, 2782.8101955491875, 0.16170159636164227
2100-Sep-01 10:00:00, 2790.3340803181345, 0.16213878901672368, null, null, 2790.3340803181345, 0.16213878901672368
2100-Sep-01 11:00:00, 2794.6192095412857, 0.16238778632063888, null, null, 2794.6192095412857, 0.16238778632063888
2100-Sep-01 12:00:00, 2794.3168742778857, 0.16237021843375735, null, null, 2794.3168742778857, 0.16237021843375735
2100-Sep-01 13:00:00, 2788.8058696661833, 0.16204998881669833, null, null, 2788.8058696661833, 0.16204998881669833
2100-Sep-01 14:00:00, 2778.460197895909, 0.16144882972817601, null, null, 2778.460197895909, 0.16144882972817601
2100-Sep-01 15:00:00, 2764.4027451746297, 0.16063198905774698, null, null, 2764.4027451746297, 0.16063198905774698
2100-Sep-01 16:00:00, 2748.0741015878798, 0.15968317561059892, null, null, 2748.0741015878798, 0.15968317561059892
2100-Sep-01 17:00:00, 2731.1968028371552, 0.15870248129137104, null, null, 2731.1968028371552, 0.15870248129137104
2100-Sep-01 18:00:00, 2715.3874754195322, 0.1577838439064275, null, null, 2715.3874754195322, 0.1577838439064275
2100-Sep-01 19:00:00, 2701.9026952477338, 0.15700027969358499, null, null, 2701.9026952477338, 0.15700027969358499
2100-Sep-01 20:00:00, 2691.4703564806518, 0.15639408461958365, null, null, 2691.4703564806518, 0.15639408461958365
2100-Sep-01 21:00:00, 2684.4103950661947, 0.15598384929961998, null, null, 2684.4103950661947, 0.15598384929961998
2100-Sep-01 22:00:00, 2680.7722681413225, 0.15577244755455702, null, null, 2680.7722681413225, 0.15577244755455702
2100-Sep-01 23:00:00, 2680.3702811628896, 0.15574908917523486, null, null, 2680.3702811628896, 0.15574908917523486
2100-Sep-02 00:00:00, 2682.8620769251152, 0.15589388070762306, null, null, 2682.8620769251152, 0.15589388070762306
2100-Sep-02 01:00:00, 2687.9172728319627, 0.15618762450997273, null, null, 2687.9172728319627, 0.15618762450997273
2100-Sep-02 02:00:00, 2695.2521392456911, 0.15661383381813765, null, null, 2695.2521392456911, 0.15661383381813765
2100-Sep-02 03:00:00, 2704.6607505078355, 0.15716054284740172, null, null, 2704.6607505078355, 0.15716054284740172
2100-Sep-02 04:00:00, 2715.9919621797449, 0.15781896900200973, null, null, 2715.9919621797449, 0.15781896900200973
2100-Sep-02 05:00:00, 2729.099369918878, 0.15858060512040928, null, null, 2729.099369918878, 0.15858060512040928
2100-Sep-02 06:00:00, 2743.7887766727868, 0.15943416693555268, null, null, 2743.7887766727868, 0.15943416693555268
2100-Sep-02 07:00:00, 2759.1574576420562, 0.16032719954362576, null, null, 2759.1574576420562, 0.16032719954362576
2100-Sep-02 08:00:00, 2773.8924813537583, 0.16118341203717626, null, null, 2773.8924813537583, 0.16118341203717626
2100-Sep-02 09:00:00, 2786.6248629752708, 0.16192325639917304, null, null, 2786.6248629752708, 0.16192325639917304
2100-Sep-02 10:00:00, 2796.1988976035886, 0.16247957773416624, null, null, 2796.1988976035886, 0.16247957773416624
2100-Sep-02 11:00:00, 2801.6947587964905, 0.16279892740799437, null, null, 2801.6947587964905, 0.16279892740799437
2100-Sep-02 12:00:00, 2802.5229165197193, 0.16284704942008829, null, null, 2802.5229165197193, 0.16284704942008829
2100-Sep-02 13:00:00, 2798.0512448899253, 0.16258721263995171, null, null, 2798.0512448899253, 0.16258721263995171
2100-Sep-02 14:00:00, 2788.2554346101051, 0.16201800451988799, null, null, 2788.2554346101051, 0.16201800451988799
2100-Sep-02 15:00:00, 2773.7193813910458, 0.16117335366512289, null, null, 2773.7193813910458, 0.16117335366512289
2100-Sep-02 16:00:00, 2755.7051391108971, 0.16012659462327217, null, null, 2755.7051391108971, 0.16012659462327217
2100-Sep-02 17:00:00, 2735.9211265040071, 0.15897699900008178, null, null, 2735.9211265040071, 0.15897699900008178
2100-Sep-02 18:00:00, 2716.1628721386132, 0.15782890011884526, null, null, 2716.1628721386132, 0.15782890011884526
2100-Sep-02 19:00:00, 2697.979685464144, 0.15677232417381459, null, null, 2697.979685464144, 0.15677232417381459
2100-Sep-02 20:00:00, 2682.4467905464371, 0.15586974953601571, null, null, 2682.4467905464371, 0.15586974953601571
2100-Sep-02 21:00:00, 2670.2072774567937, 0.15515854443534086, null, null, 2670.2072774567937, 0.15515854443534086
2100-Sep-02 22:00:00, 2661.4111613083319, 0.15464742584548388, null, null, 2661.4111613083319, 0.15464742584548388
2100-Sep-02 23:00:00, 2655.9858123838362, 0.15433217344943007, null, null, 2655.9858123838362, 0.15433217344943007
2100-Sep-03 00:00:00, 2653.6963090329659, 0.15419913658356577, null, null, 2653.6963090329659, 0.15419913658356577
2100-Sep-03 01:00:00, 2654.2306371688483, 0.15423018495067731, null, null, 2654.2306371688483, 0.15423018495067731
2100-Sep-03 02:00:00, 2657.344913117181, 0.15441114712810555, null, null, 2657.344913117181, 0.15441114712810555
2100-Sep-03 03:00:00, 2662.8744577460866, 0.15473245405556937, null, null, 2662.8744577460866, 0.15473245405556937
2100-Sep-03 04:00:00, 2670.6051014919422, 0.15518166091725449, null, null, 2670.6051014919422, 0.15518166091725449
2100-Sep-03 05:00:00, 2680.3065430831984, 0.15574538552729955, null, null, 2680.3065430831984, 0.15574538552729955
2100-Sep-03 06:00:00, 2691.7204764476014, 0.15640861841639178, null, null, 2691.7204764476014, 0.15640861841639178
2100-Sep-03 07:00:00, 2703.8019115917427, 0.15711063803392511, null, null, 2703.8019115917427, 0.15711063803392511
2100-Sep-03 08:00:00, 2715.0692979571099, 0.15776535547208073, null, null, 2715.0692979571099, 0.15776535547208073
2100-Sep-03 09:00:00, 2723.8648167057027, 0.15827643934864224, null, null, 2723.8648167057027, 0.15827643934864224
2100-Sep-03 10:00:00, 2728.4766948691386, 0.15854442315236902, null, null, 2728.4766948691386, 0.15854442315236902
2100-Sep-03 11:00:00, 2727.9044180362584, 0.1585111696888071, null, null, 2727.9044180362584, 0.1585111696888071
2100-Sep-03 12:00:00, 2721.5448483350824, 0.15814163224263197, null, null, 2721.5448483350824, 0.15814163224263197
2100-Sep-03 13:00:00, 2709.360028179608, 0.15743360520087721, null, null, 2709.360028179608, 0.15743360520087721
2100-Sep-03 14:00:00, 2692.5170578407228, 0.15645490561309161, null, null, 2692.5170578407228, 0.15645490561309161
2100-Sep-03 15:00:00, 2673.2740785433371, 0.15533674797657079, null, null, 2673.2740785433371, 0.15533674797657079
2100-Sep-03 16:00:00, 2653.9808852346682, 0.154215672539261, null, null, 2653.9808852346682, 0.154215672539261
2100-Sep-03 17:00:00, 2636.3349961134822, 0.1531903175061797, null, null, 2636.3349961134822, 0.1531903175061797
2100-Sep-03 18:00:00, 2621.7047720745222, 0.15234019463901036, null, null, 2621.7047720745222, 0.15234019463901036
2100-Sep-03 19:00:00, 2611.0288896188795, 0.15171984789800455, null, null, 2611.0288896188795, 0.15171984789800455
2100-Sep-03 20:00:00, 2604.6226911690933, 0.1513476009809864, null, null, 2604.6226911690933, 0.1513476009809864
2100-Sep-03 21:00:00, 2602.2967563849606, 0.15121244718277591, null, null, 2602.2967563849606, 0.15121244718277591
2100-Sep-03 22:00:00, 2603.5505502298261, 0.15128530176213148, null, null, 2603.5505502298261, 0.15128530176213148
2100-Sep-03 23:00:00, 2607.8124258989674, 0.15153294786472851, null, null, 2607.8124258989674, 0.15153294786472851
2100-Sep-04 00:00:00, 2614.5912069245755, 0.15192684455052474, null, null, 2614.5912069245755, 0.15192684455052474
2100-Sep-04 01:00:00, 2623.508499881475, 0.15244500439795572, null, null, 2623.508499881475, 0.15244500439795572
2100-Sep-04 02:00:00, 2634.2707232296698, 0.15307036817540162, null, null, 2634.2707232296698, 0.15307036817540162
2100-Sep-04 03:00:00, 2646.5651111509142, 0.1537847619045658, null, null, 2646.5651111509142, 0.1537847619045658
2100-Sep-04 04:00:00, 2660.062311646418, 0.1545690478289263, null, null, 2660.062311646418, 0.1545690478289263
2100-Sep-04 05:00:00, 2674.5967332578771, 0.15541360387537353, null, null, 2674.5967332578771, 0.15541360387537353
2100-Sep-04 06:00:00, 2690.0318892334749, 0.15631049916680845, null, null, 2690.0318892334749, 0.15631049916680845
2100-Sep-04 07:00:00, 2706.0511415936458, 0.15724133472408167, null, null, 2706.0511415936458, 0.15724133472408167
2100-Sep-04 08:00:00, 2722.2265192448458, 0.15818124230101049, null, null, 2722.2265192448458, 0.15818124230101049
2100-Sep-04 09:00:00, 2738.0591569726412, 0.15910123418521976, null, null, 2738.0591569726412, 0.15910123418521976
2100-Sep-04 10:00:00, 2752.6867298166771, 0.15995120299860124, null, null, 2752.6867298166771, 0.15995120299860124
2100-Sep-04 11:00:00, 2764.9981771130542, 0.16066658800205225, null, null, 2764.9981771130542, 0.16066658800205225
2100-Sep-04 12:00:00, 2774.2786636278729, 0.16120585204774929, null, null, 2774.2786636278729, 0.16120585204774929
2100-Sep-04 13:00:00, 2780.2848341964768, 0.16155485442330367, null, null, 2780.2848341964768, 0.16155485442330367
2100-Sep-04 14:00:00, 2783.4251040208269, 0.16173732703477239, null, null, 2783.4251040208269, 0.16173732703477239
2100-Sep-04 15:00:00, 2784.3457327107612, 0.16179082228538519, null, null, 2784.3457327107612, 0.16179082228538519
2100-Sep-04 16:00:00, 2783.4499582488083, 0.16173877124693872, null, null, 2783.4499582488083, 0.16173877124693872
2100-Sep-04 17:00:00, 2781.1766332543398, 0.16160667446173851, null, null, 2781.1766332543398, 0.16160667446173851
2100-Sep-04 18:00:00, 2778.2673884780174, 0.16143762609283052, null, null, 2778.2673884780174, 0.16143762609283052
2100-Sep-04 19:00:00, 2775.5544807976203, 0.16127998634312585, null, null, 2775.5544807976203, 0.16127998634312585
2100-Sep-04 20:00:00, 2773.7861433517137, 0.16117723302262757, null, null, 2773.7861433517137, 0.16117723302262757
2100-Sep-04 21:00:00, 2773.4257788351802, 0.16115629321232763, null, null, 2773.4257788351802, 0.16115629321232763
2100-Sep-04 22:00:00, 2774.8498735254848, 0.16123904351457991, null, null, 2774.8498735254848, 0.16123904351457991
2100-Sep-04 23:00:00, 2778.2878888106648, 0.16143881731187965, null, null, 2778.2878888106648, 0.16143881731187965
2100-Sep-05 00:00:00, 2783.745991161737, 0.16175597292122923, null, null, 2783.745991161737, 0.16175597292122923
2100-Sep-05 01:00:00, 2791.0521034548701, 0.16218051140498446, null, null, 2791.0521034548701, 0.16218051140498446
2100-Sep-05 02:00:00, 2799.9424414600612, 0.16269710497285811, null, null, 2799.9424414600612, 0.16269710497285811
2100-Sep-05 03:00:00, 2810.1604042982376, 0.16329084323971502, null, null, 2810.1604042982376, 0.16329084323971502
2100-Sep-05 04:00:00, 2821.4748356119985, 0.16394829433296079, null, null, 2821.4748356119985, 0.16394829433296079
2100-Sep-05 05:00:00, 2833.7754854578229, 0.16466305192567646, null, null, 2833.7754854578229, 0.16466305192567646
2100-Sep-05 06:00:00, 2847.0323891718003, 0.16543337485204468, null, null, 2847.0323891718003, 0.16543337485204468
2100-Sep-05 07:00:00, 2860.9455319356243, 0.16624183005999096, null, null, 2860.9455319356243, 0.16624183005999096
2100-Sep-05 08:00:00, 2874.7447035887267, 0.16704366271402671, null, null, 2874.7447035887267, 0.16704366271402671
2100-Sep-05 09:00:00, 2887.2664952004693, 0.16777127025843094, null, null, 2887.2664952004693, 0.16777127025843094
2100-Sep-05 10:00:00, 2897.0247368976979, 0.1683382953694674, null, null, 2897.0247368976979, 0.1683382953694674
2100-Sep-05 11:00:00, 2902.9843176606641, 0.16868459053704982, null, null, 2902.9843176606641, 0.16868459053704982
2100-Sep-05 12:00:00, 2904.4977007026591, 0.16877252914464461, null, null, 2904.4977007026591, 0.16877252914464461
2100-Sep-05 13:00:00, 2901.3072960128093, 0.16858714333133493, null, null, 2901.3072960128093, 0.16858714333133493
2100-Sep-05 14:00:00, 2894.0496855440015, 0.16816542315780164, null, null, 2894.0496855440015, 0.16816542315780164
2100-Sep-05 15:00:00, 2884.1764095788399, 0.16759171371565601, null, null, 2884.1764095788399, 0.16759171371565601
2100-Sep-05 16:00:00, 2873.4377469261212, 0.16696771898669066, null, null, 2873.4377469261212, 0.16696771898669066
2100-Sep-05 17:00:00, 2863.6892524380064, 0.1664012602596916, null, null, 2863.6892524380064, 0.1664012602596916
2100-Sep-05 18:00:00, 2856.2961254613224, 0.16597166558731827, null, null, 2856.2961254613224, 0.16597166558731827
2100-Sep-05 19:00:00, 2851.9460775438465, 0.16571889603313503, null, null, 2851.9460775438465, 0.16571889603313503
2100-Sep-05 20:00:00, 2850.7971246539269, 0.16565213347895816, null, null, 2850.7971246539269, 0.16565213347895816
2100-Sep-05 21:00:00, 2852.6699165575787, 0.16576095636632504, null, null, 2852.6699165575787, 0.16576095636632504
2100-Sep-05 22:00:00, 2857.2189741918114, 0.16602528983850112, null, null, 2857.2189741918114, 0.16602528983850112
2100-Sep-05 23:00:00, 2864.0947185198802, 0.16642482080033297, null, null, 2864.0947185198802, 0.16642482080033297
2100-Sep-06 00:00:00, 2872.9930247032776, 0.16694187737755528, null, null, 2872.9930247032776, 0.16694187737755528
2100-Sep-06 01:00:00, 2883.5935969530051, 0.16755784804557622, null, null, 2883.5935969530051, 0.16755784804557622
2100-Sep-06 02:00:00, 2895.5812073925631, 0.16825441576253308, null, null, 2895.5812073925631, 0.16825441576253308
2100-Sep-06 03:00:00, 2908.6802463442505, 0.16901556559326136, null, null, 2908.6802463442505, 0.16901556559326136
2100-Sep-06 04:00:00, 2922.6786151543238, 0.1698289730569354, null, null, 2922.6786151543238, 0.1698289730569354
2100-Sep-06 05:00:00, 2937.4068824312844, 0.17068479295228239, null, null, 2937.4068824312844, 0.17068479295228239
2100-Sep-06 06:00:00, 2952.6717343795731, 0.1715717923359307, null, null, 2952.6717343795731, 0.1715717923359307
2100-Sep-06 07:00:00, 2968.054344041353, 0.1724656343027656, null, null, 2968.054344041353, 0.1724656343027656
2100-Sep-06 08:00:00, 2982.9625130062291, 0.17333190780007604, null, null, 2982.9625130062291, 0.17333190780007604
2100-Sep-06 09:00:00, 2996.2933738004558, 0.1741065281729455, null, null, 2996.2933738004558, 0.1741065281729455
2100-Sep-06 10:00:00, 3006.6494570216523, 0.17470829224280549, null, null, 3006.6494570216523, 0.17470829224280549
2100-Sep-06 11:00:00, 3012.8506804005801, 0.17506862861119005, null, null, 3012.8506804005801, 0.17506862861119005
2100-Sep-06 12:00:00, 3014.0937876890457, 0.1751408622235705, null, null, 3014.0937876890457, 0.1751408622235705
2100-Sep-06 13:00:00, 3010.157892462636, 0.17491215796546461, null, null, 3010.157892462636, 0.17491215796546461
2100-Sep-06 14:00:00, 3001.1218243482945, 0.17438709641392275, null, null, 3001.1218243482945, 0.17438709641392275
2100-Sep-06 15:00:00, 2986.7131621244239, 0.1735498479063666, null, null, 2986.7131621244239, 0.1735498479063666
2100-Sep-06 16:00:00, 2967.8859696841068, 0.17245585052290283, null, null, 2967.8859696841068, 0.17245585052290283
2100-Sep-06 17:00:00, 2946.9382333567205, 0.17123863405240164, null, null, 2946.9382333567205, 0.17123863405240164
2100-Sep-06 18:00:00, 2926.3857860480616, 0.17004438676084577, null, null, 2926.3857860480616, 0.17004438676084577
2100-Sep-06 19:00:00, 2908.1165952078918, 0.16898281334566431, null, null, 2908.1165952078918, 0.16898281334566431
2100-Sep-06 20:00:00, 2893.2383392706229, 0.16811827801372489, null, null, 2893.2383392706229, 0.16811827801372489
2100-Sep-06 21:00:00, 2882.170063619455, 0.1674751303622512, null, null, 2882.170063619455, 0.1674751303622512
2100-Sep-06 22:00:00, 2874.8527682652061, 0.16704994206097068, null, null, 2874.8527682652061, 0.16704994206097068
2100-Sep-06 23:00:00, 2870.9682136799856, 0.16682422106907954, null, null, 2870.9682136799856, 0.16682422106907954
2100-Sep-07 00:00:00, 2870.0694911058504, 0.16677199872378401, null, null, 2870.0694911058504, 0.16677199872378401
2100-Sep-07 01:00:00, 2871.733899118492, 0.16686871298517048, null, null, 2871.733899118492, 0.16686871298517048
2100-Sep-07 02:00:00, 2875.6045080455933, 0.16709362363247404, null, null, 2875.6045080455933, 0.16709362363247404
2100-Sep-07 03:00:00, 2881.3650744119423, 0.1674283546101295, null, null, 2881.3650744119423, 0.1674283546101295
2100-Sep-07 04:00:00, 2888.7882155627781, 0.16785969332522685, null, null, 2888.7882155627781, 0.16785969332522685
2100-Sep-07 05:00:00, 2897.6422298101006, 0.1683741762174811, null, null, 2897.6422298101006, 0.1683741762174811
2100-Sep-07 06:00:00, 2907.6672972927036, 0.16895670585538555, null, null, 2907.6672972927036, 0.16895670585538555
2100-Sep-07 07:00:00, 2918.3882392616624, 0.16957967088320308, null, null, 2918.3882392616624, 0.16957967088320308
2100-Sep-07 08:00:00, 2929.105310227204, 0.17020241097745054, null, null, 2929.105310227204, 0.17020241097745054
2100-Sep-07 09:00:00, 2939.1769675145038, 0.17078764782327224, null, null, 2939.1769675145038, 0.17078764782327224
2100-Sep-07 10:00:00, 2948.2076945301351, 0.17131239901797082, null, null, 2948.2076945301351, 0.17131239901797082
2100-Sep-07 11:00:00, 2955.9491900045564, 0.17176223644434022, null, null, 2955.9491900045564, 0.17176223644434022
2100-Sep-07 12:00:00, 2962.2359074391643, 0.17212754064175784, null, null, 2962.2359074391643, 0.17212754064175784
2100-Sep-07 13:00:00, 2967.0794258707965, 0.17240898443683039, null, null, 2967.0794258707965, 0.17240898443683039
2100-Sep-07 14:00:00, 2970.7373234925717, 0.17262153500377689, null, null, 2970.7373234925717, 0.17262153500377689
2100-Sep-07 15:00:00, 2973.715155375593, 0.17279456878450378, null, null, 2973.715155375593, 0.17279456878450378
2100-Sep-07 16:00:00, 2976.5266394268547, 0.17295793654129918, null, null, 2976.5266394268547, 0.17295793654129918
2100-Sep-07 17:00:00, 2979.6371707606831, 0.17313868112927627, null, null, 2979.6371707606831, 0.17313868112927627
2100-Sep-07 18:00:00, 2983.4793980206796, 0.17336194259443813, null, null, 2983.4793980206796, 0.17336194259443813
2100-Sep-07 19:00:00, 2988.3605897170328, 0.17364557548133422, null, null, 2988.3605897170328, 0.17364557548133422
2100-Sep-07 20:00:00, 2994.3925664928611, 0.17399607738600159, null, null, 2994.3925664928611, 0.17399607738600159
2100-Sep-07 21:00:00, 3001.5688792733754, 0.17441307357009478, null, null, 3001.5688792733754, 0.17441307357009478
2100-Sep-07 22:00:00, 3009.8031974394112, 0.17489154759413253, null, null, 3009.8031974394112, 0.17489154759413253
2100-Sep-07 23:00:00, 3018.9887350528238, 0.17542529441520724, null, null, 3018.9887350528238, 0.17542529441520724
2100-Sep-08 00:00:00, 3029.0447284042671, 0.17600962107195559, null, null, 3029.0447284042671, 0.17600962107195559
2100-Sep-08 01:00:00, 3039.8803120198691, 0.17663924761671787, null, null, 3039.8803120198691, 0.17663924761671787
2100-Sep-08 02:00:00, 3051.3744064123352, 0.17730713844698931, null, null, 3051.3744064123352, 0.17730713844698931
2100-Sep-08 03:00:00, 3063.42305091341, 0.17800725268867701, null, null, 3063.42305091341, 0.17800725268867701
2100-Sep-08 04:00:00, 3075.9281400903046, 0.17873388969963186, null, null, 3075.9281400903046, 0.17873388969963186
2100-Sep-08 05:00:00, 3088.7809331989497, 0.17948073084844535, null, null, 3088.7809331989497, 0.17948073084844535
2100-Sep-08 06:00:00, 3102.0274076751662, 0.18025044775993065, null, null, 3102.0274076751662, 0.18025044775993065
2100-Sep-08 07:00:00, 3115.6633318521376, 0.18104279454334016, null, null, 3115.6633318521376, 0.18104279454334016
2100-Sep-08 08:00:00, 3129.6056008458381, 0.18185294219796305, null, null, 3129.6056008458381, 0.18185294219796305
2100-Sep-08 09:00:00, 3143.5663918907917, 0.18266416611903782, null, null, 3143.5663918907917, 0.18266416611903782
2100-Sep-08 10:00:00, 3157.1352557598402, 0.18345261620878819, null, null, 3157.1352557598402, 0.18345261620878819
2100-Sep-08 11:00:00, 3169.8474770646476, 0.18419128910914537, null, null, 3169.8474770646476, 0.18419128910914537
2100-Sep-08 12:00:00, 3181.1485404874948, 0.18484796343029788, null, null, 3181.1485404874948, 0.18484796343029788
2100-Sep-08 13:00:00, 3190.4696517516604, 0.18538958807063113, null, null, 3190.4696517516604, 0.18538958807063113
2100-Sep-08 14:00:00, 3197.3603369357293, 0.18578998720531575, null, null, 3197.3603369357293, 0.18578998720531575
2100-Sep-08 15:00:00, 3201.8364617516927, 0.18605008274809223, null, null, 3201.8364617516927, 0.18605008274809223
2100-Sep-08 16:00:00, 3204.4665584446857, 0.18620291057462623, null, null, 3204.4665584446857, 0.18620291057462623
2100-Sep-08 17:00:00, 3206.0844759951669, 0.18629692340062234, null, null, 3206.0844759951669, 0.18629692340062234
2100-Sep-08 18:00:00, 3207.5070054143753, 0.18637958274919209, null, null, 3207.5070054143753, 0.18637958274919209
2100-Sep-08 19:00:00, 3209.3338353732292, 0.18648573491188736, null, null, 3209.3338353732292, 0.18648573491188736
2100-Sep-08 20:00:00, 3211.9595157133854, 0.1866383061160671, null, null, 3211.9595157133854, 0.1866383061160671
2100-Sep-08 21:00:00, 3215.6173130287598, 0.18685085085447914, null, null, 3215.6173130287598, 0.18685085085447914
2100-Sep-08 22:00:00, 3220.4205106946852, 0.1871299517185851, null, null, 3220.4205106946852, 0.1871299517185851
2100-Sep-08 23:00:00, 3226.4083800901485, 0.18747789066231904, null, null, 3226.4083800901485, 0.18747789066231904
2100-Sep-09 00:00:00, 3233.7279838362952, 0.18790321309802796, null, null, 3233.7279838362952, 0.18790321309802796
2100-Sep-09 01:00:00, 3242.4905563778998, 0.18841238255934387, null, null, 3242.4905563778998, 0.18841238255934387
2100-Sep-09 02:00:00, 3252.7889945812458, 0.18901079703266158, null, null, 3252.7889945812458, 0.18901079703266158
2100-Sep-09 03:00:00, 3264.5901033685927, 0.1896965276415272, null, null, 3264.5901033685927, 0.1896965276415272
2100-Sep-09 04:00:00, 3277.6639126941227, 0.19045621144671346, null, null, 3277.6639126941227, 0.19045621144671346
2100-Sep-09 05:00:00, 3291.7548598739163, 0.19127499838980591, null, null, 3291.7548598739163, 0.19127499838980591
2100-Sep-09 06:00:00, 3306.73120288878, 0.19214523329732358, null, null, 3306.73120288878, 0.19214523329732358
2100-Sep-09 07:00:00, 3321.7144505234564, 0.19301586941367965, null, null, 3321.7144505234564, 0.19301586941367965
2100-Sep-09 08:00:00, 3335.1380909014538, 0.1937958809579734, null, null, 3335.1380909014538, 0.1937958809579734
2100-Sep-09 09:00:00, 3345.3809452376895, 0.19439106560266034, null, null, 3345.3809452376895, 0.19439106560266034
2100-Sep-09 10:00:00, 3350.6678571312727, 0.19469827379615592, null, null, 3350.6678571312727, 0.19469827379615592
2100-Sep-09 11:00:00, 3349.4502963260147, 0.19462752462102623, null, null, 3349.4502963260147, 0.19462752462102623
2100-Sep-09 12:00:00, 3341.1214669663636, 0.19414355880638556, null, null, 3341.1214669663636, 0.19414355880638556
2100-Sep-09 13:00:00, 3326.4999084553124, 0.19329393946967563, null, null, 3326.4999084553124, 0.19329393946967563
2100-Sep-09 14:00:00, 3307.2518614360579, 0.19217548736150261, null, null, 3307.2518614360579, 0.19217548736150261
2100-Sep-09 15:00:00, 3285.7062700810325, 0.19092353114751595, null, null, 3285.7062700810325, 0.19092353114751595
2100-Sep-09 16:00:00, 3264.1910008016016, 0.18967333686757587, null, null, 3264.1910008016016, 0.18967333686757587
2100-Sep-09 17:00:00, 3243.3933517498808, 0.18846484156393956, null, null, 3243.3933517498808, 0.18846484156393956
2100-Sep-09 18:00:00, 3223.5958965226368, 0.18731446482632963, null, null, 3223.5958965226368, 0.18731446482632963
2100-Sep-09 19:00:00, 3205.5256409139984, 0.18626445100100544, null, null, 3205.5256409139984, 0.18626445100100544
2100-Sep-09 20:00:00, 3190.0235082005065, 0.18536366387194039, null, null, 3190.0235082005065, 0.18536366387194039
2100-Sep-09 21:00:00, 3177.5028084983542, 0.18463611977545802, null, null, 3177.5028084983542, 0.18463611977545802
2100-Sep-09 22:00:00, 3168.1132067960384, 0.18409051534045456, null, null, 3168.1132067960384, 0.18409051534045456
2100-Sep-09 23:00:00, 3161.8216258770221, 0.18372492853907282, null, null, 3161.8216258770221, 0.18372492853907282
2100-Sep-10 00:00:00, 3158.4734466298232, 0.18353037487168905, null, null, 3158.4734466298232, 0.18353037487168905
2100-Sep-10 01:00:00, 3157.8385800172287, 0.18349348448480696, null, null, 3157.8385800172287, 0.18349348448480696
2100-Sep-10 02:00:00, 3159.6572564706339, 0.18359916286928726, null, null, 3159.6572564706339, 0.18359916286928726
2100-Sep-10 03:00:00, 3163.6679818008056, 0.18383221530293659, null, null, 3163.6679818008056, 0.18383221530293659
2100-Sep-10 04:00:00, 3169.5914732605365, 0.18417641341842608, null, null, 3169.5914732605365, 0.18417641341842608
2100-Sep-10 05:00:00, 3177.1091147543925, 0.18461324329362752, null, null, 3177.1091147543925, 0.18461324329362752
2100-Sep-10 06:00:00, 3185.8537881110183, 0.18512137268157108, null, null, 3185.8537881110183, 0.18512137268157108
2100-Sep-10 07:00:00, 3195.0579855417423, 0.18565620377431188, null, null, 3195.0579855417423, 0.18565620377431188
2100-Sep-10 08:00:00, 3203.9737785578209, 0.18617427646422646, null, null, 3203.9737785578209, 0.18617427646422646
2100-Sep-10 09:00:00, 3211.6638509454529, 0.18662112583368959, null, null, 3211.6638509454529, 0.18662112583368959
2100-Sep-10 10:00:00, 3216.9933899307471, 0.18693081097253664, null, null, 3216.9933899307471, 0.18693081097253664
2100-Sep-10 11:00:00, 3218.7436892996234, 0.18703251614902003, null, null, 3218.7436892996234, 0.18703251614902003
2100-Sep-10 12:00:00, 3216.0717076735127, 0.1868772545019691, null, null, 3216.0717076735127, 0.1868772545019691
2100-Sep-10 13:00:00, 3208.0724914612183, 0.18641244161848938, null, null, 3208.0724914612183, 0.18641244161848938
2100-Sep-10 14:00:00, 3194.8654962835649, 0.18564501874258404, null, null, 3194.8654962835649, 0.18564501874258404
2100-Sep-10 15:00:00, 3177.5264954707118, 0.18463749616154765, null, null, 3177.5264954707118, 0.18463749616154765
2100-Sep-10 16:00:00, 3157.7129657357941, 0.18348618537764319, null, null, 3157.7129657357941, 0.18348618537764319
2100-Sep-10 17:00:00, 3137.2396015848603, 0.18229653339512777, null, null, 3137.2396015848603, 0.18229653339512777
2100-Sep-10 18:00:00, 3117.7127558841062, 0.18116188104737888, null, null, 3117.7127558841062, 0.18116188104737888
2100-Sep-10 19:00:00, 3100.3334103389457, 0.18015201414274135, null, null, 3100.3334103389457, 0.18015201414274135
2100-Sep-10 20:00:00, 3085.7495718930804, 0.17930458661730375, null, null, 3085.7495718930804, 0.17930458661730375
2100-Sep-10 21:00:00, 3074.152215120333, 0.17863069548857061, null, null, 3074.152215120333, 0.17863069548857061
2100-Sep-10 22:00:00, 3065.4696719371464, 0.17812617631746591, null, null, 3065.4696719371464, 0.17812617631746591
2100-Sep-10 23:00:00, 3059.5889265305168, 0.17778446205985349, null, null, 3059.5889265305168, 0.17778446205985349
2100-Sep-11 00:00:00, 3056.4434678761017, 0.17760168793946182, null, null, 3056.4434678761017, 0.17760168793946182
2100-Sep-11 01:00:00, 3055.994193505871, 0.17757558181731706, null, null, 3055.994193505871, 0.17757558181731706
2100-Sep-11 02:00:00, 3058.2402776436552, 0.17770609570979279, null, null, 3058.2402776436552, 0.17770609570979279
2100-Sep-11 03:00:00, 3063.1434064014861, 0.17799100330017606, null, null, 3063.1434064014861, 0.17799100330017606
2100-Sep-11 04:00:00, 3070.5393444715187, 0.17842076131760351, null, null, 3070.5393444715187, 0.17842076131760351
2100-Sep-11 05:00:00, 3080.0892990214138, 0.17897568342417372, null, null, 3080.0892990214138, 0.17897568342417372
2100-Sep-11 06:00:00, 3091.3440195002277, 0.17962966488181642, null, null, 3091.3440195002277, 0.17962966488181642
2100-Sep-11 07:00:00, 3103.5754240502806, 0.18034039881712108, null, null, 3103.5754240502806, 0.18034039881712108
2100-Sep-11 08:00:00, 3115.816156403383, 0.18105167476590769, null, null, 3115.816156403383, 0.18105167476590769
2100-Sep-11 09:00:00, 3126.858418945716, 0.18169331086577373, null, null, 3126.858418945716, 0.18169331086577373
2100-Sep-11 10:00:00, 3135.1765005377629, 0.18217665215662124, null, null, 3135.1765005377629, 0.18217665215662124
2100-Sep-11 11:00:00, 3139.351434566925, 0.18241924631496512, null, null, 3139.351434566925, 0.18241924631496512
2100-Sep-11 12:00:00, 3137.9313159501376, 0.1823367270516231, null, null, 3137.9313159501376, 0.1823367270516231
2100-Sep-11 13:00:00, 3130.3589362776752, 0.18189671648846933, null, null, 3130.3589362776752, 0.18189671648846933
2100-Sep-11 14:00:00, 3116.9559515707006, 0.18111790518951879, null, null, 3116.9559515707006, 0.18111790518951879
2100-Sep-11 15:00:00, 3098.7434957509345, 0.18005962849338183, null, null, 3098.7434957509345, 0.18005962849338183
2100-Sep-11 16:00:00, 3077.6724645500103, 0.17883524769025522, null, null, 3077.6724645500103, 0.17883524769025522
2100-Sep-11 17:00:00, 3056.0534891823322, 0.17757902732918002, null, null, 3056.0534891823322, 0.17757902732918002
2100-Sep-11 18:00:00, 3035.9838939153005, 0.17641283726770851, null, null, 3035.9838939153005, 0.17641283726770851
2100-Sep-11 19:00:00, 3018.7491002878933, 0.17541136988521416, null, null, 3018.7491002878933, 0.17541136988521416
2100-Sep-11 20:00:00, 3004.8802328960128, 0.17460548739973891, null, null, 3004.8802328960128, 0.17460548739973891
2100-Sep-11 21:00:00, 2994.484665980885, 0.17400142903889598, null, null, 2994.484665980885, 0.17400142903889598
2100-Sep-11 22:00:00, 2987.4737525547876, 0.17359404376527351, null, null, 2987.4737525547876, 0.17359404376527351
2100-Sep-11 23:00:00, 2983.5758992249253, 0.17336755001919255, null, null, 2983.5758992249253, 0.17336755001919255
2100-Sep-12 00:00:00, 2982.5029010290455, 0.17330520098746754, null, null, 2982.5029010290455, 0.17330520098746754
2100-Sep-12 01:00:00, 2983.9308059191126, 0.17338817269015347, null, null, 2983.9308059191126, 0.17338817269015347
2100-Sep-12 02:00:00, 2987.4509000679936, 0.17359271586888975, null, null, 2987.4509000679936, 0.17359271586888975
2100-Sep-12 03:00:00, 2992.8056275857271, 0.17390386464543367, null, null, 2992.8056275857271, 0.17390386464543367
2100-Sep-12 04:00:00, 2999.8285413614835, 0.17431194722701479, null, null, 2999.8285413614835, 0.17431194722701479
2100-Sep-12 05:00:00, 3008.3743161726325, 0.17480851915682877, null, null, 3008.3743161726325, 0.17480851915682877
2100-Sep-12 06:00:00, 3018.3092270991774, 0.17538581004037609, null, null, 3018.3092270991774, 0.17538581004037609
2100-Sep-12 07:00:00, 3029.3578555651998, 0.1760278160469014, null, null, 3029.3578555651998, 0.1760278160469014
2100-Sep-12 08:00:00, 3040.6428673176579, 0.17668355764877242, null, null, 3040.6428673176579, 0.17668355764877242
2100-Sep-12 09:00:00, 3049.7720309515594, 0.17721402872991532, null, null, 3049.7720309515594, 0.17721402872991532
2100-Sep-12 10:00:00, 3054.7652840330338, 0.17750417320171707, null, null, 3054.7652840330338, 0.17750417320171707
2100-Sep-12 11:00:00, 3054.5990130508344, 0.17749451164330635, null, null, 3054.5990130508344, 0.17749451164330635
2100-Sep-12 12:00:00, 3049.2410413889852, 0.17718317435829598, null, null, 3049.2410413889852, 0.17718317435829598
2100-Sep-12 13:00:00, 3039.3176429793261, 0.17660655243606035, null, null, 3039.3176429793261, 0.17660655243606035
2100-Sep-12 14:00:00, 3025.7067711661944, 0.17581566137795757, null, null, 3025.7067711661944, 0.17581566137795757
2100-Sep-12 15:00:00, 3009.5283192592356, 0.17487557516431662, null, null, 3009.5283192592356, 0.17487557516431662
2100-Sep-12 16:00:00, 2992.1898688588344, 0.17386808456626354, null, null, 2992.1898688588344, 0.17386808456626354
2100-Sep-12 17:00:00, 2975.0413968901189, 0.17287163310258155, null, null, 2975.0413968901189, 0.17287163310258155
2100-Sep-12 18:00:00, 2959.2637623209839, 0.171954837303601, null, null, 2959.2637623209839, 0.171954837303601
2100-Sep-12 19:00:00, 2945.7756010045127, 0.17117107662155912, null, null, 2945.7756010045127, 0.17117107662155912
2100-Sep-12 20:00:00, 2935.0981882010105, 0.1705506409561659, null, null, 2935.0981882010105, 0.1705506409561659
2100-Sep-12 21:00:00, 2927.4668559434263, 0.17010720481726174, null, null, 2927.4668559434263, 0.17010720481726174
2100-Sep-12 22:00:00, 2922.9778505980998, 0.16984636082165752, null, null, 2922.9778505980998, 0.16984636082165752
2100-Sep-12 23:00:00, 2921.6378130514663, 0.16976849485335621, null, null, 2921.6378130514663, 0.16976849485335621
2100-Sep-13 00:00:00, 2923.3481962060873, 0.16986788060626692, null, null, 2923.3481962060873, 0.16986788060626692
2100-Sep-13 01:00:00, 2927.8842695762592, 0.17013145959787171, null, null, 2927.8842695762592, 0.17013145959787171
2100-Sep-13 02:00:00, 2934.9642276231693, 0.17054285686822448, null, null, 2934.9642276231693, 0.17054285686822448
2100-Sep-13 03:00:00, 2944.3160447410537, 0.17108626574291622, null, null, 2944.3160447410537, 0.17108626574291622
2100-Sep-13 04:00:00, 2955.6952461360697, 0.17174748045092528, null, null, 2955.6952461360697, 0.17174748045092528
2100-Sep-13 05:00:00, 2968.8994198558535, 0.17251473937952214, null, null, 2968.8994198558535, 0.17251473937952214
2100-Sep-13 06:00:00, 2983.7420125115023, 0.17337720241433588, null, null, 2983.7420125115023, 0.17337720241433588
2100-Sep-13 07:00:00, 2999.3311041597062, 0.17428304249260435, null, null, 2999.3311041597062, 0.17428304249260435
2100-Sep-13 08:00:00, 3014.3931541130873, 0.17515825759920267, null, null, 3014.3931541130873, 0.17515825759920267
2100-Sep-13 09:00:00, 3026.5360863369169, 0.17586385064620422, null, null, 3026.5360863369169, 0.17586385064620422
2100-Sep-13 10:00:00, 3033.8286724320492, 0.17628760315906822, null, null, 3033.8286724320492, 0.17628760315906822
2100-Sep-13 11:00:00, 3035.0113787273135, 0.17635632703261056, null, null, 3035.0113787273135, 0.17635632703261056
2100-Sep-13 12:00:00, 3029.7371238599944, 0.17604985430478035, null, null, 3029.7371238599944, 0.17604985430478035
2100-Sep-13 13:00:00, 3019.1521674907035, 0.17543479103346196, null, null, 3019.1521674907035, 0.17543479103346196
2100-Sep-13 14:00:00, 3004.6882286203077, 0.17459433054903475, null, null, 3004.6882286203077, 0.17459433054903475
2100-Sep-13 15:00:00, 2987.7773279278831, 0.17361168371158539, null, null, 2987.7773279278831, 0.17361168371158539
2100-Sep-13 16:00:00, 2969.8255804205974, 0.17256855607246288, null, null, 2969.8255804205974, 0.17256855607246288
2100-Sep-13 17:00:00, 2952.0860575665829, 0.17153776023565884, null, null, 2952.0860575665829, 0.17153776023565884
2100-Sep-13 18:00:00, 2935.6681043423405, 0.1705837572463077, null, null, 2935.6681043423405, 0.1705837572463077
2100-Sep-13 19:00:00, 2921.4221146904888, 0.16975596120325012, null, null, 2921.4221146904888, 0.16975596120325012
2100-Sep-13 20:00:00, 2909.8951512323461, 0.16908616044020666, null, null, 2909.8951512323461, 0.16908616044020666
2100-Sep-13 21:00:00, 2901.4209428943964, 0.16859374704516475, null, null, 2901.4209428943964, 0.16859374704516475
2100-Sep-13 22:00:00, 2896.1128992118352, 0.16828531094039545, null, null, 2896.1128992118352, 0.16828531094039545
2100-Sep-13 23:00:00, 2893.8823792297794, 0.16815570143903893, null, null, 2893.8823792297794, 0.16815570143903893
2100-Sep-14 00:00:00, 2894.6226617197608, 0.16819871725829244, null, null, 2894.6226617197608, 0.16819871725829244
2100-Sep-14 01:00:00, 2898.0658311785023, 0.16839879055071916, null, null, 2898.0658311785023, 0.16839879055071916
2100-Sep-14 02:00:00, 2903.9580049621991, 0.1687411688805053, null, null, 2903.9580049621991, 0.1687411688805053
2100-Sep-14 03:00:00, 2912.1309952156134, 0.16921607930491694, null, null, 2912.1309952156134, 0.16921607930491694
2100-Sep-14 04:00:00, 2922.4294310706123, 0.16981449364177853, null, null, 2922.4294310706123, 0.16981449364177853
2100-Sep-14 05:00:00, 2934.7114769442042, 0.17052817020783509, null, null, 2934.7114769442042, 0.17052817020783509
2100-Sep-14 06:00:00, 2948.8479738025144, 0.17134960391991727, null, null, 2948.8479738025144, 0.17134960391991727
2100-Sep-14 07:00:00, 2964.3898170092216, 0.1722526985186601, null, null, 2964.3898170092216, 0.1722526985186601
2100-Sep-14 08:00:00, 2980.4793812211237, 0.17318761970803509, null, null, 2980.4793812211237, 0.17318761970803509
2100-Sep-14 09:00:00, 2995.896177231059, 0.17408344815137466, null, null, 2995.896177231059, 0.17408344815137466
2100-Sep-14 10:00:00, 3008.9180243589522, 0.17484011257337706, null, null, 3008.9180243589522, 0.17484011257337706
2100-Sep-14 11:00:00, 3017.5530434424231, 0.17534187024720035, null, null, 3017.5530434424231, 0.17534187024720035
2100-Sep-14 12:00:00, 3019.985102932867, 0.17548319066591961, null, null, 3019.985102932867, 0.17548319066591961
2100-Sep-14 13:00:00, 3015.9584004873113, 0.17524920984517911, null, null, 3015.9584004873113, 0.17524920984517911
2100-Sep-14 14:00:00, 3006.4470377727444, 0.17469653020609341, null, null, 3006.4470377727444, 0.17469653020609341
2100-Sep-14 15:00:00, 2993.1497007027929, 0.17392385780644179, null, null, 2993.1497007027929, 0.17392385780644179
2100-Sep-14 16:00:00, 2977.6884573338416, 0.17302544664692615, null, null, 2977.6884573338416, 0.17302544664692615
2100-Sep-14 17:00:00, 2961.8861833228098, 0.17210721911641949, null, null, 2961.8861833228098, 0.17210721911641949
2100-Sep-14 18:00:00, 2947.39850208915, 0.17126537902728647, null, null, 2947.39850208915, 0.17126537902728647
2100-Sep-14 19:00:00, 2935.6487660672205, 0.17058263355128789, null, null, 2935.6487660672205, 0.17058263355128789
2100-Sep-14 20:00:00, 2927.3912241307808, 0.17010281005657701, null, null, 2927.3912241307808, 0.17010281005657701
2100-Sep-14 21:00:00, 2922.7000231718907, 0.16983021701910753, null, null, 2922.7000231718907, 0.16983021701910753
2100-Sep-14 22:00:00, 2921.2314419517397, 0.16974488172456786, null, null, 2921.2314419517397, 0.16974488172456786
2100-Sep-14 23:00:00, 2922.5631028129574, 0.16982226094626815, null, null, 2922.5631028129574, 0.16982226094626815
2100-Sep-15 00:00:00, 2926.2507425171389, 0.17003653974542104, null, null, 2926.2507425171389, 0.17003653974542104
2100-Sep-15 01:00:00, 2931.9384121289927, 0.17036703488924557, null, null, 2931.9384121289927, 0.17036703488924557
2100-Sep-15 02:00:00, 2939.2930951345847, 0.17079439568612642, null, null, 2939.2930951345847, 0.17079439568612642
2100-Sep-15 03:00:00, 2947.9850650837861, 0.17129946262118412, null, null, 2947.9850650837861, 0.17129946262118412
2100-Sep-15 04:00:00, 2957.7556783375835, 0.17186720661001173, null, null, 2957.7556783375835, 0.17186720661001173
2100-Sep-15 05:00:00, 2968.4346591309718, 0.17248773338706899, null, null, 2968.4346591309718, 0.17248773338706899
2100-Sep-15 06:00:00, 2979.8358772206166, 0.17315022742583289, null, null, 2979.8358772206166, 0.17315022742583289
2100-Sep-15 07:00:00, 2991.6614610359779, 0.1738373802125773, null, null, 2991.6614610359779, 0.1738373802125773
2100-Sep-15 08:00:00, 3003.3156246501026, 0.17451457223367803, null, null, 3003.3156246501026, 0.17451457223367803
2100-Sep-15 09:00:00, 3013.9676223365868, 0.1751335310951555, null, null, 3013.9676223365868, 0.1751335310951555
2100-Sep-15 10:00:00, 3022.7576682553167, 0.17564429696033168, null, null, 3022.7576682553167, 0.17564429696033168
2100-Sep-15 11:00:00, 3028.8018032609493, 0.17599550534694722, null, null, 3028.8018032609493, 0.17599550534694722
2100-Sep-15 12:00:00, 3031.4472554863282, 0.17614922544206058, null, null, 3031.4472554863282, 0.17614922544206058
2100-Sep-15 13:00:00, 3029.6860770842841, 0.17604688811429611, null, null, 3029.6860770842841, 0.17604688811429611
2100-Sep-15 14:00:00, 3023.5696820813941, 0.17569148089409564, null, null, 3023.5696820813941, 0.17569148089409564
2100-Sep-15 15:00:00, 3013.087788545814, 0.17508240632612584, null, null, 3013.087788545814, 0.17508240632612584
2100-Sep-15 16:00:00, 2999.117308355962, 0.17427061939496866, null, null, 2999.117308355962, 0.17427061939496866
2100-Sep-15 17:00:00, 2983.6049903919666, 0.17336924042846233, null, null, 2983.6049903919666, 0.17336924042846233
2100-Sep-15 18:00:00, 2968.7853759706013, 0.17250811259687987, null, null, 2968.7853759706013, 0.17250811259687987
2100-Sep-15 19:00:00, 2956.4582819664101, 0.17179181840543059, null, null, 2956.4582819664101, 0.17179181840543059
2100-Sep-15 20:00:00, 2947.7144176930096, 0.17128373603113148, null, null, 2947.7144176930096, 0.17128373603113148
2100-Sep-15 21:00:00, 2942.9845417003098, 0.17100889569173808, null, null, 2942.9845417003098, 0.17100889569173808
2100-Sep-15 22:00:00, 2942.2559070880234, 0.17096655669924785, null, null, 2942.2559070880234, 0.17096655669924785
2100-Sep-15 23:00:00, 2945.1715806258512, 0.17113597862615118, null, null, 2945.1715806258512, 0.17113597862615118
2100-Sep-16 00:00:00, 2951.2632708335695, 0.17148995031732298, null, null, 2951.2632708335695, 0.17148995031732298
2100-Sep-16 01:00:00, 2960.1182672310206, 0.17200449027967274, null, null, 2960.1182672310206, 0.17200449027967274
2100-Sep-16 02:00:00, 2971.3803506380887, 0.1726588995772215, null, null, 2971.3803506380887, 0.1726588995772215
2100-Sep-16 03:00:00, 2984.7162849303836, 0.17343381475738257, null, null, 2984.7162849303836, 0.17343381475738257
2100-Sep-16 04:00:00, 2999.7893833137578, 0.1743096718584547, null, null, 2999.7893833137578, 0.1743096718584547
2100-Sep-16 05:00:00, 3016.343217826613, 0.17527157054307083, null, null, 3016.343217826613, 0.17527157054307083
2100-Sep-16 06:00:00, 3034.0945958533557, 0.17630305525199358, null, null, 3034.0945958533557, 0.17630305525199358
2100-Sep-16 07:00:00, 3052.4927376425453, 0.17737212165909458, null, null, 3052.4927376425453, 0.17737212165909458
2100-Sep-16 08:00:00, 3070.4541993615294, 0.1784158137648636, null, null, 3070.4541993615294, 0.1784158137648636
2100-Sep-16 09:00:00, 3086.5141209992366, 0.17934901250418606, null, null, 3086.5141209992366, 0.17934901250418606
2100-Sep-16 10:00:00, 3098.959838530981, 0.18007219958894227, null, null, 3098.959838530981, 0.18007219958894227
2100-Sep-16 11:00:00, 3106.0725700173248, 0.18048550123548399, null, null, 3106.0725700173248, 0.18048550123548399
2100-Sep-16 12:00:00, 3107.3062463638703, 0.18055718684126085, null, null, 3107.3062463638703, 0.18055718684126085
2100-Sep-16 13:00:00, 3103.4929617733405, 0.18033560715657515, null, null, 3103.4929617733405, 0.18033560715657515
2100-Sep-16 14:00:00, 3095.8306286494071, 0.17989036964092411, null, null, 3095.8306286494071, 0.17989036964092411
2100-Sep-16 15:00:00, 3085.46787560537, 0.17928821800564465, null, null, 3085.46787560537, 0.17928821800564465
2100-Sep-16 16:00:00, 3073.8217566908866, 0.1786114934403468, null, null, 3073.8217566908866, 0.1786114934403468
2100-Sep-16 17:00:00, 3062.4080289456597, 0.17794827249923043, null, null, 3062.4080289456597, 0.17794827249923043
2100-Sep-16 18:00:00, 3052.5181775210103, 0.17737359990183121, null, null, 3052.5181775210103, 0.17737359990183121
2100-Sep-16 19:00:00, 3044.9900232667101, 0.176936159158469, null, null, 3044.9900232667101, 0.176936159158469
2100-Sep-16 20:00:00, 3040.2183924432106, 0.17665889255845352, null, null, 3040.2183924432106, 0.17665889255845352
2100-Sep-16 21:00:00, 3038.2900212203831, 0.17654684010672406, null, null, 3038.2900212203831, 0.17654684010672406
2100-Sep-16 22:00:00, 3039.1497652229086, 0.17659679751233262, null, null, 3039.1497652229086, 0.17659679751233262
2100-Sep-16 23:00:00, 3042.6908670551957, 0.17680256139090247, null, null, 3042.6908670551957, 0.17680256139090247
2100-Sep-17 00:00:00, 3048.7185237258154, 0.17715281226590576, null, null, 3048.7185237258154, 0.17715281226590576
2100-Sep-17 01:00:00, 3056.9749696614226, 0.17763257207496375, null, null, 3056.9749696614226, 0.17763257207496375
2100-Sep-17 02:00:00, 3067.1973799747466, 0.17822656877260842, null, null, 3067.1973799747466, 0.17822656877260842
2100-Sep-17 03:00:00, 3079.209628410827, 0.17892456813710461, null, null, 3079.209628410827, 0.17892456813710461
2100-Sep-17 04:00:00, 3092.8466213825395, 0.17971697702529443, null, null, 3092.8466213825395, 0.17971697702529443
2100-Sep-17 05:00:00, 3107.8933623631765, 0.18059130256876865, null, null, 3107.8933623631765, 0.18059130256876865
2100-Sep-17 06:00:00, 3124.0803692494246, 0.18153188588918684, null, null, 3124.0803692494246, 0.18153188588918684
2100-Sep-17 07:00:00, 3140.9066696550581, 0.18250961683210315, null, null, 3140.9066696550581, 0.18250961683210315
2100-Sep-17 08:00:00, 3157.4616770884527, 0.18347158367196895, null, null, 3157.4616770884527, 0.18347158367196895
2100-Sep-17 09:00:00, 3172.3962132220977, 0.18433938929435509, null, null, 3172.3962132220977, 0.18433938929435509
2100-Sep-17 10:00:00, 3184.0563806383202, 0.18501693018020593, null, null, 3184.0563806383202, 0.18501693018020593
2100-Sep-17 11:00:00, 3191.4654612846853, 0.18544745187730391, null, null, 3191.4654612846853, 0.18544745187730391
2100-Sep-17 12:00:00, 3194.1403511834155, 0.18560288251623433, null, null, 3194.1403511834155, 0.18560288251623433
2100-Sep-17 13:00:00, 3191.5792824751538, 0.18545406571975281, null, null, 3191.5792824751538, 0.18545406571975281
2100-Sep-17 14:00:00, 3184.0372561368354, 0.18501581890699562, null, null, 3184.0372561368354, 0.18501581890699562
2100-Sep-17 15:00:00, 3172.7478479477336, 0.18435982184004665, null, null, 3172.7478479477336, 0.18435982184004665
2100-Sep-17 16:00:00, 3159.3789007765308, 0.18358298837051448, null, null, 3159.3789007765308, 0.18358298837051448
2100-Sep-17 17:00:00, 3145.5919695942453, 0.18278186697723034, null, null, 3145.5919695942453, 0.18278186697723034
2100-Sep-17 18:00:00, 3132.8254867157948, 0.18204004108315006, null, null, 3132.8254867157948, 0.18204004108315006
2100-Sep-17 19:00:00, 3122.0758324886565, 0.18141540766343495, null, null, 3122.0758324886565, 0.18141540766343495
2100-Sep-17 20:00:00, 3114.1039764771972, 0.1809521846074465, null, null, 3114.1039764771972, 0.1809521846074465
2100-Sep-17 21:00:00, 3109.3131154100192, 0.18067380058982699, null, null, 3109.3131154100192, 0.18067380058982699
2100-Sep-17 22:00:00, 3107.7419045793354, 0.18058250176536939, null, null, 3107.7419045793354, 0.18058250176536939
2100-Sep-17 23:00:00, 3109.1310240100406, 0.18066321974960031, null, null, 3109.1310240100406, 0.18066321974960031
2100-Sep-18 00:00:00, 3113.1835392372063, 0.18089870048147366, null, null, 3113.1835392372063, 0.18089870048147366
2100-Sep-18 01:00:00, 3119.6023517524363, 0.18127168036781979, null, null, 3119.6023517524363, 0.18127168036781979
2100-Sep-18 02:00:00, 3128.096549919494, 0.18176525531792675, null, null, 3128.096549919494, 0.18176525531792675
2100-Sep-18 03:00:00, 3138.3645917717631, 0.18236190354124995, null, null, 3138.3645917717631, 0.18236190354124995
2100-Sep-18 04:00:00, 3150.1359223981053, 0.18304590382147912, null, null, 3150.1359223981053, 0.18304590382147912
2100-Sep-18 05:00:00, 3163.1912785641157, 0.18380451536332632, null, null, 3163.1912785641157, 0.18380451536332632
2100-Sep-18 06:00:00, 3177.3587779418749, 0.18462775054821257, null, null, 3177.3587779418749, 0.18462775054821257
2100-Sep-18 07:00:00, 3192.2321900895749, 0.18549200442060182, null, null, 3192.2321900895749, 0.18549200442060182
2100-Sep-18 08:00:00, 3206.8224576422476, 0.18633980552409932, null, null, 3206.8224576422476, 0.18633980552409932
2100-Sep-18 09:00:00, 3219.7104153723944, 0.18708868999424363, null, null, 3219.7104153723944, 0.18708868999424363
2100-Sep-18 10:00:00, 3229.4802914955912, 0.18765639115039981, null, null, 3229.4802914955912, 0.18765639115039981
2100-Sep-18 11:00:00, 3235.0110856126139, 0.18797777068224877, null, null, 3235.0110856126139, 0.18797777068224877
2100-Sep-18 12:00:00, 3235.5470338632194, 0.18800891318985807, null, null, 3235.5470338632194, 0.18800891318985807
2100-Sep-18 13:00:00, 3230.9116839027211, 0.18773956550329782, null, null, 3230.9116839027211, 0.18773956550329782
2100-Sep-18 14:00:00, 3221.4420749544811, 0.18718931206298056, null, null, 3221.4420749544811, 0.18718931206298056
2100-Sep-18 15:00:00, 3208.1130598541477, 0.18641479893840615, null, null, 3208.1130598541477, 0.18641479893840615
2100-Sep-18 16:00:00, 3192.298110948559, 0.18549583490395577, null, null, 3192.298110948559, 0.18549583490395577
2100-Sep-18 17:00:00, 3175.6166330794904, 0.18452651920811206, null, null, 3175.6166330794904, 0.18452651920811206
2100-Sep-18 18:00:00, 3159.6627451764912, 0.18359948180318383, null, null, 3159.6627451764912, 0.18359948180318383
2100-Sep-18 19:00:00, 3145.7136681760044, 0.18278893855364503, null, null, 3145.7136681760044, 0.18278893855364503
2100-Sep-18 20:00:00, 3134.5730244728024, 0.18214158578981468, null, null, 3134.5730244728024, 0.18214158578981468
2100-Sep-18 21:00:00, 3126.6942923124402, 0.18168377390969651, null, null, 3126.6942923124402, 0.18168377390969651
2100-Sep-18 22:00:00, 3122.1994937828399, 0.18142259328777599, null, null, 3122.1994937828399, 0.18142259328777599
2100-Sep-18 23:00:00, 3120.9235386709706, 0.18134845097695468, null, null, 3120.9235386709706, 0.18134845097695468
2100-Sep-19 00:00:00, 3122.5992169917604, 0.18144582012555624, null, null, 3122.5992169917604, 0.18144582012555624
2100-Sep-19 01:00:00, 3126.9438712355741, 0.18169827626790747, null, null, 3126.9438712355741, 0.18169827626790747
2100-Sep-19 02:00:00, 3133.7180825384517, 0.18209190741943854, null, null, 3133.7180825384517, 0.18209190741943854
2100-Sep-19 03:00:00, 3142.686161131473, 0.18261301828323642, null, null, 3142.686161131473, 0.18261301828323642
2100-Sep-19 04:00:00, 3153.5682133913124, 0.18324534499560841, null, null, 3153.5682133913124, 0.18324534499560841
2100-Sep-19 05:00:00, 3166.1624640754926, 0.18397716294131947, null, null, 3166.1624640754926, 0.18397716294131947
2100-Sep-19 06:00:00, 3180.3209960436525, 0.18479987705421533, null, null, 3180.3209960436525, 0.18479987705421533
2100-Sep-19 07:00:00, 3195.4707363056914, 0.18568018760818486, null, null, 3195.4707363056914, 0.18568018760818486
2100-Sep-19 08:00:00, 3210.5083037418349, 0.18655398010172586, null, null, 3210.5083037418349, 0.18655398010172586
2100-Sep-19 09:00:00, 3224.1052793840249, 0.1873440636908075, null, null, 3224.1052793840249, 0.1873440636908075
2100-Sep-19 10:00:00, 3235.0166579318343, 0.18797809447469241, null, null, 3235.0166579318343, 0.18797809447469241
2100-Sep-19 11:00:00, 3242.2628944505223, 0.18839915373865512, null, null, 3242.2628944505223, 0.18839915373865512
2100-Sep-19 12:00:00, 3244.6157397650309, 0.18853587123521903, null, null, 3244.6157397650309, 0.18853587123521903
2100-Sep-19 13:00:00, 3241.2676313772399, 0.18834132168528442, null, null, 3241.2676313772399, 0.18834132168528442
2100-Sep-19 14:00:00, 3232.2953513900447, 0.18781996668980053, null, null, 3232.2953513900447, 0.18781996668980053
2100-Sep-19 15:00:00, 3218.4026580007089, 0.18701269973986212, null, null, 3218.4026580007089, 0.18701269973986212
2100-Sep-19 16:00:00, 3200.9279823153875, 0.18599729345784627, null, null, 3200.9279823153875, 0.18599729345784627
2100-Sep-19 17:00:00, 3181.6441855105659, 0.18487676402603648, null, null, 3181.6441855105659, 0.18487676402603648
2100-Sep-19 18:00:00, 3162.3964547743076, 0.18375833029621547, null, null, 3162.3964547743076, 0.18375833029621547
2100-Sep-19 19:00:00, 3144.7295913265116, 0.18273175650157406, null, null, 3144.7295913265116, 0.18273175650157406
2100-Sep-19 20:00:00, 3129.6838393418525, 0.1818574884259892, null, null, 3129.6838393418525, 0.1818574884259892
2100-Sep-19 21:00:00, 3117.8886870573829, 0.18117210393344352, null, null, 3117.8886870573829, 0.18117210393344352
2100-Sep-19 22:00:00, 3109.5772159064218, 0.18068914675750183, null, null, 3109.5772159064218, 0.18068914675750183
2100-Sep-19 23:00:00, 3104.7671303776074, 0.18040964565825715, null, null, 3104.7671303776074, 0.18040964565825715
2100-Sep-20 00:00:00, 3103.3727070132672, 0.18032861947674525, null, null, 3103.3727070132672, 0.18032861947674525
2100-Sep-20 01:00:00, 3105.1552755589014, 0.18043219972807323, null, null, 3105.1552755589014, 0.18043219972807323
2100-Sep-20 02:00:00, 3109.8511505110368, 0.18070506435868636, null, null, 3109.8511505110368, 0.18070506435868636
2100-Sep-20 03:00:00, 3117.2445019810029, 0.18113467207575895, null, null, 3117.2445019810029, 0.18113467207575895
2100-Sep-20 04:00:00, 3127.0785310234319, 0.18170610098505749, null, null, 3127.0785310234319, 0.18170610098505749
2100-Sep-20 05:00:00, 3139.1719234478796, 0.18240881540790552, null, null, 3139.1719234478796, 0.18240881540790552
2100-Sep-20 06:00:00, 3153.3833814471682, 0.18323460490975038, null, null, 3153.3833814471682, 0.18323460490975038
2100-Sep-20 07:00:00, 3168.7460531015981, 0.18412728833274281, null, null, 3168.7460531015981, 0.18412728833274281
2100-Sep-20 08:00:00, 3183.6467524642571, 0.1849931277916109, null, null, 3183.6467524642571, 0.1849931277916109
2100-Sep-20 09:00:00, 3196.2269193691409, 0.18572412736688523, null, null, 3196.2269193691409, 0.18572412736688523
2100-Sep-20 10:00:00, 3204.7791768095508, 0.18622107598480458, null, null, 3204.7791768095508, 0.18622107598480458
2100-Sep-20 11:00:00, 3208.2242399043876, 0.18642125931131842, null, null, 3208.2242399043876, 0.18642125931131842
2100-Sep-20 12:00:00, 3204.8046029984534, 0.18622255343207769, null, null, 3204.8046029984534, 0.18622255343207769
2100-Sep-20 13:00:00, 3194.0585994957746, 0.1855981321461164, null, null, 3194.0585994957746, 0.1855981321461164
2100-Sep-20 14:00:00, 3176.910934283319, 0.18460172756086518, null, null, 3176.910934283319, 0.18460172756086518
2100-Sep-20 15:00:00, 3154.8059577384706, 0.18331726698193115, null, null, 3154.8059577384706, 0.18331726698193115
2100-Sep-20 16:00:00, 3129.3037533517449, 0.18183540265404061, null, null, 3129.3037533517449, 0.18183540265404061
2100-Sep-20 17:00:00, 3102.4156553088328, 0.18027300778297783, null, null, 3102.4156553088328, 0.18027300778297783
2100-Sep-20 18:00:00, 3076.2677575827752, 0.17875362395630975, null, null, 3076.2677575827752, 0.17875362395630975
2100-Sep-20 19:00:00, 3052.6173454117466, 0.17737936228054663, null, null, 3052.6173454117466, 0.17737936228054663
2100-Sep-20 20:00:00, 3032.74128393418, 0.1762244179456994, null, null, 3032.74128393418, 0.1762244179456994
2100-Sep-20 21:00:00, 3017.2817288474403, 0.17532610488771047, null, null, 3017.2817288474403, 0.17532610488771047
2100-Sep-20 22:00:00, 3006.3946605728338, 0.17469348670824653, null, null, 3006.3946605728338, 0.17469348670824653
2100-Sep-20 23:00:00, 2999.884490745806, 0.17431519829486516, null, null, 2999.884490745806, 0.17431519829486516
2100-Sep-21 00:00:00, 2997.4674123126683, 0.17417474838498817, null, null, 2997.4674123126683, 0.17417474838498817
2100-Sep-21 01:00:00, 2998.8581732988378, 0.17425556175558052, null, null, 2998.8581732988378, 0.17425556175558052
2100-Sep-21 02:00:00, 3003.7292282626377, 0.17453860562428256, null, null, 3003.7292282626377, 0.17453860562428256
2100-Sep-21 03:00:00, 3011.6912766927048, 0.17500125878816336, null, null, 3011.6912766927048, 0.17500125878816336
2100-Sep-21 04:00:00, 3022.2957691837132, 0.17561745725083383, null, null, 3022.2957691837132, 0.17561745725083383
2100-Sep-21 05:00:00, 3035.1784782041664, 0.17636603673261148, null, null, 3035.1784782041664, 0.17636603673261148
2100-Sep-21 06:00:00, 3050.0762161888701, 0.17723170411379219, null, null, 3050.0762161888701, 0.17723170411379219
2100-Sep-21 07:00:00, 3066.2782509860986, 0.1781731606655933, null, null, 3066.2782509860986, 0.1781731606655933
2100-Sep-21 08:00:00, 3082.5471872530388, 0.17911850468139345, null, null, 3082.5471872530388, 0.17911850468139345
2100-Sep-21 09:00:00, 3096.3505101102555, 0.1799205785507062, null, null, 3096.3505101102555, 0.1799205785507062
2100-Sep-21 10:00:00, 3105.5639211991506, 0.18045594502427784, null, null, 3105.5639211991506, 0.18045594502427784
2100-Sep-21 11:00:00, 3109.1988592313514, 0.18066716147138681, null, null, 3109.1988592313514, 0.18066716147138681
2100-Sep-21 12:00:00, 3106.9168938015919, 0.18053456261379158, null, null, 3106.9168938015919, 0.18053456261379158
2100-Sep-21 13:00:00, 3098.3038219794425, 0.1800340802361409, null, null, 3098.3038219794425, 0.1800340802361409
2100-Sep-21 14:00:00, 3083.5887384792813, 0.17917902641451244, null, null, 3083.5887384792813, 0.17917902641451244
2100-Sep-21 15:00:00, 3063.7945303440797, 0.17802883835666503, null, null, 3063.7945303440797, 0.17802883835666503
2100-Sep-21 16:00:00, 3040.6350581270758, 0.17668310387776587, null, null, 3040.6350581270758, 0.17668310387776587
2100-Sep-21 17:00:00, 3016.2589997618775, 0.17526667685843075, null, null, 3016.2589997618775, 0.17526667685843075
2100-Sep-21 18:00:00, 2992.7958376083889, 0.17390329577625011, null, null, 2992.7958376083889, 0.17390329577625011
2100-Sep-21 19:00:00, 2971.9833192453725, 0.17269393645703088, null, null, 2971.9833192453725, 0.17269393645703088
2100-Sep-21 20:00:00, 2955.013227748278, 0.17170785020153553, null, null, 2955.013227748278, 0.17170785020153553
2100-Sep-21 21:00:00, 2942.487750096735, 0.17098002847129826, null, null, 2942.487750096735, 0.17098002847129826
2100-Sep-21 22:00:00, 2934.4803271822602, 0.17051473871848496, null, null, 2934.4803271822602, 0.17051473871848496
2100-Sep-21 23:00:00, 2930.7402000559259, 0.1702974100167679, null, null, 2930.7402000559259, 0.1702974100167679
2100-Sep-22 00:00:00, 2930.9194965944939, 0.17030782845513459, null, null, 2930.9194965944939, 0.17030782845513459
2100-Sep-22 01:00:00, 2934.5044302196015, 0.17051613928098883, null, null, 2934.5044302196015, 0.17051613928098883
2100-Sep-22 02:00:00, 2940.9944004975928, 0.17089325395304561, null, null, 2940.9944004975928, 0.17089325395304561
2100-Sep-22 03:00:00, 2950.0193978567654, 0.17141767221285792, null, null, 2950.0193978567654, 0.17141767221285792
2100-Sep-22 04:00:00, 2961.2660363559307, 0.17207118404845703, null, null, 2961.2660363559307, 0.17207118404845703
2100-Sep-22 05:00:00, 2974.475926679735, 0.17283877515349819, null, null, 2974.475926679735, 0.17283877515349819
2100-Sep-22 06:00:00, 2989.2942012975941, 0.17369982513271179, null, null, 2989.2942012975941, 0.17369982513271179
2100-Sep-22 07:00:00, 3005.0939469410323, 0.17461790574659558, null, null, 3005.0939469410323, 0.17461790574659558
2100-Sep-22 08:00:00, 3020.8837286265807, 0.1755354073817551, null, null, 3020.8837286265807, 0.1755354073817551
2100-Sep-22 09:00:00, 3035.2980700112885, 0.17637298589003311, null, null, 3035.2980700112885, 0.17637298589003311
2100-Sep-22 10:00:00, 3047.1039695104887, 0.17705899487424595, null, null, 3047.1039695104887, 0.17705899487424595
2100-Sep-22 11:00:00, 3055.2419246808099, 0.17753186950445432, null, null, 3055.2419246808099, 0.17753186950445432
2100-Sep-22 12:00:00, 3059.4530577156779, 0.17777656708940587, null, null, 3059.4530577156779, 0.17777656708940587
2100-Sep-22 13:00:00, 3059.9961038269871, 0.17780812203456062, null, null, 3059.9961038269871, 0.17780812203456062
2100-Sep-22 14:00:00, 3057.3009956947667, 0.1776515165686024, null, null, 3057.3009956947667, 0.1776515165686024
2100-Sep-22 15:00:00, 3051.8691788414371, 0.17733588833864541, null, null, 3051.8691788414371, 0.17733588833864541
2100-Sep-22 16:00:00, 3044.6270184833356, 0.17691506592938264, null, null, 3044.6270184833356, 0.17691506592938264
2100-Sep-22 17:00:00, 3036.6936132885135, 0.17645407714666284, null, null, 3036.6936132885135, 0.17645407714666284
2100-Sep-22 18:00:00, 3029.1255716840355, 0.17601431865694164, null, null, 3029.1255716840355, 0.17601431865694164
2100-Sep-22 19:00:00, 3022.8680427437766, 0.17565071052422121, null, null, 3022.8680427437766, 0.17565071052422121
2100-Sep-22 20:00:00, 3018.5932764311597, 0.17540231538109263, null, null, 3018.5932764311597, 0.17540231538109263
2100-Sep-22 21:00:00, 3016.6959565520197, 0.17529206723921203, null, null, 3016.6959565520197, 0.17529206723921203
2100-Sep-22 22:00:00, 3017.260895705941, 0.17532489433003642, null, null, 3017.260895705941, 0.17532489433003642
2100-Sep-22 23:00:00, 3020.2802651460324, 0.1755003417461948, null, null, 3020.2802651460324, 0.1755003417461948
2100-Sep-23 00:00:00, 3025.7270673695557, 0.17581684073560433, null, null, 3025.7270673695557, 0.17581684073560433
2100-Sep-23 01:00:00, 3033.464859180368, 0.17626646295206869, null, null, 3033.464859180368, 0.17626646295206869
2100-Sep-23 02:00:00, 3043.2418323698002, 0.17683457649960591, null, null, 3043.2418323698002, 0.17683457649960591
2100-Sep-23 03:00:00, 3054.7721380335638, 0.17750457146920542, null, null, 3054.7721380335638, 0.17750457146920542
2100-Sep-23 04:00:00, 3067.767736150533, 0.17825971063196588, null, null, 3067.767736150533, 0.17825971063196588
2100-Sep-23 05:00:00, 3081.9039091541122, 0.17908112552572295, null, null, 3081.9039091541122, 0.17908112552572295
2100-Sep-23 06:00:00, 3096.7660083058913, 0.17994472203042577, null, null, 3096.7660083058913, 0.17994472203042577
2100-Sep-23 07:00:00, 3111.7994518694281, 0.18081827489685001, null, null, 3111.7994518694281, 0.18081827489685001
2100-Sep-23 08:00:00, 3126.4563313187559, 0.18166994663803707, null, null, 3126.4563313187559, 0.18166994663803707
2100-Sep-23 09:00:00, 3140.1551318707748, 0.18246594699804869, null, null, 3140.1551318707748, 0.18246594699804869
2100-Sep-23 10:00:00, 3152.3387913034308, 0.18317390659333049, null, null, 3152.3387913034308, 0.18317390659333049
2100-Sep-23 11:00:00, 3162.301364204025, 0.18375280483959677, null, null, 3162.301364204025, 0.18375280483959677
2100-Sep-23 12:00:00, 3169.443509297022, 0.18416781563150461, null, null, 3169.443509297022, 0.18416781563150461
2100-Sep-23 13:00:00, 3173.5466978415166, 0.1844062408532027, null, null, 3173.5466978415166, 0.1844062408532027
2100-Sep-23 14:00:00, 3174.7422482964639, 0.18447571106622876, null, null, 3174.7422482964639, 0.18447571106622876
2100-Sep-23 15:00:00, 3173.6903455282049, 0.18441458783291706, null, null, 3173.6903455282049, 0.18441458783291706
2100-Sep-23 16:00:00, 3171.4562888654295, 0.18428477282458092, null, null, 3171.4562888654295, 0.18428477282458092
2100-Sep-23 17:00:00, 3169.1864097499529, 0.18415287627011681, null, null, 3169.1864097499529, 0.18415287627011681
2100-Sep-23 18:00:00, 3167.8136553329127, 0.1840731092127002, null, null, 3167.8136553329127, 0.1840731092127002
2100-Sep-23 19:00:00, 3168.0968922064149, 0.18408956734364532, null, null, 3168.0968922064149, 0.18408956734364532
2100-Sep-23 20:00:00, 3170.4647537814803, 0.18422715739461751, null, null, 3170.4647537814803, 0.18422715739461751
2100-Sep-23 21:00:00, 3174.9819279576541, 0.18448963820502243, null, null, 3174.9819279576541, 0.18448963820502243
2100-Sep-23 22:00:00, 3181.4980436427063, 0.18486827211618007, null, null, 3181.4980436427063, 0.18486827211618007
2100-Sep-23 23:00:00, 3189.8261447043756, 0.18535219561138891, null, null, 3189.8261447043756, 0.18535219561138891
2100-Sep-24 00:00:00, 3199.765521433495, 0.18592974599068138, null, null, 3199.765521433495, 0.18592974599068138
2100-Sep-24 01:00:00, 3211.1504553813843, 0.18659129380187955, null, null, 3211.1504553813843, 0.18659129380187955
2100-Sep-24 02:00:00, 3223.8300640594948, 0.1873280716704423, null, null, 3223.8300640594948, 0.1873280716704423
2100-Sep-24 03:00:00, 3237.6384230334738, 0.18813043817491976, null, null, 3237.6384230334738, 0.18813043817491976
2100-Sep-24 04:00:00, 3252.5743652627493, 0.18899832550173132, null, null, 3252.5743652627493, 0.18899832550173132
2100-Sep-24 05:00:00, 3268.5830252364408, 0.18992854556398955, null, null, 3268.5830252364408, 0.18992854556398955
2100-Sep-24 06:00:00, 3285.6369105788085, 0.19091950085387593, null, null, 3285.6369105788085, 0.19091950085387593
2100-Sep-24 07:00:00, 3303.1433935896448, 0.19193675537380614, null, null, 3303.1433935896448, 0.19193675537380614
2100-Sep-24 08:00:00, 3320.1791368293088, 0.19292665647502624, null, null, 3320.1791368293088, 0.19292665647502624
2100-Sep-24 09:00:00, 3335.660595935879, 0.19382624231654133, null, null, 3335.660595935879, 0.19382624231654133
2100-Sep-24 10:00:00, 3348.1579524728013, 0.19455243000463918, null, null, 3348.1579524728013, 0.19455243000463918
2100-Sep-24 11:00:00, 3356.4411289480126, 0.1950337430532722, null, null, 3356.4411289480126, 0.1950337430532722
2100-Sep-24 12:00:00, 3359.3340722340045, 0.19520184418653555, null, null, 3359.3340722340045, 0.19520184418653555
2100-Sep-24 13:00:00, 3356.5945102564224, 0.1950426556274972, null, null, 3356.5945102564224, 0.1950426556274972
2100-Sep-24 14:00:00, 3348.9360149509585, 0.19459764111712838, null, null, 3348.9360149509585, 0.19459764111712838
2100-Sep-24 15:00:00, 3337.9755385873582, 0.19396075739156463, null, null, 3337.9755385873582, 0.19396075739156463
2100-Sep-24 16:00:00, 3325.1627169065873, 0.19321623887463829, null, null, 3325.1627169065873, 0.19321623887463829
2100-Sep-24 17:00:00, 3310.8328136561108, 0.19238356683864533, null, null, 3310.8328136561108, 0.19238356683864533
2100-Sep-24 18:00:00, 3296.3524856815525, 0.19154215402756997, null, null, 3296.3524856815525, 0.19154215402756997
2100-Sep-24 19:00:00, 3283.0722105693617, 0.19077047305227468, null, null, 3283.0722105693617, 0.19077047305227468
2100-Sep-24 20:00:00, 3272.0039848154947, 0.19012732830019857, null, null, 3272.0039848154947, 0.19012732830019857
2100-Sep-24 21:00:00, 3263.7030312831362, 0.18964498227471219, null, null, 3263.7030312831362, 0.18964498227471219
2100-Sep-24 22:00:00, 3258.3441132437129, 0.18933358999825298, null, null, 3258.3441132437129, 0.18933358999825298
2100-Sep-24 23:00:00, 3255.8829407836383, 0.18919057790337426, null, null, 3255.8829407836383, 0.18919057790337426
2100-Sep-25 00:00:00, 3256.1589047698549, 0.1892066134264512, null, null, 3256.1589047698549, 0.1892066134264512
2100-Sep-25 01:00:00, 3258.9914592735995, 0.18937120553042203, null, null, 3258.9914592735995, 0.18937120553042203
2100-Sep-25 02:00:00, 3264.1340247948197, 0.18967002614546277, null, null, 3264.1340247948197, 0.18967002614546277
2100-Sep-25 03:00:00, 3271.3475463280361, 0.19008918442983866, null, null, 3271.3475463280361, 0.19008918442983866
2100-Sep-25 04:00:00, 3280.3763134990463, 0.1906138217432512, null, null, 3280.3763134990463, 0.1906138217432512
2100-Sep-25 05:00:00, 3291.1518246120381, 0.19123995763687779, null, null, 3291.1518246120381, 0.19123995763687779
2100-Sep-25 06:00:00, 3303.7664432619454, 0.19197295911015319, null, null, 3303.7664432619454, 0.19197295911015319
2100-Sep-25 07:00:00, 3317.5776770400716, 0.19277549266174748, null, null, 3317.5776770400716, 0.19277549266174748
2100-Sep-25 08:00:00, 3331.3842227325399, 0.19357775380132602, null, null, 3331.3842227325399, 0.19357775380132602
2100-Sep-25 09:00:00, 3343.2864290676225, 0.19426935891607178, null, null, 3343.2864290676225, 0.19426935891607178
2100-Sep-25 10:00:00, 3351.5598274940862, 0.19475010378865951, null, null, 3351.5598274940862, 0.19475010378865951
2100-Sep-25 11:00:00, 3354.926555701571, 0.19494573528610651, null, null, 3354.926555701571, 0.19494573528610651
2100-Sep-25 12:00:00, 3352.928926523085, 0.19482965844133412, null, null, 3352.928926523085, 0.19482965844133412
2100-Sep-25 13:00:00, 3346.1050308892782, 0.19443314026731109, null, null, 3346.1050308892782, 0.19443314026731109
2100-Sep-25 14:00:00, 3335.4836682341911, 0.19381596152489794, null, null, 3335.4836682341911, 0.19381596152489794
2100-Sep-25 15:00:00, 3321.4451229337574, 0.19300021951370866, null, null, 3321.4451229337574, 0.19300021951370866
2100-Sep-25 16:00:00, 3304.7041412640369, 0.19202744621246648, null, null, 3304.7041412640369, 0.19202744621246648
2100-Sep-25 17:00:00, 3286.6760313121545, 0.19097988135760677, null, null, 3286.6760313121545, 0.19097988135760677
2100-Sep-25 18:00:00, 3268.8398188193887, 0.18994346714662733, null, null, 3268.8398188193887, 0.18994346714662733
2100-Sep-25 19:00:00, 3252.4549105595515, 0.188991384311049, null, null, 3252.4549105595515, 0.188991384311049
2100-Sep-25 20:00:00, 3238.347499278017, 0.18817164068340134, null, null, 3238.347499278017, 0.18817164068340134
2100-Sep-25 21:00:00, 3227.0097869258352, 0.18751283679179237, null, null, 3227.0097869258352, 0.18751283679179237
2100-Sep-25 22:00:00, 3218.7374463332721, 0.18703215338708007, null, null, 3218.7374463332721, 0.18703215338708007
2100-Sep-25 23:00:00, 3213.6574687474608, 0.18673696958819186, null, null, 3213.6574687474608, 0.18673696958819186
2100-Sep-26 00:00:00, 3211.6012095427072, 0.1866174859106943, null, null, 3211.6012095427072, 0.1866174859106943
2100-Sep-26 01:00:00, 3212.2704240857533, 0.18665637216319259, null, null, 3212.2704240857533, 0.18665637216319259
2100-Sep-26 02:00:00, 3215.3282914707802, 0.18683405659111796, null, null, 3215.3282914707802, 0.18683405659111796
2100-Sep-26 03:00:00, 3220.5067119697756, 0.18713496064223101, null, null, 3220.5067119697756, 0.18713496064223101
2100-Sep-26 04:00:00, 3227.5979427271991, 0.18754701293939383, null, null, 3227.5979427271991, 0.18754701293939383
2100-Sep-26 05:00:00, 3236.4005943082389, 0.18805851128561452, null, null, 3236.4005943082389, 0.18805851128561452
2100-Sep-26 06:00:00, 3246.8378634030082, 0.18866499284766267, null, null, 3246.8378634030082, 0.18866499284766267
2100-Sep-26 07:00:00, 3258.2011655616739, 0.18932528369392115, null, null, 3258.2011655616739, 0.18932528369392115
2100-Sep-26 08:00:00, 3269.1852927189911, 0.1899635417033313, null, null, 3269.1852927189911, 0.1899635417033313
2100-Sep-26 09:00:00, 3278.1380121281786, 0.19048376008637405, null, null, 3278.1380121281786, 0.19048376008637405
2100-Sep-26 10:00:00, 3283.3329462025067, 0.19078562369681931, null, null, 3283.3329462025067, 0.19078562369681931
2100-Sep-26 11:00:00, 3283.5795577592148, 0.19079995362936905, null, null, 3283.5795577592148, 0.19079995362936905
2100-Sep-26 12:00:00, 3277.9411551554495, 0.19047232125853156, null, null, 3277.9411551554495, 0.19047232125853156
2100-Sep-26 13:00:00, 3266.1130070607637, 0.18978501946843043, null, null, 3266.1130070607637, 0.18978501946843043
2100-Sep-26 14:00:00, 3248.5596387810288, 0.18876504057195498, null, null, 3248.5596387810288, 0.18876504057195498
2100-Sep-26 15:00:00, 3226.6813808087563, 0.18749375399790599, null, null, 3226.6813808087563, 0.18749375399790599
2100-Sep-26 16:00:00, 3202.3882904104917, 0.18608214802339867, null, null, 3202.3882904104917, 0.18608214802339867
2100-Sep-26 17:00:00, 3177.7084410433836, 0.18464806852814275, null, null, 3177.7084410433836, 0.18464806852814275
2100-Sep-26 18:00:00, 3154.5706981245871, 0.18330359668016741, null, null, 3154.5706981245871, 0.18330359668016741
2100-Sep-26 19:00:00, 3134.5637583217904, 0.18214104735876638, null, null, 3134.5637583217904, 0.18214104735876638
2100-Sep-26 20:00:00, 3118.6533981465623, 0.18121653923272246, null, null, 3118.6533981465623, 0.18121653923272246
2100-Sep-26 21:00:00, 3107.1828222674658, 0.18055001499984313, null, null, 3107.1828222674658, 0.18055001499984313
2100-Sep-26 22:00:00, 3100.0223459032331, 0.18013393902719574, null, null, 3100.0223459032331, 0.18013393902719574
2100-Sep-26 23:00:00, 3096.8880897096142, 0.17995181585159248, null, null, 3096.8880897096142, 0.17995181585159248
2100-Sep-27 00:00:00, 3097.4480822453716, 0.17998435550777434, null, null, 3097.4480822453716, 0.17998435550777434
2100-Sep-27 01:00:00, 3101.362109382389, 0.18021178907017496, null, null, 3101.362109382389, 0.18021178907017496
2100-Sep-27 02:00:00, 3108.3051907307276, 0.18061523280467426, null, null, 3108.3051907307276, 0.18061523280467426
2100-Sep-27 03:00:00, 3118.0161651154795, 0.1811795113396433, null, null, 3118.0161651154795, 0.1811795113396433
2100-Sep-27 04:00:00, 3130.2797237490372, 0.18189211366203401, null, null, 3130.2797237490372, 0.18189211366203401
2100-Sep-27 05:00:00, 3144.8482097406531, 0.18273864909775445, null, null, 3144.8482097406531, 0.18273864909775445
2100-Sep-27 06:00:00, 3161.4524773226281, 0.18370347831201975, null, null, 3161.4524773226281, 0.18370347831201975
2100-Sep-27 07:00:00, 3179.4366507549989, 0.18474849013420946, null, null, 3179.4366507549989, 0.18474849013420946
2100-Sep-27 08:00:00, 3197.7739620828552, 0.18581402184723728, null, null, 3197.7739620828552, 0.18581402184723728
2100-Sep-27 09:00:00, 3215.1027069107649, 0.18682094848064484, null, null, 3215.1027069107649, 0.18682094848064484
2100-Sep-27 10:00:00, 3229.6010850169587, 0.1876634101361957, null, null, 3229.6010850169587, 0.1876634101361957
2100-Sep-27 11:00:00, 3239.1911656120797, 0.18822066385905042, null, null, 3239.1911656120797, 0.18822066385905042
2100-Sep-27 12:00:00, 3242.3495872017425, 0.18840419122065361, null, null, 3242.3495872017425, 0.18840419122065361
2100-Sep-27 13:00:00, 3238.6803956585977, 0.18819098439439141, null, null, 3238.6803956585977, 0.18819098439439141
2100-Sep-27 14:00:00, 3228.95136754239, 0.18762565680577101, null, null, 3228.95136754239, 0.18762565680577101
2100-Sep-27 15:00:00, 3214.7031621609649, 0.18679773201264285, null, null, 3214.7031621609649, 0.18679773201264285
2100-Sep-27 16:00:00, 3197.6325733396388, 0.18580580612863665, null, null, 3197.6325733396388, 0.18580580612863665
2100-Sep-27 17:00:00, 3179.4879631188874, 0.18475147175730655, null, null, 3179.4879631188874, 0.18475147175730655
2100-Sep-27 18:00:00, 3161.9739010109683, 0.18373377683648262, null, null, 3161.9739010109683, 0.18373377683648262
2100-Sep-27 19:00:00, 3146.5585154511718, 0.1828380303505972, null, null, 3146.5585154511718, 0.1828380303505972
2100-Sep-27 20:00:00, 3134.2157836035103, 0.18212082748623273, null, null, 3134.2157836035103, 0.18212082748623273
2100-Sep-27 21:00:00, 3125.3671611105292, 0.1816066578942839, null, null, 3125.3671611105292, 0.1816066578942839
2100-Sep-27 22:00:00, 3120.0331829166857, 0.18129671480499876, null, null, 3120.0331829166857, 0.18129671480499876
2100-Sep-27 23:00:00, 3117.9368952469154, 0.18117490518133947, null, null, 3117.9368952469154, 0.18117490518133947
2100-Sep-28 00:00:00, 3118.7627769466453, 0.18122289493984539, null, null, 3118.7627769466453, 0.18122289493984539
2100-Sep-28 01:00:00, 3122.1933396853779, 0.18142223568976754, null, null, 3122.1933396853779, 0.18142223568976754
2100-Sep-28 02:00:00, 3127.8859784776478, 0.18175301957926621, null, null, 3127.8859784776478, 0.18175301957926621
2100-Sep-28 03:00:00, 3135.5157872160339, 0.18219636719057805, null, null, 3135.5157872160339, 0.18219636719057805
2100-Sep-28 04:00:00, 3144.8986463058282, 0.18274157983054995, null, null, 3144.8986463058282, 0.18274157983054995
2100-Sep-28 05:00:00, 3155.8755537885891, 0.18337941832414015, null, null, 3155.8755537885891, 0.18337941832414015
2100-Sep-28 06:00:00, 3168.1970639053498, 0.1840953880509483, null, null, 3168.1970639053498, 0.1840953880509483
2100-Sep-28 07:00:00, 3181.3150445714045, 0.18485763853362042, null, null, 3181.3150445714045, 0.18485763853362042
2100-Sep-28 08:00:00, 3193.441029437864, 0.18556224681538525, null, null, 3193.441029437864, 0.18556224681538525
2100-Sep-28 09:00:00, 3202.7244825479697, 0.18610168324193474, null, null, 3202.7244825479697, 0.18610168324193474
2100-Sep-28 10:00:00, 3208.1565509160873, 0.18641732608673783, null, null, 3208.1565509160873, 0.18641732608673783
2100-Sep-28 11:00:00, 3209.4745285678, 0.18649391021403181, null, null, 3209.4745285678, 0.18649391021403181
2100-Sep-28 12:00:00, 3206.7656827929454, 0.18633650649070493, null, null, 3206.7656827929454, 0.18633650649070493
2100-Sep-28 13:00:00, 3200.0922318901462, 0.1859487302543128, null, null, 3200.0922318901462, 0.1859487302543128
2100-Sep-28 14:00:00, 3189.6370613001031, 0.1853412084846473, null, null, 3189.6370613001031, 0.1853412084846473
2100-Sep-28 15:00:00, 3176.2770124211165, 0.18456489207088075, null, null, 3176.2770124211165, 0.18456489207088075
2100-Sep-28 16:00:00, 3161.1598861405319, 0.18368647662742696, null, null, 3161.1598861405319, 0.18368647662742696
2100-Sep-28 17:00:00, 3145.571007608904, 0.18278064893278806, null, null, 3145.571007608904, 0.18278064893278806
2100-Sep-28 18:00:00, 3130.7982115229524, 0.1819222415884266, null, null, 3130.7982115229524, 0.1819222415884266
2100-Sep-28 19:00:00, 3117.8961252582717, 0.18117253614723938, null, null, 3117.8961252582717, 0.18117253614723938
2100-Sep-28 20:00:00, 3107.6764938875358, 0.18057870092645481, null, null, 3107.6764938875358, 0.18057870092645481
2100-Sep-28 21:00:00, 3100.4988254405253, 0.1801616259682372, null, null, 3100.4988254405253, 0.1801616259682372
2100-Sep-28 22:00:00, 3096.4155863075043, 0.17992435995304443, null, null, 3096.4155863075043, 0.17992435995304443
2100-Sep-28 23:00:00, 3095.2378073651848, 0.17985592239469467, null, null, 3095.2378073651848, 0.17985592239469467
2100-Sep-29 00:00:00, 3096.7370857269798, 0.17994304141735762, null, null, 3096.7370857269798, 0.17994304141735762
2100-Sep-29 01:00:00, 3100.68674321554, 0.18017254536340588, null, null, 3100.68674321554, 0.18017254536340588
2100-Sep-29 02:00:00, 3106.9642241805154, 0.18053731285448013, null, null, 3106.9642241805154, 0.18053731285448013
2100-Sep-29 03:00:00, 3115.4071698924322, 0.1810279096626258, null, null, 3115.4071698924322, 0.1810279096626258
2100-Sep-29 04:00:00, 3125.8276775908994, 0.18163341726513349, null, null, 3125.8276775908994, 0.18163341726513349
2100-Sep-29 05:00:00, 3138.0050999938167, 0.18234101444343587, null, null, 3138.0050999938167, 0.18234101444343587
2100-Sep-29 06:00:00, 3151.722721421349, 0.1831381084337714, null, null, 3151.722721421349, 0.1831381084337714
2100-Sep-29 07:00:00, 3166.4135095001193, 0.18399175051397762, null, null, 3166.4135095001193, 0.18399175051397762
2100-Sep-29 08:00:00, 3180.6953820892668, 0.18482163161775983, null, null, 3180.6953820892668, 0.18482163161775983
2100-Sep-29 09:00:00, 3193.1503838768231, 0.18554535818558546, null, null, 3193.1503838768231, 0.18554535818558546
2100-Sep-29 10:00:00, 3202.8687629811129, 0.18611006698883933, null, null, 3202.8687629811129, 0.18611006698883933
2100-Sep-29 11:00:00, 3209.1742162365645, 0.18647645987428332, null, null, 3209.1742162365645, 0.18647645987428332
2100-Sep-29 12:00:00, 3211.2739948946701, 0.18659847234986102, null, null, 3211.2739948946701, 0.18659847234986102
2100-Sep-29 13:00:00, 3208.7030973237593, 0.18644908442467537, null, null, 3208.7030973237593, 0.18644908442467537
2100-Sep-29 14:00:00, 3201.5396560195695, 0.1860328361673623, null, null, 3201.5396560195695, 0.1860328361673623
2100-Sep-29 15:00:00, 3190.7179506587036, 0.18540401605055876, null, null, 3190.7179506587036, 0.18540401605055876
2100-Sep-29 16:00:00, 3177.8875261732305, 0.18465847468211877, null, null, 3177.8875261732305, 0.18465847468211877
2100-Sep-29 17:00:00, 3164.7102142156659, 0.18389277661808925, null, null, 3164.7102142156659, 0.18389277661808925
2100-Sep-29 18:00:00, 3152.45212353954, 0.18318049202396008, null, null, 3152.45212353954, 0.18318049202396008
2100-Sep-29 19:00:00, 3141.9137457023335, 0.18256813530553784, null, null, 3141.9137457023335, 0.18256813530553784
2100-Sep-29 20:00:00, 3133.5650089479464, 0.18208301272587119, null, null, 3133.5650089479464, 0.18208301272587119
2100-Sep-29 21:00:00, 3127.6758500544934, 0.18174080958322716, null, null, 3127.6758500544934, 0.18174080958322716
2100-Sep-29 22:00:00, 3124.3390474239795, 0.18154691698036091, null, null, 3124.3390474239795, 0.18154691698036091
2100-Sep-29 23:00:00, 3123.4639216081896, 0.18149606577906199, null, null, 3123.4639216081896, 0.18149606577906199
2100-Sep-30 00:00:00, 3124.8188975631033, 0.18157479977798568, null, null, 3124.8188975631033, 0.18157479977798568
2100-Sep-30 01:00:00, 3128.170778003906, 0.18176956851174914, null, null, 3128.170778003906, 0.18176956851174914
2100-Sep-30 02:00:00, 3133.3197838734914, 0.1820687633580664, null, null, 3133.3197838734914, 0.1820687633580664
2100-Sep-30 03:00:00, 3140.0913867650897, 0.18246224294185184, null, null, 3140.0913867650897, 0.18246224294185184
2100-Sep-30 04:00:00, 3148.4086539431532, 0.18294553690929891, null, null, 3148.4086539431532, 0.18294553690929891
2100-Sep-30 05:00:00, 3158.171440276466, 0.18351282609688319, null, null, 3158.171440276466, 0.18351282609688319
2100-Sep-30 06:00:00, 3169.2124627469275, 0.18415439013951673, null, null, 3169.2124627469275, 0.18415439013951673
2100-Sep-30 07:00:00, 3181.0749763133313, 0.18484368881450974, null, null, 3181.0749763133313, 0.18484368881450974
2100-Sep-30 08:00:00, 3192.8099446854221, 0.1855255761821985, null, null, 3192.8099446854221, 0.1855255761821985
2100-Sep-30 09:00:00, 3203.1863954756714, 0.18612852375657313, null, null, 3203.1863954756714, 0.18612852375657313
2100-Sep-30 10:00:00, 3210.8520198310111, 0.18657395251680609, null, null, 3210.8520198310111, 0.18657395251680609
2100-Sep-30 11:00:00, 3214.4375571203682, 0.18678229841996202, null, null, 3214.4375571203682, 0.18678229841996202
2100-Sep-30 12:00:00, 3213.4234318132926, 0.18672337033304931, null, null, 3213.4234318132926, 0.18672337033304931
2100-Sep-30 13:00:00, 3208.2944546161739, 0.18642533929887994, null, null, 3208.2944546161739, 0.18642533929887994
2100-Sep-30 14:00:00, 3199.9449313587152, 0.18594017101764068, null, null, 3199.9449313587152, 0.18594017101764068
2100-Sep-30 15:00:00, 3189.3063624967594, 0.18532199246894451, null, null, 3189.3063624967594, 0.18532199246894451
2100-Sep-30 16:00:00, 3177.3398179135229, 0.18462664883209245, null, null, 3177.3398179135229, 0.18462664883209245
2100-Sep-30 17:00:00, 3165.1119372304938, 0.18391611965919813, null, null, 3165.1119372304938, 0.18391611965919813
2100-Sep-30 18:00:00, 3153.694408832358, 0.18325267787239002, null, null, 3153.694408832358, 0.18325267787239002
2100-Sep-30 19:00:00, 3143.9063923795425, 0.1826839226305968, null, null, 3143.9063923795425, 0.1826839226305968
2100-Sep-30 20:00:00, 3136.3435229866313, 0.1822444646841424, null, null, 3136.3435229866313, 0.1822444646841424
2100-Sep-30 21:00:00, 3131.439688569902, 0.18195951608982341, null, null, 3131.439688569902, 0.18195951608982341
2100-Sep-30 22:00:00, 3129.3809325186671, 0.1818398873273098, null, null, 3129.3809325186671, 0.1818398873273098
2100-Sep-30 23:00:00, 3130.1096110992971, 0.18188222887468189, null, null, 3130.1096110992971, 0.18188222887468189
2100-Oct-01 00:00:00, 3133.4129531110275, 0.18207417717122026, null, null, 3133.4129531110275, 0.18207417717122026
2100-Oct-01 01:00:00, 3139.0136376558421, 0.18239961784736231, null, null, 3139.0136376558421, 0.18239961784736231
2100-Oct-01 02:00:00, 3146.6219761297889, 0.18284171787950412, null, null, 3146.6219761297889, 0.18284171787950412
2100-Oct-01 03:00:00, 3155.9603388034138, 0.18338434495272107, null, null, 3155.9603388034138, 0.18338434495272107
2100-Oct-01 04:00:00, 3166.7752216441022, 0.18401276863127466, null, null, 3166.7752216441022, 0.18401276863127466
2100-Oct-01 05:00:00, 3178.8983095963908, 0.18471720858116883, null, null, 3178.8983095963908, 0.18471720858116883
2100-Oct-01 06:00:00, 3192.1794828585303, 0.18548894174553568, null, null, 3192.1794828585303, 0.18548894174553568
2100-Oct-01 07:00:00, 3206.2172255603996, 0.18630463711988668, null, null, 3206.2172255603996, 0.18630463711988668
2100-Oct-01 08:00:00, 3220.2168999510468, 0.18711812044732723, null, null, 3220.2168999510468, 0.18711812044732723
2100-Oct-01 09:00:00, 3233.0746208877044, 0.18786524793893819, null, null, 3233.0746208877044, 0.18786524793893819
2100-Oct-01 10:00:00, 3243.2498346860443, 0.18845650217436688, null, null, 3243.2498346860443, 0.18845650217436688
2100-Oct-01 11:00:00, 3248.8435902850815, 0.18878154022815433, null, null, 3248.8435902850815, 0.18878154022815433
2100-Oct-01 12:00:00, 3248.3408628054644, 0.18875232808996431, null, null, 3248.3408628054644, 0.18875232808996431
2100-Oct-01 13:00:00, 3241.0838738443945, 0.18833064403056973, null, null, 3241.0838738443945, 0.18833064403056973
2100-Oct-01 14:00:00, 3227.3829114182472, 0.18753451804988219, null, null, 3227.3829114182472, 0.18753451804988219
2100-Oct-01 15:00:00, 3208.4523380635519, 0.18643451348025997, null, null, 3208.4523380635519, 0.18643451348025997
2100-Oct-01 16:00:00, 3186.4665374678557, 0.18515697789436233, null, null, 3186.4665374678557, 0.18515697789436233
2100-Oct-01 17:00:00, 3163.995298115608, 0.18385123477135143, null, null, 3163.995298115608, 0.18385123477135143
2100-Oct-01 18:00:00, 3143.1544647171963, 0.18264023014177944, null, null, 3143.1544647171963, 0.18264023014177944
2100-Oct-01 19:00:00, 3125.2484014388292, 0.1815997570900077, null, null, 3125.2484014388292, 0.1815997570900077
2100-Oct-01 20:00:00, 3110.9327108476382, 0.18076791091332009, null, null, 3110.9327108476382, 0.18076791091332009
2100-Oct-01 21:00:00, 3100.4263621222071, 0.1801574153202137, null, null, 3100.4263621222071, 0.1801574153202137
2100-Oct-01 22:00:00, 3093.6219266624125, 0.17976202792442639, null, null, 3093.6219266624125, 0.17976202792442639
2100-Oct-01 23:00:00, 3090.235030202572, 0.17956522450422052, null, null, 3090.235030202572, 0.17956522450422052
2100-Oct-02 00:00:00, 3089.9415356151626, 0.17954817032518111, null, null, 3089.9415356151626, 0.17954817032518111
2100-Oct-02 01:00:00, 3092.3230616095266, 0.17968655437871137, null, null, 3092.3230616095266, 0.17968655437871137
2100-Oct-02 02:00:00, 3096.9913983813981, 0.17995781883992856, null, null, 3096.9913983813981, 0.17995781883992856
2100-Oct-02 03:00:00, 3103.6059560678295, 0.18034217295032848, null, null, 3103.6059560678295, 0.18034217295032848
2100-Oct-02 04:00:00, 3111.8711333674091, 0.18082244011540199, null, null, 3111.8711333674091, 0.18082244011540199
2100-Oct-02 05:00:00, 3121.549116926873, 0.18138480164247631, null, null, 3121.549116926873, 0.18138480164247631
2100-Oct-02 06:00:00, 3132.4589450473386, 0.18201874233520912, null, null, 3132.4589450473386, 0.18201874233520912
2100-Oct-02 07:00:00, 3144.1948253844143, 0.18270068269472398, null, null, 3144.1948253844143, 0.18270068269472398
2100-Oct-02 08:00:00, 3155.2414034630201, 0.18334256955876557, null, null, 3155.2414034630201, 0.18334256955876557
2100-Oct-02 09:00:00, 3164.3629448281276, 0.18387259773042303, null, null, 3164.3629448281276, 0.18387259773042303
2100-Oct-02 10:00:00, 3170.7490732601732, 0.1842436784328309, null, null, 3170.7490732601732, 0.1842436784328309
2100-Oct-02 11:00:00, 3173.5171135064465, 0.18440452178726865, null, null, 3173.5171135064465, 0.18440452178726865
2100-Oct-02 12:00:00, 3171.7810450178908, 0.18430364352886583, null, null, 3171.7810450178908, 0.18430364352886583
2100-Oct-02 13:00:00, 3165.4507305862917, 0.18393580602751633, null, null, 3165.4507305862917, 0.18393580602751633
2100-Oct-02 14:00:00, 3154.9747689088022, 0.18332707614382437, null, null, 3154.9747689088022, 0.18332707614382437
2100-Oct-02 15:00:00, 3141.4678803637271, 0.18254222727302802, null, null, 3141.4678803637271, 0.18254222727302802
2100-Oct-02 16:00:00, 3126.8591014943104, 0.18169335052683197, null, null, 3126.8591014943104, 0.18169335052683197
2100-Oct-02 17:00:00, 3113.2507544143855, 0.18090260617416767, null, null, 3113.2507544143855, 0.18090260617416767
2100-Oct-02 18:00:00, 3102.0990588052878, 0.18025461121388822, null, null, 3102.0990588052878, 0.18025461121388822
2100-Oct-02 19:00:00, 3094.0447777698159, 0.17978659866202099, null, null, 3094.0447777698159, 0.17978659866202099
2100-Oct-02 20:00:00, 3089.2593587162751, 0.17950853086513904, null, null, 3089.2593587162751, 0.17950853086513904
2100-Oct-02 21:00:00, 3087.6635726647023, 0.17941580404086491, null, null, 3087.6635726647023, 0.17941580404086491
2100-Oct-02 22:00:00, 3089.0086218541569, 0.1794939612222162, null, null, 3089.0086218541569, 0.1794939612222162
2100-Oct-02 23:00:00, 3092.9003838147678, 0.1797201010152559, null, null, 3092.9003838147678, 0.1797201010152559
2100-Oct-03 00:00:00, 3098.9239451024073, 0.18007011391859776, null, null, 3098.9239451024073, 0.18007011391859776
2100-Oct-03 01:00:00, 3106.7694446388687, 0.18052599474055586, null, null, 3106.7694446388687, 0.18052599474055586
2100-Oct-03 02:00:00, 3116.2336421365603, 0.18107593373607422, null, null, 3116.2336421365603, 0.18107593373607422
2100-Oct-03 03:00:00, 3127.1683103840842, 0.18171131782160674, null, null, 3127.1683103840842, 0.18171131782160674
2100-Oct-03 04:00:00, 3139.5068630125375, 0.18242827784281268, null, null, 3139.5068630125375, 0.18242827784281268
2100-Oct-03 05:00:00, 3153.070869971908, 0.18321644571063875, null, null, 3153.070869971908, 0.18321644571063875
2100-Oct-03 06:00:00, 3167.6433604252416, 0.18406321383483121, null, null, 3167.6433604252416, 0.18406321383483121
2100-Oct-03 07:00:00, 3182.8939944801673, 0.18494938705503605, null, null, 3182.8939944801673, 0.18494938705503605
2100-Oct-03 08:00:00, 3198.0516336831543, 0.18583015659516386, null, null, 3198.0516336831543, 0.18583015659516386
2100-Oct-03 09:00:00, 3212.0562025236768, 0.18664392432588833, null, null, 3212.0562025236768, 0.18664392432588833
2100-Oct-03 10:00:00, 3223.9719099576869, 0.18733631395308584, null, null, 3223.9719099576869, 0.18733631395308584
2100-Oct-03 11:00:00, 3233.0945099519677, 0.18786640363882984, null, null, 3233.0945099519677, 0.18786640363882984
2100-Oct-03 12:00:00, 3238.973472617884, 0.18820801430618675, null, null, 3238.973472617884, 0.18820801430618675
2100-Oct-03 13:00:00, 3241.4487087172233, 0.18835184360121926, null, null, 3241.4487087172233, 0.18835184360121926
2100-Oct-03 14:00:00, 3240.6600879689458, 0.1883060189761247, null, null, 3240.6600879689458, 0.1883060189761247
2100-Oct-03 15:00:00, 3237.0460588036276, 0.18809601748688762, null, null, 3237.0460588036276, 0.18809601748688762
2100-Oct-03 16:00:00, 3231.3733423357889, 0.18776639122993929, null, null, 3231.3733423357889, 0.18776639122993929
2100-Oct-03 17:00:00, 3224.768378407568, 0.18738259458695855, null, null, 3224.768378407568, 0.18738259458695855
2100-Oct-03 18:00:00, 3218.3580197791862, 0.18701010593318049, null, null, 3218.3580197791862, 0.18701010593318049
2100-Oct-03 19:00:00, 3213.0166549886767, 0.18669973362868172, null, null, 3213.0166549886767, 0.18669973362868172
2100-Oct-03 20:00:00, 3209.2639453138363, 0.18648167378900096, null, null, 3209.2639453138363, 0.18648167378900096
2100-Oct-03 21:00:00, 3207.395976846145, 0.18637313117849091, null, null, 3207.395976846145, 0.18637313117849091
2100-Oct-03 22:00:00, 3207.6218826969698, 0.18638625795830657, null, null, 3207.6218826969698, 0.18638625795830657
2100-Oct-03 23:00:00, 3209.9921977833992, 0.186523990576208, null, null, 3209.9921977833992, 0.186523990576208
2100-Oct-04 00:00:00, 3214.4467330289494, 0.186782831607266, null, null, 3214.4467330289494, 0.186782831607266
2100-Oct-04 01:00:00, 3220.861671531834, 0.18715558638520136, null, null, 3220.861671531834, 0.18715558638520136
2100-Oct-04 02:00:00, 3229.0833167566184, 0.1876333240187967, null, null, 3229.0833167566184, 0.1876333240187967
2100-Oct-04 03:00:00, 3238.9706864036461, 0.18820785240679067, null, null, 3238.9706864036461, 0.18820785240679067
2100-Oct-04 04:00:00, 3250.4978684104144, 0.18887766586910543, null, null, 3250.4978684104144, 0.18887766586910543
2100-Oct-04 05:00:00, 3263.5496327613587, 0.18963606870026481, null, null, 3263.5496327613587, 0.18963606870026481
2100-Oct-04 06:00:00, 3277.8894330807175, 0.19046931582824217, null, null, 3277.8894330807175, 0.19046931582824217
2100-Oct-04 07:00:00, 3293.188491652289, 0.19135830286652819, null, null, 3293.188491652289, 0.19135830286652819
2100-Oct-04 08:00:00, 3308.6822848385787, 0.19225860540815581, null, null, 3308.6822848385787, 0.19225860540815581
2100-Oct-04 09:00:00, 3323.1274657509725, 0.19309797591822606, null, null, 3323.1274657509725, 0.19309797591822606
2100-Oct-04 10:00:00, 3334.8498930856767, 0.19377913456005033, null, null, 3334.8498930856767, 0.19377913456005033
2100-Oct-04 11:00:00, 3342.3699313693965, 0.19421610370624759, null, null, 3342.3699313693965, 0.19421610370624759
2100-Oct-04 12:00:00, 3344.8107095365399, 0.19435793074375915, null, null, 3344.8107095365399, 0.19435793074375915
2100-Oct-04 13:00:00, 3342.2528201982282, 0.19420929869189196, null, null, 3342.2528201982282, 0.19420929869189196
2100-Oct-04 14:00:00, 3335.1909491677588, 0.19379895240929126, null, null, 3335.1909491677588, 0.19379895240929126
2100-Oct-04 15:00:00, 3322.7980605113848, 0.19307883506802492, null, null, 3322.7980605113848, 0.19307883506802492
2100-Oct-04 16:00:00, 3305.9791546072529, 0.19210153379965089, null, null, 3305.9791546072529, 0.19210153379965089
2100-Oct-04 17:00:00, 3286.6145883117929, 0.19097631107054241, null, null, 3286.6145883117929, 0.19097631107054241
2100-Oct-04 18:00:00, 3266.9529279073595, 0.18983382500390289, null, null, 3266.9529279073595, 0.18983382500390289
2100-Oct-04 19:00:00, 3248.9347224261551, 0.18878683567112597, null, null, 3248.9347224261551, 0.18878683567112597
2100-Oct-04 20:00:00, 3233.800749724684, 0.18790744132758239, null, null, 3233.800749724684, 0.18790744132758239
2100-Oct-04 21:00:00, 3222.0188476235253, 0.18722282676745858, null, null, 3222.0188476235253, 0.18722282676745858
2100-Oct-04 22:00:00, 3213.6796105755502, 0.18673825619011469, null, null, 3213.6796105755502, 0.18673825619011469
2100-Oct-04 23:00:00, 3208.7110155356554, 0.18644954453061649, null, null, 3208.7110155356554, 0.18644954453061649
2100-Oct-05 00:00:00, 3206.9159201476182, 0.18634523637825623, null, null, 3206.9159201476182, 0.18634523637825623
2100-Oct-05 01:00:00, 3207.9931550011611, 0.18640783159073349, null, null, 3207.9931550011611, 0.18640783159073349
2100-Oct-05 02:00:00, 3211.6435225697473, 0.18661994460659465, null, null, 3211.6435225697473, 0.18661994460659465
2100-Oct-05 03:00:00, 3217.6602057906657, 0.18696955784402669, null, null, 3217.6602057906657, 0.18696955784402669
2100-Oct-05 04:00:00, 3225.798033225225, 0.18744242505185438, null, null, 3225.798033225225, 0.18744242505185438
2100-Oct-05 05:00:00, 3235.8162436431599, 0.18802455624422168, null, null, 3235.8162436431599, 0.18802455624422168
2100-Oct-05 06:00:00, 3247.4985024434604, 0.18870338080082988, null, null, 3247.4985024434604, 0.18870338080082988
2100-Oct-05 07:00:00, 3260.094849730116, 0.18943532057445711, null, null, 3260.094849730116, 0.18943532057445711
2100-Oct-05 08:00:00, 3272.6250635579586, 0.19016341751112764, null, null, 3272.6250635579586, 0.19016341751112764
2100-Oct-05 09:00:00, 3284.0579218505295, 0.19082775007676289, null, null, 3284.0579218505295, 0.19082775007676289
2100-Oct-05 10:00:00, 3292.9361956867406, 0.19134364262830927, null, null, 3292.9361956867406, 0.19134364262830927
2100-Oct-05 11:00:00, 3297.4286280496049, 0.19160468575866135, null, null, 3297.4286280496049, 0.19160468575866135
2100-Oct-05 12:00:00, 3296.0836728857785, 0.19152653404088577, null, null, 3296.0836728857785, 0.19152653404088577
2100-Oct-05 13:00:00, 3288.2207337431628, 0.19106963985044154, null, null, 3288.2207337431628, 0.19106963985044154
2100-Oct-05 14:00:00, 3274.3425459229516, 0.1902632157800094, null, null, 3274.3425459229516, 0.1902632157800094
2100-Oct-05 15:00:00, 3255.0128211705992, 0.18914001759901752, null, null, 3255.0128211705992, 0.18914001759901752
2100-Oct-05 16:00:00, 3231.8286918561435, 0.18779285036267554, null, null, 3231.8286918561435, 0.18779285036267554
2100-Oct-05 17:00:00, 3207.2804870464843, 0.18636642037766141, null, null, 3207.2804870464843, 0.18636642037766141
2100-Oct-05 18:00:00, 3183.7501916513361, 0.18499913836383883, null, null, 3183.7501916513361, 0.18499913836383883
2100-Oct-05 19:00:00, 3163.1021724208549, 0.18379933764562428, null, null, 3163.1021724208549, 0.18379933764562428
2100-Oct-05 20:00:00, 3146.4699048584198, 0.18283288142799894, null, null, 3146.4699048584198, 0.18283288142799894
2100-Oct-05 21:00:00, 3134.2565628688426, 0.18212319705937619, null, null, 3134.2565628688426, 0.18212319705937619
2100-Oct-05 22:00:00, 3126.3038297813405, 0.18166108518493215, null, null, 3126.3038297813405, 0.18166108518493215
2100-Oct-05 23:00:00, 3122.2203499324601, 0.1814238051823899, null, null, 3122.2203499324601, 0.1814238051823899
2100-Oct-06 00:00:00, 3121.5685594471179, 0.1813859313948992, null, null, 3121.5685594471179, 0.1813859313948992
2100-Oct-06 01:00:00, 3124.0156145322835, 0.18152812316719077, null, null, 3124.0156145322835, 0.18152812316719077
2100-Oct-06 02:00:00, 3129.2703504540423, 0.18183346170172907, null, null, 3129.2703504540423, 0.18183346170172907
2100-Oct-06 03:00:00, 3137.12791636985, 0.18229004366845289, null, null, 3137.12791636985, 0.18229004366845289
2100-Oct-06 04:00:00, 3147.3206343584711, 0.18288231502517716, null, null, 3147.3206343584711, 0.18288231502517716
2100-Oct-06 05:00:00, 3159.5463233324012, 0.18359271684376591, null, null, 3159.5463233324012, 0.18359271684376591
2100-Oct-06 06:00:00, 3173.5130289949348, 0.18440428444731896, null, null, 3173.5130289949348, 0.18440428444731896
2100-Oct-06 07:00:00, 3188.3696350687032, 0.18526756176407119, null, null, 3188.3696350687032, 0.18526756176407119
2100-Oct-06 08:00:00, 3202.9319704481632, 0.18611373980430493, null, null, 3202.9319704481632, 0.18611373980430493
2100-Oct-06 09:00:00, 3214.9103627778431, 0.18680977188175427, null, null, 3214.9103627778431, 0.18680977188175427
2100-Oct-06 10:00:00, 3222.252609820599, 0.18723641005836941, null, null, 3222.252609820599, 0.18723641005836941
2100-Oct-06 11:00:00, 3224.2664265444837, 0.18735342751775375, null, null, 3224.2664265444837, 0.18735342751775375
2100-Oct-06 12:00:00, 3221.1229033151981, 0.1871707658596973, null, null, 3221.1229033151981, 0.1871707658596973
2100-Oct-06 13:00:00, 3213.3668060109844, 0.18672007996037382, null, null, 3213.3668060109844, 0.18672007996037382
2100-Oct-06 14:00:00, 3201.75562986569, 0.18604538582516716, null, null, 3201.75562986569, 0.18604538582516716
2100-Oct-06 15:00:00, 3187.1100971415972, 0.18519437341158604, null, null, 3187.1100971415972, 0.18519437341158604
2100-Oct-06 16:00:00, 3170.6395470155012, 0.18423731415810055, null, null, 3170.6395470155012, 0.18423731415810055
2100-Oct-06 17:00:00, 3153.8905384877548, 0.18326407443778361, null, null, 3153.8905384877548, 0.18326407443778361
2100-Oct-06 18:00:00, 3138.41105595505, 0.18236460344964583, null, null, 3138.41105595505, 0.18236460344964583
2100-Oct-06 19:00:00, 3125.4935538499326, 0.18161400223554106, null, null, 3125.4935538499326, 0.18161400223554106
2100-Oct-06 20:00:00, 3115.909659601823, 0.18105710798462912, null, null, 3115.909659601823, 0.18105710798462912
2100-Oct-06 21:00:00, 3109.8333785819468, 0.18070403167981056, null, null, 3109.8333785819468, 0.18070403167981056
2100-Oct-06 22:00:00, 3107.0683775078878, 0.18054336492347478, null, null, 3107.0683775078878, 0.18054336492347478
2100-Oct-06 23:00:00, 3107.3126350696007, 0.18055755807172311, null, null, 3107.3126350696007, 0.18055755807172311
2100-Oct-07 00:00:00, 3110.2184449106744, 0.1807264068458064, null, null, 3110.2184449106744, 0.1807264068458064
2100-Oct-07 01:00:00, 3115.4698485982963, 0.18103155175320471, null, null, 3115.4698485982963, 0.18103155175320471
2100-Oct-07 02:00:00, 3122.7772167656967, 0.18145616321242702, null, null, 3122.7772167656967, 0.18145616321242702
2100-Oct-07 03:00:00, 3131.8500713215731, 0.18198336232488849, null, null, 3131.8500713215731, 0.18198336232488849
2100-Oct-07 04:00:00, 3142.2741962062437, 0.18258908011233238, null, null, 3142.2741962062437, 0.18258908011233238
2100-Oct-07 05:00:00, 3153.6611756815801, 0.18325074678361455, null, null, 3153.6611756815801, 0.18325074678361455
2100-Oct-07 06:00:00, 3165.749491496123, 0.18395316621835056, null, null, 3165.749491496123, 0.18395316621835056
2100-Oct-07 07:00:00, 3178.2754596335708, 0.18468101644940113, null, null, 3178.2754596335708, 0.18468101644940113
2100-Oct-07 08:00:00, 3190.8275731679814, 0.18541038591896578, null, null, 3190.8275731679814, 0.18541038591896578
2100-Oct-07 09:00:00, 3202.8972388738648, 0.18611172164617931, null, null, 3202.8972388738648, 0.18611172164617931
2100-Oct-07 10:00:00, 3214.0615463081785, 0.18676044944561315, null, null, 3214.0615463081785, 0.18676044944561315
2100-Oct-07 11:00:00, 3223.9661223699572, 0.18733597765196963, null, null, 3223.9661223699572, 0.18733597765196963
2100-Oct-07 12:00:00, 3232.3838825142593, 0.18782511099469637, null, null, 3232.3838825142593, 0.18782511099469637
2100-Oct-07 13:00:00, 3239.2026772401177, 0.18822133276871358, null, null, 3239.2026772401177, 0.18822133276871358
2100-Oct-07 14:00:00, 3244.411590016638, 0.18852400864384836, null, null, 3244.411590016638, 0.18852400864384836
2100-Oct-07 15:00:00, 3248.1837481478451, 0.18874319858088406, null, null, 3248.1837481478451, 0.18874319858088406
2100-Oct-07 16:00:00, 3250.9430617101984, 0.18890353485125153, null, null, 3250.9430617101984, 0.18890353485125153
2100-Oct-07 17:00:00, 3253.2385475914871, 0.18903691934582598, null, null, 3253.2385475914871, 0.18903691934582598
2100-Oct-07 18:00:00, 3255.9553299297227, 0.18919478424144928, null, null, 3255.9553299297227, 0.18919478424144928
2100-Oct-07 19:00:00, 3259.9310593348837, 0.18942580315626592, null, null, 3259.9310593348837, 0.18942580315626592
2100-Oct-07 20:00:00, 3265.57915700985, 0.18975399888154723, null, null, 3265.57915700985, 0.18975399888154723
2100-Oct-07 21:00:00, 3272.9099631739487, 0.19017997225955499, null, null, 3272.9099631739487, 0.19017997225955499
2100-Oct-07 22:00:00, 3281.8723509419497, 0.19070075244485679, null, null, 3281.8723509419497, 0.19070075244485679
2100-Oct-07 23:00:00, 3292.3209825389044, 0.19130789425126693, null, null, 3292.3209825389044, 0.19130789425126693
2100-Oct-08 00:00:00, 3304.1443270618256, 0.19199491691876608, null, null, 3304.1443270618256, 0.19199491691876608
2100-Oct-08 01:00:00, 3317.442448211536, 0.19276763487917814, null, null, 3317.442448211536, 0.19276763487917814
2100-Oct-08 02:00:00, 3332.2667754638646, 0.1936290365606593, null, null, 3332.2667754638646, 0.1936290365606593
2100-Oct-08 03:00:00, 3348.8590891552867, 0.19459317116657934, null, null, 3348.8590891552867, 0.19459317116657934
2100-Oct-08 04:00:00, 3367.2731838668865, 0.19566316455498306, null, null, 3367.2731838668865, 0.19566316455498306
2100-Oct-08 05:00:00, 3387.5233972664741, 0.19683984984908415, null, null, 3387.5233972664741, 0.19683984984908415
2100-Oct-08 06:00:00, 3409.5248831507206, 0.19811829686480262, null, null, 3409.5248831507206, 0.19811829686480262
2100-Oct-08 07:00:00, 3432.785039757598, 0.19946988184209266, null, null, 3432.785039757598, 0.19946988184209266
2100-Oct-08 08:00:00, 3456.3015675082024, 0.2008363638552165, null, null, 3456.3015675082024, 0.2008363638552165
2100-Oct-08 09:00:00, 3478.6416007910311, 0.20213448294734263, null, null, 3478.6416007910311, 0.20213448294734263
2100-Oct-08 10:00:00, 3498.7308130027841, 0.20330181289657301, null, null, 3498.7308130027841, 0.20330181289657301
2100-Oct-08 11:00:00, 3515.5711061641305, 0.20428035692079108, null, null, 3515.5711061641305, 0.20428035692079108
2100-Oct-08 12:00:00, 3528.7584143951667, 0.20504663584131613, null, null, 3528.7584143951667, 0.20504663584131613
2100-Oct-08 13:00:00, 3537.7388204383833, 0.20556846302000278, null, null, 3537.7388204383833, 0.20556846302000278
2100-Oct-08 14:00:00, 3541.6645496265855, 0.20579657655704212, null, null, 3541.6645496265855, 0.20579657655704212
2100-Oct-08 15:00:00, 3540.3429331908505, 0.20571978098982091, null, null, 3540.3429331908505, 0.20571978098982091
2100-Oct-08 16:00:00, 3535.1506092640739, 0.20541806904801135, null, null, 3535.1506092640739, 0.20541806904801135
2100-Oct-08 17:00:00, 3528.3175809485183, 0.20502102019847904, null, null, 3528.3175809485183, 0.20502102019847904
2100-Oct-08 18:00:00, 3521.7919546152498, 0.20464183364919991, null, null, 3521.7919546152498, 0.20464183364919991
2100-Oct-08 19:00:00, 3516.8934707974977, 0.20435719596375909, null, null, 3516.8934707974977, 0.20435719596375909
2100-Oct-08 20:00:00, 3514.2945316867554, 0.20420617862031043, null, null, 3514.2945316867554, 0.20420617862031043
2100-Oct-08 21:00:00, 3514.2740365510722, 0.20420498770324289, null, null, 3514.2740365510722, 0.20420498770324289
2100-Oct-08 22:00:00, 3516.9623058401867, 0.20436119578246978, null, null, 3516.9623058401867, 0.20436119578246978
2100-Oct-08 23:00:00, 3522.3266804815294, 0.20467290512735228, null, null, 3522.3266804815294, 0.20467290512735228
2100-Oct-09 00:00:00, 3530.2644640904232, 0.20513414832790702, null, null, 3530.2644640904232, 0.20513414832790702
2100-Oct-09 01:00:00, 3540.6988563139562, 0.20574046272272539, null, null, 3540.6988563139562, 0.20574046272272539
2100-Oct-09 02:00:00, 3553.5225783090787, 0.20648561462752499, null, null, 3553.5225783090787, 0.20648561462752499
2100-Oct-09 03:00:00, 3568.6042798876051, 0.2073619716370681, null, null, 3568.6042798876051, 0.2073619716370681
2100-Oct-09 04:00:00, 3585.7972944736439, 0.20836101135212953, null, null, 3585.7972944736439, 0.20836101135212953
2100-Oct-09 05:00:00, 3604.9167338690809, 0.20947199041808473, null, null, 3604.9167338690809, 0.20947199041808473
2100-Oct-09 06:00:00, 3625.6957843614287, 0.21067940500958859, null, null, 3625.6957843614287, 0.21067940500958859
2100-Oct-09 07:00:00, 3647.5588121631954, 0.21194980659949902, null, null, 3647.5588121631954, 0.21194980659949902
2100-Oct-09 08:00:00, 3669.3307141394739, 0.21321491311341945, null, null, 3669.3307141394739, 0.21321491311341945
2100-Oct-09 09:00:00, 3689.13579341168, 0.21436573286372318, null, null, 3689.13579341168, 0.21436573286372318
2100-Oct-09 10:00:00, 3704.6175427414155, 0.21526533556932378, null, null, 3704.6175427414155, 0.21526533556932378
2100-Oct-09 11:00:00, 3713.2758412993248, 0.21576844595063147, null, null, 3713.2758412993248, 0.21576844595063147
2100-Oct-09 12:00:00, 3712.419446996325, 0.21571868318702955, null, null, 3712.419446996325, 0.21571868318702955
2100-Oct-09 13:00:00, 3701.3289346503911, 0.21507424342118628, null, null, 3701.3289346503911, 0.21507424342118628
2100-Oct-09 14:00:00, 3681.5608594781215, 0.21392557387934491, null, null, 3681.5608594781215, 0.21392557387934491
2100-Oct-09 15:00:00, 3656.0140271009059, 0.21244111633927046, null, null, 3656.0140271009059, 0.21244111633927046
2100-Oct-09 16:00:00, 3627.7716864282629, 0.2108000300808329, null, null, 3627.7716864282629, 0.2108000300808329
2100-Oct-09 17:00:00, 3599.7149446521748, 0.20916972847378978, null, null, 3599.7149446521748, 0.20916972847378978
2100-Oct-09 18:00:00, 3573.9558425622099, 0.20767293651311214, null, null, 3573.9558425622099, 0.20767293651311214
2100-Oct-09 19:00:00, 3551.8617342951238, 0.20638910746049155, null, null, 3551.8617342951238, 0.20638910746049155
2100-Oct-09 20:00:00, 3534.0460482759499, 0.20535388598754101, null, null, 3534.0460482759499, 0.20535388598754101
2100-Oct-09 21:00:00, 3520.4406151714375, 0.20456331095813013, null, null, 3520.4406151714375, 0.20456331095813013
2100-Oct-09 22:00:00, 3510.7200800364167, 0.20399847687374439, null, null, 3510.7200800364167, 0.20399847687374439
2100-Oct-09 23:00:00, 3504.6273144542315, 0.2036444426954622, null, null, 3504.6273144542315, 0.2036444426954622
2100-Oct-10 00:00:00, 3501.7603291175851, 0.20347784990863735, null, null, 3501.7603291175851, 0.20347784990863735
2100-Oct-10 01:00:00, 3501.7371500888057, 0.20347650303777934, null, null, 3501.7371500888057, 0.20347650303777934
2100-Oct-10 02:00:00, 3504.2602226348663, 0.20362311197973548, null, null, 3504.2602226348663, 0.20362311197973548
2100-Oct-10 03:00:00, 3509.0476933401906, 0.20390129899257009, null, null, 3509.0476933401906, 0.20390129899257009
2100-Oct-10 04:00:00, 3515.8791639948495, 0.20429825733062809, null, null, 3515.8791639948495, 0.20429825733062809
2100-Oct-10 05:00:00, 3524.5431234733278, 0.20480169665276485, null, null, 3524.5431234733278, 0.20480169665276485
2100-Oct-10 06:00:00, 3534.7812257887358, 0.20539660517033573, null, null, 3534.7812257887358, 0.20539660517033573
2100-Oct-10 07:00:00, 3546.0936835976213, 0.20605394158853493, null, null, 3546.0936835976213, 0.20605394158853493
2100-Oct-10 08:00:00, 3557.2835134294396, 0.20670415242566428, null, null, 3557.2835134294396, 0.20670415242566428
2100-Oct-10 09:00:00, 3566.5508043850809, 0.20724264971300058, null, null, 3566.5508043850809, 0.20724264971300058
2100-Oct-10 10:00:00, 3570.6143672473895, 0.20747877239316112, null, null, 3570.6143672473895, 0.20747877239316112
2100-Oct-10 11:00:00, 3567.7938725835384, 0.20731488105396606, null, null, 3567.7938725835384, 0.20731488105396606
2100-Oct-10 12:00:00, 3558.9223271641572, 0.2067993794725779, null, null, 3558.9223271641572, 0.2067993794725779
2100-Oct-10 13:00:00, 3545.9080736525184, 0.20604315629513917, null, null, 3545.9080736525184, 0.20604315629513917
2100-Oct-10 14:00:00, 3530.5272924899291, 0.20514942057746152, null, null, 3530.5272924899291, 0.20514942057746152
2100-Oct-10 15:00:00, 3514.0918414059206, 0.20419440083466395, null, null, 3514.0918414059206, 0.20419440083466395
2100-Oct-10 16:00:00, 3497.5641172316055, 0.20323401935141147, null, null, 3497.5641172316055, 0.20323401935141147
2100-Oct-10 17:00:00, 3481.745845516527, 0.20231486223746192, null, null, 3481.745845516527, 0.20231486223746192
2100-Oct-10 18:00:00, 3467.1994670389654, 0.20146961140976824, null, null, 3467.1994670389654, 0.20146961140976824
2100-Oct-10 19:00:00, 3454.4810611544995, 0.2007305791401644, null, null, 3454.4810611544995, 0.2007305791401644
2100-Oct-10 20:00:00, 3444.0239780428615, 0.20012294623902629, null, null, 3444.0239780428615, 0.20012294623902629
2100-Oct-10 21:00:00, 3436.0188789615759, 0.1996577915178932, null, null, 3436.0188789615759, 0.1996577915178932
2100-Oct-10 22:00:00, 3430.398981282729, 0.19933123441834252, null, null, 3430.398981282729, 0.19933123441834252
2100-Oct-10 23:00:00, 3427.0631374344553, 0.19913739752772677, null, null, 3427.0631374344553, 0.19913739752772677
2100-Oct-11 00:00:00, 3425.832664455299, 0.1990658980609907, null, null, 3425.832664455299, 0.1990658980609907
2100-Oct-11 01:00:00, 3426.5681076312922, 0.19910863268075801, null, null, 3426.5681076312922, 0.19910863268075801
2100-Oct-11 02:00:00, 3429.0283755707919, 0.19925159221638528, null, null, 3429.0283755707919, 0.19925159221638528
2100-Oct-11 03:00:00, 3432.9230680807555, 0.19947790229574536, null, null, 3432.9230680807555, 0.19947790229574536
2100-Oct-11 04:00:00, 3438.0194598922799, 0.19977403988102732, null, null, 3438.0194598922799, 0.19977403988102732
2100-Oct-11 05:00:00, 3444.3476560311542, 0.20014175429409875, null, null, 3444.3476560311542, 0.20014175429409875
2100-Oct-11 06:00:00, 3452.0172564469522, 0.20058741409248312, null, null, 3452.0172564469522, 0.20058741409248312
2100-Oct-11 07:00:00, 3460.6198256852858, 0.20108728619330946, null, null, 3460.6198256852858, 0.20108728619330946
2100-Oct-11 08:00:00, 3469.5098282971144, 0.20160386027237925, null, null, 3469.5098282971144, 0.20160386027237925
2100-Oct-11 09:00:00, 3477.9865073811975, 0.20209641723581637, null, null, 3477.9865073811975, 0.20209641723581637
2100-Oct-11 10:00:00, 3485.3689160448785, 0.20252538909592399, null, null, 3485.3689160448785, 0.20252538909592399
2100-Oct-11 11:00:00, 3490.9788057469423, 0.20285136465893125, null, null, 3490.9788057469423, 0.20285136465893125
2100-Oct-11 12:00:00, 3494.2424750113614, 0.20304100767910455, null, null, 3494.2424750113614, 0.20304100767910455
2100-Oct-11 13:00:00, 3494.8375350513329, 0.20307558501339357, null, null, 3494.8375350513329, 0.20307558501339357
2100-Oct-11 14:00:00, 3492.8238632430516, 0.20295857597466421, null, null, 3492.8238632430516, 0.20295857597466421
2100-Oct-11 15:00:00, 3488.5697024479241, 0.20271137816259227, null, null, 3488.5697024479241, 0.20271137816259227
2100-Oct-11 16:00:00, 3482.7284919709314, 0.2023719611731315, null, null, 3482.7284919709314, 0.2023719611731315
2100-Oct-11 17:00:00, 3476.1769419554707, 0.20199126826858574, null, null, 3476.1769419554707, 0.20199126826858574
2100-Oct-11 18:00:00, 3469.7220802379975, 0.20161619366030722, null, null, 3469.7220802379975, 0.20161619366030722
2100-Oct-11 19:00:00, 3463.9094886639041, 0.20127843963812045, null, null, 3463.9094886639041, 0.20127843963812045
2100-Oct-11 20:00:00, 3459.4369100620352, 0.20101855015628231, null, null, 3459.4369100620352, 0.20101855015628231
2100-Oct-11 21:00:00, 3457.001730319997, 0.20087704842815696, null, null, 3457.001730319997, 0.20087704842815696
2100-Oct-11 22:00:00, 3457.2398647963173, 0.20089088578042458, null, null, 3457.2398647963173, 0.20089088578042458
2100-Oct-11 23:00:00, 3460.6376009249416, 0.20108831906455329, null, null, 3460.6376009249416, 0.20108831906455329
2100-Oct-12 00:00:00, 3468.2357189587719, 0.20152982521448029, null, null, 3468.2357189587719, 0.20152982521448029
2100-Oct-12 01:00:00, 3480.0439503575549, 0.2022159696990897, null, null, 3480.0439503575549, 0.2022159696990897
2100-Oct-12 02:00:00, 3495.8275619544584, 0.20313311280703628, null, null, 3495.8275619544584, 0.20313311280703628
2100-Oct-12 03:00:00, 3515.1791282425852, 0.20425758014077433, null, null, 3515.1791282425852, 0.20425758014077433
2100-Oct-12 04:00:00, 3537.6506118118705, 0.20556333745457875, null, null, 3537.6506118118705, 0.20556333745457875
2100-Oct-12 05:00:00, 3562.7164159022445, 0.20701984373804153, null, null, 3562.7164159022445, 0.20701984373804153
2100-Oct-12 06:00:00, 3589.8049061119309, 0.20859388285753977, null, null, 3589.8049061119309, 0.20859388285753977
2100-Oct-12 07:00:00, 3618.2726423081194, 0.21024806624205095, null, null, 3618.2726423081194, 0.21024806624205095
2100-Oct-12 08:00:00, 3647.1278146467757, 0.21192476249604403, null, null, 3647.1278146467757, 0.21192476249604403
2100-Oct-12 09:00:00, 3675.4788191397479, 0.21357216291605899, null, null, 3675.4788191397479, 0.21357216291605899
2100-Oct-12 10:00:00, 3702.5776570276885, 0.21514680331123714, null, null, 3702.5776570276885, 0.21514680331123714
2100-Oct-12 11:00:00, 3727.7733050974061, 0.21661085447820344, null, null, 3727.7733050974061, 0.21661085447820344
2100-Oct-12 12:00:00, 3750.8105553476094, 0.21794948696819449, null, null, 3750.8105553476094, 0.21794948696819449
2100-Oct-12 13:00:00, 3771.6486413839584, 0.21916033195596554, null, null, 3771.6486413839584, 0.21916033195596554
2100-Oct-12 14:00:00, 3790.1423047002272, 0.22023494886142259, null, null, 3790.1423047002272, 0.22023494886142259
2100-Oct-12 15:00:00, 3806.2759457379948, 0.22117243123629143, null, null, 3806.2759457379948, 0.22117243123629143
2100-Oct-12 16:00:00, 3820.4210120396674, 0.22199436289561914, null, null, 3820.4210120396674, 0.22199436289561914
2100-Oct-12 17:00:00, 3833.4228026956507, 0.22274986189012294, null, null, 3833.4228026956507, 0.22274986189012294
2100-Oct-12 18:00:00, 3846.2994795424952, 0.22349809085855851, null, null, 3846.2994795424952, 0.22349809085855851
2100-Oct-12 19:00:00, 3859.8206681100555, 0.22428377066510019, null, null, 3859.8206681100555, 0.22428377066510019
2100-Oct-12 20:00:00, 3874.4097134425597, 0.22513150074867949, null, null, 3874.4097134425597, 0.22513150074867949
2100-Oct-12 21:00:00, 3890.2757701823853, 0.22605343452156043, null, null, 3890.2757701823853, 0.22605343452156043
2100-Oct-12 22:00:00, 3907.5436648695741, 0.22705682531737864, null, null, 3907.5436648695741, 0.22705682531737864
2100-Oct-12 23:00:00, 3926.2504121249781, 0.22814382395593857, null, null, 3926.2504121249781, 0.22814382395593857
2100-Oct-13 00:00:00, 3946.2933250671504, 0.22930846357946383, null, null, 3946.2933250671504, 0.22930846357946383
2100-Oct-13 01:00:00, 3967.5255834875866, 0.23054221286155235, null, null, 3967.5255834875866, 0.23054221286155235
2100-Oct-13 02:00:00, 3989.8231367960334, 0.23183786355691827, null, null, 3989.8231367960334, 0.23183786355691827
2100-Oct-13 03:00:00, 4013.1272449979001, 0.23319200244287366, null, null, 4013.1272449979001, 0.23319200244287366
2100-Oct-13 04:00:00, 4037.3994597944702, 0.23460239539245947, null, null, 4037.3994597944702, 0.23460239539245947
2100-Oct-13 05:00:00, 4062.5413579564765, 0.23606332329723018, null, null, 4062.5413579564765, 0.23606332329723018
2100-Oct-13 06:00:00, 4088.452880376291, 0.23756897199226007, null, null, 4088.452880376291, 0.23756897199226007
2100-Oct-13 07:00:00, 4114.7326887209019, 0.23909602078926326, null, null, 4114.7326887209019, 0.23909602078926326
2100-Oct-13 08:00:00, 4140.365221164443, 0.24058545812909382, null, null, 4140.365221164443, 0.24058545812909382
2100-Oct-13 09:00:00, 4164.0501110404739, 0.24196172321132237, null, null, 4164.0501110404739, 0.24196172321132237
2100-Oct-13 10:00:00, 4184.312732366363, 0.24313912949656169, null, null, 4184.312732366363, 0.24313912949656169
2100-Oct-13 11:00:00, 4199.8307001394469, 0.24404083675823895, null, null, 4199.8307001394469, 0.24404083675823895
2100-Oct-13 12:00:00, 4209.3801501473408, 0.24459572954723399, null, null, 4209.3801501473408, 0.24459572954723399
2100-Oct-13 13:00:00, 4212.0515382664571, 0.24475095670719393, null, null, 4212.0515382664571, 0.24475095670719393
2100-Oct-13 14:00:00, 4208.0208593820671, 0.24451674482631558, null, null, 4208.0208593820671, 0.24451674482631558
2100-Oct-13 15:00:00, 4198.7138239065989, 0.24397593809210688, null, null, 4198.7138239065989, 0.24397593809210688
2100-Oct-13 16:00:00, 4185.8616638224066, 0.24322913372663732, null, null, 4185.8616638224066, 0.24322913372663732
2100-Oct-13 17:00:00, 4171.5674725776598, 0.24239853681899662, null, null, 4171.5674725776598, 0.24239853681899662
2100-Oct-13 18:00:00, 4157.8081215565908, 0.24159901803450837, null, null, 4157.8081215565908, 0.24159901803450837
2100-Oct-13 19:00:00, 4145.9887445877448, 0.24091222591087766, null, null, 4145.9887445877448, 0.24091222591087766
2100-Oct-13 20:00:00, 4136.9096943053883, 0.24038466678145778, null, null, 4136.9096943053883, 0.24038466678145778
2100-Oct-13 21:00:00, 4130.8923019231333, 0.24003501233657279, null, null, 4130.8923019231333, 0.24003501233657279
2100-Oct-13 22:00:00, 4127.9216844439652, 0.23986239776539955, null, null, 4127.9216844439652, 0.23986239776539955
2100-Oct-13 23:00:00, 4127.8156811618046, 0.23985623820052071, null, null, 4127.8156811618046, 0.23985623820052071
2100-Oct-14 00:00:00, 4130.3409526017804, 0.24000297491427275, null, null, 4130.3409526017804, 0.24000297491427275
2100-Oct-14 01:00:00, 4135.3072580422277, 0.24029155353132117, null, null, 4135.3072580422277, 0.24029155353132117
2100-Oct-14 02:00:00, 4142.6254914922483, 0.24071679634281734, null, null, 4142.6254914922483, 0.24071679634281734
2100-Oct-14 03:00:00, 4152.1564348355141, 0.24127061375943576, null, null, 4152.1564348355141, 0.24127061375943576
2100-Oct-14 04:00:00, 4163.8271002796973, 0.24194876465738252, null, null, 4163.8271002796973, 0.24194876465738252
2100-Oct-14 05:00:00, 4177.4777556984372, 0.24274196743352705, null, null, 4177.4777556984372, 0.24274196743352705
2100-Oct-14 06:00:00, 4192.9001435138907, 0.24363812080160649, null, null, 4192.9001435138907, 0.24363812080160649
2100-Oct-14 07:00:00, 4209.6106153211276, 0.24460912125701237, null, null, 4209.6106153211276, 0.24460912125701237
2100-Oct-14 08:00:00, 4226.5400313596583, 0.24559284397129563, null, null, 4226.5400313596583, 0.24559284397129563
2100-Oct-14 09:00:00, 4242.1506653728293, 0.24649993581830137, null, null, 4242.1506653728293, 0.24649993581830137
2100-Oct-14 10:00:00, 4253.9884867696273, 0.2471877996979033, null, null, 4253.9884867696273, 0.2471877996979033
2100-Oct-14 11:00:00, 4257.8847912599222, 0.2474142034450936, null, null, 4257.8847912599222, 0.2474142034450936
2100-Oct-14 12:00:00, 4250.4228740619155, 0.24698061155845832, null, null, 4250.4228740619155, 0.24698061155845832
2100-Oct-14 13:00:00, 4230.4539952669011, 0.24582027385958455, null, null, 4230.4539952669011, 0.24582027385958455
2100-Oct-14 14:00:00, 4199.794429347603, 0.2440387291603324, null, null, 4199.794429347603, 0.2440387291603324
2100-Oct-14 15:00:00, 4162.1319593645649, 0.24185026458990638, null, null, 4162.1319593645649, 0.24185026458990638
2100-Oct-14 16:00:00, 4120.9385562540647, 0.23945662701692705, null, null, 4120.9385562540647, 0.23945662701692705
2100-Oct-14 17:00:00, 4079.915423508477, 0.23707288339570318, null, null, 4079.915423508477, 0.23707288339570318
2100-Oct-14 18:00:00, 4042.2765553312556, 0.23488579026256876, null, null, 4042.2765553312556, 0.23488579026256876
2100-Oct-14 19:00:00, 4010.1934786532051, 0.2330215291917522, null, null, 4010.1934786532051, 0.2330215291917522
2100-Oct-14 20:00:00, 3984.7636055934286, 0.23154386784222267, null, null, 3984.7636055934286, 0.23154386784222267
2100-Oct-14 21:00:00, 3966.1239700380042, 0.23046076888357575, null, null, 3966.1239700380042, 0.23046076888357575
2100-Oct-14 22:00:00, 3953.8046505729772, 0.22974492644963251, null, null, 3953.8046505729772, 0.22974492644963251
2100-Oct-14 23:00:00, 3947.1119012883923, 0.2293560288363147, null, null, 3947.1119012883923, 0.2293560288363147
2100-Oct-15 00:00:00, 3945.494531860315, 0.22926204786023344, null, null, 3945.494531860315, 0.22926204786023344
2100-Oct-15 01:00:00, 3948.2889368141123, 0.22942442319673054, null, null, 3948.2889368141123, 0.22942442319673054
2100-Oct-15 02:00:00, 3954.8229033586717, 0.22980409437319765, null, null, 3954.8229033586717, 0.22980409437319765
2100-Oct-15 03:00:00, 3964.5140084843306, 0.23036721835910007, null, null, 3964.5140084843306, 0.23036721835910007
2100-Oct-15 04:00:00, 3976.950659710235, 0.23108987862527205, null, null, 3976.950659710235, 0.23108987862527205
2100-Oct-15 05:00:00, 3991.9057245145514, 0.23195887711335347, null, null, 3991.9057245145514, 0.23195887711335347
2100-Oct-15 06:00:00, 4009.2211939388849, 0.23296503234885754, null, null, 4009.2211939388849, 0.23296503234885754
2100-Oct-15 07:00:00, 4028.5405085809361, 0.23408762562641164, null, null, 4028.5405085809361, 0.23408762562641164
2100-Oct-15 08:00:00, 4048.3584451159791, 0.23523919247758804, null, null, 4048.3584451159791, 0.23523919247758804
2100-Oct-15 09:00:00, 4066.38474524495, 0.23628665216851871, null, null, 4066.38474524495, 0.23628665216851871
2100-Oct-15 10:00:00, 4080.3747175653552, 0.23709957173482002, null, null, 4080.3747175653552, 0.23709957173482002
2100-Oct-15 11:00:00, 4086.6817792079146, 0.23746605807930168, null, null, 4086.6817792079146, 0.23746605807930168
2100-Oct-15 12:00:00, 4082.2234292907942, 0.23720699538796536, null, null, 4082.2234292907942, 0.23720699538796536
2100-Oct-15 13:00:00, 4066.7949683321108, 0.23631048912590963, null, null, 4066.7949683321108, 0.23631048912590963
2100-Oct-15 14:00:00, 4042.2786651491256, 0.23488591285839586, null, null, 4042.2786651491256, 0.23488591285839586
2100-Oct-15 15:00:00, 4011.4225333542449, 0.23309294624617144, null, null, 4011.4225333542449, 0.23309294624617144
2100-Oct-15 16:00:00, 3977.4150909400578, 0.23111686547165586, null, null, 3977.4150909400578, 0.23111686547165586
2100-Oct-15 17:00:00, 3943.5417516745674, 0.22914857706948966, null, null, 3943.5417516745674, 0.22914857706948966
2100-Oct-15 18:00:00, 3912.4545642442899, 0.22734218443735493, null, null, 3912.4545642442899, 0.22734218443735493
2100-Oct-15 19:00:00, 3885.876318772147, 0.22579779426363383, null, null, 3885.876318772147, 0.22579779426363383
2100-Oct-15 20:00:00, 3864.5745490630934, 0.22456000586800726, null, null, 3864.5745490630934, 0.22456000586800726
2100-Oct-15 21:00:00, 3848.6491502775939, 0.22363462388887348, null, null, 3848.6491502775939, 0.22363462388887348
2100-Oct-15 22:00:00, 3837.815092762828, 0.22300508602171551, null, null, 3837.815092762828, 0.22300508602171551
2100-Oct-15 23:00:00, 3831.6988323886458, 0.22264968662442619, null, null, 3831.6988323886458, 0.22264968662442619
2100-Oct-16 00:00:00, 3829.815938560323, 0.22254027674145743, null, null, 3829.815938560323, 0.22254027674145743
2100-Oct-16 01:00:00, 3831.6397385801311, 0.22264625284256526, null, null, 3831.6397385801311, 0.22264625284256526
2100-Oct-16 02:00:00, 3836.681829531221, 0.22293923515127456, null, null, 3836.681829531221, 0.22293923515127456
2100-Oct-16 03:00:00, 3844.4698386564805, 0.22339177536046587, null, null, 3844.4698386564805, 0.22339177536046587
2100-Oct-16 04:00:00, 3854.5882550936453, 0.22397972925439594, null, null, 3854.5882550936453, 0.22397972925439594
2100-Oct-16 05:00:00, 3866.6566981276319, 0.22468099393544258, null, null, 3866.6566981276319, 0.22468099393544258
2100-Oct-16 06:00:00, 3880.3974797662172, 0.22547943370318876, null, null, 3880.3974797662172, 0.22547943370318876
2100-Oct-16 07:00:00, 3895.3585682004828, 0.22634878220816324, null, null, 3895.3585682004828, 0.22634878220816324
2100-Oct-16 08:00:00, 3910.7380413190112, 0.22724244191892776, null, null, 3910.7380413190112, 0.22724244191892776
2100-Oct-16 09:00:00, 3925.1985934894819, 0.22808270561135485, null, null, 3925.1985934894819, 0.22808270561135485
2100-Oct-16 10:00:00, 3937.1098434232376, 0.22877483622523262, null, null, 3937.1098434232376, 0.22877483622523262
2100-Oct-16 11:00:00, 3944.61333655108, 0.22921084397703737, null, null, 3944.61333655108, 0.22921084397703737
2100-Oct-16 12:00:00, 3946.1194745912321, 0.22929836159711189, null, null, 3946.1194745912321, 0.22929836159711189
2100-Oct-16 13:00:00, 3940.5763679503602, 0.2289762666177039, null, null, 3940.5763679503602, 0.2289762666177039
2100-Oct-16 14:00:00, 3928.8994799849752, 0.2282977541458297, null, null, 3928.8994799849752, 0.2282977541458297
2100-Oct-16 15:00:00, 3911.9934955309177, 0.22731539297773476, null, null, 3911.9934955309177, 0.22731539297773476
2100-Oct-16 16:00:00, 3891.7538171183573, 0.22613931984332128, null, null, 3891.7538171183573, 0.22613931984332128
2100-Oct-16 17:00:00, 3871.0049916685994, 0.22493366154753774, null, null, 3871.0049916685994, 0.22493366154753774
2100-Oct-16 18:00:00, 3852.1397149470331, 0.22383745118918832, null, null, 3852.1397149470331, 0.22383745118918832
2100-Oct-16 19:00:00, 3836.6097588644052, 0.22293504731917102, null, null, 3836.6097588644052, 0.22293504731917102
2100-Oct-16 20:00:00, 3825.2835329927152, 0.2222769108759691, null, null, 3825.2835329927152, 0.2222769108759691
2100-Oct-16 21:00:00, 3818.6204302182568, 0.2218897359414102, null, null, 3818.6204302182568, 0.2218897359414102
2100-Oct-16 22:00:00, 3816.5403898307118, 0.22176887040350873, null, null, 3816.5403898307118, 0.22176887040350873
2100-Oct-16 23:00:00, 3818.6150288772778, 0.22188942208405113, null, null, 3818.6150288772778, 0.22188942208405113
2100-Oct-17 00:00:00, 3824.4452560460613, 0.22222820086308936, null, null, 3824.4452560460613, 0.22222820086308936
2100-Oct-17 01:00:00, 3833.8627327038885, 0.2227754250365902, null, null, 3833.8627327038885, 0.2227754250365902
2100-Oct-17 02:00:00, 3846.5757886921015, 0.22351414643814929, null, null, 3846.5757886921015, 0.22351414643814929
2100-Oct-17 03:00:00, 3862.2515552552286, 0.22442502296199709, null, null, 3862.2515552552286, 0.22442502296199709
2100-Oct-17 04:00:00, 3880.4768193121131, 0.22548404391025445, null, null, 3880.4768193121131, 0.22548404391025445
2100-Oct-17 05:00:00, 3900.7843484197019, 0.22666405966559042, null, null, 3900.7843484197019, 0.22666405966559042
2100-Oct-17 06:00:00, 3922.776776397297, 0.22794198035077884, null, null, 3922.776776397297, 0.22794198035077884
2100-Oct-17 07:00:00, 3945.8384340966663, 0.22928203109182402, null, null, 3945.8384340966663, 0.22928203109182402
2100-Oct-17 08:00:00, 3968.5526912268051, 0.23060189532258857, null, null, 3968.5526912268051, 0.23060189532258857
2100-Oct-17 09:00:00, 3987.6302912056613, 0.23171044321287007, null, null, 3987.6302912056613, 0.23171044321287007
2100-Oct-17 10:00:00, 4000.6090879877502, 0.23246460609536695, null, null, 4000.6090879877502, 0.23246460609536695
2100-Oct-17 11:00:00, 4006.4831083413092, 0.23280592957828017, null, null, 4006.4831083413092, 0.23280592957828017
2100-Oct-17 12:00:00, 4005.2366790189431, 0.23273350293146794, null, null, 4005.2366790189431, 0.23273350293146794
2100-Oct-17 13:00:00, 3997.4864404112586, 0.23228315746520128, null, null, 3997.4864404112586, 0.23228315746520128
2100-Oct-17 14:00:00, 3984.1422036135764, 0.23150775984884062, null, null, 3984.1422036135764, 0.23150775984884062
2100-Oct-17 15:00:00, 3966.586747476118, 0.23048765963258294, null, null, 3966.586747476118, 0.23048765963258294
2100-Oct-17 16:00:00, 3946.8041508333517, 0.22933814628724949, null, null, 3946.8041508333517, 0.22933814628724949
2100-Oct-17 17:00:00, 3927.1135287219713, 0.22819397733391714, null, null, 3927.1135287219713, 0.22819397733391714
2100-Oct-17 18:00:00, 3909.5475068227138, 0.22717326316973285, null, null, 3909.5475068227138, 0.22717326316973285
2100-Oct-17 19:00:00, 3895.6201485274387, 0.22636398193558743, null, null, 3895.6201485274387, 0.22636398193558743
2100-Oct-17 20:00:00, 3886.0720233621091, 0.22580916612962124, null, null, 3886.0720233621091, 0.22580916612962124
2100-Oct-17 21:00:00, 3881.094811347285, 0.22551995376094636, null, null, 3881.094811347285, 0.22551995376094636
2100-Oct-17 22:00:00, 3880.4358115868608, 0.22548166106192111, null, null, 3880.4358115868608, 0.22548166106192111
2100-Oct-17 23:00:00, 3883.6605732567541, 0.22566904326669437, null, null, 3883.6605732567541, 0.22566904326669437
2100-Oct-18 00:00:00, 3890.3818230925281, 0.22605959697018749, null, null, 3890.3818230925281, 0.22605959697018749
2100-Oct-18 01:00:00, 3900.3119403654468, 0.22663660930744908, null, null, 3900.3119403654468, 0.22663660930744908
2100-Oct-18 02:00:00, 3913.2160318804999, 0.22738643126832811, null, null, 3913.2160318804999, 0.22738643126832811
2100-Oct-18 03:00:00, 3928.7999021911178, 0.22829196794874926, null, null, 3928.7999021911178, 0.22829196794874926
2100-Oct-18 04:00:00, 3946.7726522749463, 0.22933631599095927, null, null, 3946.7726522749463, 0.22933631599095927
2100-Oct-18 05:00:00, 3966.7777924030088, 0.23049876073811446, null, null, 3966.7777924030088, 0.23049876073811446
2100-Oct-18 06:00:00, 3988.5922124949307, 0.23176633786508094, null, null, 3988.5922124949307, 0.23176633786508094
2100-Oct-18 07:00:00, 4011.6824065990081, 0.23310804677965269, null, null, 4011.6824065990081, 0.23310804677965269
2100-Oct-18 08:00:00, 4034.7313971344183, 0.23444736146595838, null, null, 4034.7313971344183, 0.23444736146595838
2100-Oct-18 09:00:00, 4055.3728834342419, 0.23564678257318905, null, null, 4055.3728834342419, 0.23564678257318905
2100-Oct-18 10:00:00, 4071.1846145950453, 0.23656555963316689, null, null, 4071.1846145950453, 0.23656555963316689
2100-Oct-18 11:00:00, 4080.5583429816661, 0.23711024171259915, null, null, 4080.5583429816661, 0.23711024171259915
2100-Oct-18 12:00:00, 4082.0026802874354, 0.23719416825865003, null, null, 4082.0026802874354, 0.23719416825865003
2100-Oct-18 13:00:00, 4073.7785378869744, 0.23671628552090995, null, null, 4073.7785378869744, 0.23671628552090995
2100-Oct-18 14:00:00, 4056.80594618848, 0.2357300539854533, null, null, 4056.80594618848, 0.2357300539854533
2100-Oct-18 15:00:00, 4032.7496703998572, 0.23433220866932006, null, null, 4032.7496703998572, 0.23433220866932006
2100-Oct-18 16:00:00, 4004.5157885147773, 0.23269161392821791, null, null, 4004.5157885147773, 0.23269161392821791
2100-Oct-18 17:00:00, 3975.6123121953283, 0.23101211086015708, null, null, 3975.6123121953283, 0.23101211086015708
2100-Oct-18 18:00:00, 3948.8753253351365, 0.22945849665243709, null, null, 3948.8753253351365, 0.22945849665243709
2100-Oct-18 19:00:00, 3925.988715518788, 0.22812861747184165, null, null, 3925.988715518788, 0.22812861747184165
2100-Oct-18 20:00:00, 3907.8795247239705, 0.22707634122784087, null, null, 3907.8795247239705, 0.22707634122784087
2100-Oct-18 21:00:00, 3894.7394907263156, 0.22631280928553832, null, null, 3894.7394907263156, 0.22631280928553832
2100-Oct-18 22:00:00, 3886.405329245923, 0.2258285336357399, null, null, 3886.405329245923, 0.2258285336357399
2100-Oct-18 23:00:00, 3882.5653052109601, 0.22560540019404357, null, null, 3882.5653052109601, 0.22560540019404357
2100-Oct-19 00:00:00, 3882.8836026363124, 0.22562389559911272, null, null, 3882.8836026363124, 0.22562389559911272
2100-Oct-19 01:00:00, 3886.9533273177226, 0.22586037632596537, null, null, 3886.9533273177226, 0.22586037632596537
2100-Oct-19 02:00:00, 3894.4603419284317, 0.22629658870164349, null, null, 3894.4603419284317, 0.22629658870164349
2100-Oct-19 03:00:00, 3905.1407688108784, 0.22691719950703643, null, null, 3905.1407688108784, 0.22691719950703643
2100-Oct-19 04:00:00, 3918.703928598989, 0.22770531814802505, null, null, 3918.703928598989, 0.22770531814802505
2100-Oct-19 05:00:00, 3935.1685040839625, 0.22866203023122608, null, null, 3935.1685040839625, 0.22866203023122608
2100-Oct-19 06:00:00, 3954.3214859863328, 0.22977495836180875, null, null, 3954.3214859863328, 0.22977495836180875
2100-Oct-19 07:00:00, 3974.8888259481055, 0.23097007102527767, null, null, 3974.8888259481055, 0.23097007102527767
2100-Oct-19 08:00:00, 3994.259507135278, 0.2320956490742542, null, null, 3994.259507135278, 0.2320956490742542
2100-Oct-19 09:00:00, 4009.8926900641513, 0.23300405117794618, null, null, 4009.8926900641513, 0.23300405117794618
2100-Oct-19 10:00:00, 4019.7538611011905, 0.23357705723536065, null, null, 4019.7538611011905, 0.23357705723536065
2100-Oct-19 11:00:00, 4022.2803675337332, 0.23372386571120046, null, null, 4022.2803675337332, 0.23372386571120046
2100-Oct-19 12:00:00, 4016.5717316908431, 0.23339215227622778, null, null, 4016.5717316908431, 0.23339215227622778
2100-Oct-19 13:00:00, 4003.6536507834817, 0.23264151742948541, null, null, 4003.6536507834817, 0.23264151742948541
2100-Oct-19 14:00:00, 3985.0462153684157, 0.2315602895341641, null, null, 3985.0462153684157, 0.2315602895341641
2100-Oct-19 15:00:00, 3962.1945080347023, 0.23023243844271685, null, null, 3962.1945080347023, 0.23023243844271685
2100-Oct-19 16:00:00, 3937.1193208229756, 0.22877538693137472, null, null, 3937.1193208229756, 0.22877538693137472
2100-Oct-19 17:00:00, 3912.4038650178391, 0.22733923844202097, null, null, 3912.4038650178391, 0.22733923844202097
2100-Oct-19 18:00:00, 3890.4631893409555, 0.22606432494347209, null, null, 3890.4631893409555, 0.22606432494347209
2100-Oct-19 19:00:00, 3872.6134257763624, 0.22502712331625044, null, null, 3872.6134257763624, 0.22502712331625044
2100-Oct-19 20:00:00, 3859.2123273893694, 0.2242484216262674, null, null, 3859.2123273893694, 0.2242484216262674
2100-Oct-19 21:00:00, 3850.3141711348662, 0.22373137376100882, null, null, 3850.3141711348662, 0.22373137376100882
2100-Oct-19 22:00:00, 3845.7725069465578, 0.22346746990203831, null, null, 3845.7725069465578, 0.22346746990203831
2100-Oct-19 23:00:00, 3845.3388037642453, 0.22344226857963434, null, null, 3845.3388037642453, 0.22344226857963434
2100-Oct-20 00:00:00, 3848.7967238413676, 0.22364319899071877, null, null, 3848.7967238413676, 0.22364319899071877
2100-Oct-20 01:00:00, 3855.6827708881424, 0.22404332861575241, null, null, 3855.6827708881424, 0.22404332861575241
2100-Oct-20 02:00:00, 3865.6201610076987, 0.22462076355852023, null, null, 3865.6201610076987, 0.22462076355852023
2100-Oct-20 03:00:00, 3878.2577522185711, 0.2253550999053657, null, null, 3878.2577522185711, 0.2253550999053657
2100-Oct-20 04:00:00, 3893.3274399699244, 0.22623075882380819, null, null, 3893.3274399699244, 0.22623075882380819
2100-Oct-20 05:00:00, 3910.6118171485241, 0.22723510737275573, null, null, 3910.6118171485241, 0.22723510737275573
2100-Oct-20 06:00:00, 3929.7962439193943, 0.22834986267985297, null, null, 3929.7962439193943, 0.22834986267985297
2100-Oct-20 07:00:00, 3950.3398525488724, 0.22954359637959595, null, null, 3950.3398525488724, 0.22954359637959595
2100-Oct-20 08:00:00, 3971.5982472289188, 0.23077886436925163, null, null, 3971.5982472289188, 0.23077886436925163
2100-Oct-20 09:00:00, 3992.8423254926006, 0.23201330047055788, null, null, 3992.8423254926006, 0.23201330047055788
2100-Oct-20 10:00:00, 4012.6540164583148, 0.23316450440854233, null, null, 4012.6540164583148, 0.23316450440854233
2100-Oct-20 11:00:00, 4027.9098687563705, 0.234050980846784, null, null, 4027.9098687563705, 0.234050980846784
2100-Oct-20 12:00:00, 4036.3356213413381, 0.23454057860868546, null, null, 4036.3356213413381, 0.23454057860868546
2100-Oct-20 13:00:00, 4037.2966813471971, 0.2345964232140399, null, null, 4037.2966813471971, 0.2345964232140399
2100-Oct-20 14:00:00, 4031.1732289545575, 0.23424060590795198, null, null, 4031.1732289545575, 0.23424060590795198
2100-Oct-20 15:00:00, 4020.0247003743325, 0.2335927949751801, null, null, 4020.0247003743325, 0.2335927949751801
2100-Oct-20 16:00:00, 4006.4284452714523, 0.23280275325469477, null, null, 4006.4284452714523, 0.23280275325469477
2100-Oct-20 17:00:00, 3992.8298102003669, 0.23201257324067479, null, null, 3992.8298102003669, 0.23201257324067479
2100-Oct-20 18:00:00, 3981.0071141438202, 0.23132558825380803, null, null, 3981.0071141438202, 0.23132558825380803
2100-Oct-20 19:00:00, 3971.9777559971449, 0.2308009166003932, null, null, 3971.9777559971449, 0.2308009166003932
2100-Oct-20 20:00:00, 3966.2457659267798, 0.23046784611423876, null, null, 3966.2457659267798, 0.23046784611423876
2100-Oct-20 21:00:00, 3963.9906455268697, 0.23033680714893801, null, null, 3963.9906455268697, 0.23033680714893801
2100-Oct-20 22:00:00, 3965.2132430587185, 0.23040784899466787, null, null, 3965.2132430587185, 0.23040784899466787
2100-Oct-20 23:00:00, 3969.7645761523786, 0.23067231468765531, null, null, 3969.7645761523786, 0.23067231468765531
2100-Oct-21 00:00:00, 3977.392595394359, 0.2311155583161566, null, null, 3977.392595394359, 0.2311155583161566
2100-Oct-21 01:00:00, 3987.8538101527815, 0.23172343129614797, null, null, 3987.8538101527815, 0.23172343129614797
2100-Oct-21 02:00:00, 4000.8739893383827, 0.23247999879852155, null, null, 4000.8739893383827, 0.23247999879852155
2100-Oct-21 03:00:00, 4016.1971768949988, 0.23337038790706249, null, null, 4016.1971768949988, 0.23337038790706249
2100-Oct-21 04:00:00, 4033.5835931116826, 0.23438066566935553, null, null, 4033.5835931116826, 0.23438066566935553
2100-Oct-21 05:00:00, 4052.7193823531761, 0.23549259478077622, null, null, 4052.7193823531761, 0.23549259478077622
2100-Oct-21 06:00:00, 4073.4574506835738, 0.23669762800936131, null, null, 4073.4574506835738, 0.23669762800936131
2100-Oct-21 07:00:00, 4095.3707378593613, 0.23797095003596708, null, null, 4095.3707378593613, 0.23797095003596708
2100-Oct-21 08:00:00, 4117.242392628621, 0.23924185291569514, null, null, 4117.242392628621, 0.23924185291569514
2100-Oct-21 09:00:00, 4137.409352430609, 0.24041370056774061, null, null, 4137.409352430609, 0.24041370056774061
2100-Oct-21 10:00:00, 4153.3994857251218, 0.24134284409463067, null, null, 4153.3994857251218, 0.24134284409463067
2100-Oct-21 11:00:00, 4161.6971182498346, 0.24182499714531816, null, null, 4161.6971182498346, 0.24182499714531816
2100-Oct-21 12:00:00, 4161.2901924384178, 0.24180135178372933, null, null, 4161.2901924384178, 0.24180135178372933
2100-Oct-21 13:00:00, 4153.1298143127897, 0.24132717421605362, null, null, 4153.1298143127897, 0.24132717421605362
2100-Oct-21 14:00:00, 4139.0461229058974, 0.24050880888635862, null, null, 4139.0461229058974, 0.24050880888635862
2100-Oct-21 15:00:00, 4121.3214574371705, 0.23947887637214932, null, null, 4121.3214574371705, 0.23947887637214932
2100-Oct-21 16:00:00, 4101.4781299227934, 0.2383258341196329, null, null, 4101.4781299227934, 0.2383258341196329
2100-Oct-21 17:00:00, 4081.5490964760615, 0.23716781172650123, null, null, 4081.5490964760615, 0.23716781172650123
2100-Oct-21 18:00:00, 4063.6606670985216, 0.23612836333315515, null, null, 4063.6606670985216, 0.23612836333315515
2100-Oct-21 19:00:00, 4049.441667484477, 0.23530213560841345, null, null, 4049.441667484477, 0.23530213560841345
2100-Oct-21 20:00:00, 4039.8032149507767, 0.23474207112264725, null, null, 4039.8032149507767, 0.23474207112264725
2100-Oct-21 21:00:00, 4034.9385622211935, 0.23445939927051132, null, null, 4034.9385622211935, 0.23445939927051132
2100-Oct-21 22:00:00, 4034.5220746446471, 0.23443519830053497, null, null, 4034.5220746446471, 0.23443519830053497
2100-Oct-21 23:00:00, 4038.1542621886661, 0.23464625492419264, null, null, 4038.1542621886661, 0.23464625492419264
2100-Oct-22 00:00:00, 4045.5058768048002, 0.23507343742523629, null, null, 4045.5058768048002, 0.23507343742523629
2100-Oct-22 01:00:00, 4056.2405079026289, 0.23569719789141844, null, null, 4056.2405079026289, 0.23569719789141844
2100-Oct-22 02:00:00, 4069.9982497258279, 0.23649662316975784, null, null, 4069.9982497258279, 0.23649662316975784
2100-Oct-22 03:00:00, 4086.4252567443559, 0.23745115225068053, null, null, 4086.4252567443559, 0.23745115225068053
2100-Oct-22 04:00:00, 4105.1583000117453, 0.23853967887958732, null, null, 4105.1583000117453, 0.23853967887958732
2100-Oct-22 05:00:00, 4125.8417536387296, 0.23974153859503058, null, null, 4125.8417536387296, 0.23974153859503058
2100-Oct-22 06:00:00, 4148.1722269327329, 0.24103910218198543, null, null, 4148.1722269327329, 0.24103910218198543
2100-Oct-22 07:00:00, 4171.641487962248, 0.24240283765340581, null, null, 4171.641487962248, 0.24240283765340581
2100-Oct-22 08:00:00, 4195.2562168757022, 0.24377502587129446, null, null, 4195.2562168757022, 0.24377502587129446
2100-Oct-22 09:00:00, 4217.3325934504492, 0.24505782458308831, null, null, 4217.3325934504492, 0.24505782458308831
2100-Oct-22 10:00:00, 4234.3286588427145, 0.24604542011159103, null, null, 4234.3286588427145, 0.24604542011159103
2100-Oct-22 11:00:00, 4244.3305438517382, 0.24662660267846945, null, null, 4244.3305438517382, 0.24662660267846945
2100-Oct-22 12:00:00, 4248.471190971235, 0.24686720451695049, null, null, 4248.471190971235, 0.24686720451695049
2100-Oct-22 13:00:00, 4249.0514710681591, 0.2469009230286045, null, null, 4249.0514710681591, 0.2469009230286045
2100-Oct-22 14:00:00, 4248.5204930274303, 0.2468700693264885, null, null, 4248.5204930274303, 0.2468700693264885
2100-Oct-22 15:00:00, 4248.6460276575854, 0.24687736380533121, null, null, 4248.6460276575854, 0.24687736380533121
2100-Oct-22 16:00:00, 4250.3427908827407, 0.24697595814086806, null, null, 4250.3427908827407, 0.24697595814086806
2100-Oct-22 17:00:00, 4254.0535973312226, 0.24719158309706102, null, null, 4254.0535973312226, 0.24719158309706102
2100-Oct-22 18:00:00, 4259.9437959722272, 0.24753384665663147, null, null, 4259.9437959722272, 0.24753384665663147
2100-Oct-22 19:00:00, 4267.9678739662431, 0.24800010419120497, null, null, 4267.9678739662431, 0.24800010419120497
2100-Oct-22 20:00:00, 4277.9331750737556, 0.24857916096621838, null, null, 4277.9331750737556, 0.24857916096621838
2100-Oct-22 21:00:00, 4289.6563654507363, 0.24926036394637174, null, null, 4289.6563654507363, 0.24926036394637174
2100-Oct-22 22:00:00, 4303.0046733098234, 0.25003599812113264, null, null, 4303.0046733098234, 0.25003599812113264
2100-Oct-22 23:00:00, 4317.8164391941091, 0.25089666989538967, null, null, 4317.8164391941091, 0.25089666989538967
2100-Oct-23 00:00:00, 4333.9186699519505, 0.25183232710359271, null, null, 4333.9186699519505, 0.25183232710359271
2100-Oct-23 01:00:00, 4351.1740580397736, 0.25283499117464697, null, null, 4351.1740580397736, 0.25283499117464697
2100-Oct-23 02:00:00, 4369.3906957744703, 0.25389351087058365, null, null, 4369.3906957744703, 0.25389351087058365
2100-Oct-23 03:00:00, 4388.3193337631856, 0.25499340298130768, null, null, 4388.3193337631856, 0.25499340298130768
2100-Oct-23 04:00:00, 4407.752113539932, 0.25612258941186983, null, null, 4407.752113539932, 0.25612258941186983
2100-Oct-23 05:00:00, 4427.6282446397681, 0.25727753779227935, null, null, 4427.6282446397681, 0.25727753779227935
2100-Oct-23 06:00:00, 4447.9756306723248, 0.25845986952604738, null, null, 4447.9756306723248, 0.25845986952604738
2100-Oct-23 07:00:00, 4468.4637374952699, 0.25965037816547842, null, null, 4468.4637374952699, 0.25965037816547842
2100-Oct-23 08:00:00, 4486.8861449309552, 0.26072085458386279, null, null, 4486.8861449309552, 0.26072085458386279
2100-Oct-23 09:00:00, 4501.0016889873023, 0.26154107078512401, null, null, 4501.0016889873023, 0.26154107078512401
2100-Oct-23 10:00:00, 4509.211212877949, 0.26201810408067894, null, null, 4509.211212877949, 0.26201810408067894
2100-Oct-23 11:00:00, 4511.4558657700654, 0.26214853480732836, null, null, 4511.4558657700654, 0.26214853480732836
2100-Oct-23 12:00:00, 4505.6660267945272, 0.26181210287728918, null, null, 4505.6660267945272, 0.26181210287728918
2100-Oct-23 13:00:00, 4492.246529744074, 0.26103233209058613, null, null, 4492.246529744074, 0.26103233209058613
2100-Oct-23 14:00:00, 4473.5026400246752, 0.25994317520360155, null, null, 4473.5026400246752, 0.25994317520360155
2100-Oct-23 15:00:00, 4452.4576096113133, 0.25872030523612666, null, null, 4452.4576096113133, 0.25872030523612666
2100-Oct-23 16:00:00, 4431.7788914339308, 0.25751872068489018, null, null, 4431.7788914339308, 0.25751872068489018
2100-Oct-23 17:00:00, 4413.241962352542, 0.25644158972249209, null, null, 4413.241962352542, 0.25644158972249209
2100-Oct-23 18:00:00, 4397.7938591539732, 0.25554394210284376, null, null, 4397.7938591539732, 0.25554394210284376
2100-Oct-23 19:00:00, 4385.8909300312289, 0.25485229498885598, null, null, 4385.8909300312289, 0.25485229498885598
2100-Oct-23 20:00:00, 4377.6380453719294, 0.25437274211596095, null, null, 4377.6380453719294, 0.25437274211596095
2100-Oct-23 21:00:00, 4372.9335678898515, 0.25409937761553036, null, null, 4372.9335678898515, 0.25409937761553036
2100-Oct-23 22:00:00, 4371.577920184398, 0.25402060458299425, null, null, 4371.577920184398, 0.25402060458299425
2100-Oct-23 23:00:00, 4373.2296551687878, 0.25411658244888297, null, null, 4373.2296551687878, 0.25411658244888297
2100-Oct-24 00:00:00, 4377.4645119589295, 0.25436265855728024, null, null, 4377.4645119589295, 0.25436265855728024
2100-Oct-24 01:00:00, 4383.9483030449619, 0.25473941417315504, null, null, 4383.9483030449619, 0.25473941417315504
2100-Oct-24 02:00:00, 4392.3455845021126, 0.25522735755459408, null, null, 4392.3455845021126, 0.25522735755459408
2100-Oct-24 03:00:00, 4402.3612354607276, 0.25580934002368211, null, null, 4402.3612354607276, 0.25580934002368211
2100-Oct-24 04:00:00, 4413.7224999222408, 0.25646951246485389, null, null, 4413.7224999222408, 0.25646951246485389
2100-Oct-24 05:00:00, 4426.2016659556166, 0.25719464315184298, null, null, 4426.2016659556166, 0.25719464315184298
2100-Oct-24 06:00:00, 4439.57727708936, 0.25797186384626841, null, null, 4439.57727708936, 0.25797186384626841
2100-Oct-24 07:00:00, 4453.6710444528317, 0.25879081466262949, null, null, 4453.6710444528317, 0.25879081466262949
2100-Oct-24 08:00:00, 4468.1923755236012, 0.2596346100530571, null, null, 4468.1923755236012, 0.2596346100530571
2100-Oct-24 09:00:00, 4482.6629162462732, 0.26047545415331758, null, null, 4482.6629162462732, 0.26047545415331758
2100-Oct-24 10:00:00, 4496.3461604099321, 0.26127055057355081, null, null, 4496.3461604099321, 0.26127055057355081
2100-Oct-24 11:00:00, 4508.5096297467144, 0.26197733697680581, null, null, 4508.5096297467144, 0.26197733697680581
2100-Oct-24 12:00:00, 4518.495237670526, 0.26255757372615524, null, null, 4518.495237670526, 0.26255757372615524
2100-Oct-24 13:00:00, 4526.0747622020199, 0.26299799945780056, null, null, 4526.0747622020199, 0.26299799945780056
2100-Oct-24 14:00:00, 4532.4743742116152, 0.26336986365454013, null, null, 4532.4743742116152, 0.26336986365454013
2100-Oct-24 15:00:00, 4539.6234203079448, 0.26378527544514246, null, null, 4539.6234203079448, 0.26378527544514246
2100-Oct-24 16:00:00, 4549.0852191933236, 0.26433507506376741, null, null, 4549.0852191933236, 0.26433507506376741
2100-Oct-24 17:00:00, 4561.7283017405207, 0.26506973049735882, null, null, 4561.7283017405207, 0.26506973049735882
2100-Oct-24 18:00:00, 4577.7308221685198, 0.26599959380717275, null, null, 4577.7308221685198, 0.26599959380717275
2100-Oct-24 19:00:00, 4596.8177953668328, 0.2671086863499611, null, null, 4596.8177953668328, 0.2671086863499611
2100-Oct-24 20:00:00, 4618.5664397746687, 0.26837244142929551, null, null, 4618.5664397746687, 0.26837244142929551
2100-Oct-24 21:00:00, 4642.4492665985608, 0.26976020809380918, null, null, 4642.4492665985608, 0.26976020809380918
2100-Oct-24 22:00:00, 4667.9162290314343, 0.27124002460679453, null, null, 4667.9162290314343, 0.27124002460679453
2100-Oct-24 23:00:00, 4694.5042328579457, 0.2727849818121737, null, null, 4694.5042328579457, 0.2727849818121737
2100-Oct-25 00:00:00, 4721.9180667147657, 0.27437792577368803, null, null, 4721.9180667147657, 0.27437792577368803
2100-Oct-25 01:00:00, 4749.8777934159634, 0.27600259009633926, null, null, 4749.8777934159634, 0.27600259009633926
2100-Oct-25 02:00:00, 4778.3435865823149, 0.27765666057662619, null, null, 4778.3435865823149, 0.27765666057662619
2100-Oct-25 03:00:00, 4807.3552222723774, 0.27934244849405176, null, null, 4807.3552222723774, 0.27934244849405176
2100-Oct-25 04:00:00, 4836.9499092055185, 0.28106211594696173, null, null, 4836.9499092055185, 0.28106211594696173
2100-Oct-25 05:00:00, 4867.0242710410412, 0.28280965601496194, null, null, 4867.0242710410412, 0.28280965601496194
2100-Oct-25 06:00:00, 4897.3167425774145, 0.28456986984952581, null, null, 4897.3167425774145, 0.28456986984952581
2100-Oct-25 07:00:00, 4927.3831714672633, 0.28631694895544485, null, null, 4927.3831714672633, 0.28631694895544485
2100-Oct-25 08:00:00, 4956.7020628048067, 0.28802059067000263, null, null, 4956.7020628048067, 0.28802059067000263
2100-Oct-25 09:00:00, 4984.6012691855203, 0.2896417383200291, null, null, 4984.6012691855203, 0.2896417383200291
2100-Oct-25 10:00:00, 5009.9012914444502, 0.29111185438967596, null, null, 5009.9012914444502, 0.29111185438967596
2100-Oct-25 11:00:00, 5031.2332220431144, 0.29235139535326621, null, null, 5031.2332220431144, 0.29235139535326621
2100-Oct-25 12:00:00, 5048.5697241396401, 0.29335877274063488, null, null, 5048.5697241396401, 0.29335877274063488
2100-Oct-25 13:00:00, 5063.1162963465476, 0.2942040348254184, null, null, 5063.1162963465476, 0.2942040348254184
2100-Oct-25 14:00:00, 5075.7485028770634, 0.29493805828300862, null, null, 5075.7485028770634, 0.29493805828300862
2100-Oct-25 15:00:00, 5087.0998564324909, 0.29559765482815348, null, null, 5087.0998564324909, 0.29559765482815348
2100-Oct-25 16:00:00, 5097.8932941297799, 0.29622483238725289, null, null, 5097.8932941297799, 0.29622483238725289
2100-Oct-25 17:00:00, 5108.7400844012154, 0.29685511012056592, null, null, 5108.7400844012154, 0.29685511012056592
2100-Oct-25 18:00:00, 5120.0254376930743, 0.29751087156837047, null, null, 5120.0254376930743, 0.29751087156837047
2100-Oct-25 19:00:00, 5131.9561351667062, 0.2982041322263484, null, null, 5131.9561351667062, 0.2982041322263484
2100-Oct-25 20:00:00, 5144.5400676670452, 0.29893535061022036, null, null, 5144.5400676670452, 0.29893535061022036
2100-Oct-25 21:00:00, 5157.6678852729701, 0.29969817269094212, null, null, 5157.6678852729701, 0.29969817269094212
2100-Oct-25 22:00:00, 5171.283056508677, 0.30048931357689695, null, null, 5171.283056508677, 0.30048931357689695
2100-Oct-25 23:00:00, 5185.289851286775, 0.30130321065085153, null, null, 5185.289851286775, 0.30130321065085153
2100-Oct-26 00:00:00, 5199.5523867330739, 0.30213196812540716, null, null, 5199.5523867330739, 0.30213196812540716
2100-Oct-26 01:00:00, 5214.0636343451552, 0.30297517759324133, null, null, 5214.0636343451552, 0.30297517759324133
2100-Oct-26 02:00:00, 5228.9962472941279, 0.30384287146455224, null, null, 5228.9962472941279, 0.30384287146455224
2100-Oct-26 03:00:00, 5244.4605954921362, 0.30474146303731192, null, null, 5244.4605954921362, 0.30474146303731192
2100-Oct-26 04:00:00, 5260.7676884484754, 0.30568902423544003, null, null, 5260.7676884484754, 0.30568902423544003
2100-Oct-26 05:00:00, 5278.1879011748106, 0.30670126582177354, null, null, 5278.1879011748106, 0.30670126582177354
2100-Oct-26 06:00:00, 5296.6388557793007, 0.30777340103915707, null, null, 5296.6388557793007, 0.30777340103915707
2100-Oct-26 07:00:00, 5315.0776299954241, 0.30884482848701816, null, null, 5315.0776299954241, 0.30884482848701816
2100-Oct-26 08:00:00, 5331.9716798897844, 0.30982649617003172, null, null, 5331.9716798897844, 0.30982649617003172
2100-Oct-26 09:00:00, 5345.8804680855628, 0.31063469834577134, null, null, 5345.8804680855628, 0.31063469834577134
2100-Oct-26 10:00:00, 5355.4791912974479, 0.31119245426778064, null, null, 5355.4791912974479, 0.31119245426778064
2100-Oct-26 11:00:00, 5359.121566578654, 0.31140410287337411, null, null, 5359.121566578654, 0.31140410287337411
2100-Oct-26 12:00:00, 5353.6011217671949, 0.31108332471176359, null, null, 5353.6011217671949, 0.31108332471176359
2100-Oct-26 13:00:00, 5336.5218917953762, 0.31009089671380391, null, null, 5336.5218917953762, 0.31009089671380391
2100-Oct-26 14:00:00, 5307.984386485281, 0.30843265923422236, null, null, 5307.984386485281, 0.30843265923422236
2100-Oct-26 15:00:00, 5271.3981601675541, 0.30630673228099831, null, null, 5271.3981601675541, 0.30630673228099831
2100-Oct-26 16:00:00, 5230.9310927688266, 0.30395530011759953, null, null, 5230.9310927688266, 0.30395530011759953
2100-Oct-26 17:00:00, 5190.7763402830578, 0.30162201573160707, null, null, 5190.7763402830578, 0.30162201573160707
2100-Oct-26 18:00:00, 5154.2530596445431, 0.29949974638206328, null, null, 5154.2530596445431, 0.29949974638206328
2100-Oct-26 19:00:00, 5123.4362498325472, 0.29770906466422897, null, null, 5123.4362498325472, 0.29770906466422897
2100-Oct-26 20:00:00, 5099.2278979468874, 0.29630238261618397, null, null, 5099.2278979468874, 0.29630238261618397
2100-Oct-26 21:00:00, 5081.6636231668854, 0.29528176997238836, null, null, 5081.6636231668854, 0.29528176997238836
2100-Oct-26 22:00:00, 5070.3322484390892, 0.2946233343430425, null, null, 5070.3322484390892, 0.2946233343430425
2100-Oct-26 23:00:00, 5064.7641413431775, 0.2942997866546081, null, null, 5064.7641413431775, 0.2942997866546081
2100-Oct-27 00:00:00, 5064.3809645099063, 0.29427752128209805, null, null, 5064.3809645099063, 0.29427752128209805
2100-Oct-27 01:00:00, 5068.4696095653626, 0.29451510142086595, null, null, 5068.4696095653626, 0.29451510142086595
2100-Oct-27 02:00:00, 5076.3475113011509, 0.29497286504725145, null, null, 5076.3475113011509, 0.29497286504725145
2100-Oct-27 03:00:00, 5087.5847900429417, 0.29562583301258899, null, null, 5087.5847900429417, 0.29562583301258899
2100-Oct-27 04:00:00, 5101.7369730017845, 0.29644817820167413, null, null, 5101.7369730017845, 0.29644817820167413
2100-Oct-27 05:00:00, 5118.3980764593207, 0.29741630999540519, null, null, 5118.3980764593207, 0.29741630999540519
2100-Oct-27 06:00:00, 5137.2447381030252, 0.29851143868177732, null, null, 5137.2447381030252, 0.29851143868177732
2100-Oct-27 07:00:00, 5157.8050119795917, 0.29970614075408925, null, null, 5157.8050119795917, 0.29970614075408925
2100-Oct-27 08:00:00, 5178.6640593392576, 0.30091820374783412, null, null, 5178.6640593392576, 0.30091820374783412
2100-Oct-27 09:00:00, 5195.9873727304603, 0.30192481477510097, null, null, 5195.9873727304603, 0.30192481477510097
2100-Oct-27 10:00:00, 5206.8093641401265, 0.30255365151342895, null, null, 5206.8093641401265, 0.30255365151342895
2100-Oct-27 11:00:00, 5209.4408726587117, 0.30270656137734098, null, null, 5209.4408726587117, 0.30270656137734098
2100-Oct-27 12:00:00, 5202.862621266826, 0.30232431692781392, null, null, 5202.862621266826, 0.30232431692781392
2100-Oct-27 13:00:00, 5187.668728615572, 0.30144144079756802, null, null, 5187.668728615572, 0.30144144079756802
2100-Oct-27 14:00:00, 5165.5961571848384, 0.30015886319243185, null, null, 5165.5961571848384, 0.30015886319243185
2100-Oct-27 15:00:00, 5138.5450979211337, 0.29858699908426867, null, null, 5138.5450979211337, 0.29858699908426867
2100-Oct-27 16:00:00, 5109.3126759609768, 0.29688838187205824, null, null, 5109.3126759609768, 0.29688838187205824
2100-Oct-27 17:00:00, 5081.1125913873593, 0.29524975100158762, null, null, 5081.1125913873593, 0.29524975100158762
2100-Oct-27 18:00:00, 5056.3867092818127, 0.29381299666803251, null, null, 5056.3867092818127, 0.29381299666803251
2100-Oct-27 19:00:00, 5036.7148810594399, 0.29266991977691093, null, null, 5036.7148810594399, 0.29266991977691093
2100-Oct-27 20:00:00, 5022.7321853959174, 0.29185742303751894, null, null, 5022.7321853959174, 0.29185742303751894
2100-Oct-27 21:00:00, 5014.3440253845338, 0.29137000967869658, null, null, 5014.3440253845338, 0.29137000967869658
2100-Oct-27 22:00:00, 5011.1857815394942, 0.29118649264535418, null, null, 5011.1857815394942, 0.29118649264535418
2100-Oct-27 23:00:00, 5012.7074687569402, 0.29127491378619147, null, null, 5012.7074687569402, 0.29127491378619147
2100-Oct-28 00:00:00, 5018.2640617270508, 0.29159779241982442, null, null, 5018.2640617270508, 0.29159779241982442
2100-Oct-28 01:00:00, 5027.2316497632528, 0.29211887477868836, null, null, 5027.2316497632528, 0.29211887477868836
2100-Oct-28 02:00:00, 5039.0910739688507, 0.29280799393925572, null, null, 5039.0910739688507, 0.29280799393925572
2100-Oct-28 03:00:00, 5053.3622809901744, 0.29363725529565238, null, null, 5053.3622809901744, 0.29363725529565238
2100-Oct-28 04:00:00, 5069.6125178291441, 0.29458151273811783, null, null, 5069.6125178291441, 0.29458151273811783
2100-Oct-28 05:00:00, 5087.5075793471924, 0.29562134650726468, null, null, 5087.5075793471924, 0.29562134650726468
2100-Oct-28 06:00:00, 5106.847844855356, 0.2967451571831527, null, null, 5106.847844855356, 0.2967451571831527
2100-Oct-28 07:00:00, 5127.2629712187399, 0.29793142512487708, null, null, 5127.2629712187399, 0.29793142512487708
2100-Oct-28 08:00:00, 5146.3134400998633, 0.29903839650023079, null, null, 5146.3134400998633, 0.29903839650023079
2100-Oct-28 09:00:00, 5160.2130511554014, 0.29984606541709807, null, null, 5160.2130511554014, 0.29984606541709807
2100-Oct-28 10:00:00, 5166.3394609408606, 0.30020205456930787, null, null, 5166.3394609408606, 0.30020205456930787
2100-Oct-28 11:00:00, 5163.7887433186906, 0.30005383924652651, null, null, 5163.7887433186906, 0.30005383924652651
2100-Oct-28 12:00:00, 5153.0930642916283, 0.29943234218013876, null, null, 5153.0930642916283, 0.29943234218013876
2100-Oct-28 13:00:00, 5134.7138360659283, 0.29836437478920996, null, null, 5134.7138360659283, 0.29836437478920996
2100-Oct-28 14:00:00, 5109.7761694388328, 0.29691531422820394, null, null, 5109.7761694388328, 0.29691531422820394
2100-Oct-28 15:00:00, 5080.240882928666, 0.29519909837369435, null, null, 5080.240882928666, 0.29519909837369435
2100-Oct-28 16:00:00, 5048.8467155321323, 0.29337486796351997, null, null, 5048.8467155321323, 0.29337486796351997
2100-Oct-28 17:00:00, 5018.5093864590372, 0.2916120475784596, null, null, 5018.5093864590372, 0.2916120475784596
2100-Oct-28 18:00:00, 4991.5588820433386, 0.29004602644135874, null, null, 4991.5588820433386, 0.29004602644135874
2100-Oct-28 19:00:00, 4969.3550056462645, 0.28875581905870434, null, null, 4969.3550056462645, 0.28875581905870434
2100-Oct-28 20:00:00, 4952.4227945235461, 0.28777193392961609, null, null, 4952.4227945235461, 0.28777193392961609
2100-Oct-28 21:00:00, 4940.7532882111464, 0.28709385038569157, null, null, 4940.7532882111464, 0.28709385038569157
2100-Oct-28 22:00:00, 4934.1614015601581, 0.28671081362802675, null, null, 4934.1614015601581, 0.28671081362802675
2100-Oct-28 23:00:00, 4932.7459242152818, 0.28662856405647985, null, null, 4932.7459242152818, 0.28662856405647985
2100-Oct-29 00:00:00, 4936.2901839152146, 0.28683451143022315, null, null, 4936.2901839152146, 0.28683451143022315
2100-Oct-29 01:00:00, 4944.1291752089137, 0.28729001407574439, null, null, 4944.1291752089137, 0.28729001407574439
2100-Oct-29 02:00:00, 4955.5500760958948, 0.28795365182878507, null, null, 4955.5500760958948, 0.28795365182878507
2100-Oct-29 03:00:00, 4970.2082498968703, 0.288805398781256, null, null, 4970.2082498968703, 0.288805398781256
2100-Oct-29 04:00:00, 4987.6864211803268, 0.28982100818305329, null, null, 4987.6864211803268, 0.28982100818305329
2100-Oct-29 05:00:00, 5007.615146346755, 0.29097901266284787, null, null, 5007.615146346755, 0.29097901266284787
2100-Oct-29 06:00:00, 5029.5583358479362, 0.29225407223294791, null, null, 5029.5583358479362, 0.29225407223294791
2100-Oct-29 07:00:00, 5052.2687623888924, 0.29357371387850462, null, null, 5052.2687623888924, 0.29357371387850462
2100-Oct-29 08:00:00, 5074.2369818909401, 0.29485022787445936, null, null, 5074.2369818909401, 0.29485022787445936
2100-Oct-29 09:00:00, 5094.0383801910502, 0.29600083373340064, null, null, 5094.0383801910502, 0.29600083373340064
2100-Oct-29 10:00:00, 5109.3510293687541, 0.29689061048516069, null, null, 5109.3510293687541, 0.29689061048516069
2100-Oct-29 11:00:00, 5118.8110026312697, 0.29744030402176402, null, null, 5118.8110026312697, 0.29744030402176402
2100-Oct-29 12:00:00, 5122.2437420888491, 0.29763977125494867, null, null, 5122.2437420888491, 0.29763977125494867
2100-Oct-29 13:00:00, 5120.4604754762322, 0.2975361504408307, null, null, 5120.4604754762322, 0.2975361504408307
2100-Oct-29 14:00:00, 5114.3032559693957, 0.29717837101879291, null, null, 5114.3032559693957, 0.29717837101879291
2100-Oct-29 15:00:00, 5104.8986496512643, 0.29663189470602569, null, null, 5104.8986496512643, 0.29663189470602569
2100-Oct-29 16:00:00, 5093.5884121017343, 0.29597468730111054, null, null, 5093.5884121017343, 0.29597468730111054
2100-Oct-29 17:00:00, 5081.9361115419506, 0.29529760353707363, null, null, 5081.9361115419506, 0.29529760353707363
2100-Oct-29 18:00:00, 5071.3730436950627, 0.29468381214876765, null, null, 5071.3730436950627, 0.29468381214876765
2100-Oct-29 19:00:00, 5062.9756252092566, 0.29419586080496296, null, null, 5062.9756252092566, 0.29419586080496296
2100-Oct-29 20:00:00, 5057.4078784542817, 0.29387233405496876, null, null, 5057.4078784542817, 0.29387233405496876
2100-Oct-29 21:00:00, 5055.0007358824332, 0.29373246149119836, null, null, 5055.0007358824332, 0.29373246149119836
2100-Oct-29 22:00:00, 5055.6123788135737, 0.29376800241257589, null, null, 5055.6123788135737, 0.29376800241257589
2100-Oct-29 23:00:00, 5059.0925166358429, 0.29397022383691868, null, null, 5059.0925166358429, 0.29397022383691868
2100-Oct-30 00:00:00, 5065.3660522921336, 0.29433476207674414, null, null, 5065.3660522921336, 0.29433476207674414
2100-Oct-30 01:00:00, 5074.3875847020472, 0.29485897899769853, null, null, 5074.3875847020472, 0.29485897899769853
2100-Oct-30 02:00:00, 5086.2100597278877, 0.29554595114106702, null, null, 5086.2100597278877, 0.29554595114106702
2100-Oct-30 03:00:00, 5100.7260142796904, 0.29638943411647573, null, null, 5100.7260142796904, 0.29638943411647573
2100-Oct-30 04:00:00, 5117.7540342263701, 0.29737888643796712, null, null, 5117.7540342263701, 0.29737888643796712
2100-Oct-30 05:00:00, 5136.8213661429627, 0.29848683767883921, null, null, 5136.8213661429627, 0.29848683767883921
2100-Oct-30 06:00:00, 5157.483470156023, 0.29968745682578857, null, null, 5157.483470156023, 0.29968745682578857
2100-Oct-30 07:00:00, 5178.9146120397354, 0.30093276268962066, null, null, 5178.9146120397354, 0.30093276268962066
2100-Oct-30 08:00:00, 5199.4741841433843, 0.30212742398380071, null, null, 5199.4741841433843, 0.30212742398380071
2100-Oct-30 09:00:00, 5216.6178752419746, 0.30312359764401181, null, null, 5216.6178752419746, 0.30312359764401181
2100-Oct-30 10:00:00, 5227.4935600751614, 0.30375555436239132, null, null, 5227.4935600751614, 0.30375555436239132
2100-Oct-30 11:00:00, 5229.8047715161274, 0.30388985262683327, null, null, 5229.8047715161274, 0.30388985262683327
2100-Oct-30 12:00:00, 5223.3167659539176, 0.3035128521191125, null, null, 5223.3167659539176, 0.3035128521191125
2100-Oct-30 13:00:00, 5209.9909955368166, 0.30273852753433111, null, null, 5209.9909955368166, 0.30273852753433111
2100-Oct-30 14:00:00, 5192.4564062082372, 0.30171963983206812, null, null, 5192.4564062082372, 0.30171963983206812
2100-Oct-30 15:00:00, 5172.9429737942355, 0.30058576689424227, null, null, 5172.9429737942355, 0.30058576689424227
2100-Oct-30 16:00:00, 5153.3045388177552, 0.29944463039459163, null, null, 5153.3045388177552, 0.29944463039459163
2100-Oct-30 17:00:00, 5134.9917473989881, 0.29838052346736083, null, null, 5134.9917473989881, 0.29838052346736083
2100-Oct-30 18:00:00, 5119.006148023378, 0.29745164339427205, null, null, 5119.006148023378, 0.29745164339427205
2100-Oct-30 19:00:00, 5105.9806596487251, 0.29669476738923944, null, null, 5105.9806596487251, 0.29669476738923944
2100-Oct-30 20:00:00, 5096.2391856088389, 0.29612871660155565, null, null, 5096.2391856088389, 0.29612871660155565
2100-Oct-30 21:00:00, 5089.8349984798242, 0.2957565865569638, null, null, 5089.8349984798242, 0.2957565865569638
2100-Oct-30 22:00:00, 5086.5263372921427, 0.29556432917745457, null, null, 5086.5263372921427, 0.29556432917745457
2100-Oct-30 23:00:00, 5086.0069167789979, 0.29553414705210052, null, null, 5086.0069167789979, 0.29553414705210052
2100-Oct-31 00:00:00, 5088.050551064347, 0.29565289712957576, null, null, 5088.050551064347, 0.29565289712957576
2100-Oct-31 01:00:00, 5092.5690695293324, 0.29591545605297853, null, null, 5092.5690695293324, 0.29591545605297853
2100-Oct-31 02:00:00, 5099.6501173493498, 0.29632691664710792, null, null, 5099.6501173493498, 0.29632691664710792
2100-Oct-31 03:00:00, 5109.4346894764622, 0.29689547174842251, null, null, 5109.4346894764622, 0.29689547174842251
2100-Oct-31 04:00:00, 5121.9852523271438, 0.2976247511119372, null, null, 5121.9852523271438, 0.2976247511119372
2100-Oct-31 05:00:00, 5137.034466058526, 0.29849922034028925, null, null, 5137.034466058526, 0.29849922034028925
2100-Oct-31 06:00:00, 5154.4277427875559, 0.29950989674845468, null, null, 5154.4277427875559, 0.29950989674845468
2100-Oct-31 07:00:00, 5173.6064637145573, 0.30062432050435106, null, null, 5173.6064637145573, 0.30062432050435106
2100-Oct-31 08:00:00, 5193.0127983953471, 0.30175197028169876, null, null, 5193.0127983953471, 0.30175197028169876
2100-Oct-31 09:00:00, 5209.8991698568952, 0.30273319179168723, null, null, 5209.8991698568952, 0.30273319179168723
2100-Oct-31 10:00:00, 5221.7548256663613, 0.30342209198091713, null, null, 5221.7548256663613, 0.30342209198091713
2100-Oct-31 11:00:00, 5226.9579394590637, 0.30372443089273976, null, null, 5226.9579394590637, 0.30372443089273976
2100-Oct-31 12:00:00, 5224.6688227725163, 0.30359141649489663, null, null, 5224.6688227725163, 0.30359141649489663
2100-Oct-31 13:00:00, 5214.6446836725554, 0.30300894080280405, null, null, 5214.6446836725554, 0.30300894080280405
2100-Oct-31 14:00:00, 5198.1508370553775, 0.30205052785304287, null, null, 5198.1508370553775, 0.30205052785304287
2100-Oct-31 15:00:00, 5177.3314536101971, 0.30084076962241141, null, null, 5177.3314536101971, 0.30084076962241141
2100-Oct-31 16:00:00, 5154.4499549709835, 0.2995111874385365, null, null, 5154.4499549709835, 0.2995111874385365
2100-Oct-31 17:00:00, 5131.576954036098, 0.2981820990333453, null, null, 5131.576954036098, 0.2981820990333453
2100-Oct-31 18:00:00, 5110.3640547423802, 0.29694947465790672, null, null, 5110.3640547423802, 0.29694947465790672
2100-Oct-31 19:00:00, 5091.8067866624197, 0.29587116185114759, null, null, 5091.8067866624197, 0.29587116185114759
2100-Oct-31 20:00:00, 5076.43254157713, 0.29497780592729672, null, null, 5076.43254157713, 0.29497780592729672
2100-Oct-31 21:00:00, 5064.4766807893002, 0.29428308309698592, null, null, 5064.4766807893002, 0.29428308309698592
2100-Oct-31 22:00:00, 5055.9771356906922, 0.29378919745110504, null, null, 5055.9771356906922, 0.29378919745110504
2100-Oct-31 23:00:00, 5050.8595067639908, 0.29349182583432798, null, null, 5050.8595067639908, 0.29349182583432798
2100-Nov-01 00:00:00, 5048.9853276448775, 0.29338292233961138, null, null, 5048.9853276448775, 0.29338292233961138
2100-Nov-01 01:00:00, 5050.177333517353, 0.29345218658650829, null, null, 5050.177333517353, 0.29345218658650829
2100-Nov-01 02:00:00, 5054.232555556935, 0.29368782460395199, null, null, 5054.232555556935, 0.29368782460395199
2100-Nov-01 03:00:00, 5060.9398210568907, 0.29407756571540072, null, null, 5060.9398210568907, 0.29407756571540072
2100-Nov-01 04:00:00, 5070.1048889094063, 0.2946101230938683, null, null, 5070.1048889094063, 0.2946101230938683
2100-Nov-01 05:00:00, 5081.5804322645545, 0.29527693597338578, null, null, 5081.5804322645545, 0.29527693597338578
2100-Nov-01 06:00:00, 5095.3097516189619, 0.29607470969870747, null, null, 5095.3097516189619, 0.29607470969870747
2100-Nov-01 07:00:00, 5110.8641972811856, 0.29697853659215667, null, null, 5110.8641972811856, 0.29697853659215667
2100-Nov-01 08:00:00, 5127.2476293955906, 0.29793053365290451, null, null, 5127.2476293955906, 0.29793053365290451
2100-Nov-01 09:00:00, 5142.7426519298715, 0.29883090762862885, null, null, 5142.7426519298715, 0.29883090762862885
2100-Nov-01 10:00:00, 5155.8495895909455, 0.29959251643205997, null, null, 5155.8495895909455, 0.29959251643205997
2100-Nov-01 11:00:00, 5165.8757708190024, 0.30017511078670944, null, null, 5165.8757708190024, 0.30017511078670944
2100-Nov-01 12:00:00, 5172.8504758119216, 0.3005803920859193, null, null, 5172.8504758119216, 0.3005803920859193
2100-Nov-01 13:00:00, 5177.1816302040625, 0.30083206378829341, null, null, 5177.1816302040625, 0.30083206378829341
2100-Nov-01 14:00:00, 5179.6686371191045, 0.3009765770536853, null, null, 5179.6686371191045, 0.3009765770536853
2100-Nov-01 15:00:00, 5181.2616959082525, 0.30106914540409424, null, null, 5181.2616959082525, 0.30106914540409424
2100-Nov-01 16:00:00, 5183.2710504565339, 0.3011859035784869, null, null, 5183.2710504565339, 0.3011859035784869
2100-Nov-01 17:00:00, 5186.936639284776, 0.30139890106070116, null, null, 5186.936639284776, 0.30139890106070116
2100-Nov-01 18:00:00, 5193.0584140017336, 0.30175462088157923, null, null, 5193.0584140017336, 0.30175462088157923
2100-Nov-01 19:00:00, 5201.8946975865974, 0.3022680734928504, null, null, 5201.8946975865974, 0.3022680734928504
2100-Nov-01 20:00:00, 5213.3453198718662, 0.30293343827619906, null, null, 5213.3453198718662, 0.30293343827619906
2100-Nov-01 21:00:00, 5227.1034593706563, 0.30373288666239473, null, null, 5227.1034593706563, 0.30373288666239473
2100-Nov-01 22:00:00, 5242.7100049343508, 0.30463974094062624, null, null, 5242.7100049343508, 0.30463974094062624
2100-Nov-01 23:00:00, 5259.7124646910906, 0.30562770802840561, null, null, 5259.7124646910906, 0.30562770802840561
2100-Nov-02 00:00:00, 5277.6753776110645, 0.30667148445955084, null, null, 5277.6753776110645, 0.30667148445955084
2100-Nov-02 01:00:00, 5296.2566089678876, 0.30775118970770926, null, null, 5296.2566089678876, 0.30775118970770926
2100-Nov-02 02:00:00, 5315.2129770374995, 0.30885269313865749, null, null, 5315.2129770374995, 0.30885269313865749
2100-Nov-02 03:00:00, 5334.3524521822446, 0.30996483642797679, null, null, 5334.3524521822446, 0.30996483642797679
2100-Nov-02 04:00:00, 5353.5191904826606, 0.3110785639057545, null, null, 5353.5191904826606, 0.3110785639057545
2100-Nov-02 05:00:00, 5372.6493227285337, 0.31219016430441426, null, null, 5372.6493227285337, 0.31219016430441426
2100-Nov-02 06:00:00, 5391.7743495317791, 0.31330146803957026, null, null, 5391.7743495317791, 0.31330146803957026
2100-Nov-02 07:00:00, 5410.8947415344219, 0.31441250245896141, null, null, 5410.8947415344219, 0.31441250245896141
2100-Nov-02 08:00:00, 5429.6800058266881, 0.31550406351080501, null, null, 5429.6800058266881, 0.31550406351080501
2100-Nov-02 09:00:00, 5447.4871079683771, 0.31653878619778208, null, null, 5447.4871079683771, 0.31653878619778208
2100-Nov-02 10:00:00, 5461.5378886492745, 0.31735523917393632, null, null, 5461.5378886492745, 0.31735523917393632
2100-Nov-02 11:00:00, 5468.8782390744936, 0.31778176714322082, null, null, 5468.8782390744936, 0.31778176714322082
2100-Nov-02 12:00:00, 5467.8099874814898, 0.31771969392378929, null, null, 5467.8099874814898, 0.31771969392378929
2100-Nov-02 13:00:00, 5457.9997303569935, 0.31714964633653869, null, null, 5457.9997303569935, 0.31714964633653869
2100-Nov-02 14:00:00, 5440.2679509219106, 0.31611930044892789, null, null, 5440.2679509219106, 0.31611930044892789
2100-Nov-02 15:00:00, 5416.9301744168361, 0.31476320518866274, null, null, 5416.9301744168361, 0.31476320518866274
2100-Nov-02 16:00:00, 5391.125759069294, 0.31326378019677864, null, null, 5391.125759069294, 0.31326378019677864
2100-Nov-02 17:00:00, 5365.9075938906817, 0.31179842062133389, null, null, 5365.9075938906817, 0.31179842062133389
2100-Nov-02 18:00:00, 5343.4404997510774, 0.31049291836545179, null, null, 5343.4404997510774, 0.31049291836545179
2100-Nov-02 19:00:00, 5324.7908018593889, 0.30940923471157855, null, null, 5324.7908018593889, 0.30940923471157855
2100-Nov-02 20:00:00, 5310.3951058508492, 0.30857273963583071, null, null, 5310.3951058508492, 0.30857273963583071
2100-Nov-02 21:00:00, 5300.2656982899789, 0.30798414707734068, null, null, 5300.2656982899789, 0.30798414707734068
2100-Nov-02 22:00:00, 5294.3132046298915, 0.30763826372219555, null, null, 5294.3132046298915, 0.30763826372219555
2100-Nov-02 23:00:00, 5292.3478735896142, 0.30752406363513957, null, null, 5292.3478735896142, 0.30752406363513957
2100-Nov-03 00:00:00, 5293.9811723676548, 0.30761897022279228, null, null, 5293.9811723676548, 0.30761897022279228
2100-Nov-03 01:00:00, 5298.8102843524439, 0.30789957689808706, null, null, 5298.8102843524439, 0.30789957689808706
2100-Nov-03 02:00:00, 5306.463305892511, 0.3083442733427092, null, null, 5306.463305892511, 0.3083442733427092
2100-Nov-03 03:00:00, 5316.5676745051596, 0.30893141095543786, null, null, 5316.5676745051596, 0.30893141095543786
2100-Nov-03 04:00:00, 5328.7774890876435, 0.30964089035594639, null, null, 5328.7774890876435, 0.30964089035594639
2100-Nov-03 05:00:00, 5342.8046161358225, 0.31045596888328753, null, null, 5342.8046161358225, 0.31045596888328753
2100-Nov-03 06:00:00, 5358.3800001530717, 0.31136101244808506, null, null, 5358.3800001530717, 0.31136101244808506
2100-Nov-03 07:00:00, 5375.101092238855, 0.31233263001923872, null, null, 5375.101092238855, 0.31233263001923872
2100-Nov-03 08:00:00, 5392.272190970144, 0.31333039626307874, null, null, 5392.272190970144, 0.31333039626307874
2100-Nov-03 09:00:00, 5408.9965902906979, 0.31430220600872671, null, null, 5408.9965902906979, 0.31430220600872671
2100-Nov-03 10:00:00, 5424.2754741080153, 0.31519002074644603, null, null, 5424.2754741080153, 0.31519002074644603
2100-Nov-03 11:00:00, 5437.2783513960539, 0.31594558288220842, null, null, 5437.2783513960539, 0.31594558288220842
2100-Nov-03 12:00:00, 5447.3269674626144, 0.31652948086482574, null, null, 5447.3269674626144, 0.31652948086482574
2100-Nov-03 13:00:00, 5454.4194198261775, 0.31694160414622713, null, null, 5454.4194198261775, 0.31694160414622713
2100-Nov-03 14:00:00, 5458.4880571438662, 0.31717802168930609, null, null, 5458.4880571438662, 0.31717802168930609
2100-Nov-03 15:00:00, 5459.706161871477, 0.31724880247029696, null, null, 5459.706161871477, 0.31724880247029696
2100-Nov-03 16:00:00, 5458.8212301020149, 0.31719738147147281, null, null, 5458.8212301020149, 0.31719738147147281
2100-Nov-03 17:00:00, 5457.4003012770791, 0.3171148151291201, null, null, 5457.4003012770791, 0.3171148151291201
2100-Nov-03 18:00:00, 5457.1659361408065, 0.31710119680303828, null, null, 5457.1659361408065, 0.31710119680303828
2100-Nov-03 19:00:00, 5459.3900220454625, 0.31723043243750715, null, null, 5459.3900220454625, 0.31723043243750715
2100-Nov-03 20:00:00, 5464.7132292813121, 0.31753974965546816, null, null, 5464.7132292813121, 0.31753974965546816
2100-Nov-03 21:00:00, 5473.2654126125553, 0.31803669396710366, null, null, 5473.2654126125553, 0.31803669396710366
2100-Nov-03 22:00:00, 5484.8839128218415, 0.31871181368391888, null, null, 5484.8839128218415, 0.31871181368391888
2100-Nov-03 23:00:00, 5499.2169106684505, 0.31954466553854821, null, null, 5499.2169106684505, 0.31954466553854821
2100-Nov-04 00:00:00, 5515.8061056717434, 0.32050861892591093, null, null, 5515.8061056717434, 0.32050861892591093
2100-Nov-04 01:00:00, 5534.1643086429303, 0.32157536459599645, null, null, 5534.1643086429303, 0.32157536459599645
2100-Nov-04 02:00:00, 5553.8978784420142, 0.32272202912364889, null, null, 5553.8978784420142, 0.32272202912364889
2100-Nov-04 03:00:00, 5574.6836079356108, 0.32392983181390478, null, null, 5574.6836079356108, 0.32392983181390478
2100-Nov-04 04:00:00, 5596.2220159713661, 0.32518137062457908, null, null, 5596.2220159713661, 0.32518137062457908
2100-Nov-04 05:00:00, 5618.1744580827917, 0.32645696783890998, null, null, 5618.1744580827917, 0.32645696783890998
2100-Nov-04 06:00:00, 5640.4151051043646, 0.32774931186339862, null, null, 5640.4151051043646, 0.32774931186339862
2100-Nov-04 07:00:00, 5663.0406524666423, 0.32906402140876678, null, null, 5663.0406524666423, 0.32906402140876678
2100-Nov-04 08:00:00, 5685.7795849971426, 0.33038531946050687, null, null, 5685.7795849971426, 0.33038531946050687
2100-Nov-04 09:00:00, 5708.2938013044231, 0.33169355985848342, null, null, 5708.2938013044231, 0.33169355985848342
2100-Nov-04 10:00:00, 5730.2377459869149, 0.33296866331013303, null, null, 5730.2377459869149, 0.33296866331013303
2100-Nov-04 11:00:00, 5751.3053755436295, 0.33419284645288744, null, null, 5751.3053755436295, 0.33419284645288744
2100-Nov-04 12:00:00, 5770.4556076752397, 0.33530561480170629, null, null, 5770.4556076752397, 0.33530561480170629
2100-Nov-04 13:00:00, 5785.9072954029989, 0.3362034707086799, null, null, 5785.9072954029989, 0.3362034707086799
2100-Nov-04 14:00:00, 5797.4324728142965, 0.33687316768935743, null, null, 5797.4324728142965, 0.33687316768935743
2100-Nov-04 15:00:00, 5806.2046612160912, 0.33738289590237891, null, null, 5806.2046612160912, 0.33738289590237891
2100-Nov-04 16:00:00, 5813.5951976654569, 0.33781234004619537, null, null, 5813.5951976654569, 0.33781234004619537
2100-Nov-04 17:00:00, 5820.6731739883789, 0.33822362216391111, null, null, 5820.6731739883789, 0.33822362216391111
2100-Nov-04 18:00:00, 5828.1195332211937, 0.33865631001914259, null, null, 5828.1195332211937, 0.33865631001914259
2100-Nov-04 19:00:00, 5836.2710086106745, 0.33912997027282782, null, null, 5836.2710086106745, 0.33912997027282782
2100-Nov-04 20:00:00, 5845.1634622168012, 0.33964668677256693, null, null, 5845.1634622168012, 0.33964668677256693
2100-Nov-04 21:00:00, 5854.7043671171314, 0.34020108302840413, null, null, 5854.7043671171314, 0.34020108302840413
2100-Nov-04 22:00:00, 5864.7900396049754, 0.34078713425973617, null, null, 5864.7900396049754, 0.34078713425973617
2100-Nov-04 23:00:00, 5875.3292083798542, 0.34139953693741371, null, null, 5875.3292083798542, 0.34139953693741371
2100-Nov-05 00:00:00, 5886.2484455447338, 0.3420340243643451, null, null, 5886.2484455447338, 0.3420340243643451
2100-Nov-05 01:00:00, 5897.5857566121622, 0.34269280493837917, null, null, 5897.5857566121622, 0.34269280493837917
2100-Nov-05 02:00:00, 5909.4068123664501, 0.34337969461170492, null, null, 5909.4068123664501, 0.34337969461170492
2100-Nov-05 03:00:00, 5921.776336773667, 0.34409845431945657, null, null, 5921.776336773667, 0.34409845431945657
2100-Nov-05 04:00:00, 5934.7527188441736, 0.34485247688957488, null, null, 5934.7527188441736, 0.34485247688957488
2100-Nov-05 05:00:00, 5948.3399879447034, 0.34564199645769522, null, null, 5948.3399879447034, 0.34564199645769522
2100-Nov-05 06:00:00, 5962.5300064907324, 0.34646654017072465, null, null, 5962.5300064907324, 0.34646654017072465
2100-Nov-05 07:00:00, 5976.9610711869127, 0.34730509042553637, null, null, 5976.9610711869127, 0.34730509042553637
2100-Nov-05 08:00:00, 5990.7492716271809, 0.3481062855719792, null, null, 5990.7492716271809, 0.3481062855719792
2100-Nov-05 09:00:00, 6002.564661433531, 0.34879284601234906, null, null, 6002.564661433531, 0.34879284601234906
2100-Nov-05 10:00:00, 6011.0817845989241, 0.34928775307228993, null, null, 6011.0817845989241, 0.34928775307228993
2100-Nov-05 11:00:00, 6015.2697816600785, 0.34953110628819722, null, null, 6015.2697816600785, 0.34953110628819722
2100-Nov-05 12:00:00, 6014.2120139649624, 0.34946964225980121, null, null, 6014.2120139649624, 0.34946964225980121
2100-Nov-05 13:00:00, 6008.1408800157851, 0.34911686503738137, null, null, 6008.1408800157851, 0.34911686503738137
2100-Nov-05 14:00:00, 5998.2005668732363, 0.3485392602456297, null, null, 5998.2005668732363, 0.3485392602456297
2100-Nov-05 15:00:00, 5985.67365353265, 0.34781135509137356, null, null, 5985.67365353265, 0.34781135509137356
2100-Nov-05 16:00:00, 5971.9363230981335, 0.3470131158637893, null, null, 5971.9363230981335, 0.3470131158637893
2100-Nov-05 17:00:00, 5958.4782278057692, 0.3462311022373325, null, null, 5958.4782278057692, 0.3462311022373325
2100-Nov-05 18:00:00, 5946.5141300074492, 0.34553590077655399, null, null, 5946.5141300074492, 0.34553590077655399
2100-Nov-05 19:00:00, 5936.8216421517645, 0.34497269644393846, null, null, 5936.8216421517645, 0.34497269644393846
2100-Nov-05 20:00:00, 5929.7103567441009, 0.34455947882512938, null, null, 5929.7103567441009, 0.34455947882512938
2100-Nov-05 21:00:00, 5925.3131472266987, 0.34430396883754999, null, null, 5925.3131472266987, 0.34430396883754999
2100-Nov-05 22:00:00, 5923.6546659154828, 0.3442075989608015, null, null, 5923.6546659154828, 0.3442075989608015
2100-Nov-05 23:00:00, 5924.6721531320545, 0.3442667223992093, null, null, 5924.6721531320545, 0.3442667223992093
2100-Nov-06 00:00:00, 5928.2960458149673, 0.34447729703085594, null, null, 5928.2960458149673, 0.34447729703085594
2100-Nov-06 01:00:00, 5934.4987236947809, 0.34483771791636481, null, null, 5934.4987236947809, 0.34483771791636481
2100-Nov-06 02:00:00, 5943.0923241726268, 0.34533706886670423, null, null, 5943.0923241726268, 0.34533706886670423
2100-Nov-06 03:00:00, 5953.778348132375, 0.34595800490316614, null, null, 5953.778348132375, 0.34595800490316614
2100-Nov-06 04:00:00, 5966.3060655274976, 0.34668595677886316, null, null, 5966.3060655274976, 0.34668595677886316
2100-Nov-06 05:00:00, 5980.5680277080146, 0.34751468094249011, null, null, 5980.5680277080146, 0.34751468094249011
2100-Nov-06 06:00:00, 5996.5104518214102, 0.34844105221751759, null, null, 5996.5104518214102, 0.34844105221751759
2100-Nov-06 07:00:00, 6013.3942810593671, 0.34942212600574846, null, null, 6013.3942810593671, 0.34942212600574846
2100-Nov-06 08:00:00, 6029.6406957987865, 0.35036616135631576, null, null, 6029.6406957987865, 0.35036616135631576
2100-Nov-06 09:00:00, 6043.063259188194, 0.35114611031970677, null, null, 6043.063259188194, 0.35114611031970677
2100-Nov-06 10:00:00, 6051.3084033969162, 0.35162521341589159, null, null, 6051.3084033969162, 0.35162521341589159
2100-Nov-06 11:00:00, 6050.6795033128637, 0.35158866972789377, null, null, 6050.6795033128637, 0.35158866972789377
2100-Nov-06 12:00:00, 6039.2570201989629, 0.3509249400359134, null, null, 6039.2570201989629, 0.3509249400359134
2100-Nov-06 13:00:00, 6017.6310130258062, 0.34966831107558377, null, null, 6017.6310130258062, 0.34966831107558377
2100-Nov-06 14:00:00, 5987.922432272384, 0.34794202555990233, null, null, 5987.922432272384, 0.34794202555990233
2100-Nov-06 15:00:00, 5951.9429127328904, 0.34585135270152118, null, null, 5951.9429127328904, 0.34585135270152118
2100-Nov-06 16:00:00, 5912.6303308263587, 0.34356700457689837, null, null, 5912.6303308263587, 0.34356700457689837
2100-Nov-06 17:00:00, 5873.8062447513003, 0.34131104162776893, null, null, 5873.8062447513003, 0.34131104162776893
2100-Nov-06 18:00:00, 5838.6672788094465, 0.33926921107231711, null, null, 5838.6672788094465, 0.33926921107231711
2100-Nov-06 19:00:00, 5809.2652581788971, 0.33756073893870847, null, null, 5809.2652581788971, 0.33756073893870847
2100-Nov-06 20:00:00, 5786.4228161262054, 0.3362334262277567, null, null, 5786.4228161262054, 0.3362334262277567
2100-Nov-06 21:00:00, 5770.1564574370768, 0.33528823198805252, null, null, 5770.1564574370768, 0.33528823198805252
2100-Nov-06 22:00:00, 5760.1409156181107, 0.33470625586077518, null, null, 5760.1409156181107, 0.33470625586077518
2100-Nov-06 23:00:00, 5755.8321364588564, 0.33445588432284729, null, null, 5755.8321364588564, 0.33445588432284729
2100-Nov-07 00:00:00, 5756.6657575641975, 0.33450432379734324, null, null, 5756.6657575641975, 0.33450432379734324
2100-Nov-07 01:00:00, 5762.0313491869283, 0.33481610385773253, null, null, 5762.0313491869283, 0.33481610385773253
2100-Nov-07 02:00:00, 5771.2730817002484, 0.33535311601290618, null, null, 5771.2730817002484, 0.33535311601290618
2100-Nov-07 03:00:00, 5783.8587312889413, 0.33608443417215211, null, null, 5783.8587312889413, 0.33608443417215211
2100-Nov-07 04:00:00, 5799.4698175687636, 0.3369915522991534, null, null, 5799.4698175687636, 0.3369915522991534
2100-Nov-07 05:00:00, 5817.9702683405558, 0.33806656360534793, null, null, 5817.9702683405558, 0.33806656360534793
2100-Nov-07 06:00:00, 5839.0087018036174, 0.33928905024183009, null, null, 5839.0087018036174, 0.33928905024183009
2100-Nov-07 07:00:00, 5861.8544702494382, 0.34061655624051668, null, null, 5861.8544702494382, 0.34061655624051668
2100-Nov-07 08:00:00, 5885.2233357576551, 0.34197445799892007, null, null, 5885.2233357576551, 0.34197445799892007
2100-Nov-07 09:00:00, 5906.5585132218939, 0.34321418762911338, null, null, 5906.5585132218939, 0.34321418762911338
2100-Nov-07 10:00:00, 5921.3850097458926, 0.34407571536112164, null, null, 5921.3850097458926, 0.34407571536112164
2100-Nov-07 11:00:00, 5926.8810508810802, 0.34439507549091075, null, null, 5926.8810508810802, 0.34439507549091075
2100-Nov-07 12:00:00, 5922.17266440811, 0.34412148384956037, null, null, 5922.17266440811, 0.34412148384956037
2100-Nov-07 13:00:00, 5908.0267398226842, 0.34329950231767825, null, null, 5908.0267398226842, 0.34329950231767825
2100-Nov-07 14:00:00, 5886.7897335308835, 0.34206547714958779, null, null, 5886.7897335308835, 0.34206547714958779
2100-Nov-07 15:00:00, 5861.3843255642732, 0.34058923740064978, null, null, 5861.3843255642732, 0.34058923740064978
2100-Nov-07 16:00:00, 5834.3059840017977, 0.3390157879916742, null, null, 5834.3059840017977, 0.3390157879916742
2100-Nov-07 17:00:00, 5808.1597237984288, 0.33749649931703385, null, null, 5808.1597237984288, 0.33749649931703385
2100-Nov-07 18:00:00, 5785.0797070653643, 0.33615538178204746, null, null, 5785.0797070653643, 0.33615538178204746
2100-Nov-07 19:00:00, 5766.4425343565117, 0.33507242593277353, null, null, 5766.4425343565117, 0.33507242593277353
2100-Nov-07 20:00:00, 5752.9206119826231, 0.3342867034867249, null, null, 5752.9206119826231, 0.3342867034867249
2100-Nov-07 21:00:00, 5744.5269559424933, 0.33379897076849269, null, null, 5744.5269559424933, 0.33379897076849269
2100-Nov-07 22:00:00, 5741.0854242322539, 0.33359899264121506, null, null, 5741.0854242322539, 0.33359899264121506
2100-Nov-07 23:00:00, 5742.3396705065306, 0.3336718735100237, null, null, 5742.3396705065306, 0.3336718735100237
2100-Nov-08 00:00:00, 5747.7673692581247, 0.33398726244819371, null, null, 5747.7673692581247, 0.33398726244819371
2100-Nov-08 01:00:00, 5756.5331641033063, 0.33449661914888124, null, null, 5756.5331641033063, 0.33449661914888124
2100-Nov-08 02:00:00, 5767.7596802010403, 0.33514896172599506, null, null, 5767.7596802010403, 0.33514896172599506
2100-Nov-08 03:00:00, 5780.6019580119519, 0.33589519185921274, null, null, 5780.6019580119519, 0.33589519185921274
2100-Nov-08 04:00:00, 5794.2092103121258, 0.33668587259717786, null, null, 5794.2092103121258, 0.33668587259717786
2100-Nov-08 05:00:00, 5807.9472632191737, 0.33748415380569269, null, null, 5807.9472632191737, 0.33748415380569269
2100-Nov-08 06:00:00, 5821.4617917711603, 0.33826944661668867, null, null, 5821.4617917711603, 0.33826944661668867
2100-Nov-08 07:00:00, 5834.6508776971777, 0.33903582883427541, null, null, 5834.6508776971777, 0.33903582883427541
2100-Nov-08 08:00:00, 5847.5111122899807, 0.33978310238766668, null, null, 5847.5111122899807, 0.33978310238766668
2100-Nov-08 09:00:00, 5859.9513278367695, 0.34050596976691372, null, null, 5859.9513278367695, 0.34050596976691372
2100-Nov-08 10:00:00, 5870.9335431544005, 0.34114411668447514, null, null, 5870.9335431544005, 0.34114411668447514
2100-Nov-08 11:00:00, 5879.4622872417985, 0.34163969900485686, null, null, 5879.4622872417985, 0.34163969900485686
2100-Nov-08 12:00:00, 5885.5635728821062, 0.3419942282607415, null, null, 5885.5635728821062, 0.3419942282607415
2100-Nov-08 13:00:00, 5888.971340071158, 0.34219224442274199, null, null, 5888.971340071158, 0.34219224442274199
2100-Nov-08 14:00:00, 5889.5060073478062, 0.34222331249640886, null, null, 5889.5060073478062, 0.34222331249640886
2100-Nov-08 15:00:00, 5887.7666801235009, 0.34212224488165915, null, null, 5887.7666801235009, 0.34212224488165915
2100-Nov-08 16:00:00, 5884.7316931449068, 0.34194588997245245, null, null, 5884.7316931449068, 0.34194588997245245
2100-Nov-08 17:00:00, 5881.2962004879819, 0.34174626275827813, null, null, 5881.2962004879819, 0.34174626275827813
2100-Nov-08 18:00:00, 5878.1144687441574, 0.34156138090647459, null, null, 5878.1144687441574, 0.34156138090647459
2100-Nov-08 19:00:00, 5875.6123171490053, 0.34141598762456044, null, null, 5875.6123171490053, 0.34141598762456044
2100-Nov-08 20:00:00, 5874.117343767417, 0.34132911875268857, null, null, 5874.117343767417, 0.34132911875268857
2100-Nov-08 21:00:00, 5873.7403726660059, 0.34130721397852254, null, null, 5873.7403726660059, 0.34130721397852254
2100-Nov-08 22:00:00, 5874.4027926016634, 0.34134570541470777, null, null, 5874.4027926016634, 0.34134570541470777
2100-Nov-08 23:00:00, 5876.1318819634562, 0.34144617813487427, null, null, 5876.1318819634562, 0.34144617813487427
2100-Nov-09 00:00:00, 5878.9167410871551, 0.34160799878892556, null, null, 5878.9167410871551, 0.34160799878892556
2100-Nov-09 01:00:00, 5882.7593672530147, 0.34183128343343144, null, null, 5882.7593672530147, 0.34183128343343144
2100-Nov-09 02:00:00, 5887.6395472325885, 0.34211485753219367, null, null, 5887.6395472325885, 0.34211485753219367
2100-Nov-09 03:00:00, 5893.3434114538513, 0.34244629370110069, null, null, 5893.3434114538513, 0.34244629370110069
2100-Nov-09 04:00:00, 5899.5863406482686, 0.34280905348195984, null, null, 5899.5863406482686, 0.34280905348195984
2100-Nov-09 05:00:00, 5906.1425697557652, 0.34319001827592616, null, null, 5906.1425697557652, 0.34319001827592616
2100-Nov-09 06:00:00, 5912.921134621497, 0.34358390240125491, null, null, 5912.921134621497, 0.34358390240125491
2100-Nov-09 07:00:00, 5919.6424656015897, 0.34397446081982552, null, null, 5919.6424656015897, 0.34397446081982552
2100-Nov-09 08:00:00, 5925.5403018625384, 0.34431716818089542, null, null, 5925.5403018625384, 0.34431716818089542
2100-Nov-09 09:00:00, 5930.170083030278, 0.34458619227992521, null, null, 5930.170083030278, 0.34458619227992521
2100-Nov-09 10:00:00, 5933.4525318273372, 0.34477692652809949, null, null, 5933.4525318273372, 0.34477692652809949
2100-Nov-09 11:00:00, 5935.3232972560199, 0.34488563166247049, null, null, 5935.3232972560199, 0.34488563166247049
2100-Nov-09 12:00:00, 5935.7668021713016, 0.34491140253714603, null, null, 5935.7668021713016, 0.34491140253714603
2100-Nov-09 13:00:00, 5934.7243262526872, 0.3448508270726468, null, null, 5934.7243262526872, 0.3448508270726468
2100-Nov-09 14:00:00, 5932.1026578539077, 0.34469848899156191, null, null, 5932.1026578539077, 0.34469848899156191
2100-Nov-09 15:00:00, 5928.0755115312841, 0.34446448237832195, null, null, 5928.0755115312841, 0.34446448237832195
2100-Nov-09 16:00:00, 5923.2116839202854, 0.34418185847160193, null, null, 5923.2116839202854, 0.34418185847160193
2100-Nov-09 17:00:00, 5918.2462512437069, 0.34389333056850846, null, null, 5918.2462512437069, 0.34389333056850846
2100-Nov-09 18:00:00, 5913.8004605586393, 0.34363499766027961, null, null, 5913.8004605586393, 0.34363499766027961
2100-Nov-09 19:00:00, 5910.2952176174858, 0.34343131744517674, null, null, 5910.2952176174858, 0.34343131744517674
2100-Nov-09 20:00:00, 5907.9771566491063, 0.34329662117316717, null, null, 5907.9771566491063, 0.34329662117316717
2100-Nov-09 21:00:00, 5907.0942728562832, 0.343245319176743, null, null, 5907.0942728562832, 0.343245319176743
2100-Nov-09 22:00:00, 5908.1581314583673, 0.34330713713131827, null, null, 5908.1581314583673, 0.34330713713131827
2100-Nov-09 23:00:00, 5911.8525344986519, 0.34352180892969414, null, null, 5911.8525344986519, 0.34352180892969414
2100-Nov-10 00:00:00, 5918.5521912564573, 0.34391110791765422, null, null, 5918.5521912564573, 0.34391110791765422
2100-Nov-10 01:00:00, 5928.2401417736928, 0.34447404859776781, null, null, 5928.2401417736928, 0.34447404859776781
2100-Nov-10 02:00:00, 5940.7736906173523, 0.34520233932321431, null, null, 5940.7736906173523, 0.34520233932321431
2100-Nov-10 03:00:00, 5955.8303518437096, 0.34607724130541645, null, null, 5955.8303518437096, 0.34607724130541645
2100-Nov-10 04:00:00, 5972.9443637927834, 0.34707169039028168, null, null, 5972.9443637927834, 0.34707169039028168
2100-Nov-10 05:00:00, 5991.6274119696809, 0.34815731193929628, null, null, 5991.6274119696809, 0.34815731193929628
2100-Nov-10 06:00:00, 6011.4567065566025, 0.34930953877623933, null, null, 6011.4567065566025, 0.34930953877623933
2100-Nov-10 07:00:00, 6032.0133540359229, 0.35050403012838621, null, null, 6032.0133540359229, 0.35050403012838621
2100-Nov-10 08:00:00, 6052.8285601979715, 0.35171354562835933, null, null, 6052.8285601979715, 0.35171354562835933
2100-Nov-10 09:00:00, 6073.2842019791924, 0.3529021678117607, null, null, 6073.2842019791924, 0.3529021678117607
2100-Nov-10 10:00:00, 6092.5533935789408, 0.35402184857448799, null, null, 6092.5533935789408, 0.35402184857448799
2100-Nov-10 11:00:00, 6109.8376487786672, 0.35502619003557212, null, null, 6109.8376487786672, 0.35502619003557212
2100-Nov-10 12:00:00, 6124.6043363969393, 0.35588424243334876, null, null, 6124.6043363969393, 0.35588424243334876
2100-Nov-10 13:00:00, 6136.7708103456189, 0.35659120342649891, null, null, 6136.7708103456189, 0.35659120342649891
2100-Nov-10 14:00:00, 6146.5631064406407, 0.35716020734676035, null, null, 6146.5631064406407, 0.35716020734676035
2100-Nov-10 15:00:00, 6154.2917616151253, 0.35760929865792546, null, null, 6154.2917616151253, 0.35760929865792546
2100-Nov-10 16:00:00, 6160.5526539817502, 0.35797310223028223, null, null, 6160.5526539817502, 0.35797310223028223
2100-Nov-10 17:00:00, 6166.3065489981118, 0.35830744555377986, null, null, 6166.3065489981118, 0.35830744555377986
2100-Nov-10 18:00:00, 6172.5105855985958, 0.35866794539088293, null, null, 6172.5105855985958, 0.35866794539088293
2100-Nov-10 19:00:00, 6179.8148471176619, 0.35909237633114793, null, null, 6179.8148471176619, 0.35909237633114793
2100-Nov-10 20:00:00, 6188.476467497846, 0.35959567973459039, null, null, 6188.476467497846, 0.35959567973459039
2100-Nov-10 21:00:00, 6198.5149729174, 0.36017899021477445, null, null, 6198.5149729174, 0.36017899021477445
2100-Nov-10 22:00:00, 6209.8137071255733, 0.36083552919154321, null, null, 6209.8137071255733, 0.36083552919154321
2100-Nov-10 23:00:00, 6222.1769592998853, 0.36155392443675438, null, null, 6222.1769592998853, 0.36155392443675438
2100-Nov-11 00:00:00, 6235.431968339346, 0.36232413726869561, null, null, 6235.431968339346, 0.36232413726869561
2100-Nov-11 01:00:00, 6249.518643107207, 0.36314267595345157, null, null, 6249.518643107207, 0.36314267595345157
2100-Nov-11 02:00:00, 6264.4168876352214, 0.36400837276849818, null, null, 6264.4168876352214, 0.36400837276849818
2100-Nov-11 03:00:00, 6280.045763581883, 0.36491652460506796, null, null, 6280.045763581883, 0.36491652460506796
2100-Nov-11 04:00:00, 6296.3155998345119, 0.36586192091660963, null, null, 6296.3155998345119, 0.36586192091660963
2100-Nov-11 05:00:00, 6313.1379107354733, 0.36683942004016751, null, null, 6313.1379107354733, 0.36683942004016751
2100-Nov-11 06:00:00, 6330.4080549349055, 0.36784294154907615, null, null, 6330.4080549349055, 0.36784294154907615
2100-Nov-11 07:00:00, 6347.7976898518009, 0.36885340634135899, null, null, 6347.7976898518009, 0.36885340634135899
2100-Nov-11 08:00:00, 6364.8466219300335, 0.36984407381042345, null, null, 6364.8466219300335, 0.36984407381042345
2100-Nov-11 09:00:00, 6380.4637333744722, 0.37075154204349314, null, null, 6380.4637333744722, 0.37075154204349314
2100-Nov-11 10:00:00, 6392.8309516059508, 0.37147016774559144, null, null, 6392.8309516059508, 0.37147016774559144
2100-Nov-11 11:00:00, 6401.6304920801513, 0.37198148531378311, null, null, 6401.6304920801513, 0.37198148531378311
2100-Nov-11 12:00:00, 6407.3855685051212, 0.37231589728574915, null, null, 6407.3855685051212, 0.37231589728574915
2100-Nov-11 13:00:00, 6410.1811802394814, 0.37247834274501063, null, null, 6410.1811802394814, 0.37247834274501063
2100-Nov-11 14:00:00, 6410.5499955242612, 0.37249977360666509, null, null, 6410.5499955242612, 0.37249977360666509
2100-Nov-11 15:00:00, 6409.0223217357698, 0.37241100460232768, null, null, 6409.0223217357698, 0.37241100460232768
2100-Nov-11 16:00:00, 6406.2027088912982, 0.37224716450327883, null, null, 6406.2027088912982, 0.37224716450327883
2100-Nov-11 17:00:00, 6403.0734580331191, 0.37206533217422066, null, null, 6403.0734580331191, 0.37206533217422066
2100-Nov-11 18:00:00, 6400.6440713564471, 0.37192416706550219, null, null, 6400.6440713564471, 0.37192416706550219
2100-Nov-11 19:00:00, 6399.6507889489631, 0.37186645010327996, null, null, 6399.6507889489631, 0.37186645010327996
2100-Nov-11 20:00:00, 6400.4783469107733, 0.37191453726485518, null, null, 6400.4783469107733, 0.37191453726485518
2100-Nov-11 21:00:00, 6403.2185437112994, 0.37207376271174292, null, null, 6403.2185437112994, 0.37207376271174292
2100-Nov-11 22:00:00, 6407.8345187041905, 0.37234198457118189, null, null, 6407.8345187041905, 0.37234198457118189
2100-Nov-11 23:00:00, 6414.2634856744889, 0.37271555450552962, null, null, 6414.2634856744889, 0.37271555450552962
2100-Nov-12 00:00:00, 6422.447222753317, 0.37319108939898626, null, null, 6422.447222753317, 0.37319108939898626
2100-Nov-12 01:00:00, 6432.4209473625215, 0.37377063564096824, null, null, 6432.4209473625215, 0.37377063564096824
2100-Nov-12 02:00:00, 6444.2384568024117, 0.37445731924752734, null, null, 6444.2384568024117, 0.37445731924752734
2100-Nov-12 03:00:00, 6457.768330710659, 0.37524350373579551, null, null, 6457.768330710659, 0.37524350373579551
2100-Nov-12 04:00:00, 6472.8075740175509, 0.37611739360966656, null, null, 6472.8075740175509, 0.37611739360966656
2100-Nov-12 05:00:00, 6489.1487261045422, 0.37706693389203333, null, null, 6489.1487261045422, 0.37706693389203333
2100-Nov-12 06:00:00, 6506.6304549299148, 0.37808275001299813, null, null, 6506.6304549299148, 0.37808275001299813
2100-Nov-12 07:00:00, 6524.9491243065195, 0.37914719849250844, null, null, 6524.9491243065195, 0.37914719849250844
2100-Nov-12 08:00:00, 6543.1989478461574, 0.38020764652608169, null, null, 6543.1989478461574, 0.38020764652608169
2100-Nov-12 09:00:00, 6559.0619878237021, 0.38112940500304143, null, null, 6559.0619878237021, 0.38112940500304143
2100-Nov-12 10:00:00, 6568.4874054177835, 0.38167709060293459, null, null, 6568.4874054177835, 0.38167709060293459
2100-Nov-12 11:00:00, 6569.3911002586619, 0.3817296018732424, null, null, 6569.3911002586619, 0.3817296018732424
2100-Nov-12 12:00:00, 6561.1204717328037, 0.38124901795210958, null, null, 6561.1204717328037, 0.38124901795210958
2100-Nov-12 13:00:00, 6543.8257377377649, 0.38024406759648682, null, null, 6543.8257377377649, 0.38024406759648682
2100-Nov-12 14:00:00, 6519.3131388721267, 0.37881970657686509, null, null, 6519.3131388721267, 0.37881970657686509
2100-Nov-12 15:00:00, 6489.9989734775045, 0.3771163394741065, null, null, 6489.9989734775045, 0.3771163394741065
2100-Nov-12 16:00:00, 6459.0767564967646, 0.37531953282993652, null, null, 6459.0767564967646, 0.37531953282993652
2100-Nov-12 17:00:00, 6429.9047357127656, 0.37362442536719537, null, null, 6429.9047357127656, 0.37362442536719537
2100-Nov-12 18:00:00, 6404.8645538497376, 0.37216940792227099, null, null, 6404.8645538497376, 0.37216940792227099
2100-Nov-12 19:00:00, 6385.0710030094697, 0.37101925805805969, null, null, 6385.0710030094697, 0.37101925805805969
2100-Nov-12 20:00:00, 6370.7713852273491, 0.37018834582896537, null, null, 6370.7713852273491, 0.37018834582896537
2100-Nov-12 21:00:00, 6361.8341843951839, 0.36966902918858613, null, null, 6361.8341843951839, 0.36966902918858613
2100-Nov-12 22:00:00, 6357.9020745167118, 0.36944054488684136, null, null, 6357.9020745167118, 0.36944054488684136
2100-Nov-12 23:00:00, 6358.2818066543441, 0.3694626100973768, null, null, 6358.2818066543441, 0.3694626100973768
2100-Nov-13 00:00:00, 6362.2044901250965, 0.36969054665598816, null, null, 6362.2044901250965, 0.36969054665598816
2100-Nov-13 01:00:00, 6369.1764447251862, 0.37009566813728734, null, null, 6369.1764447251862, 0.37009566813728734
2100-Nov-13 02:00:00, 6378.9274398850439, 0.3706622721715781, null, null, 6378.9274398850439, 0.3706622721715781
2100-Nov-13 03:00:00, 6391.1098245557505, 0.37137015769388054, null, null, 6391.1098245557505, 0.37137015769388054
2100-Nov-13 04:00:00, 6405.5251220573991, 0.37220779175953572, null, null, 6405.5251220573991, 0.37220779175953572
2100-Nov-13 05:00:00, 6421.974008669511, 0.37316359220464124, null, null, 6421.974008669511, 0.37316359220464124
2100-Nov-13 06:00:00, 6440.1311385539257, 0.37421865405986637, null, null, 6440.1311385539257, 0.37421865405986637
2100-Nov-13 07:00:00, 6459.2786970949492, 0.37533126705354575, null, null, 6459.2786970949492, 0.37533126705354575
2100-Nov-13 08:00:00, 6478.3161103495677, 0.37643747980164899, null, null, 6478.3161103495677, 0.37643747980164899
2100-Nov-13 09:00:00, 6495.9360737172747, 0.37746132835910678, null, null, 6495.9360737172747, 0.37746132835910678
2100-Nov-13 10:00:00, 6509.9056061473148, 0.37827306021849699, null, null, 6509.9056061473148, 0.37827306021849699
2100-Nov-13 11:00:00, 6516.9851700745912, 0.37868443458762063, null, null, 6516.9851700745912, 0.37868443458762063
2100-Nov-13 12:00:00, 6515.3038286350138, 0.37858673637045748, null, null, 6515.3038286350138, 0.37858673637045748
2100-Nov-13 13:00:00, 6505.7751863366611, 0.37803305266135401, null, null, 6505.7751863366611, 0.37803305266135401
2100-Nov-13 14:00:00, 6490.7910151992428, 0.37716236288274391, null, null, 6490.7910151992428, 0.37716236288274391
2100-Nov-13 15:00:00, 6472.4484666304588, 0.37609652684776851, null, null, 6472.4484666304588, 0.37609652684776851
2100-Nov-13 16:00:00, 6452.8479303382974, 0.37495759253846633, null, null, 6452.8479303382974, 0.37495759253846633
2100-Nov-13 17:00:00, 6434.2428626480823, 0.37387650222525132, null, null, 6434.2428626480823, 0.37387650222525132
2100-Nov-13 18:00:00, 6418.3611455092578, 0.37295365846881423, null, null, 6418.3611455092578, 0.37295365846881423
2100-Nov-13 19:00:00, 6406.3214231410029, 0.37225406266820538, null, null, 6406.3214231410029, 0.37225406266820538
2100-Nov-13 20:00:00, 6398.5848262492937, 0.37180450988526792, null, null, 6398.5848262492937, 0.37180450988526792
2100-Nov-13 21:00:00, 6395.1570160329702, 0.3716053290770005, null, null, 6395.1570160329702, 0.3716053290770005
2100-Nov-13 22:00:00, 6395.7401882446457, 0.37163921564164387, null, null, 6395.7401882446457, 0.37163921564164387
2100-Nov-13 23:00:00, 6399.8868363080956, 0.37188016617879588, null, null, 6399.8868363080956, 0.37188016617879588
2100-Nov-14 00:00:00, 6407.0188984415227, 0.37229459107711277, null, null, 6407.0188984415227, 0.37229459107711277
2100-Nov-14 01:00:00, 6416.595940146909, 0.37285108714524556, null, null, 6416.595940146909, 0.37285108714524556
2100-Nov-14 02:00:00, 6428.1299318156925, 0.37352129629865716, null, null, 6428.1299318156925, 0.37352129629865716
2100-Nov-14 03:00:00, 6441.1921067123103, 0.37428030405855262, null, null, 6441.1921067123103, 0.37428030405855262
2100-Nov-14 04:00:00, 6455.4141799790095, 0.37510671038496168, null, null, 6455.4141799790095, 0.37510671038496168
2100-Nov-14 05:00:00, 6470.6417932527947, 0.37599154592965212, null, null, 6470.6417932527947, 0.37599154592965212
2100-Nov-14 06:00:00, 6486.8446661086437, 0.37693305117877973, null, null, 6486.8446661086437, 0.37693305117877973
2100-Nov-14 07:00:00, 6503.7052873175016, 0.37791277641102228, null, null, 6503.7052873175016, 0.37791277641102228
2100-Nov-14 08:00:00, 6520.2738773311094, 0.3788755324979976, null, null, 6520.2738773311094, 0.3788755324979976
2100-Nov-14 09:00:00, 6535.1174185759673, 0.37973805065277233, null, null, 6535.1174185759673, 0.37973805065277233
2100-Nov-14 10:00:00, 6547.0721810512368, 0.38043270966310194, null, null, 6547.0721810512368, 0.38043270966310194
2100-Nov-14 11:00:00, 6555.8956862079312, 0.38094541975437035, null, null, 6555.8956862079312, 0.38094541975437035
2100-Nov-14 12:00:00, 6561.1999674083863, 0.38125363723145034, null, null, 6561.1999674083863, 0.38125363723145034
2100-Nov-14 13:00:00, 6562.3735451875382, 0.38132183067153724, null, null, 6562.3735451875382, 0.38132183067153724
2100-Nov-14 14:00:00, 6559.5193476758295, 0.381155980950736, null, null, 6559.5193476758295, 0.381155980950736
2100-Nov-14 15:00:00, 6553.9455598117474, 0.38083210316818195, null, null, 6553.9455598117474, 0.38083210316818195
2100-Nov-14 16:00:00, 6547.2491211708857, 0.38044299117631952, null, null, 6547.2491211708857, 0.38044299117631952
2100-Nov-14 17:00:00, 6540.8902049044827, 0.38007349169947707, null, null, 6540.8902049044827, 0.38007349169947707
2100-Nov-14 18:00:00, 6535.9636454790534, 0.37978722261618258, null, null, 6535.9636454790534, 0.37978722261618258
2100-Nov-14 19:00:00, 6533.0750981741321, 0.37961937692152509, null, null, 6533.0750981741321, 0.37961937692152509
2100-Nov-14 20:00:00, 6532.4971953928971, 0.3795857965492751, null, null, 6532.4971953928971, 0.3795857965492751
2100-Nov-14 21:00:00, 6534.3311241799756, 0.37969236120573585, null, null, 6534.3311241799756, 0.37969236120573585
2100-Nov-14 22:00:00, 6538.4842261985068, 0.37993368676481398, null, null, 6538.4842261985068, 0.37993368676481398
2100-Nov-14 23:00:00, 6544.7895221708168, 0.38030007051095877, null, null, 6544.7895221708168, 0.38030007051095877
2100-Nov-15 00:00:00, 6553.0959826590597, 0.38078273653080158, null, null, 6553.0959826590597, 0.38078273653080158
2100-Nov-15 01:00:00, 6563.2758791157084, 0.3813742628628774, null, null, 6563.2758791157084, 0.3813742628628774
2100-Nov-15 02:00:00, 6575.163309454796, 0.38206500938434074, null, null, 6575.163309454796, 0.38206500938434074
2100-Nov-15 03:00:00, 6588.6446898283129, 0.38284837604407296, null, null, 6588.6446898283129, 0.38284837604407296
2100-Nov-15 04:00:00, 6603.4191227324618, 0.38370687849952606, null, null, 6603.4191227324618, 0.38370687849952606
2100-Nov-15 05:00:00, 6619.1409467403037, 0.38462043129728812, null, null, 6619.1409467403037, 0.38462043129728812
2100-Nov-15 06:00:00, 6635.5222911268138, 0.3855723070457977, null, null, 6635.5222911268138, 0.3855723070457977
2100-Nov-15 07:00:00, 6652.1253552374046, 0.38653706632958618, null, null, 6652.1253552374046, 0.38653706632958618
2100-Nov-15 08:00:00, 6668.338454499356, 0.387479165807596, null, null, 6668.338454499356, 0.387479165807596
2100-Nov-15 09:00:00, 6683.1858382260571, 0.38834190723862905, null, null, 6683.1858382260571, 0.38834190723862905
2100-Nov-15 10:00:00, 6695.5775868918217, 0.38906195833811519, null, null, 6695.5775868918217, 0.38906195833811519
2100-Nov-15 11:00:00, 6704.6046248061321, 0.38958649516908395, null, null, 6704.6046248061321, 0.38958649516908395
2100-Nov-15 12:00:00, 6709.8750107206251, 0.38989274308249844, null, null, 6709.8750107206251, 0.38989274308249844
2100-Nov-15 13:00:00, 6711.2567419941133, 0.38997303176083631, null, null, 6711.2567419941133, 0.38997303176083631
2100-Nov-15 14:00:00, 6709.1438753071379, 0.38985025877519408, null, null, 6709.1438753071379, 0.38985025877519408
2100-Nov-15 15:00:00, 6704.603088640466, 0.38958640590663951, null, null, 6704.603088640466, 0.38958640590663951
2100-Nov-15 16:00:00, 6698.9430143573391, 0.38925751425295402, null, null, 6698.9430143573391, 0.38925751425295402
2100-Nov-15 17:00:00, 6693.6373086901785, 0.38894921400395499, null, null, 6693.6373086901785, 0.38894921400395499
2100-Nov-15 18:00:00, 6690.0896366231245, 0.38874306834676003, null, null, 6690.0896366231245, 0.38874306834676003
2100-Nov-15 19:00:00, 6689.2314449638125, 0.38869320114362954, null, null, 6689.2314449638125, 0.38869320114362954
2100-Nov-15 20:00:00, 6691.4376434873629, 0.38882139739061738, null, null, 6691.4376434873629, 0.38882139739061738
2100-Nov-15 21:00:00, 6696.6372658650544, 0.38912353342572864, null, null, 6696.6372658650544, 0.38912353342572864
2100-Nov-15 22:00:00, 6704.4898218941171, 0.38957982428144333, null, null, 6704.4898218941171, 0.38957982428144333
2100-Nov-15 23:00:00, 6714.6293552020206, 0.39016900521978842, null, null, 6714.6293552020206, 0.39016900521978842
2100-Nov-16 00:00:00, 6726.7095295090639, 0.39087095157347795, null, null, 6726.7095295090639, 0.39087095157347795
2100-Nov-16 01:00:00, 6740.5165401480899, 0.39167323972984719, null, null, 6740.5165401480899, 0.39167323972984719
2100-Nov-16 02:00:00, 6755.963366103133, 0.39257081313231851, null, null, 6755.963366103133, 0.39257081313231851
2100-Nov-16 03:00:00, 6772.8742983769253, 0.39355346180487599, null, null, 6772.8742983769253, 0.39355346180487599
2100-Nov-16 04:00:00, 6791.1069507983011, 0.39461291207107052, null, null, 6791.1069507983011, 0.39461291207107052
2100-Nov-16 05:00:00, 6810.5153616244006, 0.39574068248762367, null, null, 6810.5153616244006, 0.39574068248762367
2100-Nov-16 06:00:00, 6830.8244221392306, 0.39692078722890484, null, null, 6830.8244221392306, 0.39692078722890484
2100-Nov-16 07:00:00, 6851.569119566414, 0.3981262056564282, null, null, 6851.569119566414, 0.3981262056564282
2100-Nov-16 08:00:00, 6871.7753813374184, 0.39930033703991186, null, null, 6871.7753813374184, 0.39930033703991186
2100-Nov-16 09:00:00, 6889.6382717959896, 0.40033830143554466, null, null, 6889.6382717959896, 0.40033830143554466
2100-Nov-16 10:00:00, 6903.0133501326818, 0.40111549117057022, null, null, 6903.0133501326818, 0.40111549117057022
2100-Nov-16 11:00:00, 6910.2344347487578, 0.40153508892529655, null, null, 6910.2344347487578, 0.40153508892529655
2100-Nov-16 12:00:00, 6910.1611566571901, 0.40153083093299657, null, null, 6910.1611566571901, 0.40153083093299657
2100-Nov-16 13:00:00, 6900.7127221603751, 0.40098180788295279, null, null, 6900.7127221603751, 0.40098180788295279
2100-Nov-16 14:00:00, 6882.1946660193826, 0.39990577357622853, null, null, 6882.1946660193826, 0.39990577357622853
2100-Nov-16 15:00:00, 6857.4292700343585, 0.39846672319768978, null, null, 6857.4292700343585, 0.39846672319768978
2100-Nov-16 16:00:00, 6830.1501122667541, 0.39688160490055335, null, null, 6830.1501122667541, 0.39688160490055335
2100-Nov-16 17:00:00, 6803.8207502435707, 0.39535167667291432, null, null, 6803.8207502435707, 0.39535167667291432
2100-Nov-16 18:00:00, 6780.7542708834981, 0.39401134575816776, null, null, 6780.7542708834981, 0.39401134575816776
2100-Nov-16 19:00:00, 6762.2208382617919, 0.39293441796561329, null, null, 6762.2208382617919, 0.39293441796561329
2100-Nov-16 20:00:00, 6748.6790830183772, 0.39214754308499761, null, null, 6748.6790830183772, 0.39214754308499761
2100-Nov-16 21:00:00, 6740.0414345582876, 0.39164563262518937, null, null, 6740.0414345582876, 0.39164563262518937
2100-Nov-16 22:00:00, 6735.9241418123511, 0.39140638784637877, null, null, 6735.9241418123511, 0.39140638784637877
2100-Nov-16 23:00:00, 6735.9715443564655, 0.39140914228039198, null, null, 6735.9715443564655, 0.39140914228039198
2100-Nov-17 00:00:00, 6739.8830384836092, 0.39163642865641929, null, null, 6739.8830384836092, 0.39163642865641929
2100-Nov-17 01:00:00, 6747.1678083707529, 0.39205972699051422, null, null, 6747.1678083707529, 0.39205972699051422
2100-Nov-17 02:00:00, 6757.2797102724426, 0.39264730234235484, null, null, 6757.2797102724426, 0.39264730234235484
2100-Nov-17 03:00:00, 6769.9033371725554, 0.39338082726075813, null, null, 6769.9033371725554, 0.39338082726075813
2100-Nov-17 04:00:00, 6784.8086973802547, 0.39424693754876311, null, null, 6784.8086973802547, 0.39424693754876311
2100-Nov-17 05:00:00, 6801.7731616121055, 0.39523269681904954, null, null, 6801.7731616121055, 0.39523269681904954
2100-Nov-17 06:00:00, 6820.5660854639718, 0.39632470294724681, null, null, 6820.5660854639718, 0.39632470294724681
2100-Nov-17 07:00:00, 6840.020469292338, 0.39745514473099131, null, null, 6840.020469292338, 0.39745514473099131
2100-Nov-17 08:00:00, 6858.3642786254768, 0.39852105402558363, null, null, 6858.3642786254768, 0.39852105402558363
2100-Nov-17 09:00:00, 6872.7880772840635, 0.39935918207054433, null, null, 6872.7880772840635, 0.39935918207054433
2100-Nov-17 10:00:00, 6881.3797148068079, 0.39985841895885615, null, null, 6881.3797148068079, 0.39985841895885615
2100-Nov-17 11:00:00, 6883.065377847227, 0.39995636829259062, null, null, 6883.065377847227, 0.39995636829259062
2100-Nov-17 12:00:00, 6875.5243323811501, 0.39951817847567439, null, null, 6875.5243323811501, 0.39951817847567439
2100-Nov-17 13:00:00, 6858.8546760649242, 0.39854954969838846, null, null, 6858.8546760649242, 0.39854954969838846
2100-Nov-17 14:00:00, 6835.3495487536557, 0.39718373013405212, null, null, 6835.3495487536557, 0.39718373013405212
2100-Nov-17 15:00:00, 6807.8566358052685, 0.39558619109977078, null, null, 6807.8566358052685, 0.39558619109977078
2100-Nov-17 16:00:00, 6779.2906284384635, 0.39392629744253227, null, null, 6779.2906284384635, 0.39392629744253227
2100-Nov-17 17:00:00, 6752.4394506351018, 0.39236604790703095, null, null, 6752.4394506351018, 0.39236604790703095
2100-Nov-17 18:00:00, 6729.4310473529904, 0.39102909163656724, null, null, 6729.4310473529904, 0.39102909163656724
2100-Nov-17 19:00:00, 6711.5794753214977, 0.38999178492421077, null, null, 6711.5794753214977, 0.38999178492421077
2100-Nov-17 20:00:00, 6699.2874763311402, 0.38927753000937843, null, null, 6699.2874763311402, 0.38927753000937843
2100-Nov-17 21:00:00, 6692.1781503740385, 0.38886442624895767, null, null, 6692.1781503740385, 0.38886442624895767
2100-Nov-17 22:00:00, 6689.6050946022924, 0.38871491291654126, null, null, 6689.6050946022924, 0.38871491291654126
2100-Nov-17 23:00:00, 6691.2101580288636, 0.38880817882405927, null, null, 6691.2101580288636, 0.38880817882405927
2100-Nov-18 00:00:00, 6696.6615380137273, 0.38912494381483592, null, null, 6696.6615380137273, 0.38912494381483592
2100-Nov-18 01:00:00, 6705.2803173380871, 0.38962575784004927, null, null, 6705.2803173380871, 0.38962575784004927
2100-Nov-18 02:00:00, 6716.2641264350905, 0.39026399736783224, null, null, 6716.2641264350905, 0.39026399736783224
2100-Nov-18 03:00:00, 6729.1405842743852, 0.39101221361032967, null, null, 6729.1405842743852, 0.39101221361032967
2100-Nov-18 04:00:00, 6743.6518777683095, 0.39185542574423404, null, null, 6743.6518777683095, 0.39185542574423404
2100-Nov-18 05:00:00, 6759.6501030506424, 0.39278503947471555, null, null, 6759.6501030506424, 0.39278503947471555
2100-Nov-18 06:00:00, 6776.989113478111, 0.39379256261443135, null, null, 6776.989113478111, 0.39379256261443135
2100-Nov-18 07:00:00, 6795.359571783526, 0.39486002040894125, null, null, 6795.359571783526, 0.39486002040894125
2100-Nov-18 08:00:00, 6814.0180896871752, 0.39594421656992551, null, null, 6814.0180896871752, 0.39594421656992551
2100-Nov-18 09:00:00, 6829.5266007368291, 0.3968453743269052, null, null, 6829.5266007368291, 0.3968453743269052
2100-Nov-18 10:00:00, 6839.2321943632905, 0.39740934020051966, null, null, 6839.2321943632905, 0.39740934020051966
2100-Nov-18 11:00:00, 6842.2069890718822, 0.39758219749923046, null, null, 6842.2069890718822, 0.39758219749923046
2100-Nov-18 12:00:00, 6837.9418256341187, 0.39733436035326458, null, null, 6837.9418256341187, 0.39733436035326458
2100-Nov-18 13:00:00, 6826.9081604564644, 0.39669322382307642, null, null, 6826.9081604564644, 0.39669322382307642
2100-Nov-18 14:00:00, 6810.8742340967301, 0.39576153559925836, null, null, 6810.8742340967301, 0.39576153559925836
2100-Nov-18 15:00:00, 6791.9370794165779, 0.39466114860656099, null, null, 6791.9370794165779, 0.39466114860656099
2100-Nov-18 16:00:00, 6772.3124818088463, 0.39352081615909457, null, null, 6772.3124818088463, 0.39352081615909457
2100-Nov-18 17:00:00, 6754.1601344455366, 0.39246603220327436, null, null, 6754.1601344455366, 0.39246603220327436
2100-Nov-18 18:00:00, 6739.0655698531973, 0.39158892775868487, null, null, 6739.0655698531973, 0.39158892775868487
2100-Nov-18 19:00:00, 6727.88247046591, 0.39093910800953791, null, null, 6727.88247046591, 0.39093910800953791
2100-Nov-18 20:00:00, 6720.8946327251806, 0.39053306360176648, null, null, 6720.8946327251806, 0.39053306360176648
2100-Nov-18 21:00:00, 6718.0617570145232, 0.39036845283332816, null, null, 6718.0617570145232, 0.39036845283332816
2100-Nov-18 22:00:00, 6719.1474644959881, 0.39043154036736671, null, null, 6719.1474644959881, 0.39043154036736671
2100-Nov-18 23:00:00, 6723.9608937121093, 0.39071123575926425, null, null, 6723.9608937121093, 0.39071123575926425
2100-Nov-19 00:00:00, 6732.4425921845532, 0.39120408438582377, null, null, 6732.4425921845532, 0.39120408438582377
2100-Nov-19 01:00:00, 6744.3621315780765, 0.39189669667785537, null, null, 6744.3621315780765, 0.39189669667785537
2100-Nov-19 02:00:00, 6759.3765794310211, 0.3927691457547608, null, null, 6759.3765794310211, 0.3927691457547608
2100-Nov-19 03:00:00, 6777.0996358892307, 0.39379898477370773, null, null, 6777.0996358892307, 0.39379898477370773
2100-Nov-19 04:00:00, 6797.1168336553419, 0.39496213015769543, null, null, 6797.1168336553419, 0.39496213015769543
2100-Nov-19 05:00:00, 6819.0404949902886, 0.39623605499871506, null, null, 6819.0404949902886, 0.39623605499871506
2100-Nov-19 06:00:00, 6842.5038645869008, 0.39759944813485626, null, null, 6842.5038645869008, 0.39759944813485626
2100-Nov-19 07:00:00, 6866.7609678803956, 0.3990089629957479, null, null, 6866.7609678803956, 0.3990089629957479
2100-Nov-19 08:00:00, 6890.613439298133, 0.40039496578946604, null, null, 6890.613439298133, 0.40039496578946604
2100-Nov-19 09:00:00, 6912.5502303558687, 0.4016696535632715, null, null, 6912.5502303558687, 0.4016696535632715
2100-Nov-19 10:00:00, 6928.6387722249119, 0.40260451534705982, null, null, 6928.6387722249119, 0.40260451534705982
2100-Nov-19 11:00:00, 6935.6574086167711, 0.40301234938139702, null, null, 6935.6574086167711, 0.40301234938139702
2100-Nov-19 12:00:00, 6932.5390922520219, 0.40283115242626616, null, null, 6932.5390922520219, 0.40283115242626616
2100-Nov-19 13:00:00, 6920.3735052106385, 0.40212424296890736, null, null, 6920.3735052106385, 0.40212424296890736
2100-Nov-19 14:00:00, 6901.2202519740431, 0.40101129907182459, null, null, 6901.2202519740431, 0.40101129907182459
2100-Nov-19 15:00:00, 6877.9294231232279, 0.39965793181314979, null, null, 6877.9294231232279, 0.39965793181314979
2100-Nov-19 16:00:00, 6853.5789116585929, 0.39824298925531687, null, null, 6853.5789116585929, 0.39824298925531687
2100-Nov-19 17:00:00, 6830.8344159516773, 0.39692136794239691, null, null, 6830.8344159516773, 0.39692136794239691
2100-Nov-19 18:00:00, 6811.5158408888528, 0.3957988176397973, null, null, 6811.5158408888528, 0.3957988176397973
2100-Nov-19 19:00:00, 6796.5097283108407, 0.39492685290324142, null, null, 6796.5097283108407, 0.39492685290324142
2100-Nov-19 20:00:00, 6786.1057279005699, 0.39432230449473743, null, null, 6786.1057279005699, 0.39432230449473743
2100-Nov-19 21:00:00, 6780.1980663627846, 0.39397902621332537, null, null, 6780.1980663627846, 0.39397902621332537
2100-Nov-19 22:00:00, 6778.4838908226093, 0.39387942009511656, null, null, 6778.4838908226093, 0.39387942009511656
2100-Nov-19 23:00:00, 6780.7667586484049, 0.39401207138851208, null, null, 6780.7667586484049, 0.39401207138851208
2100-Nov-20 00:00:00, 6786.6910369467396, 0.39435631522507109, null, null, 6786.6910369467396, 0.39435631522507109
2100-Nov-20 01:00:00, 6795.8277873599109, 0.39488722715349894, null, null, 6795.8277873599109, 0.39488722715349894
2100-Nov-20 02:00:00, 6807.7262563235126, 0.39557861509966613, null, null, 6807.7262563235126, 0.39557861509966613
2100-Nov-20 03:00:00, 6821.9040219335875, 0.39640244682762837, null, null, 6821.9040219335875, 0.39640244682762837
2100-Nov-20 04:00:00, 6838.0299257068127, 0.39733947961091892, null, null, 6838.0299257068127, 0.39733947961091892
2100-Nov-20 05:00:00, 6855.8401204110069, 0.39837438199836384, null, null, 6855.8401204110069, 0.39837438199836384
2100-Nov-20 06:00:00, 6875.1127451856282, 0.39949426225362505, null, null, 6875.1127451856282, 0.39949426225362505
2100-Nov-20 07:00:00, 6895.0937904421826, 0.4006553069127709, null, null, 6895.0937904421826, 0.4006553069127709
2100-Nov-20 08:00:00, 6914.4212288459803, 0.40177837224021368, null, null, 6914.4212288459803, 0.40177837224021368
2100-Nov-20 09:00:00, 6931.358502268703, 0.40276255152590418, null, null, 6931.358502268703, 0.40276255152590418
2100-Nov-20 10:00:00, 6944.3876258643322, 0.40351963876382502, null, null, 6944.3876258643322, 0.40351963876382502
2100-Nov-20 11:00:00, 6951.7674826496195, 0.40394846234116061, null, null, 6951.7674826496195, 0.40394846234116061
2100-Nov-20 12:00:00, 6950.1584973462877, 0.40385496854395975, null, null, 6950.1584973462877, 0.40385496854395975
2100-Nov-20 13:00:00, 6938.0128754704037, 0.4031492192085302, null, null, 6938.0128754704037, 0.4031492192085302
2100-Nov-20 14:00:00, 6916.2297272432697, 0.40188345920529911, null, null, 6916.2297272432697, 0.40188345920529911
2100-Nov-20 15:00:00, 6887.4702322830235, 0.40021232250576266, null, null, 6887.4702322830235, 0.40021232250576266
2100-Nov-20 16:00:00, 6855.3243735667284, 0.39834441334000126, null, null, 6855.3243735667284, 0.39834441334000126
2100-Nov-20 17:00:00, 6823.7253963107232, 0.39650828198118149, null, null, 6823.7253963107232, 0.39650828198118149
2100-Nov-20 18:00:00, 6795.8457977452426, 0.39488827368842389, null, null, 6795.8457977452426, 0.39488827368842389
2100-Nov-20 19:00:00, 6773.4726901372005, 0.39358823273644755, null, null, 6773.4726901372005, 0.39358823273644755
2100-Nov-20 20:00:00, 6757.0678086386097, 0.39263498930982493, null, null, 6757.0678086386097, 0.39263498930982493
2100-Nov-20 21:00:00, 6746.6376078415124, 0.39202891846749416, null, null, 6746.6376078415124, 0.39202891846749416
2100-Nov-20 22:00:00, 6741.9124087078972, 0.39175434988777058, null, null, 6741.9124087078972, 0.39175434988777058
2100-Nov-20 23:00:00, 6742.2608389697625, 0.39177459623071359, null, null, 6742.2608389697625, 0.39177459623071359
2100-Nov-21 00:00:00, 6746.9006116709306, 0.39204420091080783, null, null, 6746.9006116709306, 0.39204420091080783
2100-Nov-21 01:00:00, 6755.327922496047, 0.39253388921784244, null, null, 6755.327922496047, 0.39253388921784244
2100-Nov-21 02:00:00, 6767.0022767633745, 0.39321225446335484, null, null, 6767.0022767633745, 0.39321225446335484
2100-Nov-21 03:00:00, 6781.5339008272867, 0.39405664795185796, null, null, 6781.5339008272867, 0.39405664795185796
2100-Nov-21 04:00:00, 6798.6027320353633, 0.39504847170569785, null, null, 6798.6027320353633, 0.39504847170569785
2100-Nov-21 05:00:00, 6817.7938886709671, 0.39616361806708705, null, null, 6817.7938886709671, 0.39616361806708705
2100-Nov-21 06:00:00, 6838.7092490901141, 0.39737895326086503, null, null, 6838.7092490901141, 0.39737895326086503
2100-Nov-21 07:00:00, 6860.9829494083178, 0.39867321792328969, null, null, 6860.9829494083178, 0.39867321792328969
2100-Nov-21 08:00:00, 6883.1252149034763, 0.39995984526257322, null, null, 6883.1252149034763, 0.39995984526257322
2100-Nov-21 09:00:00, 6902.6829127139044, 0.4010962903432197, null, null, 6902.6829127139044, 0.4010962903432197
2100-Nov-21 10:00:00, 6917.1737896338764, 0.40193831612506686, null, null, 6917.1737896338764, 0.40193831612506686
2100-Nov-21 11:00:00, 6925.5309762186498, 0.40242392970159152, null, null, 6925.5309762186498, 0.40242392970159152
2100-Nov-21 12:00:00, 6927.7132968394808, 0.40255073846804124, null, null, 6927.7132968394808, 0.40255073846804124
2100-Nov-21 13:00:00, 6923.5538526922574, 0.40230904438496695, null, null, 6923.5538526922574, 0.40230904438496695
2100-Nov-21 14:00:00, 6913.3714642217183, 0.40171737324868395, null, null, 6913.3714642217183, 0.40171737324868395
2100-Nov-21 15:00:00, 6898.4754088614136, 0.40085180364026968, null, null, 6898.4754088614136, 0.40085180364026968
2100-Nov-21 16:00:00, 6881.1052303299448, 0.39984246940607809, null, null, 6881.1052303299448, 0.39984246940607809
2100-Nov-21 17:00:00, 6863.7504649506391, 0.39883403078859569, null, null, 6863.7504649506391, 0.39883403078859569
2100-Nov-21 18:00:00, 6848.2568517639684, 0.39793373870626053, null, null, 6848.2568517639684, 0.39793373870626053
2100-Nov-21 19:00:00, 6835.8704288289109, 0.39721399707062449, null, null, 6835.8704288289109, 0.39721399707062449
2100-Nov-21 20:00:00, 6827.1462514541008, 0.39670705864891498, null, null, 6827.1462514541008, 0.39670705864891498
2100-Nov-21 21:00:00, 6822.201191133192, 0.39641971452847352, null, null, 6822.201191133192, 0.39641971452847352
2100-Nov-21 22:00:00, 6820.7038838106937, 0.39633271003758902, null, null, 6820.7038838106937, 0.39633271003758902
2100-Nov-21 23:00:00, 6822.2348851181478, 0.39642167239508042, null, null, 6822.2348851181478, 0.39642167239508042
2100-Nov-22 00:00:00, 6826.4987513475598, 0.39666943416376704, null, null, 6826.4987513475598, 0.39666943416376704
2100-Nov-22 01:00:00, 6833.3332947464623, 0.39706657105070708, null, null, 6833.3332947464623, 0.39706657105070708
2100-Nov-22 02:00:00, 6842.7459956322655, 0.3976135177169739, null, null, 6842.7459956322655, 0.3976135177169739
2100-Nov-22 03:00:00, 6854.6805047448124, 0.39830699985901075, null, null, 6854.6805047448124, 0.39830699985901075
2100-Nov-22 04:00:00, 6868.9646474133388, 0.39913701287098419, null, null, 6868.9646474133388, 0.39913701287098419
2100-Nov-22 05:00:00, 6885.4455798045119, 0.40009467540989663, null, null, 6885.4455798045119, 0.40009467540989663
2100-Nov-22 06:00:00, 6903.9419023626624, 0.4011694468367285, null, null, 6903.9419023626624, 0.4011694468367285
2100-Nov-22 07:00:00, 6924.1132860250764, 0.402341551547374, null, null, 6924.1132860250764, 0.402341551547374
2100-Nov-22 08:00:00, 6943.5995210126557, 0.40347384411609077, null, null, 6943.5995210126557, 0.40347384411609077
2100-Nov-22 09:00:00, 6958.6983092318378, 0.40435119398424674, null, null, 6958.6983092318378, 0.40435119398424674
2100-Nov-22 10:00:00, 6965.7079693186797, 0.40475850642970485, null, null, 6965.7079693186797, 0.40475850642970485
2100-Nov-22 11:00:00, 6962.8225888581619, 0.40459084475183593, null, null, 6962.8225888581619, 0.40459084475183593
2100-Nov-22 12:00:00, 6948.8198895456835, 0.40377718565434473, null, null, 6948.8198895456835, 0.40377718565434473
2100-Nov-22 13:00:00, 6924.6798137420274, 0.40237447094531231, null, null, 6924.6798137420274, 0.40237447094531231
2100-Nov-22 14:00:00, 6893.3015086408159, 0.40055116225034498, null, null, 6893.3015086408159, 0.40055116225034498
2100-Nov-22 15:00:00, 6858.03944976005, 0.39850217909614438, null, null, 6858.03944976005, 0.39850217909614438
2100-Nov-22 16:00:00, 6822.4002282864421, 0.39643128004072703, null, null, 6822.4002282864421, 0.39643128004072703
2100-Nov-22 17:00:00, 6789.5176588471058, 0.3945205626014574, null, null, 6789.5176588471058, 0.3945205626014574
2100-Nov-22 18:00:00, 6761.413958212348, 0.39288753234176582, null, null, 6761.413958212348, 0.39288753234176582
2100-Nov-22 19:00:00, 6739.1287794234249, 0.39159260069636037, null, null, 6739.1287794234249, 0.39159260069636037
2100-Nov-22 20:00:00, 6723.03869296638, 0.39065764916072843, null, null, 6723.03869296638, 0.39065764916072843
2100-Nov-22 21:00:00, 6713.0206242752101, 0.39007552620372127, null, null, 6713.0206242752101, 0.39007552620372127
2100-Nov-22 22:00:00, 6708.645753700881, 0.38982131427188488, null, null, 6708.645753700881, 0.38982131427188488
2100-Nov-22 23:00:00, 6709.3417251630444, 0.38986175529680062, null, null, 6709.3417251630444, 0.38986175529680062
2100-Nov-23 00:00:00, 6714.4069127428429, 0.390156079688322, null, null, 6714.4069127428429, 0.390156079688322
2100-Nov-23 01:00:00, 6723.2035236141619, 0.39066722702519013, null, null, 6723.2035236141619, 0.39066722702519013
2100-Nov-23 02:00:00, 6735.2690609269266, 0.39136832286261214, null, null, 6735.2690609269266, 0.39136832286261214
2100-Nov-23 03:00:00, 6750.0781285434878, 0.39222883784780782, null, null, 6750.0781285434878, 0.39222883784780782
2100-Nov-23 04:00:00, 6767.1981646622462, 0.39322363698092871, null, null, 6767.1981646622462, 0.39322363698092871
2100-Nov-23 05:00:00, 6786.5028518598492, 0.39434538029713012, null, null, 6786.5028518598492, 0.39434538029713012
2100-Nov-23 06:00:00, 6807.907644468577, 0.39558915507564613, null, null, 6807.907644468577, 0.39558915507564613
2100-Nov-23 07:00:00, 6830.5914443448273, 0.39690724951751793, null, null, 6830.5914443448273, 0.39690724951751793
2100-Nov-23 08:00:00, 6852.765142898902, 0.39819570334709298, null, null, 6852.765142898902, 0.39819570334709298
2100-Nov-23 09:00:00, 6872.1312672148561, 0.399321016608571, null, null, 6872.1312672148561, 0.399321016608571
2100-Nov-23 10:00:00, 6884.9708730433467, 0.40006709148009539, null, null, 6884.9708730433467, 0.40006709148009539
2100-Nov-23 11:00:00, 6888.100646513737, 0.40024895417673995, null, null, 6888.100646513737, 0.40024895417673995
2100-Nov-23 12:00:00, 6879.9869724194641, 0.3997774904543846, null, null, 6879.9869724194641, 0.3997774904543846
2100-Nov-23 13:00:00, 6862.7307398047569, 0.39877477731015043, null, null, 6862.7307398047569, 0.39877477731015043
2100-Nov-23 14:00:00, 6840.5486258819701, 0.39748583448619235, null, null, 6840.5486258819701, 0.39748583448619235
2100-Nov-23 15:00:00, 6816.7834151867983, 0.39610490217775596, null, null, 6816.7834151867983, 0.39610490217775596
2100-Nov-23 16:00:00, 6793.7649895536888, 0.39476736353550196, null, null, 6793.7649895536888, 0.39476736353550196
2100-Nov-23 17:00:00, 6773.3258451599968, 0.39357969997080317, null, null, 6773.3258451599968, 0.39357969997080317
2100-Nov-23 18:00:00, 6756.6849559972798, 0.39261274277523434, null, null, 6756.6849559972798, 0.39261274277523434
2100-Nov-23 19:00:00, 6744.40769014132, 0.39189934396311266, null, null, 6744.40769014132, 0.39189934396311266
2100-Nov-23 20:00:00, 6736.5742071961095, 0.39144416139286831, null, null, 6736.5742071961095, 0.39144416139286831
2100-Nov-23 21:00:00, 6733.2882786129139, 0.39125322494370518, null, null, 6733.2882786129139, 0.39125322494370518
2100-Nov-23 22:00:00, 6734.3758837487176, 0.39131642274532019, null, null, 6734.3758837487176, 0.39131642274532019
2100-Nov-23 23:00:00, 6739.6102904066965, 0.39162058000116001, null, null, 6739.6102904066965, 0.39162058000116001
2100-Nov-24 00:00:00, 6748.7537881175922, 0.3921518839968639, null, null, 6748.7537881175922, 0.3921518839968639
2100-Nov-24 01:00:00, 6761.4813850861201, 0.39289145033557799, null, null, 6761.4813850861201, 0.39289145033557799
2100-Nov-24 02:00:00, 6777.3807944466225, 0.39381532213930809, null, null, 6777.3807944466225, 0.39381532213930809
2100-Nov-24 03:00:00, 6796.0019431525816, 0.39489734687698402, null, null, 6796.0019431525816, 0.39489734687698402
2100-Nov-24 04:00:00, 6816.9914311476141, 0.39611698942430495, null, null, 6816.9914311476141, 0.39611698942430495
2100-Nov-24 05:00:00, 6840.0600447191955, 0.39745744435232727, null, null, 6840.0600447191955, 0.39745744435232727
2100-Nov-24 06:00:00, 6864.8333873611027, 0.39889695648966861, null, null, 6864.8333873611027, 0.39889695648966861
2100-Nov-24 07:00:00, 6890.0240210783422, 0.40036071628613407, null, null, 6890.0240210783422, 0.40036071628613407
2100-Nov-24 08:00:00, 6913.0031454177433, 0.40169597123619022, null, null, 6913.0031454177433, 0.40169597123619022
2100-Nov-24 09:00:00, 6931.2588998534056, 0.40275676389813825, null, null, 6931.2588998534056, 0.40275676389813825
2100-Nov-24 10:00:00, 6942.9355369885807, 0.40343526179494532, null, null, 6942.9355369885807, 0.40343526179494532
2100-Nov-24 11:00:00, 6945.5906819075708, 0.4035895451063472, null, null, 6945.5906819075708, 0.4035895451063472
2100-Nov-24 12:00:00, 6938.2541046515134, 0.40316323638574797, null, null, 6938.2541046515134, 0.40316323638574797
2100-Nov-24 13:00:00, 6922.0749110819052, 0.40222310707609044, null, null, 6922.0749110819052, 0.40222310707609044
2100-Nov-24 14:00:00, 6898.6940942812716, 0.40086451086031244, null, null, 6898.6940942812716, 0.40086451086031244
2100-Nov-24 15:00:00, 6870.4503618368262, 0.39922334372976848, null, null, 6870.4503618368262, 0.39922334372976848
2100-Nov-24 16:00:00, 6840.6387146464122, 0.39749106930136152, null, null, 6840.6387146464122, 0.39749106930136152
2100-Nov-24 17:00:00, 6812.5564026859765, 0.3958592818798583, null, null, 6812.5564026859765, 0.3958592818798583
2100-Nov-24 18:00:00, 6788.535178940564, 0.39446347334343501, null, null, 6788.535178940564, 0.39446347334343501
2100-Nov-24 19:00:00, 6769.7867848607457, 0.39337405472021281, null, null, 6769.7867848607457, 0.39337405472021281
2100-Nov-24 20:00:00, 6757.0475276075576, 0.39263381083380017, null, null, 6757.0475276075576, 0.39263381083380017
2100-Nov-24 21:00:00, 6750.7216861926663, 0.39226623324738963, null, null, 6750.7216861926663, 0.39226623324738963
2100-Nov-24 22:00:00, 6750.7560958487657, 0.39226823269971678, null, null, 6750.7560958487657, 0.39226823269971678
2100-Nov-24 23:00:00, 6756.6959011134832, 0.39261337876642244, null, null, 6756.6959011134832, 0.39261337876642244
2100-Nov-25 00:00:00, 6767.8576576247606, 0.39326195833859745, null, null, 6767.8576576247606, 0.39326195833859745
2100-Nov-25 01:00:00, 6783.4185355926465, 0.39416615899598334, null, null, 6783.4185355926465, 0.39416615899598334
2100-Nov-25 02:00:00, 6802.6121209679432, 0.39528144648488678, null, null, 6802.6121209679432, 0.39528144648488678
2100-Nov-25 03:00:00, 6824.8382381871716, 0.39657294622174216, null, null, 6824.8382381871716, 0.39657294622174216
2100-Nov-25 04:00:00, 6849.631314294289, 0.3980136050175338, null, null, 6849.631314294289, 0.3980136050175338
2100-Nov-25 05:00:00, 6876.542264495688, 0.39957732776590332, null, null, 6876.542264495688, 0.39957732776590332
2100-Nov-25 06:00:00, 6905.1581000729602, 0.40124011680608579, null, null, 6905.1581000729602, 0.40124011680608579
2100-Nov-25 07:00:00, 6934.9680570487199, 0.402972293020677, null, null, 6934.9680570487199, 0.402972293020677
2100-Nov-25 08:00:00, 6965.1776346084562, 0.40472769010978971, null, null, 6965.1776346084562, 0.40472769010978971
2100-Nov-25 09:00:00, 6994.8145126774698, 0.40644980917583295, null, null, 6994.8145126774698, 0.40644980917583295
2100-Nov-25 10:00:00, 7022.7475070312466, 0.40807292015386182, null, null, 7022.7475070312466, 0.40807292015386182
2100-Nov-25 11:00:00, 7047.6517222143257, 0.40952003694166089, null, null, 7047.6517222143257, 0.40952003694166089
2100-Nov-25 12:00:00, 7067.6905262305736, 0.41068443780658082, null, null, 7067.6905262305736, 0.41068443780658082
2100-Nov-25 13:00:00, 7081.8742103076866, 0.41150861344070294, null, null, 7081.8742103076866, 0.41150861344070294
2100-Nov-25 14:00:00, 7090.042456919412, 0.41198324822488769, null, null, 7090.042456919412, 0.41198324822488769
2100-Nov-25 15:00:00, 7093.3256483200721, 0.41217402562375471, null, null, 7093.3256483200721, 0.41217402562375471
2100-Nov-25 16:00:00, 7093.8002595933795, 0.41220160400501399, null, null, 7093.8002595933795, 0.41220160400501399
2100-Nov-25 17:00:00, 7093.7726718054037, 0.41220000095304771, null, null, 7093.7726718054037, 0.41220000095304771
2100-Nov-25 18:00:00, 7094.972894509875, 0.41226974265789446, null, null, 7094.972894509875, 0.41226974265789446
2100-Nov-25 19:00:00, 7098.3235906414784, 0.41246444257464393, null, null, 7098.3235906414784, 0.41246444257464393
2100-Nov-25 20:00:00, 7104.1073556032961, 0.41280052156012498, null, null, 7104.1073556032961, 0.41280052156012498
2100-Nov-25 21:00:00, 7112.2152251815833, 0.41327164799770882, null, null, 7112.2152251815833, 0.41327164799770882
2100-Nov-25 22:00:00, 7122.5564134471788, 0.4138725465618644, null, null, 7122.5564134471788, 0.4138725465618644
2100-Nov-25 23:00:00, 7135.0092293114385, 0.4145961461115818, null, null, 7135.0092293114385, 0.4145961461115818
2100-Nov-26 00:00:00, 7149.4669912655263, 0.41543624767205894, null, null, 7149.4669912655263, 0.41543624767205894
2100-Nov-26 01:00:00, 7165.7761359620981, 0.41638392809127928, null, null, 7165.7761359620981, 0.41638392809127928
2100-Nov-26 02:00:00, 7183.8076437039044, 0.41743169038254901, null, null, 7183.8076437039044, 0.41743169038254901
2100-Nov-26 03:00:00, 7203.3080101302066, 0.41856480409106328, null, null, 7203.3080101302066, 0.41856480409106328
2100-Nov-26 04:00:00, 7223.9949055588586, 0.41976686380032036, null, null, 7223.9949055588586, 0.41976686380032036
2100-Nov-26 05:00:00, 7245.5990372650413, 0.42102222163625336, null, null, 7245.5990372650413, 0.42102222163625336
2100-Nov-26 06:00:00, 7267.9158362946482, 0.42231899064857803, null, null, 7267.9158362946482, 0.42231899064857803
2100-Nov-26 07:00:00, 7290.7645732905239, 0.42364666914170329, null, null, 7290.7645732905239, 0.42364666914170329
2100-Nov-26 08:00:00, 7313.631288625581, 0.4249753923076382, null, null, 7313.631288625581, 0.4249753923076382
2100-Nov-26 09:00:00, 7335.555197517986, 0.42624933153355421, null, null, 7335.555197517986, 0.42624933153355421
2100-Nov-26 10:00:00, 7355.4155326789187, 0.42740336205454926, null, null, 7355.4155326789187, 0.42740336205454926
2100-Nov-26 11:00:00, 7372.1377359989956, 0.42837504419653122, null, null, 7372.1377359989956, 0.42837504419653122
2100-Nov-26 12:00:00, 7384.525394790664, 0.42909485764446231, null, null, 7384.525394790664, 0.42909485764446231
2100-Nov-26 13:00:00, 7391.6887790567662, 0.4295111025874459, null, null, 7391.6887790567662, 0.4295111025874459
2100-Nov-26 14:00:00, 7393.9356556143057, 0.42964166252529679, null, null, 7393.9356556143057, 0.42964166252529679
2100-Nov-26 15:00:00, 7392.4695378093465, 0.42955647037317113, null, null, 7392.4695378093465, 0.42955647037317113
2100-Nov-26 16:00:00, 7389.1679486181183, 0.42936462392830549, null, null, 7389.1679486181183, 0.42936462392830549
2100-Nov-26 17:00:00, 7386.1270535234398, 0.42918792571440495, null, null, 7386.1270535234398, 0.42918792571440495
2100-Nov-26 18:00:00, 7384.9645686660006, 0.42912037685408566, null, null, 7384.9645686660006, 0.42912037685408566
2100-Nov-26 19:00:00, 7386.5548610623691, 0.42921278445687006, null, null, 7386.5548610623691, 0.42921278445687006
2100-Nov-26 20:00:00, 7391.2337773381896, 0.42948466366453314, null, null, 7391.2337773381896, 0.42948466366453314
2100-Nov-26 21:00:00, 7398.9265610734246, 0.42993167058309406, null, null, 7398.9265610734246, 0.42993167058309406
2100-Nov-26 22:00:00, 7409.2959847754573, 0.4305342098323216, null, null, 7409.2959847754573, 0.4305342098323216
2100-Nov-26 23:00:00, 7422.0479056173754, 0.4312751895657268, null, null, 7422.0479056173754, 0.4312751895657268
2100-Nov-27 00:00:00, 7436.9864494978901, 0.43214322806747629, null, null, 7436.9864494978901, 0.43214322806747629
2100-Nov-27 01:00:00, 7453.8732267693149, 0.43312447315798236, null, null, 7453.8732267693149, 0.43312447315798236
2100-Nov-27 02:00:00, 7472.5094714776023, 0.43420737508364587, null, null, 7472.5094714776023, 0.43420737508364587
2100-Nov-27 03:00:00, 7492.7061571142431, 0.43538095002378463, null, null, 7492.7061571142431, 0.43538095002378463
2100-Nov-27 04:00:00, 7514.2899961680714, 0.43663512870841031, null, null, 7514.2899961680714, 0.43663512870841031
2100-Nov-27 05:00:00, 7537.0511303993671, 0.43795771684111467, null, null, 7537.0511303993671, 0.43795771684111467
2100-Nov-27 06:00:00, 7560.7892673703873, 0.4393370759684474, null, null, 7560.7892673703873, 0.4393370759684474
2100-Nov-27 07:00:00, 7585.0895995488245, 0.44074910274327239, null, null, 7585.0895995488245, 0.44074910274327239
2100-Nov-27 08:00:00, 7608.8182655227738, 0.44212791153650471, null, null, 7608.8182655227738, 0.44212791153650471
2100-Nov-27 09:00:00, 7629.6769759238487, 0.4433399549504945, null, null, 7629.6769759238487, 0.4433399549504945
2100-Nov-27 10:00:00, 7645.3695873673305, 0.44425181028491595, null, null, 7645.3695873673305, 0.44425181028491595
2100-Nov-27 11:00:00, 7652.3897433314105, 0.44465973261749725, null, null, 7652.3897433314105, 0.44465973261749725
2100-Nov-27 12:00:00, 7649.2044319741472, 0.44447464276400955, null, null, 7649.2044319741472, 0.44447464276400955
2100-Nov-27 13:00:00, 7636.7073351696718, 0.4437484701682638, null, null, 7636.7073351696718, 0.4437484701682638
2100-Nov-27 14:00:00, 7615.3169526569545, 0.44250553272156889, null, null, 7615.3169526569545, 0.44250553272156889
2100-Nov-27 15:00:00, 7587.2468306567225, 0.44087445362578176, null, null, 7587.2468306567225, 0.44087445362578176
2100-Nov-27 16:00:00, 7556.5246103427671, 0.43908926824860933, null, null, 7556.5246103427671, 0.43908926824860933
2100-Nov-27 17:00:00, 7527.2490342664541, 0.43738814346707811, null, null, 7527.2490342664541, 0.43738814346707811
2100-Nov-27 18:00:00, 7502.2731472874148, 0.43593686202448528, null, null, 7502.2731472874148, 0.43593686202448528
2100-Nov-27 19:00:00, 7482.9687371942837, 0.43481513481007744, null, null, 7482.9687371942837, 0.43481513481007744
2100-Nov-27 20:00:00, 7469.6682080351602, 0.43404227692673181, null, null, 7469.6682080351602, 0.43404227692673181
2100-Nov-27 21:00:00, 7462.1202594893111, 0.43360368599046478, null, null, 7462.1202594893111, 0.43360368599046478
2100-Nov-27 22:00:00, 7459.9151827260066, 0.43347555492593998, null, null, 7459.9151827260066, 0.43347555492593998
2100-Nov-27 23:00:00, 7462.2462132491364, 0.43361100482380244, null, null, 7462.2462132491364, 0.43361100482380244
2100-Nov-28 00:00:00, 7468.1823807697001, 0.43395593951100481, null, null, 7468.1823807697001, 0.43395593951100481
2100-Nov-28 01:00:00, 7477.0816167992652, 0.43447305011908049, null, null, 7477.0816167992652, 0.43447305011908049
2100-Nov-28 02:00:00, 7488.5907029960745, 0.43514181208267555, null, null, 7488.5907029960745, 0.43514181208267555
2100-Nov-28 03:00:00, 7502.5433257506456, 0.43595256136642274, null, null, 7502.5433257506456, 0.43595256136642274
2100-Nov-28 04:00:00, 7518.7036683103333, 0.43689159529472732, null, null, 7518.7036683103333, 0.43689159529472732
2100-Nov-28 05:00:00, 7536.7741014083349, 0.43794161943347976, null, null, 7536.7741014083349, 0.43794161943347976
2100-Nov-28 06:00:00, 7556.4942787159998, 0.4390875057595699, null, null, 7556.4942787159998, 0.4390875057595699
2100-Nov-28 07:00:00, 7577.2939903476781, 0.44029612091416559, null, null, 7577.2939903476781, 0.44029612091416559
2100-Nov-28 08:00:00, 7597.9930397588705, 0.44149888685857375, null, null, 7597.9930397588705, 0.44149888685857375
2100-Nov-28 09:00:00, 7616.5773713131202, 0.44257877225084469, null, null, 7616.5773713131202, 0.44257877225084469
2100-Nov-28 10:00:00, 7630.2557194951642, 0.44337358417878875, null, null, 7630.2557194951642, 0.44337358417878875
2100-Nov-28 11:00:00, 7637.1011397695593, 0.44377135309163324, null, null, 7637.1011397695593, 0.44377135309163324
2100-Nov-28 12:00:00, 7636.4891883704195, 0.44373579424601201, null, null, 7636.4891883704195, 0.44373579424601201
2100-Nov-28 13:00:00, 7627.7334274256918, 0.44322702058822255, null, null, 7627.7334274256918, 0.44322702058822255
2100-Nov-28 14:00:00, 7611.0462348737528, 0.44225737282756739, null, null, 7611.0462348737528, 0.44225737282756739
2100-Nov-28 15:00:00, 7587.7115509194455, 0.44090145726708796, null, null, 7587.7115509194455, 0.44090145726708796
2100-Nov-28 16:00:00, 7560.3600959383621, 0.43931213797383234, null, null, 7560.3600959383621, 0.43931213797383234
2100-Nov-28 17:00:00, 7532.5067864556559, 0.4376936572687839, null, null, 7532.5067864556559, 0.4376936572687839
2100-Nov-28 18:00:00, 7507.0049616174356, 0.43621181499543354, null, null, 7507.0049616174356, 0.43621181499543354
2100-Nov-28 19:00:00, 7485.6423398570696, 0.4349704906511983, null, null, 7485.6423398570696, 0.4349704906511983
2100-Nov-28 20:00:00, 7469.0707805452703, 0.43400756202631208, null, null, 7469.0707805452703, 0.43400756202631208
2100-Nov-28 21:00:00, 7457.255978402578, 0.43332103573349273, null, null, 7457.255978402578, 0.43332103573349273
2100-Nov-28 22:00:00, 7450.0094574247369, 0.43289995994037567, null, null, 7450.0094574247369, 0.43289995994037567
2100-Nov-28 23:00:00, 7447.067680732519, 0.43272902122956031, null, null, 7447.067680732519, 0.43272902122956031
2100-Nov-29 00:00:00, 7447.9534965667517, 0.43278049359900428, null, null, 7447.9534965667517, 0.43278049359900428
2100-Nov-29 01:00:00, 7452.0119312459046, 0.43301631829427029, null, null, 7452.0119312459046, 0.43301631829427029
2100-Nov-29 02:00:00, 7458.632988353791, 0.4334010500685247, null, null, 7458.632988353791, 0.4334010500685247
2100-Nov-29 03:00:00, 7467.3272761208846, 0.43390625168572988, null, null, 7467.3272761208846, 0.43390625168572988
2100-Nov-29 04:00:00, 7477.7096888212018, 0.43450954569062167, null, null, 7477.7096888212018, 0.43450954569062167
2100-Nov-29 05:00:00, 7489.4719407256398, 0.4351930184308026, null, null, 7489.4719407256398, 0.4351930184308026
2100-Nov-29 06:00:00, 7502.3738005913619, 0.43594271071655682, null, null, 7502.3738005913619, 0.43594271071655682
2100-Nov-29 07:00:00, 7516.183593479408, 0.43674516054191403, null, null, 7516.183593479408, 0.43674516054191403
2100-Nov-29 08:00:00, 7529.8119416525024, 0.43753706710416768, null, null, 7529.8119416525024, 0.43753706710416768
2100-Nov-29 09:00:00, 7541.5473549915741, 0.4382189803276878, null, null, 7541.5473549915741, 0.4382189803276878
2100-Nov-29 10:00:00, 7549.0241290027107, 0.43865343550367131, null, null, 7549.0241290027107, 0.43865343550367131
2100-Nov-29 11:00:00, 7549.800132817827, 0.4386985269928026, null, null, 7549.800132817827, 0.4386985269928026
2100-Nov-29 12:00:00, 7542.4787793268761, 0.43827310288414145, null, null, 7542.4787793268761, 0.43827310288414145
2100-Nov-29 13:00:00, 7527.2408627796221, 0.43738766864401346, null, null, 7527.2408627796221, 0.43738766864401346
2100-Nov-29 14:00:00, 7505.2926984916776, 0.43611232000246952, null, null, 7505.2926984916776, 0.43611232000246952
2100-Nov-29 15:00:00, 7478.5326983567993, 0.43455736855541494, null, null, 7478.5326983567993, 0.43455736855541494
2100-Nov-29 16:00:00, 7449.6441612536382, 0.43287873356492762, null, null, 7449.6441612536382, 0.43287873356492762
2100-Nov-29 17:00:00, 7421.6994943563413, 0.43125494432687089, null, null, 7421.6994943563413, 0.43125494432687089
2100-Nov-29 18:00:00, 7397.0128216233334, 0.42982046834422238, null, null, 7397.0128216233334, 0.42982046834422238
2100-Nov-29 19:00:00, 7377.1294104434837, 0.42866509693799459, null, null, 7377.1294104434837, 0.42866509693799459
2100-Nov-29 20:00:00, 7362.7699073134227, 0.42783070493281777, null, null, 7362.7699073134227, 0.42783070493281777
2100-Nov-29 21:00:00, 7353.9244988260398, 0.42731672209806737, null, null, 7353.9244988260398, 0.42731672209806737
2100-Nov-29 22:00:00, 7350.3368192930784, 0.42710825171491235, null, null, 7350.3368192930784, 0.42710825171491235
2100-Nov-29 23:00:00, 7351.559507958129, 0.42717929885614686, null, null, 7351.559507958129, 0.42717929885614686
2100-Nov-30 00:00:00, 7356.9518429006202, 0.42749263289873157, null, null, 7356.9518429006202, 0.42749263289873157
2100-Nov-30 01:00:00, 7365.8381255046079, 0.42800899081817712, null, null, 7365.8381255046079, 0.42800899081817712
2100-Nov-30 02:00:00, 7377.6285556491857, 0.42869410091990734, null, null, 7377.6285556491857, 0.42869410091990734
2100-Nov-30 03:00:00, 7391.93431670465, 0.42952537011804975, null, null, 7391.93431670465, 0.42952537011804975
2100-Nov-30 04:00:00, 7408.5556498589713, 0.43049119096670524, null, null, 7408.5556498589713, 0.43049119096670524
2100-Nov-30 05:00:00, 7427.231382297814, 0.43157638741790905, null, null, 7427.231382297814, 0.43157638741790905
2100-Nov-30 06:00:00, 7447.6792671988205, 0.43276455886991833, null, null, 7447.6792671988205, 0.43276455886991833
2100-Nov-30 07:00:00, 7469.6488944062312, 0.43404115466383569, null, null, 7469.6488944062312, 0.43404115466383569
2100-Nov-30 08:00:00, 7492.4835048763343, 0.43536801230264183, null, null, 7492.4835048763343, 0.43536801230264183
2100-Nov-30 09:00:00, 7514.5915731659625, 0.43665265253452784, null, null, 7514.5915731659625, 0.43665265253452784
2100-Nov-30 10:00:00, 7534.0706234159288, 0.43778452761751624, null, null, 7534.0706234159288, 0.43778452761751624
2100-Nov-30 11:00:00, 7549.0285055989089, 0.43865368981587449, null, null, 7549.0285055989089, 0.43865368981587449
2100-Nov-30 12:00:00, 7558.3532793055756, 0.43919552727086536, null, null, 7558.3532793055756, 0.43919552727086536
2100-Nov-30 13:00:00, 7562.4521074966269, 0.43943369912418295, null, null, 7562.4521074966269, 0.43943369912418295
2100-Nov-30 14:00:00, 7562.4625525488691, 0.43943430605800271, null, null, 7562.4625525488691, 0.43943430605800271
2100-Nov-30 15:00:00, 7558.0403844485145, 0.4391773457944711, null, null, 7558.0403844485145, 0.4391773457944711
2100-Nov-30 16:00:00, 7549.3784767575517, 0.43867402569617403, null, null, 7549.3784767575517, 0.43867402569617403
2100-Nov-30 17:00:00, 7538.385731643174, 0.4380352669205182, null, null, 7538.385731643174, 0.4380352669205182
2100-Nov-30 18:00:00, 7527.3545508423749, 0.43739427475076981, null, null, 7527.3545508423749, 0.43739427475076981
2100-Nov-30 19:00:00, 7517.9492591315957, 0.43684775861168407, null, null, 7517.9492591315957, 0.43684775861168407
2100-Nov-30 20:00:00, 7511.1079299475268, 0.43645022742106648, null, null, 7511.1079299475268, 0.43645022742106648
2100-Nov-30 21:00:00, 7507.2424781499767, 0.4362256164406545, null, null, 7507.2424781499767, 0.4362256164406545
2100-Nov-30 22:00:00, 7506.4035736045025, 0.43617686995969968, null, null, 7506.4035736045025, 0.43617686995969968
2100-Nov-30 23:00:00, 7508.4332760008165, 0.43629481049267166, null, null, 7508.4332760008165, 0.43629481049267166
2100-Dec-01 00:00:00, 7513.0845812736188, 0.43656508529940496, null, null, 7513.0845812736188, 0.43656508529940496
2100-Dec-01 01:00:00, 7520.0812680402169, 0.43697164390020737, null, null, 7520.0812680402169, 0.43697164390020737
2100-Dec-01 02:00:00, 7529.1551951188785, 0.43749890533407576, null, null, 7529.1551951188785, 0.43749890533407576
2100-Dec-01 03:00:00, 7540.0678901586734, 0.43813301261575988, null, null, 7540.0678901586734, 0.43813301261575988
2100-Dec-01 04:00:00, 7552.6160336138591, 0.43886215139472645, null, null, 7552.6160336138591, 0.43886215139472645
2100-Dec-01 05:00:00, 7566.5376202205589, 0.43967109725161263, null, null, 7566.5376202205589, 0.43967109725161263
2100-Dec-01 06:00:00, 7581.5257624095493, 0.44054201777732127, null, null, 7581.5257624095493, 0.44054201777732127
2100-Dec-01 07:00:00, 7597.2789242975678, 0.44145739153479496, null, null, 7597.2789242975678, 0.44145739153479496
2100-Dec-01 08:00:00, 7612.8530033642401, 0.44236235927243345, null, null, 7612.8530033642401, 0.44236235927243345
2100-Dec-01 09:00:00, 7626.2951876320058, 0.44314344835215635, null, null, 7626.2951876320058, 0.44314344835215635
2100-Dec-01 10:00:00, 7636.5511411695425, 0.44373939415610769, null, null, 7636.5511411695425, 0.44373939415610769
2100-Dec-01 11:00:00, 7643.244136798261, 0.44412830608381881, null, null, 7643.244136798261, 0.44412830608381881
2100-Dec-01 12:00:00, 7645.8974344464223, 0.44428248205529414, null, null, 7645.8974344464223, 0.44428248205529414
2100-Dec-01 13:00:00, 7644.5386909132021, 0.44420352913255473, null, null, 7644.5386909132021, 0.44420352913255473
2100-Dec-01 14:00:00, 7640.1002465567517, 0.44394562309967173, null, null, 7640.1002465567517, 0.44394562309967173
2100-Dec-01 15:00:00, 7633.4245320621667, 0.44355771533206495, null, null, 7633.4245320621667, 0.44355771533206495
2100-Dec-01 16:00:00, 7625.442657049829, 0.4430939100989526, null, null, 7625.442657049829, 0.4430939100989526
2100-Dec-01 17:00:00, 7617.2246289255545, 0.442616382645314, null, null, 7617.2246289255545, 0.442616382645314
2100-Dec-01 18:00:00, 7609.6993809664173, 0.44217911077892663, null, null, 7609.6993809664173, 0.44217911077892663
2100-Dec-01 19:00:00, 7603.3412457276172, 0.44180965668549199, null, null, 7603.3412457276172, 0.44180965668549199
2100-Dec-01 20:00:00, 7598.3724245891599, 0.44152093188801605, null, null, 7598.3724245891599, 0.44152093188801605
2100-Dec-01 21:00:00, 7594.9860399184017, 0.44132415820649368, null, null, 7594.9860399184017, 0.44132415820649368
2100-Dec-01 22:00:00, 7593.2621014952183, 0.4412239847934798, null, null, 7593.2621014952183, 0.4412239847934798
2100-Dec-01 23:00:00, 7593.3959386368188, 0.44123176170887413, null, null, 7593.3959386368188, 0.44123176170887413
2100-Dec-02 00:00:00, 7595.4886112636414, 0.44135336127213604, null, null, 7595.4886112636414, 0.44135336127213604
2100-Dec-02 01:00:00, 7599.3803682887183, 0.4415795007783852, null, null, 7599.3803682887183, 0.4415795007783852
2100-Dec-02 02:00:00, 7604.8324312589657, 0.44189630545560077, null, null, 7604.8324312589657, 0.44189630545560077
2100-Dec-02 03:00:00, 7611.7074120967945, 0.44229579205307357, null, null, 7611.7074120967945, 0.44229579205307357
2100-Dec-02 04:00:00, 7620.0598401104698, 0.44278112912186368, null, null, 7620.0598401104698, 0.44278112912186368
2100-Dec-02 05:00:00, 7630.1540284933362, 0.44336767518889164, null, null, 7630.1540284933362, 0.44336767518889164
2100-Dec-02 06:00:00, 7642.1613901953042, 0.44406539059844607, null, null, 7642.1613901953042, 0.44406539059844607
2100-Dec-02 07:00:00, 7656.0172567277195, 0.44487051763903579, null, null, 7656.0172567277195, 0.44487051763903579
2100-Dec-02 08:00:00, 7671.4303646728495, 0.4457661317788747, null, null, 7671.4303646728495, 0.4457661317788747
2100-Dec-02 09:00:00, 7687.0534932166638, 0.44667394964936347, null, null, 7687.0534932166638, 0.44667394964936347
2100-Dec-02 10:00:00, 7700.75503986684, 0.44747010957773392, null, null, 7700.75503986684, 0.44747010957773392
2100-Dec-02 11:00:00, 7708.4202218740984, 0.44791551263431273, null, null, 7708.4202218740984, 0.44791551263431273
2100-Dec-02 12:00:00, 7706.0986070722538, 0.44778060985862378, null, null, 7706.0986070722538, 0.44778060985862378
2100-Dec-02 13:00:00, 7692.8913800047794, 0.44701317350822628, null, null, 7692.8913800047794, 0.44701317350822628
2100-Dec-02 14:00:00, 7670.6745932230779, 0.44572221593793521, null, null, 7670.6745932230779, 0.44572221593793521
2100-Dec-02 15:00:00, 7642.8504891110006, 0.44410543227821903, null, null, 7642.8504891110006, 0.44410543227821903
2100-Dec-02 16:00:00, 7613.4652913968384, 0.44239793767891716, null, null, 7613.4652913968384, 0.44239793767891716
2100-Dec-02 17:00:00, 7585.9751079582957, 0.44080055724909251, null, null, 7585.9751079582957, 0.44080055724909251
2100-Dec-02 18:00:00, 7562.6379082080639, 0.43944449550249598, null, null, 7562.6379082080639, 0.43944449550249598
2100-Dec-02 19:00:00, 7544.8493507540243, 0.43841085039731076, null, null, 7544.8493507540243, 0.43841085039731076
2100-Dec-02 20:00:00, 7533.2814832141021, 0.43773867280837669, null, null, 7533.2814832141021, 0.43773867280837669
2100-Dec-02 21:00:00, 7527.9487746290388, 0.43742880349263413, null, null, 7527.9487746290388, 0.43742880349263413
2100-Dec-02 22:00:00, 7528.3481288283947, 0.43745200888826363, null, null, 7528.3481288283947, 0.43745200888826363
2100-Dec-02 23:00:00, 7533.889409569736, 0.43777399776957365, null, null, 7533.889409569736, 0.43777399776957365
2100-Dec-03 00:00:00, 7543.9199690351297, 0.43835684653178841, null, null, 7543.9199690351297, 0.43835684653178841
2100-Dec-03 01:00:00, 7557.6909274477839, 0.43915703979050136, null, null, 7557.6909274477839, 0.43915703979050136
2100-Dec-03 02:00:00, 7574.5513469108109, 0.44013675329983765, null, null, 7574.5513469108109, 0.44013675329983765
2100-Dec-03 03:00:00, 7593.3505800599542, 0.4412291260442861, null, null, 7593.3505800599542, 0.4412291260442861
2100-Dec-03 04:00:00, 7613.1601255627866, 0.44238020531520794, null, null, 7613.1601255627866, 0.44238020531520794
2100-Dec-03 05:00:00, 7633.3009762050951, 0.44355053583439014, null, null, 7633.3009762050951, 0.44355053583439014
2100-Dec-03 06:00:00, 7653.3434064375151, 0.4447151474089534, null, null, 7653.3434064375151, 0.4447151474089534
2100-Dec-03 07:00:00, 7673.1249603108463, 0.44586460016176688, null, null, 7673.1249603108463, 0.44586460016176688
2100-Dec-03 08:00:00, 7692.3958272213122, 0.44698437827228227, null, null, 7692.3958272213122, 0.44698437827228227
2100-Dec-03 09:00:00, 7710.9898671688152, 0.44806482779310564, null, null, 7710.9898671688152, 0.44806482779310564
2100-Dec-03 10:00:00, 7728.9506098096272, 0.44910847811518112, null, null, 7728.9506098096272, 0.44910847811518112
2100-Dec-03 11:00:00, 7745.8866741040047, 0.45009258714168404, null, null, 7745.8866741040047, 0.45009258714168404
2100-Dec-03 12:00:00, 7761.7128961823983, 0.45101220622980692, null, null, 7761.7128961823983, 0.45101220622980692
2100-Dec-03 13:00:00, 7776.7776928358207, 0.45188758093973797, null, null, 7776.7776928358207, 0.45188758093973797
2100-Dec-03 14:00:00, 7791.7217863136921, 0.45275594191362484, null, null, 7791.7217863136921, 0.45275594191362484
2100-Dec-03 15:00:00, 7806.994635577772, 0.4536434059997283, null, null, 7806.994635577772, 0.4536434059997283
2100-Dec-03 16:00:00, 7822.7438184741432, 0.45455854854872707, null, null, 7822.7438184741432, 0.45455854854872707
2100-Dec-03 17:00:00, 7838.9592117342099, 0.45550078132478139, null, null, 7838.9592117342099, 0.45550078132478139
2100-Dec-03 18:00:00, 7855.5420672302453, 0.45646436634047238, null, null, 7855.5420672302453, 0.45646436634047238
2100-Dec-03 19:00:00, 7872.6308378630547, 0.45745734872051502, null, null, 7872.6308378630547, 0.45745734872051502
2100-Dec-03 20:00:00, 7890.3731359188196, 0.45848830581680922, null, null, 7890.3731359188196, 0.45848830581680922
2100-Dec-03 21:00:00, 7908.7126911169871, 0.45955396791509001, null, null, 7908.7126911169871, 0.45955396791509001
2100-Dec-03 22:00:00, 7927.5689795563585, 0.46064965598859881, null, null, 7927.5689795563585, 0.46064965598859881
2100-Dec-03 23:00:00, 7946.7603994556193, 0.46176481764752919, null, null, 7946.7603994556193, 0.46176481764752919
2100-Dec-04 00:00:00, 7966.0989680856055, 0.46288852972240208, null, null, 7966.0989680856055, 0.46288852972240208
2100-Dec-04 01:00:00, 7985.4630138850125, 0.46401372220688847, null, null, 7985.4630138850125, 0.46401372220688847
2100-Dec-04 02:00:00, 8004.7801371557307, 0.4651361881497636, null, null, 8004.7801371557307, 0.4651361881497636
2100-Dec-04 03:00:00, 8024.0481453443936, 0.46625580014766388, null, null, 8024.0481453443936, 0.46625580014766388
2100-Dec-04 04:00:00, 8043.2190265344998, 0.46736976835758981, null, null, 8043.2190265344998, 0.46736976835758981
2100-Dec-04 05:00:00, 8062.2526216038477, 0.46847575924124302, null, null, 8062.2526216038477, 0.46847575924124302
2100-Dec-04 06:00:00, 8081.1254134085038, 0.46957240628080565, null, null, 8081.1254134085038, 0.46957240628080565
2100-Dec-04 07:00:00, 8099.7847203456513, 0.47065664829039883, null, null, 8099.7847203456513, 0.47065664829039883
2100-Dec-04 08:00:00, 8116.8957340958978, 0.4716509231580151, null, null, 8116.8957340958978, 0.4716509231580151
2100-Dec-04 09:00:00, 8131.0956710832606, 0.47247604320492442, null, null, 8131.0956710832606, 0.47247604320492442
2100-Dec-04 10:00:00, 8140.9917572660215, 0.4730510780873049, null, null, 8140.9917572660215, 0.4730510780873049
2100-Dec-04 11:00:00, 8145.3351008143827, 0.47330345806867785, null, null, 8145.3351008143827, 0.47330345806867785
2100-Dec-04 12:00:00, 8143.4256588114577, 0.47319250554287251, null, null, 8143.4256588114577, 0.47319250554287251
2100-Dec-04 13:00:00, 8134.7984484909557, 0.47269120161520833, null, null, 8134.7984484909557, 0.47269120161520833
2100-Dec-04 14:00:00, 8120.1841592135361, 0.47184200467406257, null, null, 8120.1841592135361, 0.47184200467406257
2100-Dec-04 15:00:00, 8101.0949266684911, 0.47073278084672809, null, null, 8101.0949266684911, 0.47073278084672809
2100-Dec-04 16:00:00, 8080.0193242637106, 0.46950813442327211, null, null, 8080.0193242637106, 0.46950813442327211
2100-Dec-04 17:00:00, 8059.7610716299796, 0.46833098199095347, null, null, 8059.7610716299796, 0.46833098199095347
2100-Dec-04 18:00:00, 8042.3611330462973, 0.46731991848037846, null, null, 8042.3611330462973, 0.46731991848037846
2100-Dec-04 19:00:00, 8029.2887416334179, 0.46656031706627277, null, null, 8029.2887416334179, 0.46656031706627277
2100-Dec-04 20:00:00, 8021.2170770705734, 0.4660912944045062, null, null, 8021.2170770705734, 0.4660912944045062
2100-Dec-04 21:00:00, 8018.0012546934404, 0.46590443163792961, null, null, 8018.0012546934404, 0.46590443163792961
2100-Dec-04 22:00:00, 8019.1559011606778, 0.46597152503053119, null, null, 8019.1559011606778, 0.46597152503053119
2100-Dec-04 23:00:00, 8024.0279088123871, 0.46625462425735864, null, null, 8024.0279088123871, 0.46625462425735864
2100-Dec-05 00:00:00, 8032.0466384406518, 0.46672057101282066, null, null, 8032.0466384406518, 0.46672057101282066
2100-Dec-05 01:00:00, 8042.8373866738193, 0.46734759229441236, null, null, 8042.8373866738193, 0.46734759229441236
2100-Dec-05 02:00:00, 8056.3583847962655, 0.46813326103470204, null, null, 8056.3583847962655, 0.46813326103470204
2100-Dec-05 03:00:00, 8072.3971761490748, 0.46906523195014876, null, null, 8072.3971761490748, 0.46906523195014876
2100-Dec-05 04:00:00, 8090.7297660423965, 0.47013048931334755, null, null, 8090.7297660423965, 0.47013048931334755
2100-Dec-05 05:00:00, 8110.943142666948, 0.47130503412178504, null, null, 8110.943142666948, 0.47130503412178504
2100-Dec-05 06:00:00, 8132.4385323148053, 0.47255407324994159, null, null, 8132.4385323148053, 0.47255407324994159
2100-Dec-05 07:00:00, 8154.7545797363155, 0.47385079858834656, null, null, 8154.7545797363155, 0.47385079858834656
2100-Dec-05 08:00:00, 8176.5843865651987, 0.47511926979710611, null, null, 8176.5843865651987, 0.47511926979710611
2100-Dec-05 09:00:00, 8196.3833787264412, 0.47626973584180621, null, null, 8196.3833787264412, 0.47626973584180621
2100-Dec-05 10:00:00, 8211.9111216643323, 0.47717201111195079, null, null, 8211.9111216643323, 0.47717201111195079
2100-Dec-05 11:00:00, 8219.2738921243454, 0.47759984184899951, null, null, 8219.2738921243454, 0.47759984184899951
2100-Dec-05 12:00:00, 8215.2585798718428, 0.47736652288166259, null, null, 8215.2585798718428, 0.47736652288166259
2100-Dec-05 13:00:00, 8199.9570010971274, 0.47647738940116785, null, null, 8199.9570010971274, 0.47647738940116785
2100-Dec-05 14:00:00, 8174.6927005322141, 0.47500934902283348, null, null, 8174.6927005322141, 0.47500934902283348
2100-Dec-05 15:00:00, 8141.5724747864424, 0.47308482201645879, null, null, 8141.5724747864424, 0.47308482201645879
2100-Dec-05 16:00:00, 8104.740203046671, 0.47094459802724364, null, null, 8104.740203046671, 0.47094459802724364
2100-Dec-05 17:00:00, 8068.9563385090642, 0.46886529415342054, null, null, 8068.9563385090642, 0.46886529415342054
2100-Dec-05 18:00:00, 8037.8936986987974, 0.46706032791728974, null, null, 8037.8936986987974, 0.46706032791728974
2100-Dec-05 19:00:00, 8013.7174899783449, 0.465655513621898, null, null, 8013.7174899783449, 0.465655513621898
2100-Dec-05 20:00:00, 7997.237101606036, 0.46469788269445478, null, null, 7997.237101606036, 0.46469788269445478
2100-Dec-05 21:00:00, 7988.1680409398414, 0.46417090403469219, null, null, 7988.1680409398414, 0.46417090403469219
2100-Dec-05 22:00:00, 7985.9007782819581, 0.46403915951552333, null, null, 7985.9007782819581, 0.46403915951552333
2100-Dec-05 23:00:00, 7989.5529471755526, 0.46425137720152326, null, null, 7989.5529471755526, 0.46425137720152326
2100-Dec-06 00:00:00, 7998.0235314284246, 0.464743580010754, null, null, 7998.0235314284246, 0.464743580010754
2100-Dec-06 01:00:00, 8010.2295906249847, 0.46545284119591324, null, null, 8010.2295906249847, 0.46545284119591324
2100-Dec-06 02:00:00, 8025.3176168861255, 0.46632956571570799, null, null, 8025.3176168861255, 0.46632956571570799
2100-Dec-06 03:00:00, 8042.7081104437093, 0.46734008040128583, null, null, 8042.7081104437093, 0.46734008040128583
2100-Dec-06 04:00:00, 8062.0357427506287, 0.46846315699591606, null, null, 8062.0357427506287, 0.46846315699591606
2100-Dec-06 05:00:00, 8083.0197308340048, 0.46968247995820167, null, null, 8083.0197308340048, 0.46968247995820167
2100-Dec-06 06:00:00, 8105.4293880164596, 0.47098464470738788, null, null, 8105.4293880164596, 0.47098464470738788
2100-Dec-06 07:00:00, 8129.2053951343678, 0.47236620436683591, null, null, 8129.2053951343678, 0.47236620436683591
2100-Dec-06 08:00:00, 8152.730662274379, 0.47373319420231164, null, null, 8152.730662274379, 0.47373319420231164
2100-Dec-06 09:00:00, 8173.4130916432168, 0.474934994400876, null, null, 8173.4130916432168, 0.474934994400876
2100-Dec-06 10:00:00, 8187.446689249763, 0.47575044891491541, null, null, 8187.446689249763, 0.47575044891491541
2100-Dec-06 11:00:00, 8193.1160056516565, 0.47607987760320025, null, null, 8193.1160056516565, 0.47607987760320025
2100-Dec-06 12:00:00, 8190.6519203602165, 0.47593669625154561, null, null, 8190.6519203602165, 0.47593669625154561
2100-Dec-06 13:00:00, 8180.3260286158584, 0.47533668652699063, null, null, 8180.3260286158584, 0.47533668652699063
2100-Dec-06 14:00:00, 8162.0272498728937, 0.47427339383856421, null, null, 8162.0272498728937, 0.47427339383856421
2100-Dec-06 15:00:00, 8137.6995882201736, 0.47285977902168508, null, null, 8137.6995882201736, 0.47285977902168508
2100-Dec-06 16:00:00, 8111.0051279759637, 0.47130863592094285, null, null, 8111.0051279759637, 0.47130863592094285
2100-Dec-06 17:00:00, 8085.6751022405761, 0.46983677643018612, null, null, 8085.6751022405761, 0.46983677643018612
2100-Dec-06 18:00:00, 8064.2351482915365, 0.46859095852100041, null, null, 8064.2351482915365, 0.46859095852100041
2100-Dec-06 19:00:00, 8048.1976220709394, 0.46765906111897498, null, null, 8048.1976220709394, 0.46765906111897498
2100-Dec-06 20:00:00, 8038.2440440231185, 0.4670806855393479, null, null, 8038.2440440231185, 0.4670806855393479
2100-Dec-06 21:00:00, 8034.2714292955015, 0.46684984761004433, null, null, 8034.2714292955015, 0.46684984761004433
2100-Dec-06 22:00:00, 8035.4996363361151, 0.46692121540920201, null, null, 8035.4996363361151, 0.46692121540920201
2100-Dec-06 23:00:00, 8040.9979786440135, 0.46724070925393202, null, null, 8040.9979786440135, 0.46724070925393202
2100-Dec-07 00:00:00, 8050.1941110730422, 0.46777507171117233, null, null, 8050.1941110730422, 0.46777507171117233
2100-Dec-07 01:00:00, 8062.7628246838949, 0.46850540576641536, null, null, 8062.7628246838949, 0.46850540576641536
2100-Dec-07 02:00:00, 8078.3952170904276, 0.46941376193498585, null, null, 8078.3952170904276, 0.46941376193498585
2100-Dec-07 03:00:00, 8096.8645421424926, 0.47048696460954037, null, null, 8096.8645421424926, 0.47048696460954037
2100-Dec-07 04:00:00, 8117.7269987427044, 0.47169922570506007, null, null, 8117.7269987427044, 0.47169922570506007
2100-Dec-07 05:00:00, 8140.4916431328502, 0.47302201780362974, null, null, 8140.4916431328502, 0.47302201780362974
2100-Dec-07 06:00:00, 8164.8531103590994, 0.47443759697122689, null, null, 8164.8531103590994, 0.47443759697122689
2100-Dec-07 07:00:00, 8190.4324147247253, 0.47592394137098415, null, null, 8190.4324147247253, 0.47592394137098415
2100-Dec-07 08:00:00, 8216.0398936655947, 0.47741192291933354, null, null, 8216.0398936655947, 0.47741192291933354
2100-Dec-07 09:00:00, 8238.4506982620005, 0.47871415434165032, null, null, 8238.4506982620005, 0.47871415434165032
2100-Dec-07 10:00:00, 8255.9365066962382, 0.47973020751768525, null, null, 8255.9365066962382, 0.47973020751768525
2100-Dec-07 11:00:00, 8267.7976076083469, 0.48041942410714655, null, null, 8267.7976076083469, 0.48041942410714655
2100-Dec-07 12:00:00, 8274.630792970258, 0.48081648208221911, null, null, 8274.630792970258, 0.48081648208221911
2100-Dec-07 13:00:00, 8277.9561212512072, 0.48100970794157377, null, null, 8277.9561212512072, 0.48100970794157377
2100-Dec-07 14:00:00, 8278.8355574642846, 0.48106080960843567, null, null, 8278.8355574642846, 0.48106080960843567
2100-Dec-07 15:00:00, 8277.9247047376739, 0.48100788241268988, null, null, 8277.9247047376739, 0.48100788241268988
2100-Dec-07 16:00:00, 8275.9923595054006, 0.48089559904198775, null, null, 8275.9923595054006, 0.48089559904198775
2100-Dec-07 17:00:00, 8273.9376910067822, 0.48077620779613423, null, null, 8273.9376910067822, 0.48077620779613423
2100-Dec-07 18:00:00, 8272.7856080575766, 0.48070926336265274, null, null, 8272.7856080575766, 0.48070926336265274
2100-Dec-07 19:00:00, 8273.2824212341002, 0.48073813183663844, null, null, 8273.2824212341002, 0.48073813183663844
2100-Dec-07 20:00:00, 8275.7659021528598, 0.48088244021589455, null, null, 8275.7659021528598, 0.48088244021589455
2100-Dec-07 21:00:00, 8280.1532560076485, 0.48113737751749613, null, null, 8280.1532560076485, 0.48113737751749613
2100-Dec-07 22:00:00, 8286.4867381118038, 0.48150539908375595, null, null, 8286.4867381118038, 0.48150539908375595
2100-Dec-07 23:00:00, 8294.9974026718282, 0.48199993085155513, null, null, 8294.9974026718282, 0.48199993085155513
2100-Dec-08 00:00:00, 8305.5222529583225, 0.48261150152048371, null, null, 8305.5222529583225, 0.48261150152048371
2100-Dec-08 01:00:00, 8317.6363627890423, 0.48331541977594389, null, null, 8317.6363627890423, 0.48331541977594389
2100-Dec-08 02:00:00, 8330.898133965713, 0.48408602553744362, null, null, 8330.898133965713, 0.48408602553744362
2100-Dec-08 03:00:00, 8345.0200289883251, 0.48490661077622854, null, null, 8345.0200289883251, 0.48490661077622854
2100-Dec-08 04:00:00, 8359.9495605018783, 0.48577412559363659, null, null, 8359.9495605018783, 0.48577412559363659
2100-Dec-08 05:00:00, 8375.7768959060668, 0.48669380937411927, null, null, 8375.7768959060668, 0.48669380937411927
2100-Dec-08 06:00:00, 8392.7304026031379, 0.48767893193160766, null, null, 8392.7304026031379, 0.48767893193160766
2100-Dec-08 07:00:00, 8410.8771354544624, 0.48873338964327645, null, null, 8410.8771354544624, 0.48873338964327645
2100-Dec-08 08:00:00, 8429.8437384990521, 0.4898354878010211, null, null, 8429.8437384990521, 0.4898354878010211
2100-Dec-08 09:00:00, 8448.9252614100205, 0.49094426364230909, null, null, 8448.9252614100205, 0.49094426364230909
2100-Dec-08 10:00:00, 8467.4188822580199, 0.49201887808004952, null, null, 8467.4188822580199, 0.49201887808004952
2100-Dec-08 11:00:00, 8484.73152783767, 0.4930248692295538, null, null, 8484.73152783767, 0.4930248692295538
2100-Dec-08 12:00:00, 8499.7783775391435, 0.49389920109050267, null, null, 8499.7783775391435, 0.49389920109050267
2100-Dec-08 13:00:00, 8511.9961694984468, 0.49460914403486644, null, null, 8511.9961694984468, 0.49460914403486644
2100-Dec-08 14:00:00, 8521.3672885818451, 0.49515367449472469, null, null, 8521.3672885818451, 0.49515367449472469
2100-Dec-08 15:00:00, 8528.0724357944055, 0.495543292518205, null, null, 8528.0724357944055, 0.495543292518205
2100-Dec-08 16:00:00, 8533.0031477493649, 0.4958298028937928, null, null, 8533.0031477493649, 0.4958298028937928
2100-Dec-08 17:00:00, 8537.305900731566, 0.49607982426682234, null, null, 8537.305900731566, 0.49607982426682234
2100-Dec-08 18:00:00, 8541.7854408718958, 0.496340118264888, null, null, 8541.7854408718958, 0.496340118264888
2100-Dec-08 19:00:00, 8546.8328948604521, 0.49663341220524254, null, null, 8546.8328948604521, 0.49663341220524254
2100-Dec-08 20:00:00, 8552.6198594226626, 0.49696967711087442, null, null, 8552.6198594226626, 0.49696967711087442
2100-Dec-08 21:00:00, 8559.1772771762589, 0.49735071097386035, null, null, 8559.1772771762589, 0.49735071097386035
2100-Dec-08 22:00:00, 8566.3279072411406, 0.49776621480460387, null, null, 8566.3279072411406, 0.49776621480460387
2100-Dec-08 23:00:00, 8573.8984322205124, 0.49820611759654349, null, null, 8573.8984322205124, 0.49820611759654349
2100-Dec-09 00:00:00, 8581.8914713708582, 0.49867057154761041, null, null, 8581.8914713708582, 0.49867057154761041
2100-Dec-09 01:00:00, 8590.4702331599237, 0.49916906026175872, null, null, 8590.4702331599237, 0.49916906026175872
2100-Dec-09 02:00:00, 8599.7882188250514, 0.49971050328196032, null, null, 8599.7882188250514, 0.49971050328196032
2100-Dec-09 03:00:00, 8610.0826663430471, 0.50030868586731359, null, null, 8610.0826663430471, 0.50030868586731359
2100-Dec-09 04:00:00, 8621.6730056224224, 0.5009821692284302, null, null, 8621.6730056224224, 0.5009821692284302
2100-Dec-09 05:00:00, 8634.8736012278368, 0.50174922024244983, null, null, 8634.8736012278368, 0.50174922024244983
2100-Dec-09 06:00:00, 8649.7303811562997, 0.50261250766142951, null, null, 8649.7303811562997, 0.50261250766142951
2100-Dec-09 07:00:00, 8665.8845147884458, 0.5035511808056975, null, null, 8665.8845147884458, 0.5035511808056975
2100-Dec-09 08:00:00, 8681.3126693776048, 0.50444766926544637, null, null, 8681.3126693776048, 0.50444766926544637
2100-Dec-09 09:00:00, 8693.230957394484, 0.50514020884335564, null, null, 8693.230957394484, 0.50514020884335564
2100-Dec-09 10:00:00, 8698.9461253249974, 0.50547230184032566, null, null, 8698.9461253249974, 0.50547230184032566
2100-Dec-09 11:00:00, 8696.9363144681902, 0.50535551715107507, null, null, 8696.9363144681902, 0.50535551715107507
2100-Dec-09 12:00:00, 8687.7819250383163, 0.50482358026695184, null, null, 8687.7819250383163, 0.50482358026695184
2100-Dec-09 13:00:00, 8672.5868861521321, 0.50394063753208518, null, null, 8672.5868861521321, 0.50394063753208518
2100-Dec-09 14:00:00, 8652.6646203593136, 0.50278300838907275, null, null, 8652.6646203593136, 0.50278300838907275
2100-Dec-09 15:00:00, 8629.9110610074422, 0.50146086041218541, null, null, 8629.9110610074422, 0.50146086041218541
2100-Dec-09 16:00:00, 8606.9693197679353, 0.50012777769325711, null, null, 8606.9693197679353, 0.50012777769325711
2100-Dec-09 17:00:00, 8586.1462516920255, 0.49891780535866986, null, null, 8586.1462516920255, 0.49891780535866986
2100-Dec-09 18:00:00, 8568.8081344184011, 0.49791033411771551, null, null, 8568.8081344184011, 0.49791033411771551
2100-Dec-09 19:00:00, 8555.9554485423832, 0.49716349919990083, null, null, 8555.9554485423832, 0.49716349919990083
2100-Dec-09 20:00:00, 8548.058170441489, 0.49670460966518915, null, null, 8548.058170441489, 0.49670460966518915
2100-Dec-09 21:00:00, 8544.8888063429495, 0.49652044646390264, null, null, 8544.8888063429495, 0.49652044646390264
2100-Dec-09 22:00:00, 8545.7802949611705, 0.49657224846352704, null, null, 8545.7802949611705, 0.49657224846352704
2100-Dec-09 23:00:00, 8550.0114044970196, 0.49681810682908212, null, null, 8550.0114044970196, 0.49681810682908212
2100-Dec-10 00:00:00, 8556.9690323023897, 0.49722239581897365, null, null, 8556.9690323023897, 0.49722239581897365
2100-Dec-10 01:00:00, 8566.267232168535, 0.49776268913975064, null, null, 8566.267232168535, 0.49776268913975064
2100-Dec-10 02:00:00, 8577.6219325561142, 0.49842248016028678, null, null, 8577.6219325561142, 0.49842248016028678
2100-Dec-10 03:00:00, 8590.8018392860577, 0.49918832899954219, null, null, 8590.8018392860577, 0.49918832899954219
2100-Dec-10 04:00:00, 8605.4410459612063, 0.50003897382347795, null, null, 8605.4410459612063, 0.50003897382347795
2100-Dec-10 05:00:00, 8621.1503911608579, 0.50095180151134633, null, null, 8621.1503911608579, 0.50095180151134633
2100-Dec-10 06:00:00, 8637.7060137209537, 0.50191380409456599, null, null, 8637.7060137209537, 0.50191380409456599
2100-Dec-10 07:00:00, 8654.9873612501997, 0.50291797659875925, null, null, 8654.9873612501997, 0.50291797659875925
2100-Dec-10 08:00:00, 8672.0637052090879, 0.50391023689828995, null, null, 8672.0637052090879, 0.50391023689828995
2100-Dec-10 09:00:00, 8686.7343398990615, 0.50476270791941868, null, null, 8686.7343398990615, 0.50476270791941868
2100-Dec-10 10:00:00, 8696.8950667377412, 0.505353120356687, null, null, 8696.8950667377412, 0.505353120356687
2100-Dec-10 11:00:00, 8699.5703891743433, 0.50550857612922673, null, null, 8699.5703891743433, 0.50550857612922673
2100-Dec-10 12:00:00, 8692.2411605801244, 0.50508269441955067, null, null, 8692.2411605801244, 0.50508269441955067
2100-Dec-10 13:00:00, 8674.7565721040428, 0.50406671213199439, null, null, 8674.7565721040428, 0.50406671213199439
2100-Dec-10 14:00:00, 8649.8621473345393, 0.50262016423872746, null, null, 8649.8621473345393, 0.50262016423872746
2100-Dec-10 15:00:00, 8621.8023517913825, 0.50098968518551479, null, null, 8621.8023517913825, 0.50098968518551479
2100-Dec-10 16:00:00, 8594.3061236248486, 0.49939195351284671, null, null, 8594.3061236248486, 0.49939195351284671
2100-Dec-10 17:00:00, 8569.7516245918778, 0.49796515778748884, null, null, 8569.7516245918778, 0.49796515778748884
2100-Dec-10 18:00:00, 8549.2324866789077, 0.49677284601509464, null, null, 8549.2324866789077, 0.49677284601509464
2100-Dec-10 19:00:00, 8533.0819065616415, 0.49583437935599389, null, null, 8533.0819065616415, 0.49583437935599389
2100-Dec-10 20:00:00, 8521.2679232983792, 0.49514790064605002, null, null, 8521.2679232983792, 0.49514790064605002
2100-Dec-10 21:00:00, 8513.6561140759895, 0.49470559893807536, null, null, 8513.6561140759895, 0.49470559893807536
2100-Dec-10 22:00:00, 8509.9302090315705, 0.49448909664318724, null, null, 8509.9302090315705, 0.49448909664318724
2100-Dec-10 23:00:00, 8509.6831249707975, 0.49447473925470048, null, null, 8509.6831249707975, 0.49447473925470048
2100-Dec-11 00:00:00, 8512.5016966695639, 0.49463851885557991, null, null, 8512.5016966695639, 0.49463851885557991
2100-Dec-11 01:00:00, 8518.0743708916343, 0.49496233192739969, null, null, 8518.0743708916343, 0.49496233192739969
2100-Dec-11 02:00:00, 8526.0506894093069, 0.49542581428759064, null, null, 8526.0506894093069, 0.49542581428759064
2100-Dec-11 03:00:00, 8536.081835884248, 0.49600869715934731, null, null, 8536.081835884248, 0.49600869715934731
2100-Dec-11 04:00:00, 8547.823540391244, 0.4966909759456708, null, null, 8547.823540391244, 0.4966909759456708
2100-Dec-11 05:00:00, 8560.987776889313, 0.49745591423000818, null, null, 8560.987776889313, 0.49745591423000818
2100-Dec-11 06:00:00, 8575.3123459084036, 0.49828827630819955, null, null, 8575.3123459084036, 0.49828827630819955
2100-Dec-11 07:00:00, 8590.5416247337962, 0.49917320863360254, null, null, 8590.5416247337962, 0.49917320863360254
2100-Dec-11 08:00:00, 8606.0523569932557, 0.50007449545909433, null, null, 8606.0523569932557, 0.50007449545909433
2100-Dec-11 09:00:00, 8620.8560836932302, 0.50093470009802943, null, null, 8620.8560836932302, 0.50093470009802943
2100-Dec-11 10:00:00, 8634.1638519734879, 0.50170797862718319, null, null, 8634.1638519734879, 0.50170797862718319
2100-Dec-11 11:00:00, 8645.0067499606885, 0.50233803019035528, null, null, 8645.0067499606885, 0.50233803019035528
2100-Dec-11 12:00:00, 8652.1703583255421, 0.50275428815511303, null, null, 8652.1703583255421, 0.50275428815511303
2100-Dec-11 13:00:00, 8654.1704170519006, 0.5028705061743608, null, null, 8654.1704170519006, 0.5028705061743608
2100-Dec-11 14:00:00, 8650.7970142027189, 0.50267448683148352, null, null, 8650.7970142027189, 0.50267448683148352
2100-Dec-11 15:00:00, 8642.5575567606593, 0.50219571417797459, null, null, 8642.5575567606593, 0.50219571417797459
2100-Dec-11 16:00:00, 8631.2797033417846, 0.501540388527565, null, null, 8631.2797033417846, 0.501540388527565
2100-Dec-11 17:00:00, 8619.5653584664924, 0.50085969953566212, null, null, 8619.5653584664924, 0.50085969953566212
2100-Dec-11 18:00:00, 8609.4791455988507, 0.50027361690431715, null, null, 8609.4791455988507, 0.50027361690431715
2100-Dec-11 19:00:00, 8602.0767842083751, 0.49984348564505982, null, null, 8602.0767842083751, 0.49984348564505982
2100-Dec-11 20:00:00, 8597.7430498767044, 0.49959166402935667, null, null, 8597.7430498767044, 0.49959166402935667
2100-Dec-11 21:00:00, 8596.5210743556599, 0.49952065832699732, null, null, 8596.5210743556599, 0.49952065832699732
2100-Dec-11 22:00:00, 8598.3371839369938, 0.49962618755746335, null, null, 8598.3371839369938, 0.49962618755746335
2100-Dec-11 23:00:00, 8603.0469506128429, 0.49989985939868115, null, null, 8603.0469506128429, 0.49989985939868115
2100-Dec-12 00:00:00, 8610.5399284899013, 0.5003352561376182, null, null, 8610.5399284899013, 0.5003352561376182
2100-Dec-12 01:00:00, 8620.6755297348718, 0.50092420859438946, null, null, 8620.6755297348718, 0.50092420859438946
2100-Dec-12 02:00:00, 8633.2414007027037, 0.50165437747131203, null, null, 8633.2414007027037, 0.50165437747131203
2100-Dec-12 03:00:00, 8648.0407000245741, 0.50251432484724434, null, null, 8648.0407000245741, 0.50251432484724434
2100-Dec-12 04:00:00, 8664.8304974093844, 0.50348993469805436, null, null, 8664.8304974093844, 0.50348993469805436
2100-Dec-12 05:00:00, 8683.4035770112278, 0.50456916626971282, null, null, 8683.4035770112278, 0.50456916626971282
2100-Dec-12 06:00:00, 8703.6167802134933, 0.50574370100104893, null, null, 8703.6167802134933, 0.50574370100104893
2100-Dec-12 07:00:00, 8725.2574303535785, 0.50700118082470069, null, null, 8725.2574303535785, 0.50700118082470069
2100-Dec-12 08:00:00, 8747.2129523676413, 0.50827695700386855, null, null, 8747.2129523676413, 0.50827695700386855
2100-Dec-12 09:00:00, 8766.9263877838057, 0.50942245157682375, null, null, 8766.9263877838057, 0.50942245157682375
2100-Dec-12 10:00:00, 8781.186075889229, 0.51025104360007922, null, null, 8781.186075889229, 0.51025104360007922
2100-Dec-12 11:00:00, 8788.0482634304935, 0.51064978681358697, null, null, 8788.0482634304935, 0.51064978681358697
2100-Dec-12 12:00:00, 8787.3037961972987, 0.51060652783018989, null, null, 8787.3037961972987, 0.51060652783018989
2100-Dec-12 13:00:00, 8780.0381161225614, 0.51018433875361646, null, null, 8780.0381161225614, 0.51018433875361646
2100-Dec-12 14:00:00, 8766.9576065774727, 0.50942426561673937, null, null, 8766.9576065774727, 0.50942426561673937
2100-Dec-12 15:00:00, 8747.9615494957125, 0.50832045596432029, null, null, 8747.9615494957125, 0.50832045596432029
2100-Dec-12 16:00:00, 8724.8720720317269, 0.50697878869177182, null, null, 8724.8720720317269, 0.50697878869177182
2100-Dec-12 17:00:00, 8701.1375943668609, 0.50559964219685205, null, null, 8701.1375943668609, 0.50559964219685205
2100-Dec-12 18:00:00, 8680.0787213925305, 0.50437596787548711, null, null, 8680.0787213925305, 0.50437596787548711
2100-Dec-12 19:00:00, 8663.8879542970753, 0.5034351660594516, null, null, 8663.8879542970753, 0.5034351660594516
2100-Dec-12 20:00:00, 8653.2737990438181, 0.50281840611972339, null, null, 8653.2737990438181, 0.50281840611972339
2100-Dec-12 21:00:00, 8647.9581679105595, 0.50250952912865432, null, null, 8647.9581679105595, 0.50250952912865432
2100-Dec-12 22:00:00, 8647.4713966820091, 0.50248124416518625, null, null, 8647.4713966820091, 0.50248124416518625
2100-Dec-12 23:00:00, 8651.2543596601736, 0.50270106194274244, null, null, 8651.2543596601736, 0.50270106194274244
2100-Dec-13 00:00:00, 8658.8163855946877, 0.50314047087810387, null, null, 8658.8163855946877, 0.50314047087810387
2100-Dec-13 01:00:00, 8669.8772696260439, 0.50378318902248242, null, null, 8669.8772696260439, 0.50378318902248242
2100-Dec-13 02:00:00, 8683.9734646679044, 0.50460228090468828, null, null, 8683.9734646679044, 0.50460228090468828
2100-Dec-13 03:00:00, 8700.603401724813, 0.50556860170292184, null, null, 8700.603401724813, 0.50556860170292184
2100-Dec-13 04:00:00, 8719.6648138663077, 0.50667620896162624, null, null, 8719.6648138663077, 0.50667620896162624
2100-Dec-13 05:00:00, 8741.0491404263976, 0.50791879451324451, null, null, 8741.0491404263976, 0.50791879451324451
2100-Dec-13 06:00:00, 8764.7161930104467, 0.50929402311853578, null, null, 8764.7161930104467, 0.50929402311853578
2100-Dec-13 07:00:00, 8790.3612105736811, 0.51078418593500452, null, null, 8790.3612105736811, 0.51078418593500452
2100-Dec-13 08:00:00, 8816.8670179046076, 0.51232436692367556, null, null, 8816.8670179046076, 0.51232436692367556
2100-Dec-13 09:00:00, 8841.5842253707269, 0.51376061719732558, null, null, 8841.5842253707269, 0.51376061719732558
2100-Dec-13 10:00:00, 8859.8163272390284, 0.51482003547236554, null, null, 8859.8163272390284, 0.51482003547236554
2100-Dec-13 11:00:00, 8868.5752286972511, 0.51532899161692558, null, null, 8868.5752286972511, 0.51532899161692558
2100-Dec-13 12:00:00, 8867.7980062821043, 0.51528382931823258, null, null, 8867.7980062821043, 0.51528382931823258
2100-Dec-13 13:00:00, 8859.1714169267252, 0.51478256147317714, null, null, 8859.1714169267252, 0.51478256147317714
2100-Dec-13 14:00:00, 8844.4594258279249, 0.51392768734265282, null, null, 8844.4594258279249, 0.51392768734265282
2100-Dec-13 15:00:00, 8825.5972020803056, 0.51283165438438683, null, null, 8825.5972020803056, 0.51283165438438683
2100-Dec-13 16:00:00, 8805.0238270719346, 0.51163619104063418, null, null, 8805.0238270719346, 0.51163619104063418
2100-Dec-13 17:00:00, 8785.3134652569024, 0.51049087506635249, null, null, 8785.3134652569024, 0.51049087506635249
2100-Dec-13 18:00:00, 8768.3277853386226, 0.5095038830097377, null, null, 8768.3277853386226, 0.5095038830097377
2100-Dec-13 19:00:00, 8755.151002681896, 0.50873821570195266, null, null, 8755.151002681896, 0.50873821570195266
2100-Dec-13 20:00:00, 8746.2329333200723, 0.50822001073972511, null, null, 8746.2329333200723, 0.50822001073972511
2100-Dec-13 21:00:00, 8741.3876714873659, 0.50793846564031742, null, null, 8741.3876714873659, 0.50793846564031742
2100-Dec-13 22:00:00, 8740.1362587332023, 0.50786574941972173, null, null, 8740.1362587332023, 0.50786574941972173
2100-Dec-13 23:00:00, 8741.8742087067149, 0.50796673700614181, null, null, 8741.8742087067149, 0.50796673700614181
2100-Dec-14 00:00:00, 8746.1135990027815, 0.50821307654434322, null, null, 8746.1135990027815, 0.50821307654434322
2100-Dec-14 01:00:00, 8752.6588736242229, 0.50859340480266468, null, null, 8752.6588736242229, 0.50859340480266468
2100-Dec-14 02:00:00, 8761.5018361425227, 0.50910724550874753, null, null, 8761.5018361425227, 0.50910724550874753
2100-Dec-14 03:00:00, 8772.6272503840592, 0.50975371332962804, null, null, 8772.6272503840592, 0.50975371332962804
2100-Dec-14 04:00:00, 8786.0825346631755, 0.5105355636156852, null, null, 8786.0825346631755, 0.5105355636156852
2100-Dec-14 05:00:00, 8801.9874675335996, 0.5114597563756822, null, null, 8801.9874675335996, 0.5114597563756822
2100-Dec-14 06:00:00, 8820.3575054739231, 0.51252718974391021, null, null, 8820.3575054739231, 0.51252718974391021
2100-Dec-14 07:00:00, 8841.0270087340323, 0.51372823884115271, null, null, 8841.0270087340323, 0.51372823884115271
2100-Dec-14 08:00:00, 8863.1710146884889, 0.51501496731383278, null, null, 8863.1710146884889, 0.51501496731383278
2100-Dec-14 09:00:00, 8885.3931050195588, 0.51630623305907608, null, null, 8885.3931050195588, 0.51630623305907608
2100-Dec-14 10:00:00, 8906.4308539291433, 0.51752867991800167, null, null, 8906.4308539291433, 0.51752867991800167
2100-Dec-14 11:00:00, 8925.2033581102132, 0.51861949951419251, null, null, 8925.2033581102132, 0.51861949951419251
2100-Dec-14 12:00:00, 8940.7459998926479, 0.51952264051601738, null, null, 8940.7459998926479, 0.51952264051601738
2100-Dec-14 13:00:00, 8952.8216518115005, 0.52022432408592423, null, null, 8952.8216518115005, 0.52022432408592423
2100-Dec-14 14:00:00, 8961.7950226118137, 0.52074574246561689, null, null, 8961.7950226118137, 0.52074574246561689
2100-Dec-14 15:00:00, 8968.3143708975003, 0.52112456421448039, null, null, 8968.3143708975003, 0.52112456421448039
2100-Dec-14 16:00:00, 8973.428689988541, 0.52142174350563242, null, null, 8973.428689988541, 0.52142174350563242
2100-Dec-14 17:00:00, 8978.5081233097862, 0.52171689567877444, null, null, 8978.5081233097862, 0.52171689567877444
2100-Dec-14 18:00:00, 8984.7172855564331, 0.5220776933533543, null, null, 8984.7172855564331, 0.5220776933533543
2100-Dec-14 19:00:00, 8992.731030166342, 0.52254335044284217, null, null, 8992.731030166342, 0.52254335044284217
2100-Dec-14 20:00:00, 9002.7923035497424, 0.52312798390800941, null, null, 9002.7923035497424, 0.52312798390800941
2100-Dec-14 21:00:00, 9014.8412039708091, 0.52382811302051779, null, null, 9014.8412039708091, 0.52382811302051779
2100-Dec-14 22:00:00, 9028.7542224537265, 0.52463656100683576, null, null, 9028.7542224537265, 0.52463656100683576
2100-Dec-14 23:00:00, 9044.3513304068256, 0.52554286689096497, null, null, 9044.3513304068256, 0.52554286689096497
2100-Dec-15 00:00:00, 9061.5965602486649, 0.5265449406937377, null, null, 9061.5965602486649, 0.5265449406937377
2100-Dec-15 01:00:00, 9080.4154548916595, 0.52763845591457481, null, null, 9080.4154548916595, 0.52763845591457481
2100-Dec-15 02:00:00, 9100.6169622633879, 0.52881231103273729, null, null, 9100.6169622633879, 0.52881231103273729
2100-Dec-15 03:00:00, 9122.0052065563304, 0.53005512423324697, null, null, 9122.0052065563304, 0.53005512423324697
2100-Dec-15 04:00:00, 9144.3928500768816, 0.53135600982790177, null, null, 9144.3928500768816, 0.53135600982790177
2100-Dec-15 05:00:00, 9167.7073917211274, 0.53271075497305909, null, null, 9167.7073917211274, 0.53271075497305909
2100-Dec-15 06:00:00, 9191.8097353424819, 0.53411127716672624, null, null, 9191.8097353424819, 0.53411127716672624
2100-Dec-15 07:00:00, 9216.5659707158229, 0.53554979524682256, null, null, 9216.5659707158229, 0.53554979524682256
2100-Dec-15 08:00:00, 9239.7614022287162, 0.53689761922343837, null, null, 9239.7614022287162, 0.53689761922343837
2100-Dec-15 09:00:00, 9259.3978445466619, 0.53803863993507495, null, null, 9259.3978445466619, 0.53803863993507495
2100-Dec-15 10:00:00, 9274.2117421895673, 0.53889943558007691, null, null, 9274.2117421895673, 0.53889943558007691
2100-Dec-15 11:00:00, 9280.5584112634624, 0.53926822340558844, null, null, 9280.5584112634624, 0.53926822340558844
2100-Dec-15 12:00:00, 9276.0055054764325, 0.53900366632763019, null, null, 9276.0055054764325, 0.53900366632763019
2100-Dec-15 13:00:00, 9260.9367491608409, 0.53812806153240811, null, null, 9260.9367491608409, 0.53812806153240811
2100-Dec-15 14:00:00, 9237.4826446279294, 0.53676520676413453, null, null, 9237.4826446279294, 0.53676520676413453
2100-Dec-15 15:00:00, 9208.4915896521397, 0.53508061473651758, null, null, 9208.4915896521397, 0.53508061473651758
2100-Dec-15 16:00:00, 9177.5712158514089, 0.53328391519456764, null, null, 9177.5712158514089, 0.53328391519456764
2100-Dec-15 17:00:00, 9148.4289883245874, 0.53159053893766073, null, null, 9148.4289883245874, 0.53159053893766073
2100-Dec-15 18:00:00, 9123.6043697678324, 0.53014804729517784, null, null, 9123.6043697678324, 0.53014804729517784
2100-Dec-15 19:00:00, 9104.2637260856773, 0.52902421464461891, null, null, 9104.2637260856773, 0.52902421464461891
2100-Dec-15 20:00:00, 9090.5605296839531, 0.52822795885363472, null, null, 9090.5605296839531, 0.52822795885363472
2100-Dec-15 21:00:00, 9082.1167035943636, 0.52773731088911657, null, null, 9082.1167035943636, 0.52773731088911657
2100-Dec-15 22:00:00, 9078.4010375744274, 0.5275214035563307, null, null, 9078.4010375744274, 0.5275214035563307
2100-Dec-15 23:00:00, 9078.7766545186823, 0.52754322964407596, null, null, 9078.7766545186823, 0.52754322964407596
2100-Dec-16 00:00:00, 9082.5940018362617, 0.52776504540287494, null, null, 9082.5940018362617, 0.52776504540287494
2100-Dec-16 01:00:00, 9089.2433000947804, 0.52815141819423772, null, null, 9089.2433000947804, 0.52815141819423772
2100-Dec-16 02:00:00, 9098.3974304022686, 0.52868334002145789, null, null, 9098.3974304022686, 0.52868334002145789
2100-Dec-16 03:00:00, 9109.8562494915095, 0.52934918109898199, null, null, 9109.8562494915095, 0.52934918109898199
2100-Dec-16 04:00:00, 9123.3969364085478, 0.5301359939020327, null, null, 9123.3969364085478, 0.5301359939020327
2100-Dec-16 05:00:00, 9138.7496061463717, 0.5310280961406223, null, null, 9138.7496061463717, 0.5310280961406223
2100-Dec-16 06:00:00, 9155.5508104296168, 0.53200436881554058, null, null, 9155.5508104296168, 0.53200436881554058
2100-Dec-16 07:00:00, 9173.3969133520204, 0.53304135773271588, null, null, 9173.3969133520204, 0.53304135773271588
2100-Dec-16 08:00:00, 9191.3354775775606, 0.53408371932688603, null, null, 9191.3354775775606, 0.53408371932688603
2100-Dec-16 09:00:00, 9207.5702199349798, 0.53502707642681091, null, null, 9207.5702199349798, 0.53502707642681091
2100-Dec-16 10:00:00, 9219.2987652915799, 0.53570859057038978, null, null, 9219.2987652915799, 0.53570859057038978
2100-Dec-16 11:00:00, 9224.8905208915712, 0.53603351240962582, null, null, 9224.8905208915712, 0.53603351240962582
2100-Dec-16 12:00:00, 9224.384357745952, 0.53600410063414905, null, null, 9224.384357745952, 0.53600410063414905
2100-Dec-16 13:00:00, 9218.8371724979752, 0.53568176865788053, null, null, 9218.8371724979752, 0.53568176865788053
2100-Dec-16 14:00:00, 9209.4230935019787, 0.53513474191334653, null, null, 9209.4230935019787, 0.53513474191334653
2100-Dec-16 15:00:00, 9197.4775905221959, 0.53444062094733058, null, null, 9197.4775905221959, 0.53444062094733058
2100-Dec-16 16:00:00, 9184.5160595984726, 0.53368746133730438, null, null, 9184.5160595984726, 0.53368746133730438
2100-Dec-16 17:00:00, 9172.0300966180221, 0.53296193569804928, null, null, 9172.0300966180221, 0.53296193569804928
2100-Dec-16 18:00:00, 9161.08823988529, 0.53232613390902572, null, null, 9161.08823988529, 0.53232613390902572
2100-Dec-16 19:00:00, 9152.3691460551254, 0.53181949087838731, null, null, 9152.3691460551254, 0.53181949087838731
2100-Dec-16 20:00:00, 9146.2242860720671, 0.53146242963494772, null, null, 9146.2242860720671, 0.53146242963494772
2100-Dec-16 21:00:00, 9142.8683186613871, 0.53126742341838551, null, null, 9142.8683186613871, 0.53126742341838551
2100-Dec-16 22:00:00, 9142.368744507181, 0.53123839451143196, null, null, 9142.368744507181, 0.53123839451143196
2100-Dec-16 23:00:00, 9144.5755997226242, 0.5313666289170148, null, null, 9144.5755997226242, 0.5313666289170148
2100-Dec-17 00:00:00, 9149.2085753551546, 0.53163583863777941, null, null, 9149.2085753551546, 0.53163583863777941
2100-Dec-17 01:00:00, 9156.0380211850897, 0.53203267931873288, null, null, 9156.0380211850897, 0.53203267931873288
2100-Dec-17 02:00:00, 9164.8767371643771, 0.5325462732698848, null, null, 9164.8767371643771, 0.5325462732698848
2100-Dec-17 03:00:00, 9175.4420004311414, 0.53316019222811961, null, null, 9175.4420004311414, 0.53316019222811961
2100-Dec-17 04:00:00, 9187.5209247070452, 0.53386206594587038, null, null, 9187.5209247070452, 0.53386206594587038
2100-Dec-17 05:00:00, 9201.0508641517972, 0.53464825424228812, null, null, 9201.0508641517972, 0.53464825424228812
2100-Dec-17 06:00:00, 9215.8957230133819, 0.53551084896021783, null, null, 9215.8957230133819, 0.53551084896021783
2100-Dec-17 07:00:00, 9231.781675191427, 0.53643393880336387, null, null, 9231.781675191427, 0.53643393880336387
2100-Dec-17 08:00:00, 9247.6383669519782, 0.53735532840255262, null, null, 9247.6383669519782, 0.53735532840255262
2100-Dec-17 09:00:00, 9261.983549435643, 0.53818888827358435, null, null, 9261.983549435643, 0.53818888827358435
2100-Dec-17 10:00:00, 9273.2269223124422, 0.53884221035267388, null, null, 9273.2269223124422, 0.53884221035267388
2100-Dec-17 11:00:00, 9279.9875760805535, 0.53923505371241875, null, null, 9279.9875760805535, 0.53923505371241875
2100-Dec-17 12:00:00, 9281.3097082291079, 0.53931187924632118, null, null, 9281.3097082291079, 0.53931187924632118
2100-Dec-17 13:00:00, 9276.9960207156728, 0.5390612224971677, null, null, 9276.9960207156728, 0.5390612224971677
2100-Dec-17 14:00:00, 9267.7580964841636, 0.53852443163098063, null, null, 9267.7580964841636, 0.53852443163098063
2100-Dec-17 15:00:00, 9254.7803048499245, 0.5377703271549148, null, null, 9254.7803048499245, 0.5377703271549148
2100-Dec-17 16:00:00, 9239.4743159242571, 0.53688093741244058, null, null, 9239.4743159242571, 0.53688093741244058
2100-Dec-17 17:00:00, 9223.5176477106852, 0.53595373845116245, null, null, 9223.5176477106852, 0.53595373845116245
2100-Dec-17 18:00:00, 9208.3835768423869, 0.53507433840340923, null, null, 9208.3835768423869, 0.53507433840340923
2100-Dec-17 19:00:00, 9195.2302332927648, 0.53431003307893221, null, null, 9195.2302332927648, 0.53431003307893221
2100-Dec-17 20:00:00, 9185.0833169742491, 0.53372042313374946, null, null, 9185.0833169742491, 0.53372042313374946
2100-Dec-17 21:00:00, 9178.4028697837093, 0.53333224036194282, null, null, 9178.4028697837093, 0.53333224036194282
2100-Dec-17 22:00:00, 9175.4937049758537, 0.53316319663978684, null, null, 9175.4937049758537, 0.53316319663978684
2100-Dec-17 23:00:00, 9176.3372950797002, 0.53321221538590358, null, null, 9176.3372950797002, 0.53321221538590358
2100-Dec-18 00:00:00, 9180.4681821151298, 0.53345225009221842, null, null, 9180.4681821151298, 0.53345225009221842
2100-Dec-18 01:00:00, 9187.2614130930215, 0.53384698642577622, null, null, 9187.2614130930215, 0.53384698642577622
2100-Dec-18 02:00:00, 9196.1950232210911, 0.53436609442002314, null, null, 9196.1950232210911, 0.53436609442002314
2100-Dec-18 03:00:00, 9207.1181958176039, 0.53500081052427451, null, null, 9207.1181958176039, 0.53500081052427451
2100-Dec-18 04:00:00, 9220.0845768997769, 0.53575425196392934, null, null, 9220.0845768997769, 0.53575425196392934
2100-Dec-18 05:00:00, 9235.0112311841276, 0.53662159959330713, null, null, 9235.0112311841276, 0.53662159959330713
2100-Dec-18 06:00:00, 9251.6299142286734, 0.53758726645122978, null, null, 9251.6299142286734, 0.53758726645122978
2100-Dec-18 07:00:00, 9269.8765024461973, 0.53864752648895931, null, null, 9269.8765024461973, 0.53864752648895931
2100-Dec-18 08:00:00, 9288.2418197641091, 0.5397146855545486, null, null, 9288.2418197641091, 0.5397146855545486
2100-Dec-18 09:00:00, 9303.2012357916392, 0.54058393688047746, null, null, 9303.2012357916392, 0.54058393688047746
2100-Dec-18 10:00:00, 9310.45868316413, 0.5410056475769236, null, null, 9310.45868316413, 0.5410056475769236
2100-Dec-18 11:00:00, 9306.552850295815, 0.54077869016138069, null, null, 9306.552850295815, 0.54077869016138069
2100-Dec-18 12:00:00, 9291.2387048126366, 0.53988882646334446, null, null, 9291.2387048126366, 0.53988882646334446
2100-Dec-18 13:00:00, 9267.625484630189, 0.53851672591374611, null, null, 9267.625484630189, 0.53851672591374611
2100-Dec-18 14:00:00, 9239.6770604699668, 0.53689271835127261, null, null, 9239.6770604699668, 0.53689271835127261
2100-Dec-18 15:00:00, 9209.1712365553049, 0.53512010718533054, null, null, 9209.1712365553049, 0.53512010718533054
2100-Dec-18 16:00:00, 9177.4537810573729, 0.53327709137535984, null, null, 9177.4537810573729, 0.53327709137535984
2100-Dec-18 17:00:00, 9146.8455330051493, 0.53149852861898006, null, null, 9146.8455330051493, 0.53149852861898006
2100-Dec-18 18:00:00, 9119.8683065545356, 0.52993095473648866, null, null, 9119.8683065545356, 0.52993095473648866
2100-Dec-18 19:00:00, 9098.1125941578975, 0.52866678895538444, null, null, 9098.1125941578975, 0.52866678895538444
2100-Dec-18 20:00:00, 9081.9835698116785, 0.52772957484401217, null, null, 9081.9835698116785, 0.52772957484401217
2100-Dec-18 21:00:00, 9071.1507239299353, 0.52710010738158186, null, null, 9071.1507239299353, 0.52710010738158186
2100-Dec-18 22:00:00, 9065.0584860169693, 0.52674610386473497, null, null, 9065.0584860169693, 0.52674610386473497
2100-Dec-18 23:00:00, 9063.3760115097029, 0.52664833980806391, null, null, 9063.3760115097029, 0.52664833980806391
2100-Dec-19 00:00:00, 9065.8223562140101, 0.52679049030203939, null, null, 9065.8223562140101, 0.52679049030203939
2100-Dec-19 01:00:00, 9071.7601626036758, 0.52713552021950583, null, null, 9071.7601626036758, 0.52713552021950583
2100-Dec-19 02:00:00, 9080.5407654055816, 0.52764573737062759, null, null, 9080.5407654055816, 0.52764573737062759
2100-Dec-19 03:00:00, 9091.628595970591, 0.52829002130541303, null, null, 9091.628595970591, 0.52829002130541303
2100-Dec-19 04:00:00, 9104.5723686836609, 0.52904214903370483, null, null, 9104.5723686836609, 0.52904214903370483
2100-Dec-19 05:00:00, 9119.0428047002733, 0.52988298704977854, null, null, 9119.0428047002733, 0.52988298704977854
2100-Dec-19 06:00:00, 9134.8482736532442, 0.53080140022974587, null, null, 9134.8482736532442, 0.53080140022974587
2100-Dec-19 07:00:00, 9151.9937312413404, 0.5317976765358986, null, null, 9151.9937312413404, 0.5317976765358986
2100-Dec-19 08:00:00, 9169.917838737003, 0.53283919808847946, null, null, 9169.917838737003, 0.53283919808847946
2100-Dec-19 09:00:00, 9187.3111015454488, 0.53384987368775738, null, null, 9187.3111015454488, 0.53384987368775738
2100-Dec-19 10:00:00, 9201.9872163656964, 0.53470266314447867, null, null, 9201.9872163656964, 0.53470266314447867
2100-Dec-19 11:00:00, 9212.5919629094751, 0.53531887636947051, null, null, 9212.5919629094751, 0.53531887636947051
2100-Dec-19 12:00:00, 9218.6142607306265, 0.53566881585618176, null, null, 9218.6142607306265, 0.53566881585618176
2100-Dec-19 13:00:00, 9219.5062064457725, 0.53572064441647593, null, null, 9219.5062064457725, 0.53572064441647593
2100-Dec-19 14:00:00, 9214.9828240872594, 0.53545780286533617, null, null, 9214.9828240872594, 0.53545780286533617
2100-Dec-19 15:00:00, 9205.6578968416852, 0.53491595648861334, null, null, 9205.6578968416852, 0.53491595648861334
2100-Dec-19 16:00:00, 9193.2665703852217, 0.53419592992257126, null, null, 9193.2665703852217, 0.53419592992257126
2100-Dec-19 17:00:00, 9180.2839165397691, 0.53344154291652313, null, null, 9180.2839165397691, 0.53344154291652313
2100-Dec-19 18:00:00, 9168.9256309792363, 0.53278154357125451, null, null, 9168.9256309792363, 0.53278154357125451
2100-Dec-19 19:00:00, 9160.6021825168827, 0.53229789042604569, null, null, 9160.6021825168827, 0.53229789042604569
2100-Dec-19 20:00:00, 9156.0181227279372, 0.53203152307304569, null, null, 9156.0181227279372, 0.53203152307304569
2100-Dec-19 21:00:00, 9155.3043959332172, 0.531990050333634, null, null, 9155.3043959332172, 0.531990050333634
2100-Dec-19 22:00:00, 9158.2960329884918, 0.53216388629569356, null, null, 9158.2960329884918, 0.53216388629569356
2100-Dec-19 23:00:00, 9164.7281844731442, 0.53253764127358316, null, null, 9164.7281844731442, 0.53253764127358316
2100-Dec-20 00:00:00, 9174.7799103794132, 0.53312171996059998, null, null, 9174.7799103794132, 0.53312171996059998
2100-Dec-20 01:00:00, 9188.4576520680457, 0.53391649664684737, null, null, 9188.4576520680457, 0.53391649664684737
2100-Dec-20 02:00:00, 9205.4679820185684, 0.53490492105036469, null, null, 9205.4679820185684, 0.53490492105036469
2100-Dec-20 03:00:00, 9225.6039077636015, 0.53607496539704669, null, null, 9225.6039077636015, 0.53607496539704669
2100-Dec-20 04:00:00, 9248.6518748513863, 0.53741422061357069, null, null, 9248.6518748513863, 0.53741422061357069
2100-Dec-20 05:00:00, 9274.15187161635, 0.53889595666251366, null, null, 9274.15187161635, 0.53889595666251366
2100-Dec-20 06:00:00, 9301.3165940256058, 0.54047442542956181, null, null, 9301.3165940256058, 0.54047442542956181
2100-Dec-20 07:00:00, 9329.4465970175206, 0.5421089840483011, null, null, 9329.4465970175206, 0.5421089840483011
2100-Dec-20 08:00:00, 9357.5107972208152, 0.54373971904443685, null, null, 9357.5107972208152, 0.54373971904443685
2100-Dec-20 09:00:00, 9383.804982680449, 0.54526760325682477, null, null, 9383.804982680449, 0.54526760325682477
2100-Dec-20 10:00:00, 9405.3405825355785, 0.54651897889169554, null, null, 9405.3405825355785, 0.54651897889169554
2100-Dec-20 11:00:00, 9417.946147877843, 0.54725145430167688, null, null, 9417.946147877843, 0.54725145430167688
2100-Dec-20 12:00:00, 9419.7363147366705, 0.54735547607049495, null, null, 9419.7363147366705, 0.54735547607049495
2100-Dec-20 13:00:00, 9411.8456879954392, 0.54689697302835727, null, null, 9411.8456879954392, 0.54689697302835727
2100-Dec-20 14:00:00, 9396.007635455775, 0.54597666650403187, null, null, 9396.007635455775, 0.54597666650403187
2100-Dec-20 15:00:00, 9374.3491747913195, 0.54471815175883664, null, null, 9374.3491747913195, 0.54471815175883664
2100-Dec-20 16:00:00, 9350.1067448958147, 0.54330948952953406, null, null, 9350.1067448958147, 0.54330948952953406
2100-Dec-20 17:00:00, 9326.9036636210585, 0.54196122104588473, null, null, 9326.9036636210585, 0.54196122104588473
2100-Dec-20 18:00:00, 9307.3926941679783, 0.54082749122407636, null, null, 9307.3926941679783, 0.54082749122407636
2100-Dec-20 19:00:00, 9292.8316669535398, 0.53998138919778449, null, null, 9292.8316669535398, 0.53998138919778449
2100-Dec-20 20:00:00, 9283.5833095960534, 0.53944399209078076, null, null, 9283.5833095960534, 0.53944399209078076
2100-Dec-20 21:00:00, 9279.6246535349019, 0.53921396526194476, null, null, 9279.6246535349019, 0.53921396526194476
2100-Dec-20 22:00:00, 9280.7520203507029, 0.53927947350756333, null, null, 9280.7520203507029, 0.53927947350756333
2100-Dec-20 23:00:00, 9286.6006293929695, 0.53961932040770133, null, null, 9286.6006293929695, 0.53961932040770133
2100-Dec-21 00:00:00, 9296.6061963501852, 0.54020071692266047, null, null, 9296.6061963501852, 0.54020071692266047
2100-Dec-21 01:00:00, 9310.1342360738272, 0.54098679483140732, null, null, 9310.1342360738272, 0.54098679483140732
2100-Dec-21 02:00:00, 9326.5240576704327, 0.54193916316773594, null, null, 9326.5240576704327, 0.54193916316773594
2100-Dec-21 03:00:00, 9345.2444111906771, 0.54302695242965515, null, null, 9345.2444111906771, 0.54302695242965515
2100-Dec-21 04:00:00, 9365.9315166925553, 0.54422902434570097, null, null, 9365.9315166925553, 0.54422902434570097
2100-Dec-21 05:00:00, 9388.3146393979587, 0.54552964724797826, null, null, 9388.3146393979587, 0.54552964724797826
2100-Dec-21 06:00:00, 9412.1179757689933, 0.5469127949366297, null, null, 9412.1179757689933, 0.5469127949366297
2100-Dec-21 07:00:00, 9437.1611098215944, 0.54836798392532937, null, null, 9437.1611098215944, 0.54836798392532937
2100-Dec-21 08:00:00, 9462.3124903357766, 0.5498294628240149, null, null, 9462.3124903357766, 0.5498294628240149
2100-Dec-21 09:00:00, 9484.6087824587794, 0.55112504023529563, null, null, 9484.6087824587794, 0.55112504023529563
2100-Dec-21 10:00:00, 9501.7694263899466, 0.55212219897889292, null, null, 9501.7694263899466, 0.55212219897889292
2100-Dec-21 11:00:00, 9513.6261720803577, 0.55281116249816553, null, null, 9513.6261720803577, 0.55281116249816553
2100-Dec-21 12:00:00, 9521.1197502995237, 0.55324659412136357, null, null, 9521.1197502995237, 0.55324659412136357
2100-Dec-21 13:00:00, 9525.2471308235272, 0.55348642507375512, null, null, 9525.2471308235272, 0.55348642507375512
2100-Dec-21 14:00:00, 9526.9707083293888, 0.55358657751483664, null, null, 9526.9707083293888, 0.55358657751483664
2100-Dec-21 15:00:00, 9527.8554150302971, 0.553637985435534, null, null, 9527.8554150302971, 0.553637985435534
2100-Dec-21 16:00:00, 9529.4400634457452, 0.55373006508180656, null, null, 9529.4400634457452, 0.55373006508180656
2100-Dec-21 17:00:00, 9532.7050199949135, 0.55391978290262545, null, null, 9532.7050199949135, 0.55391978290262545
2100-Dec-21 18:00:00, 9537.992339649245, 0.55422701478999847, null, null, 9537.992339649245, 0.55422701478999847
2100-Dec-21 19:00:00, 9545.1952546787234, 0.55464555675904359, null, null, 9545.1952546787234, 0.55464555675904359
2100-Dec-21 20:00:00, 9554.1412695936287, 0.5551653855620029, null, null, 9554.1412695936287, 0.5551653855620029
2100-Dec-21 21:00:00, 9564.6178206567693, 0.55577414969330574, null, null, 9564.6178206567693, 0.55577414969330574
2100-Dec-21 22:00:00, 9576.4203163676939, 0.55645996089256045, null, null, 9576.4203163676939, 0.55645996089256045
2100-Dec-21 23:00:00, 9589.3927508164543, 0.55721375407702423, null, null, 9589.3927508164543, 0.55721375407702423
2100-Dec-22 00:00:00, 9603.4294216950912, 0.55802938717061745, null, null, 9603.4294216950912, 0.55802938717061745
2100-Dec-22 01:00:00, 9618.422912395632, 0.55890061848390948, null, null, 9618.422912395632, 0.55890061848390948
2100-Dec-22 02:00:00, 9634.3790184231584, 0.5598277847780726, null, null, 9634.3790184231584, 0.5598277847780726
2100-Dec-22 03:00:00, 9651.3094550317219, 0.5608115667949285, null, null, 9651.3094550317219, 0.5608115667949285
2100-Dec-22 04:00:00, 9669.2499714520563, 0.56185404182587384, null, null, 9669.2499714520563, 0.56185404182587384
2100-Dec-22 05:00:00, 9688.1091764206667, 0.56294989937103201, null, null, 9688.1091764206667, 0.56294989937103201
2100-Dec-22 06:00:00, 9707.8646724990267, 0.56409783797564694, null, null, 9707.8646724990267, 0.56409783797564694
2100-Dec-22 07:00:00, 9728.5226837668415, 0.56529821930420654, null, null, 9728.5226837668415, 0.56529821930420654
2100-Dec-22 08:00:00, 9749.5279516046376, 0.56651877877563872, null, null, 9749.5279516046376, 0.56651877877563872
2100-Dec-22 09:00:00, 9769.573241764032, 0.56768355653284641, null, null, 9769.573241764032, 0.56768355653284641
2100-Dec-22 10:00:00, 9786.7412902042252, 0.56868114553249616, null, null, 9786.7412902042252, 0.56868114553249616
2100-Dec-22 11:00:00, 9798.6154731672541, 0.56937112228465947, null, null, 9798.6154731672541, 0.56937112228465947
2100-Dec-22 12:00:00, 9802.4369765008887, 0.56959317953834443, null, null, 9802.4369765008887, 0.56959317953834443
2100-Dec-22 13:00:00, 9795.3090232904869, 0.56917899339846445, null, null, 9795.3090232904869, 0.56917899339846445
2100-Dec-22 14:00:00, 9777.4932434560924, 0.56814376647416442, null, null, 9777.4932434560924, 0.56814376647416442
2100-Dec-22 15:00:00, 9752.1113040336058, 0.56666889041904045, null, null, 9752.1113040336058, 0.56666889041904045
2100-Dec-22 16:00:00, 9722.5693671655517, 0.56495228813016729, null, null, 9722.5693671655517, 0.56495228813016729
2100-Dec-22 17:00:00, 9692.6707790988385, 0.56321496180188257, null, null, 9692.6707790988385, 0.56321496180188257
2100-Dec-22 18:00:00, 9665.5562821441108, 0.56163941150055952, null, null, 9665.5562821441108, 0.56163941150055952
2100-Dec-22 19:00:00, 9643.0658034252083, 0.56033255042983299, null, null, 9643.0658034252083, 0.56033255042983299
2100-Dec-22 20:00:00, 9626.050086767862, 0.55934381301930791, null, null, 9626.050086767862, 0.55934381301930791
2100-Dec-22 21:00:00, 9614.6806871465124, 0.55868316786593519, null, null, 9614.6806871465124, 0.55868316786593519
2100-Dec-22 22:00:00, 9608.6692440005027, 0.55833385911512579, null, null, 9608.6692440005027, 0.55833385911512579
2100-Dec-22 23:00:00, 9607.4833136345478, 0.55826494789952963, null, null, 9607.4833136345478, 0.55826494789952963
2100-Dec-23 00:00:00, 9610.5938708266985, 0.55844569399006405, null, null, 9610.5938708266985, 0.55844569399006405
2100-Dec-23 01:00:00, 9617.5860538562574, 0.55885199089085191, null, null, 9617.5860538562574, 0.55885199089085191
2100-Dec-23 02:00:00, 9628.1129472635566, 0.55946368028002103, null, null, 9628.1129472635566, 0.55946368028002103
2100-Dec-23 03:00:00, 9641.7635995128148, 0.5602568828719956, null, null, 9641.7635995128148, 0.5602568828719956
2100-Dec-23 04:00:00, 9658.1319552485402, 0.56120800388503311, null, null, 9658.1319552485402, 0.56120800388503311
2100-Dec-23 05:00:00, 9676.8411395233161, 0.56229514413221715, null, null, 9676.8411395233161, 0.56229514413221715
2100-Dec-23 06:00:00, 9697.4976649676792, 0.56349543912358258, null, null, 9697.4976649676792, 0.56349543912358258
2100-Dec-23 07:00:00, 9719.665247678844, 0.56478353757801802, null, null, 9719.665247678844, 0.56478353757801802
2100-Dec-23 08:00:00, 9742.5387118137769, 0.56611265289851487, null, null, 9742.5387118137769, 0.56611265289851487
2100-Dec-23 09:00:00, 9764.2927402327259, 0.56737672082821655, null, null, 9764.2927402327259, 0.56737672082821655
2100-Dec-23 10:00:00, 9781.778920548215, 0.56839279561326816, null, null, 9781.778920548215, 0.56839279561326816
2100-Dec-23 11:00:00, 9792.0654448293044, 0.56899051780069054, null, null, 9792.0654448293044, 0.56899051780069054
2100-Dec-23 12:00:00, 9793.8381264293876, 0.56909352354827369, null, null, 9793.8381264293876, 0.56909352354827369
2100-Dec-23 13:00:00, 9787.1766162215572, 0.56870644115346702, null, null, 9787.1766162215572, 0.56870644115346702
2100-Dec-23 14:00:00, 9772.4131933823537, 0.56784857846319825, null, null, 9772.4131933823537, 0.56784857846319825
2100-Dec-23 15:00:00, 9750.5606897654452, 0.56657878840529052, null, null, 9750.5606897654452, 0.56657878840529052
2100-Dec-23 16:00:00, 9724.3880450966972, 0.5650579666005151, null, null, 9724.3880450966972, 0.5650579666005151
2100-Dec-23 17:00:00, 9697.5989662582633, 0.56350132546841025, null, null, 9697.5989662582633, 0.56350132546841025
2100-Dec-23 18:00:00, 9673.1795030622598, 0.56208237631140212, null, null, 9673.1795030622598, 0.56208237631140212
2100-Dec-23 19:00:00, 9652.794603104554, 0.56089786474460335, null, null, 9652.794603104554, 0.56089786474460335
2100-Dec-23 20:00:00, 9637.3203823612093, 0.55999869950485637, null, null, 9637.3203823612093, 0.55999869950485637
2100-Dec-23 21:00:00, 9626.9850760727004, 0.55939814272652799, null, null, 9626.9850760727004, 0.55939814272652799
2100-Dec-23 22:00:00, 9621.5594721544476, 0.55908287551347458, null, null, 9621.5594721544476, 0.55908287551347458
2100-Dec-23 23:00:00, 9620.5815685114358, 0.55902605216978563, null, null, 9620.5815685114358, 0.55902605216978563
2100-Dec-24 00:00:00, 9623.5980425381713, 0.55920133134128169, null, null, 9623.5980425381713, 0.55920133134128169
2100-Dec-24 01:00:00, 9630.377711736819, 0.5595952796364182, null, null, 9630.377711736819, 0.5595952796364182
2100-Dec-24 02:00:00, 9640.5924077897344, 0.56018882807919279, null, null, 9640.5924077897344, 0.56018882807919279
2100-Dec-24 03:00:00, 9653.8486966299897, 0.56095911527690701, null, null, 9653.8486966299897, 0.56095911527690701
2100-Dec-24 04:00:00, 9669.6692678229701, 0.56187840600731676, null, null, 9669.6692678229701, 0.56187840600731676
2100-Dec-24 05:00:00, 9687.6091231827759, 0.56292084262581743, null, null, 9687.6091231827759, 0.56292084262581743
2100-Dec-24 06:00:00, 9707.2580751103906, 0.56406259023713856, null, null, 9707.2580751103906, 0.56406259023713856
2100-Dec-24 07:00:00, 9728.1792773385951, 0.56527826488268795, null, null, 9728.1792773385951, 0.56527826488268795
2100-Dec-24 08:00:00, 9749.4319560643216, 0.56651320073365163, null, null, 9749.4319560643216, 0.56651320073365163
2100-Dec-24 09:00:00, 9769.200097145902, 0.56766187410530533, null, null, 9769.200097145902, 0.56766187410530533
2100-Dec-24 10:00:00, 9785.6769478725055, 0.56861929946969625, null, null, 9785.6769478725055, 0.56861929946969625
2100-Dec-24 11:00:00, 9797.20949162131, 0.56928942448838227, null, null, 9797.20949162131, 0.56928942448838227
2100-Dec-24 12:00:00, 9802.5250546352927, 0.56959829752122393, null, null, 9802.5250546352927, 0.56959829752122393
2100-Dec-24 13:00:00, 9800.7257151271278, 0.56949374275448772, null, null, 9800.7257151271278, 0.56949374275448772
2100-Dec-24 14:00:00, 9791.0931817916626, 0.56893402221736922, null, null, 9791.0931817916626, 0.56893402221736922
2100-Dec-24 15:00:00, 9774.7915917807568, 0.56798678078056108, null, null, 9774.7915917807568, 0.56798678078056108
2100-Dec-24 16:00:00, 9754.4221015204457, 0.56680316462972435, null, null, 9754.4221015204457, 0.56680316462972435
2100-Dec-24 17:00:00, 9732.8373338605052, 0.56554893198630152, null, null, 9732.8373338605052, 0.56554893198630152
2100-Dec-24 18:00:00, 9712.3428786053846, 0.56435805445659593, null, null, 9712.3428786053846, 0.56435805445659593
2100-Dec-24 19:00:00, 9694.4662115411029, 0.56331928953955512, null, null, 9694.4662115411029, 0.56331928953955512
2100-Dec-24 20:00:00, 9679.8019589990126, 0.5624671893678298, null, null, 9679.8019589990126, 0.5624671893678298
2100-Dec-24 21:00:00, 9668.2377868574458, 0.5617952265085292, null, null, 9668.2377868574458, 0.5617952265085292
2100-Dec-24 22:00:00, 9659.6568555999911, 0.56129661173242296, null, null, 9659.6568555999911, 0.56129661173242296
2100-Dec-24 23:00:00, 9653.8997454966866, 0.56096208158889282, null, null, 9653.8997454966866, 0.56096208158889282
2100-Dec-25 00:00:00, 9650.6707524364247, 0.56077445350943556, null, null, 9650.6707524364247, 0.56077445350943556
2100-Dec-25 01:00:00, 9649.9093074814245, 0.56073020799640638, null, null, 9649.9093074814245, 0.56073020799640638
2100-Dec-25 02:00:00, 9651.4853882148054, 0.56082178979777753, null, null, 9651.4853882148054, 0.56082178979777753
2100-Dec-25 03:00:00, 9655.0255218652201, 0.56102749741790958, null, null, 9655.0255218652201, 0.56102749741790958
2100-Dec-25 04:00:00, 9660.1923705946283, 0.5613277290646963, null, null, 9660.1923705946283, 0.5613277290646963
2100-Dec-25 05:00:00, 9666.5348032414749, 0.56169627072285588, null, null, 9666.5348032414749, 0.56169627072285588
2100-Dec-25 06:00:00, 9673.6547835076362, 0.56210999357644575, null, null, 9673.6547835076362, 0.56210999357644575
2100-Dec-25 07:00:00, 9681.2155403942925, 0.56254932877085828, null, null, 9681.2155403942925, 0.56254932877085828
2100-Dec-25 08:00:00, 9689.202711064414, 0.56301344172036416, null, null, 9689.202711064414, 0.56301344172036416
2100-Dec-25 09:00:00, 9697.6595217711147, 0.56350484418596858, null, null, 9697.6595217711147, 0.56350484418596858
2100-Dec-25 10:00:00, 9706.5502182595483, 0.56402145858433672, null, null, 9706.5502182595483, 0.56402145858433672
2100-Dec-25 11:00:00, 9715.7190526603717, 0.5645542348267697, null, null, 9715.7190526603717, 0.5645542348267697
2100-Dec-25 12:00:00, 9725.0118345057526, 0.56509421332097021, null, null, 9725.0118345057526, 0.56509421332097021
2100-Dec-25 13:00:00, 9734.2410990830649, 0.56563050099800338, null, null, 9734.2410990830649, 0.56563050099800338
2100-Dec-25 14:00:00, 9743.1462225472005, 0.56614795370902604, null, null, 9743.1462225472005, 0.56614795370902604
2100-Dec-25 15:00:00, 9751.3766363055965, 0.56662620085846438, null, null, 9751.3766363055965, 0.56662620085846438
2100-Dec-25 16:00:00, 9758.7463451733947, 0.56705443476767947, null, null, 9758.7463451733947, 0.56705443476767947
2100-Dec-25 17:00:00, 9765.5497135796722, 0.56744976015986426, null, null, 9765.5497135796722, 0.56744976015986426
2100-Dec-25 18:00:00, 9772.4183528998983, 0.56784887826884967, null, null, 9772.4183528998983, 0.56784887826884967
2100-Dec-25 19:00:00, 9779.868408426415, 0.56828178090574077, null, null, 9779.868408426415, 0.56828178090574077
2100-Dec-25 20:00:00, 9788.2984187287839, 0.56877162607211906, null, null, 9788.2984187287839, 0.56877162607211906
2100-Dec-25 21:00:00, 9797.9881626317856, 0.56933467096104351, null, null, 9797.9881626317856, 0.56933467096104351
2100-Dec-25 22:00:00, 9809.1256324508031, 0.56998183929902257, null, null, 9809.1256324508031, 0.56998183929902257
2100-Dec-25 23:00:00, 9821.3081383330755, 0.57068973186460226, null, null, 9821.3081383330755, 0.57068973186460226
2100-Dec-26 00:00:00, 9833.9535787808036, 0.57142452430943524, null, null, 9833.9535787808036, 0.57142452430943524
2100-Dec-26 01:00:00, 9846.8234806755245, 0.57217235960367219, null, null, 9846.8234806755245, 0.57217235960367219
2100-Dec-26 02:00:00, 9859.8886229113486, 0.57293153978764721, null, null, 9859.8886229113486, 0.57293153978764721
2100-Dec-26 03:00:00, 9873.090002193685, 0.57369863633901952, null, null, 9873.090002193685, 0.57369863633901952
2100-Dec-26 04:00:00, 9886.3420254054654, 0.57446867567256577, null, null, 9886.3420254054654, 0.57446867567256577
2100-Dec-26 05:00:00, 9899.7019400552836, 0.57524498428663728, null, null, 9899.7019400552836, 0.57524498428663728
2100-Dec-26 06:00:00, 9913.238900380753, 0.57603158054750103, null, null, 9913.238900380753, 0.57603158054750103
2100-Dec-26 07:00:00, 9927.0243429074126, 0.57683261543902109, null, null, 9927.0243429074126, 0.57683261543902109
2100-Dec-26 08:00:00, 9939.2999078225694, 0.57754591541405942, null, null, 9939.2999078225694, 0.57754591541405942
2100-Dec-26 09:00:00, 9947.7242071465007, 0.57803542873088098, null, null, 9947.7242071465007, 0.57803542873088098
2100-Dec-26 10:00:00, 9950.679972167045, 0.57820718026573459, null, null, 9950.679972167045, 0.57820718026573459
2100-Dec-26 11:00:00, 9947.6501366800949, 0.57803112469581586, null, null, 9947.6501366800949, 0.57803112469581586
2100-Dec-26 12:00:00, 9937.996430387373, 0.57747017385524613, null, null, 9937.996430387373, 0.57747017385524613
2100-Dec-26 13:00:00, 9921.5614756275827, 0.57651518295251047, null, null, 9921.5614756275827, 0.57651518295251047
2100-Dec-26 14:00:00, 9899.28761836581, 0.57522090917051816, null, null, 9899.28761836581, 0.57522090917051816
2100-Dec-26 15:00:00, 9873.2081080710195, 0.57370549915306812, null, null, 9873.2081080710195, 0.57370549915306812
2100-Dec-26 16:00:00, 9845.8993716150271, 0.57211866211811113, null, null, 9845.8993716150271, 0.57211866211811113
2100-Dec-26 17:00:00, 9820.0618238971692, 0.57061731189353238, null, null, 9820.0618238971692, 0.57061731189353238
2100-Dec-26 18:00:00, 9797.7498458154896, 0.56932082301349163, null, null, 9797.7498458154896, 0.56932082301349163
2100-Dec-26 19:00:00, 9780.0285487229212, 0.56829108622653779, null, null, 9780.0285487229212, 0.56829108622653779
2100-Dec-26 20:00:00, 9767.1755847541099, 0.56754423514950081, null, null, 9767.1755847541099, 0.56754423514950081
2100-Dec-26 21:00:00, 9759.114831840554, 0.56707584653425014, null, null, 9759.114831840554, 0.56707584653425014
2100-Dec-26 22:00:00, 9755.507978880838, 0.56686626203496926, null, null, 9755.507978880838, 0.56686626203496926
2100-Dec-26 23:00:00, 9755.8941222895755, 0.56688869978718004, null, null, 9755.8941222895755, 0.56688869978718004
2100-Dec-27 00:00:00, 9759.9004074179174, 0.56712149421267444, null, null, 9759.9004074179174, 0.56712149421267444
2100-Dec-27 01:00:00, 9767.1179563697115, 0.56754088651948364, null, null, 9767.1179563697115, 0.56754088651948364
2100-Dec-27 02:00:00, 9777.3737714615672, 0.56813682427872969, null, null, 9777.3737714615672, 0.56813682427872969
2100-Dec-27 03:00:00, 9790.3248993145135, 0.5688893793943659, null, null, 9790.3248993145135, 0.5688893793943659
2100-Dec-27 04:00:00, 9805.4718175685157, 0.56976952596905828, null, null, 9805.4718175685157, 0.56976952596905828
2100-Dec-27 05:00:00, 9822.3390628313773, 0.57074963610721652, null, null, 9822.3390628313773, 0.57074963610721652
2100-Dec-27 06:00:00, 9840.72527557783, 0.57181800934981186, null, null, 9840.72527557783, 0.57181800934981186
2100-Dec-27 07:00:00, 9860.4747079022436, 0.57296559560603644, null, null, 9860.4747079022436, 0.57296559560603644
2100-Dec-27 08:00:00, 9880.8044289461195, 0.57414690087494746, null, null, 9880.8044289461195, 0.57414690087494746
2100-Dec-27 09:00:00, 9900.1943708292583, 0.57527359811102841, null, null, 9900.1943708292583, 0.57527359811102841
2100-Dec-27 10:00:00, 9916.40365391456, 0.57621547584130373, null, null, 9916.40365391456, 0.57621547584130373
2100-Dec-27 11:00:00, 9926.296998988495, 0.57679035144524204, null, null, 9926.296998988495, 0.57679035144524204
2100-Dec-27 12:00:00, 9927.1433945098888, 0.57683953320660741, null, null, 9927.1433945098888, 0.57683953320660741
2100-Dec-27 13:00:00, 9918.2487461663059, 0.57632268917659302, null, null, 9918.2487461663059, 0.57632268917659302
2100-Dec-27 14:00:00, 9899.0936274433934, 0.5752096368811308, null, null, 9899.0936274433934, 0.5752096368811308
2100-Dec-27 15:00:00, 9871.0549088005864, 0.57358038254976162, null, null, 9871.0549088005864, 0.57358038254976162
2100-Dec-27 16:00:00, 9837.7918156926007, 0.57164755390622357, null, null, 9837.7918156926007, 0.57164755390622357
2100-Dec-27 17:00:00, 9803.7128302547862, 0.56966731595952724, null, null, 9803.7128302547862, 0.56966731595952724
2100-Dec-27 18:00:00, 9772.3046920309971, 0.56784227374225471, null, null, 9772.3046920309971, 0.56784227374225471
2100-Dec-27 19:00:00, 9745.9388426214937, 0.56631022533098818, null, null, 9745.9388426214937, 0.56631022533098818
2100-Dec-27 20:00:00, 9725.9276484988786, 0.56514742880253477, null, null, 9725.9276484988786, 0.56514742880253477
2100-Dec-27 21:00:00, 9712.4507177951891, 0.56436432070111719, null, null, 9712.4507177951891, 0.56436432070111719
2100-Dec-27 22:00:00, 9705.0929218787842, 0.56393677902138328, null, null, 9705.0929218787842, 0.56393677902138328
2100-Dec-27 23:00:00, 9703.4559607968531, 0.56384165962712729, null, null, 9703.4559607968531, 0.56384165962712729
2100-Dec-28 00:00:00, 9707.0711915925694, 0.56405173093986649, null, null, 9707.0711915925694, 0.56405173093986649
2100-Dec-28 01:00:00, 9715.1588708209492, 0.56452168417066229, null, null, 9715.1588708209492, 0.56452168417066229
2100-Dec-28 02:00:00, 9726.8435335393224, 0.56520064841246731, null, null, 9726.8435335393224, 0.56520064841246731
2100-Dec-28 03:00:00, 9741.3801714035908, 0.56604533323938899, null, null, 9741.3801714035908, 0.56604533323938899
2100-Dec-28 04:00:00, 9758.1068389225547, 0.56701727478393005, null, null, 9758.1068389225547, 0.56701727478393005
2100-Dec-28 05:00:00, 9776.3983053089105, 0.56808014257103234, null, null, 9776.3983053089105, 0.56808014257103234
2100-Dec-28 06:00:00, 9795.9745774114981, 0.56921766695370901, null, null, 9795.9745774114981, 0.56921766695370901
2100-Dec-28 07:00:00, 9816.3467918593051, 0.57040144139973514, null, null, 9816.3467918593051, 0.57040144139973514
2100-Dec-28 08:00:00, 9836.4708285211873, 0.57157079490385521, null, null, 9836.4708285211873, 0.57157079490385521
2100-Dec-28 09:00:00, 9854.7027431555889, 0.57263020229923822, null, null, 9854.7027431555889, 0.57263020229923822
2100-Dec-28 10:00:00, 9869.3553791195463, 0.5734816274629333, null, null, 9869.3553791195463, 0.5734816274629333
2100-Dec-28 11:00:00, 9879.0961735946385, 0.57404763876293941, null, null, 9879.0961735946385, 0.57404763876293941
2100-Dec-28 12:00:00, 9883.944727478025, 0.57432937515453486, null, null, 9883.944727478025, 0.57432937515453486
2100-Dec-28 13:00:00, 9884.4044396693498, 0.57435608779031688, null, null, 9884.4044396693498, 0.57435608779031688
2100-Dec-28 14:00:00, 9880.0541158734322, 0.57410330220558137, null, null, 9880.0541158734322, 0.57410330220558137
2100-Dec-28 15:00:00, 9870.9693386484851, 0.57357541029897074, null, null, 9870.9693386484851, 0.57357541029897074
2100-Dec-28 16:00:00, 9858.8728184275733, 0.57287251412830453, null, null, 9858.8728184275733, 0.57287251412830453
2100-Dec-28 17:00:00, 9846.3860723805246, 0.57214694298716118, null, null, 9846.3860723805246, 0.57214694298716118
2100-Dec-28 18:00:00, 9835.6608466084108, 0.57152372903909399, null, null, 9835.6608466084108, 0.57152372903909399
2100-Dec-28 19:00:00, 9827.8635604780011, 0.5710706497681497, null, null, 9827.8635604780011, 0.5710706497681497
2100-Dec-28 20:00:00, 9823.296702843194, 0.57080528198593949, null, null, 9823.296702843194, 0.57080528198593949
2100-Dec-28 21:00:00, 9821.7805480594343, 0.57071718231990498, null, null, 9821.7805480594343, 0.57071718231990498
2100-Dec-28 22:00:00, 9822.9985817731977, 0.57078795897447276, null, null, 9822.9985817731977, 0.57078795897447276
2100-Dec-28 23:00:00, 9826.6800019137827, 0.57100187637155664, null, null, 9826.6800019137827, 0.57100187637155664
2100-Dec-29 00:00:00, 9832.5288444962534, 0.57134173684208611, null, null, 9832.5288444962534, 0.57134173684208611
2100-Dec-29 01:00:00, 9840.5215073428844, 0.57180616892715885, null, null, 9840.5215073428844, 0.57180616892715885
2100-Dec-29 02:00:00, 9850.6341726934061, 0.57239378864095236, null, null, 9850.6341726934061, 0.57239378864095236
2100-Dec-29 03:00:00, 9862.6378380332935, 0.57309128926487396, null, null, 9862.6378380332935, 0.57309128926487396
2100-Dec-29 04:00:00, 9876.1731035447119, 0.57387778704466341, null, null, 9876.1731035447119, 0.57387778704466341
2100-Dec-29 05:00:00, 9890.863893335938, 0.57473142922437581, null, null, 9890.863893335938, 0.57473142922437581
2100-Dec-29 06:00:00, 9906.4116508268726, 0.57563486748622672, null, null, 9906.4116508268726, 0.57563486748622672
2100-Dec-29 07:00:00, 9922.5739460439581, 0.57657401487818716, null, null, 9922.5739460439581, 0.57657401487818716
2100-Dec-29 08:00:00, 9938.3825895912505, 0.57749261252526984, null, null, 9938.3825895912505, 0.57749261252526984
2100-Dec-29 09:00:00, 9950.5580998205769, 0.57820009859232124, null, null, 9950.5580998205769, 0.57820009859232124
2100-Dec-29 10:00:00, 9956.0995423732729, 0.57852209687605272, null, null, 9956.0995423732729, 0.57852209687605272
2100-Dec-29 11:00:00, 9953.1326021404511, 0.57834969597974861, null, null, 9953.1326021404511, 0.57834969597974861
2100-Dec-29 12:00:00, 9941.7055670365917, 0.57768570178390666, null, null, 9941.7055670365917, 0.57768570178390666
2100-Dec-29 13:00:00, 9922.0494068546741, 0.57654353532036562, null, null, 9922.0494068546741, 0.57654353532036562
2100-Dec-29 14:00:00, 9895.3939724424454, 0.57499465990548315, null, null, 9895.3939724424454, 0.57499465990548315
2100-Dec-29 15:00:00, 9863.8823743941812, 0.57316360591679916, null, null, 9863.8823743941812, 0.57316360591679916
2100-Dec-29 16:00:00, 9829.6241509334068, 0.57117295293192039, null, null, 9829.6241509334068, 0.57117295293192039
2100-Dec-29 17:00:00, 9795.6869070481189, 0.56920095120462244, null, null, 9795.6869070481189, 0.56920095120462244
2100-Dec-29 18:00:00, 9765.0580043361915, 0.56742118826166443, null, null, 9765.0580043361915, 0.56742118826166443
2100-Dec-29 19:00:00, 9739.4662132581998, 0.56593411829272311, null, null, 9739.4662132581998, 0.56593411829272311
2100-Dec-29 20:00:00, 9720.0533984915382, 0.5648060919750596, null, null, 9720.0533984915382, 0.5648060919750596
2100-Dec-29 21:00:00, 9707.3309843747375, 0.56406682679788334, null, null, 9707.3309843747375, 0.56406682679788334
2100-Dec-29 22:00:00, 9701.0432369938026, 0.56370146275306199, null, null, 9701.0432369938026, 0.56370146275306199
2100-Dec-29 23:00:00, 9700.4212018963244, 0.5636653179709219, null, null, 9700.4212018963244, 0.5636653179709219
2100-Dec-30 00:00:00, 9704.4193728937753, 0.56389764090615069, null, null, 9704.4193728937753, 0.56389764090615069
2100-Dec-30 01:00:00, 9712.1663262189086, 0.56434779547350744, null, null, 9712.1663262189086, 0.56434779547350744
2100-Dec-30 02:00:00, 9723.1702137902193, 0.56498720170728889, null, null, 9723.1702137902193, 0.56498720170728889
2100-Dec-30 03:00:00, 9737.088703480651, 0.56579596761072193, null, null, 9737.088703480651, 0.56579596761072193
2100-Dec-30 04:00:00, 9753.4989812296299, 0.56674952459890315, null, null, 9753.4989812296299, 0.56674952459890315
2100-Dec-30 05:00:00, 9771.7935458674583, 0.56781257241704375, null, null, 9771.7935458674583, 0.56781257241704375
2100-Dec-30 06:00:00, 9791.5180747180693, 0.56895871159956013, null, null, 9791.5180747180693, 0.56895871159956013
2100-Dec-30 07:00:00, 9812.2056764827576, 0.57016081235209959, null, null, 9812.2056764827576, 0.57016081235209959
2100-Dec-30 08:00:00, 9831.7122676805702, 0.57129428776530067, null, null, 9831.7122676805702, 0.57129428776530067
2100-Dec-30 09:00:00, 9847.5862252133411, 0.57221668063195441, null, null, 9847.5862252133411, 0.57221668063195441
2100-Dec-30 10:00:00, 9857.8770694557625, 0.57281465384068064, null, null, 9857.8770694557625, 0.57281465384068064
2100-Dec-30 11:00:00, 9859.5437139579135, 0.57291149805844155, null, null, 9859.5437139579135, 0.57291149805844155
2100-Dec-30 12:00:00, 9849.716442122548, 0.57234046179222409, null, null, 9849.716442122548, 0.57234046179222409
2100-Dec-30 13:00:00, 9829.1394929419912, 0.57114479076296376, null, null, 9829.1394929419912, 0.57114479076296376
2100-Dec-30 14:00:00, 9800.7215042890039, 0.56949349807403926, null, null, 9800.7215042890039, 0.56949349807403926
2100-Dec-30 15:00:00, 9767.9595728933182, 0.56758979058617465, null, null, 9767.9595728933182, 0.56758979058617465
2100-Dec-30 16:00:00, 9734.2424089032356, 0.56563057710812148, null, null, 9734.2424089032356, 0.56563057710812148
2100-Dec-30 17:00:00, 9702.7834071553389, 0.5638025793486211, null, null, 9702.7834071553389, 0.5638025793486211
2100-Dec-30 18:00:00, 9676.2962921602157, 0.56226348452117803, null, null, 9676.2962921602157, 0.56226348452117803
2100-Dec-30 19:00:00, 9656.2751289293574, 0.56110010871472704, null, null, 9656.2751289293574, 0.56110010871472704
2100-Dec-30 20:00:00, 9642.9290566885102, 0.56032460444571353, null, null, 9642.9290566885102, 0.56032460444571353
2100-Dec-30 21:00:00, 9635.8275060014366, 0.55991195248526737, null, null, 9635.8275060014366, 0.55991195248526737
2100-Dec-30 22:00:00, 9634.4468113130115, 0.55983172404009229, null, null, 9634.4468113130115, 0.55983172404009229
2100-Dec-30 23:00:00, 9638.2186159559242, 0.56005089343687642, null, null, 9638.2186159559242, 0.56005089343687642
2100-Dec-31 00:00:00, 9646.3857450684081, 0.56052546328619368, null, null, 9646.3857450684081, 0.56052546328619368
2100-Dec-31 01:00:00, 9658.2878625037883, 0.56121706323521747, null, null, 9658.2878625037883, 0.56121706323521747
2100-Dec-31 02:00:00, 9673.3715330767463, 0.56209353465771739, null, null, 9673.3715330767463, 0.56209353465771739
2100-Dec-31 03:00:00, 9691.2741870349, 0.56313380960308512, null, null, 9691.2741870349, 0.56313380960308512
2100-Dec-31 04:00:00, 9711.6230620037841, 0.56431622785492808, null, null, 9711.6230620037841, 0.56431622785492808
2100-Dec-31 05:00:00, 9734.0248494604402, 0.56561793531556948, null, null, 9734.0248494604402, 0.56561793531556948
2100-Dec-31 06:00:00, 9758.2103933992748, 0.5670232920553282, null, null, 9758.2103933992748, 0.5670232920553282
2100-Dec-31 07:00:00, 9783.8910470337796, 0.56851552558780249, null, null, 9783.8910470337796, 0.56851552558780249
2100-Dec-31 08:00:00, 9810.3534751904954, 0.57005318592963605, null, null, 9810.3534751904954, 0.57005318592963605
2100-Dec-31 09:00:00, 9833.9964931703707, 0.57142701794889039, null, null, 9833.9964931703707, 0.57142701794889039
2100-Dec-31 10:00:00, 9851.216665786309, 0.57242763574383515, null, null, 9851.216665786309, 0.57242763574383515
2100-Dec-31 11:00:00, 9859.7212037427944, 0.57292181151122357, null, null, 9859.7212037427944, 0.57292181151122357
2100-Dec-31 12:00:00, 9858.6218961920622, 0.57285793371383376, null, null, 9858.6218961920622, 0.57285793371383376
2100-Dec-31 13:00:00, 9847.7022771835691, 0.57222342409899962, null, null, 9847.7022771835691, 0.57222342409899962
2100-Dec-31 14:00:00, 9826.5764719592571, 0.57099586052507711, null, null, 9826.5764719592571, 0.57099586052507711
2100-Dec-31 15:00:00, 9796.0835671906079, 0.56922400005587215, null, null, 9796.0835671906079, 0.56922400005587215
2100-Dec-31 16:00:00, 9759.5671277044057, 0.56710212822724149, null, null, 9759.5671277044057, 0.56710212822724149
2100-Dec-31 17:00:00, 9722.1661609364437, 0.56492885890347622, null, null, 9722.1661609364437, 0.56492885890347622
2100-Dec-31 18:00:00, 9688.0782667165968, 0.56294810329147937, null, null, 9688.0782667165968, 0.56294810329147937
2100-Dec-31 19:00:00, 9659.7631581035894, 0.56130278868425265, null, null, 9659.7631581035894, 0.56130278868425265
2100-Dec-31 20:00:00, 9638.2812266039982, 0.56005453157280072, null, null, 9638.2812266039982, 0.56005453157280072
2100-Dec-31 21:00:00, 9623.6487573271897, 0.55920427824091445, null, null, 9623.6487573271897, 0.55920427824091445
2100-Dec-31 22:00:00, 9615.1802307523158, 0.55871219499780345, null, null, 9615.1802307523158, 0.55871219499780345
2100-Dec-31 23:00:00, 9612.0460458233247, 0.55853007596319559, null, null, 9612.0460458233247, 0.55853007596319559
