Time Stamp, Foundation Total Heat Transfer Rate [W], Foundation Average Heat Flux [W/m2], Wall Total Heat Transfer Rate [W], Wall Average Heat Flux [W/m2], Slab Total Heat Transfer Rate [W], Slab Average Heat Flux [W/m2]
2100-Jan-01 00:00:00, 8596.9663291444576, 3.0875717101142843, 5101.99853457468, 12.139422850981198, 3494.9677945697772, 1.4783537295157207
2100-Jan-01 01:00:00, 8597.0636197962995, 3.0876066517265675, 5101.9853804967906, 12.139391552870736, 3495.0782392995093, 1.4784004470787147
2100-Jan-01 02:00:00, 8598.0065607306205, 3.0879453058100723, 5102.818142045774, 12.141372981228395, 3495.1884186848461, 1.4784470524023692
2100-Jan-01 03:00:00, 8599.7609618839924, 3.088575393117845, 5104.4626257609607, 12.145285777959897, 3495.2983361230313, 1.4784935469237015
2100-Jan-01 04:00:00, 8602.3252820074031, 3.0894963601154566, 5106.9172866454319, 12.151126266982075, 3495.4079953619716, 1.4785399322280568
2100-Jan-01 05:00:00, 8605.6121905094224, 3.0906768423130155, 5110.0947900214114, 12.158686648826571, 3495.51740048801, 1.4785862100439378
2100-Jan-01 06:00:00, 8609.5966582665933, 3.0921078505845263, 5113.9701023812013, 12.167907360102028, 3495.626555885392, 1.478632382225858
2100-Jan-01 07:00:00, 8614.2699704691095, 3.0937862550351873, 5118.5345042220461, 12.178767654089242, 3495.735466247063, 1.4786784507589099
2100-Jan-01 08:00:00, 8619.4191959503169, 3.095635582148506, 5123.5750594645142, 12.190760882052242, 3495.8441364858031, 1.4787244177211745
2100-Jan-01 09:00:00, 8625.1060647052273, 3.0976780020457748, 5129.1534929591371, 12.204033908804091, 3495.9525717460897, 1.4787702852887397
2100-Jan-01 10:00:00, 8631.3711998836225, 3.0999281043954001, 5135.3104225405723, 12.218683378251457, 3496.0607773430497, 1.4788160557098775
2100-Jan-01 11:00:00, 8637.3528073275684, 3.1020763787072729, 5141.1840486002711, 12.23265877042847, 3496.1687587272972, 1.47886173129017
2100-Jan-01 12:00:00, 8641.6493038901426, 3.1036194510808652, 5145.3727824400721, 12.24262522003581, 3496.27652145007, 1.4789073143777627
2100-Jan-01 13:00:00, 8643.744514789063, 3.1043719390691336, 5147.3604436549376, 12.247354554983326, 3496.3840711341259, 1.4789528073510541
2100-Jan-01 14:00:00, 8644.4676678941978, 3.1046316570887247, 5147.9762544713776, 12.248819782353801, 3496.4914134228197, 1.4789982125971544
2100-Jan-01 15:00:00, 8645.9091455638209, 3.1051493589736792, 5149.3105915911938, 12.251994632839045, 3496.5985539726271, 1.4790435325087243
2100-Jan-01 16:00:00, 8649.3484400542729, 3.1063845700894275, 5152.6429416408228, 12.259923448589539, 3496.7054984134497, 1.4790887694671842
2100-Jan-01 17:00:00, 8655.1328681899286, 3.1084620281120663, 5158.3206158464809, 12.27343260338947, 3496.8122523434467, 1.4791339258405267
2100-Jan-01 18:00:00, 8662.5374854551446, 3.1111213716429118, 5165.6186641622007, 12.290797189813993, 3496.9188212929434, 1.4791790039680515
2100-Jan-01 19:00:00, 8671.1227771560025, 3.1142047504493151, 5174.0975664200887, 12.310971437047332, 3497.0252107359133, 1.479224006165222
2100-Jan-01 20:00:00, 8680.0835508896416, 3.117422982372235, 5182.952124829264, 12.332039500465866, 3497.1314260603767, 1.4792689347111434
2100-Jan-01 21:00:00, 8689.1119984734723, 3.1206655191321597, 5191.8745258934705, 12.353268985074779, 3497.2374725800009, 1.4793137918534702
2100-Jan-01 22:00:00, 8698.5036893401011, 3.1240385135024686, 5201.1603338186824, 12.37536314056174, 3497.3433555214192, 1.479358579803042
2100-Jan-01 23:00:00, 8708.372738518472, 3.1275829495142236, 5210.9236585058061, 12.398593473931152, 3497.4490800126659, 1.4794033007289911
2100-Jan-02 00:00:00, 8719.169083911951, 3.131460420860892, 5221.6144328091959, 12.424030531388887, 3497.5546511027555, 1.4794479567670253
2100-Jan-02 01:00:00, 8730.5188148964589, 3.1355366387921375, 5232.8587411644148, 12.450784638209146, 3497.6600737320446, 1.4794925500068907
2100-Jan-02 02:00:00, 8742.3937165066327, 3.1398014699974977, 5244.6283637407514, 12.478788649633763, 3497.7653527658813, 1.4795370825066048
2100-Jan-02 03:00:00, 8754.604683305346, 3.1441869978915684, 5256.734190337721, 12.507592606950759, 3497.8704929676246, 1.4795815562810444
2100-Jan-02 04:00:00, 8767.456213733245, 3.1488025820711103, 5269.4807147152378, 12.537921006351587, 3497.9754990180068, 1.4796259733101356
2100-Jan-02 05:00:00, 8780.3101130627583, 3.1534190170337459, 5282.2297375548096, 12.568255350459602, 3498.0803755079482, 1.4796703355358145
2100-Jan-02 06:00:00, 8792.7985134011778, 3.157904184255905, 5294.6133864409067, 12.597720343294796, 3498.1851269602716, 1.4797146448712124
2100-Jan-02 07:00:00, 8804.8206746616306, 3.1622219032722478, 5306.5309168351687, 12.626076278682659, 3498.2897578264615, 1.4797589031992848
2100-Jan-02 08:00:00, 8817.2958021077538, 3.1667023035795214, 5318.9015296044781, 12.655510254077736, 3498.3942725032762, 1.4798031123798381
2100-Jan-02 09:00:00, 8829.6745911998914, 3.1711481042891028, 5331.1759158555233, 12.684715273234044, 3498.4986753443682, 1.4798472742544453
2100-Jan-02 10:00:00, 8841.5009205647984, 3.1753954909349935, 5342.8979498837889, 12.712606055008752, 3498.6029706810104, 1.4798913906552134
2100-Jan-02 11:00:00, 8852.7195083487513, 3.1794246092242835, 5354.0123455294561, 12.739051054465639, 3498.7071628192948, 1.4799354634035968
2100-Jan-02 12:00:00, 8861.0743385109163, 3.1824252185396951, 5362.2630824286216, 12.758682417229155, 3498.8112560822942, 1.4799794943282343
2100-Jan-02 13:00:00, 8862.0773021119876, 3.1827854295632561, 5363.1620473136327, 12.7608213662691, 3498.9152547983554, 1.4800234852599941
2100-Jan-02 14:00:00, 8858.8238711549475, 3.1816169707140327, 5359.8047078183317, 12.752833091966087, 3499.0191633366157, 1.4800674380469996
2100-Jan-02 15:00:00, 8856.0374972416721, 3.1806162538403067, 5356.9145111323378, 12.745956312316697, 3499.1229861093343, 1.4801113545556139
2100-Jan-02 16:00:00, 8856.1288914181387, 3.1806490777531757, 5356.9021638368431, 12.745926933821179, 3499.2267275812956, 1.4801552366744184
2100-Jan-02 17:00:00, 8859.5215811214002, 3.1818675509154439, 5360.1911888391787, 12.753752664267832, 3499.3303922822206, 1.4801990863194623
2100-Jan-02 18:00:00, 8865.3400993252999, 3.1839572522721005, 5365.9061145089354, 12.767350453212098, 3499.4339848163645, 1.4802429054383222
2100-Jan-02 19:00:00, 8872.4303240118916, 3.1865036827596156, 5372.892814163185, 12.783974233258482, 3499.5375098487066, 1.4802866960042607
2100-Jan-02 20:00:00, 8880.7076923408295, 3.1894764719166449, 5381.0667202326895, 12.803422788848902, 3499.64097210814, 1.480330460017576
2100-Jan-02 21:00:00, 8890.3022509343718, 3.1929223255527148, 5390.5578745646317, 12.826005534609916, 3499.7443763697411, 1.4803741994981008
2100-Jan-02 22:00:00, 8900.7150640514774, 3.1966620525647995, 5400.867336606766, 12.850535318036449, 3499.8477274447114, 1.4804179164809494
2100-Jan-02 23:00:00, 8911.3483401263766, 3.2004809581109797, 5411.3973099839877, 12.875589774357717, 3499.9510301423888, 1.4804616130004475
2100-Jan-03 00:00:00, 8921.6335876461526, 3.2041748703653439, 5421.5792983902202, 12.899816253822465, 3500.0542892559333, 1.4805052910840775
2100-Jan-03 01:00:00, 8930.4780573041044, 3.2073513320683844, 5430.3205477806823, 12.920614715812917, 3500.157509523422, 1.4805489527360218
2100-Jan-03 02:00:00, 8938.8430707927928, 3.2103555986914651, 5438.5823752027873, 12.940272466774449, 3500.2606955900055, 1.480592599921156
2100-Jan-03 03:00:00, 8946.7014064471605, 3.2131778936646063, 5446.3375544635055, 12.958724726157323, 3500.3638519836554, 1.4806362345547892
2100-Jan-03 04:00:00, 8954.7996518710206, 3.2160863514292375, 5454.3326688000043, 12.97774787424625, 3500.4669830710154, 1.4806798584839895
2100-Jan-03 05:00:00, 8963.4930335192876, 3.2192085503788159, 5462.9229404698508, 12.998187107910939, 3500.5700930494372, 1.4807234734842156
2100-Jan-03 06:00:00, 8972.5558562560582, 3.2224634328599735, 5471.8826703529494, 13.01950541071805, 3500.6731859031079, 1.4807670812407583
2100-Jan-03 07:00:00, 8981.588966052037, 3.2257076440378012, 5480.8127006463374, 13.040753047907453, 3500.7762654056996, 1.4808106833498622
2100-Jan-03 08:00:00, 8990.121852619317, 3.2287722017157154, 5489.2425175120188, 13.060810503979885, 3500.8793351072986, 1.4808542813131955
2100-Jan-03 09:00:00, 8998.2867804633061, 3.2317046082485597, 5497.3043821241217, 13.079992474109917, 3500.9823983391852, 1.4808978765398733
2100-Jan-03 10:00:00, 9006.9300822876958, 3.234808821196852, 5505.8446240895437, 13.100312669767636, 3501.0854581981516, 1.4809414703398227
2100-Jan-03 11:00:00, 9015.2794035385014, 3.2378074520051698, 5514.0908859472274, 13.119933384856431, 3501.1885175912744, 1.4809850639427227
2100-Jan-03 12:00:00, 9022.5261424629061, 3.2404100940578351, 5521.2345632379574, 13.136930669107974, 3501.2915792249478, 1.4810286584933643
2100-Jan-03 13:00:00, 9028.3045173631908, 3.2424853780812315, 5526.9098717338593, 13.150434195064447, 3501.3946456293311, 1.4810722550619919
2100-Jan-03 14:00:00, 9032.7235334993311, 3.2440724529499829, 5531.2258143068466, 13.160703318338198, 3501.4977191924841, 1.4811158546587433
2100-Jan-03 15:00:00, 9036.4288701499536, 3.2454032122179504, 5534.8280679916961, 13.169274328384665, 3501.6008021582575, 1.4811594582327554
2100-Jan-03 16:00:00, 9039.8898575178064, 3.246646214258079, 5538.1859608476707, 13.177263919324513, 3501.7038966701366, 1.4812030666907119
2100-Jan-03 17:00:00, 9043.4116890309269, 3.2479110682695267, 5541.6046842504093, 13.185398247218799, 3501.8070047805186, 1.4812466809007665
2100-Jan-03 18:00:00, 9047.5577886328447, 3.2494001260776049, 5545.6476601536169, 13.195017888175723, 3501.9101284792278, 1.4812903017046049
2100-Jan-03 19:00:00, 9051.6080815068799, 3.2508547752197279, 5549.5948118126398, 13.204409530043341, 3502.0132696942401, 1.481333929917751
2100-Jan-03 20:00:00, 9054.9817326068005, 3.2520664107312682, 5552.8653022836224, 13.212191160415893, 3502.1164303231781, 1.4813775663428896
2100-Jan-03 21:00:00, 9057.6015759692891, 3.2530073187145332, 5555.3819637289871, 13.218179170261644, 3502.2196122403025, 1.4814212117728236
2100-Jan-03 22:00:00, 9060.2140859839892, 3.2539455929504615, 5557.8912686862359, 13.224149676472431, 3502.3228172977533, 1.4814648669909989
2100-Jan-03 23:00:00, 9063.8806799692775, 3.2552624379197237, 5561.4546326332393, 13.232628154353495, 3502.4260473360382, 1.4815085327759407
2100-Jan-04 00:00:00, 9069.0188549525956, 3.2571077962836767, 5566.4895507657666, 13.244607969678142, 3502.529304186829, 1.4815522099024372
2100-Jan-04 01:00:00, 9075.5693769056234, 3.2594603943391194, 5572.936787244983, 13.25994817985482, 3502.6325896606409, 1.4815958991363272
2100-Jan-04 02:00:00, 9083.1613258979032, 3.2621870174333298, 5580.4254203529608, 13.277766233556237, 3502.7359055449424, 1.4816396012337005
2100-Jan-04 03:00:00, 9091.196633053396, 3.2650728711293331, 5588.3573794339209, 13.296639113402817, 3502.8392536194756, 1.4816833169473795
2100-Jan-04 04:00:00, 9098.6771810325008, 3.2677594849221703, 5595.7345454291763, 13.314191948208903, 3502.9426356033246, 1.4817270470045278
2100-Jan-04 05:00:00, 9105.147225685947, 3.2700831798245726, 5602.1011724981117, 13.329340360659545, 3503.0460531878352, 1.4817707921205761
2100-Jan-04 06:00:00, 9110.6641046606474, 3.2720645484606998, 5607.5145966665568, 13.342220773032686, 3503.1495079940901, 1.4818145529812343
2100-Jan-04 07:00:00, 9115.5071818247452, 3.2738039234296439, 5612.2541802268415, 13.353497885047899, 3503.2530015979046, 1.4818583302530643
2100-Jan-04 08:00:00, 9119.7403164905973, 3.2753242395899016, 5616.3837810002806, 13.363323636595021, 3503.3565354903167, 1.4819021245667678
2100-Jan-04 09:00:00, 9123.4900841095496, 3.2766709560915737, 5620.0299730167517, 13.371999191161308, 3503.4601110927974, 1.4819459365236196
2100-Jan-04 10:00:00, 9127.2228155161429, 3.2780115540945438, 5623.6590857554447, 13.380634108206134, 3503.5637297606986, 1.4819897666969268
2100-Jan-04 11:00:00, 9128.5966275845021, 3.2785049541050686, 5624.929234815786, 13.3836562330505, 3503.6673927687161, 1.4820336156258795
2100-Jan-04 12:00:00, 9128.4967631399686, 3.2784690881237464, 5624.7256618110951, 13.383171862314555, 3503.771101328874, 1.4820774838231574
2100-Jan-04 13:00:00, 9128.5317159594015, 3.2784816413119686, 5624.6568593601123, 13.383008157436945, 3503.8748565992901, 1.4821213717786386
2100-Jan-04 14:00:00, 9125.9897172215296, 3.2775686909653339, 5622.0110575365443, 13.376712877871785, 3503.9786596849858, 1.4821652799597418
2100-Jan-04 15:00:00, 9120.7456642888919, 3.275685306889923, 5616.6631526207157, 13.363988358509394, 3504.0825116681763, 1.4822092088242382
2100-Jan-04 16:00:00, 9116.5273888386528, 3.274170327367266, 5612.3409752383504, 13.353704400463167, 3504.1864136003019, 1.4822531588168821
2100-Jan-04 17:00:00, 9115.2706405758636, 3.2737189704310676, 5610.9802740425766, 13.350466820703511, 3504.2903665332869, 1.482297130382632
2100-Jan-04 18:00:00, 9117.0630955975012, 3.2743627246583813, 5612.6687240803094, 13.354484228554943, 3504.3943715171913, 1.4823411239656579
2100-Jan-04 19:00:00, 9121.3139408618845, 3.2758894015208795, 5616.8155112314462, 13.364350872451354, 3504.4984296304378, 1.4823851400221271
2100-Jan-04 20:00:00, 9127.5451780000694, 3.2781273295027131, 5622.9426360446496, 13.378929426024854, 3504.6025419554194, 1.4824291790098867
2100-Jan-04 21:00:00, 9135.494110289892, 3.2809821619545358, 5630.7874006866286, 13.397594840079771, 3504.7067096032642, 1.4824732413989381
2100-Jan-04 22:00:00, 9144.2877554894731, 3.2841403702233021, 5639.4768217714663, 13.41826998456761, 3504.8109337180058, 1.4825173276732015
2100-Jan-04 23:00:00, 9153.2101957067644, 3.2873448347920076, 5648.294980251002, 13.439251439937426, 3504.9152154557623, 1.4825614383217096
2100-Jan-05 00:00:00, 9161.9587131639964, 3.2904868355830095, 5656.9391571751103, 13.459818932885401, 3505.0195559888853, 1.4826055738403605
2100-Jan-05 01:00:00, 9170.4610960288119, 3.2935404379581832, 5665.337139529247, 13.479800643621124, 3505.1239564995649, 1.4826497347292151
2100-Jan-05 02:00:00, 9177.8735809214777, 3.2962026071211188, 5672.6451627607403, 13.497188963827547, 3505.2284181607379, 1.4826939214844197
2100-Jan-05 03:00:00, 9183.9178869739681, 3.2983733994285958, 5678.5849448360395, 13.511321764095147, 3505.3329421379281, 1.482738134598985
2100-Jan-05 04:00:00, 9188.6387357708045, 3.3000688764881514, 5683.2012061843925, 13.522305449825071, 3505.4375295864115, 1.4827823745615867
2100-Jan-05 05:00:00, 9192.2876096594628, 3.3013793573439627, 5686.7454280217999, 13.53073838199281, 3505.5421816376629, 1.4828266418508331
2100-Jan-05 06:00:00, 9195.1533110132332, 3.302408564402683, 5689.5064116040021, 13.53730771888341, 3505.6468994092315, 1.4828709369394417
2100-Jan-05 07:00:00, 9197.4263957697076, 3.3032249351921079, 5691.6747117545274, 13.542466856467769, 3505.7516840151798, 1.4829152602986555
2100-Jan-05 08:00:00, 9198.9145041183183, 3.3037593843294948, 5693.0579675453137, 13.545758101426314, 3505.8565365730037, 1.4829596124011697
2100-Jan-05 09:00:00, 9199.8264274850608, 3.3040868985573217, 5693.8649692698409, 13.547678238233317, 3505.9614582152194, 1.4830039937260326
2100-Jan-05 10:00:00, 9200.848948957233, 3.3044541337248905, 5694.7824988329103, 13.549861359076823, 3506.0664501243223, 1.483048404773434
2100-Jan-05 11:00:00, 9201.9699392375096, 3.3048567336356243, 5695.7984257061999, 13.552278601225556, 3506.1715135313102, 1.48309284606408
2100-Jan-05 12:00:00, 9202.8267781643644, 3.3051644644710598, 5696.5501284133961, 13.554067162503856, 3506.2766497509683, 1.4831373181541176
2100-Jan-05 13:00:00, 9203.1532232386962, 3.3052817061279218, 5696.7713630323515, 13.554593556341597, 3506.3818602063443, 1.4831818216454891
2100-Jan-05 14:00:00, 9202.9628268910856, 3.305213325916335, 5696.4756804723429, 13.553890025048659, 3506.4871464187431, 1.4832263571816986
2100-Jan-05 15:00:00, 9201.9423787564701, 3.3048468353810172, 5695.3498687032516, 13.551211328647044, 3506.5925100532177, 1.4832709254670553
2100-Jan-05 16:00:00, 9200.9386770785495, 3.3044863592796236, 5694.2407241725787, 13.54857228938244, 3506.6979529059699, 1.4833155272613434
2100-Jan-05 17:00:00, 9200.3181621757376, 3.3042635034271894, 5693.5146852729195, 13.546844791197268, 3506.8034769028181, 1.4833601633791744
2100-Jan-05 18:00:00, 9200.0544367240363, 3.3041687873130705, 5693.1453526105788, 13.545966020783979, 3506.909084113458, 1.4834048346960191
2100-Jan-05 19:00:00, 9200.6864169348773, 3.3043957608925445, 5693.6716402027414, 13.547218241375418, 3507.0147767321364, 1.4834495421400329
2100-Jan-05 20:00:00, 9201.5768670932521, 3.3047155630893896, 5694.4563100278447, 13.549085242853522, 3507.1205570654083, 1.4834942866868768
2100-Jan-05 21:00:00, 9202.3714889229504, 3.305000948862427, 5695.1450614100231, 13.550724021110867, 3507.2264275129269, 1.483539069351592
2100-Jan-05 22:00:00, 9203.3336756956887, 3.3053465150244441, 5696.0012851305401, 13.552761274106523, 3507.3323905651482, 1.4835838911876287
2100-Jan-05 23:00:00, 9204.1382046495055, 3.3056354589079802, 5696.6997558859266, 13.554423178121434, 3507.4384487635789, 1.4836287532700316
2100-Jan-06 00:00:00, 9204.191298852289, 3.3056545275133704, 5696.6466941616181, 13.55429692588827, 3507.5446046906709, 1.483673656691165
2100-Jan-06 01:00:00, 9203.1293678422589, 3.3052731385420602, 5695.478506906762, 13.551517403518806, 3507.6508609354964, 1.4837186025461928
2100-Jan-06 02:00:00, 9200.9969975005642, 3.3045073048641749, 5693.2397774148449, 13.546190690120678, 3507.7572200857189, 1.4837635919296841
2100-Jan-06 03:00:00, 9198.0955642867011, 3.3034652648273846, 5690.2318795790861, 13.539033858641135, 3507.8636847076141, 1.4838086259271603
2100-Jan-06 04:00:00, 9194.5772081065879, 3.3022016589701653, 5686.606950797328, 13.530408896680004, 3507.9702573092604, 1.4838537055995262
2100-Jan-06 05:00:00, 9190.562747939679, 3.3007598790249877, 5682.485807578094, 13.520603268585699, 3508.0769403615859, 1.4838988319919715
2100-Jan-06 06:00:00, 9186.1913627898793, 3.2991899106657097, 5678.0076265395246, 13.509948123770966, 3508.1837362503547, 1.4839440061136626
2100-Jan-06 07:00:00, 9181.5892779209407, 3.2975370872737289, 5673.298630625105, 13.498743790366852, 3508.2906472958362, 1.4839892289460617
2100-Jan-06 08:00:00, 9176.8940697761391, 3.2958508189686126, 5668.4963940457355, 13.487317605103888, 3508.3976757304031, 1.4840345014334511
2100-Jan-06 09:00:00, 9172.193726622234, 3.2941627064421475, 5663.6889029215636, 13.475878917457631, 3508.5048237006708, 1.4840798244838385
2100-Jan-06 10:00:00, 9167.3838685232367, 3.2924352619893549, 5658.7717752583749, 13.464179366485361, 3508.612093264861, 1.484125198967841
2100-Jan-06 11:00:00, 9162.3158262025681, 3.290615091536679, 5653.5963398051445, 13.451865211751885, 3508.7194863974228, 1.4841706257206406
2100-Jan-06 12:00:00, 9156.8275229247702, 3.2886439857665413, 5648.0005179562941, 13.438550812078578, 3508.8270049684761, 1.484216105533289
2100-Jan-06 13:00:00, 9150.963102133599, 3.2865377986491571, 5642.0284513600773, 13.424341195745997, 3508.9346507735222, 1.4842616391652739
2100-Jan-06 14:00:00, 9144.8700061554537, 3.284349483603028, 5635.8275806527163, 13.409587175130193, 3509.0424255027374, 1.4843072273315312
2100-Jan-06 15:00:00, 9138.8090646700548, 3.2821727167354489, 5629.6587339138123, 13.394909350634757, 3509.1503307562416, 1.4843528707089035
2100-Jan-06 16:00:00, 9133.4353786690135, 3.2802427753769949, 5624.1770106317208, 13.381866430997988, 3509.2583680372923, 1.4843985699332616
2100-Jan-06 17:00:00, 9128.9175871836651, 3.2786202256718662, 5619.5510484369006, 13.370859663592034, 3509.366538746764, 1.484444325597168
2100-Jan-06 18:00:00, 9125.2861751907749, 3.2773160161975299, 5615.8113310107219, 13.361961579660431, 3509.4748441800525, 1.4844901382485685
2100-Jan-06 19:00:00, 9122.4412671945902, 3.2762942770036565, 5612.8579816725523, 13.354934537962997, 3509.5832855220369, 1.4845360083886612
2100-Jan-06 20:00:00, 9120.2269784267119, 3.2754990225969309, 5610.5351145785253, 13.349407632047612, 3509.6918638481861, 1.484581936472364
2100-Jan-06 21:00:00, 9118.4765137934264, 3.274870349077184, 5608.6759336704436, 13.344983996280817, 3509.8005801229833, 1.4846279229076482
2100-Jan-06 22:00:00, 9117.0499022410095, 3.2743579863085137, 5607.1404670649163, 13.341330589038197, 3509.9094351760928, 1.4846739680454577
2100-Jan-06 23:00:00, 9115.9817292293701, 3.2739743555431979, 5605.9632994999156, 13.33852969939835, 3510.018429729455, 1.4847200721911697
2100-Jan-07 00:00:00, 9115.2863025374263, 3.2737245953721912, 5605.1587381452773, 13.336615369077139, 3510.1275643921485, 1.4847662356024216
2100-Jan-07 01:00:00, 9114.915885580418, 3.2735915613607021, 5604.6790459428657, 13.335474015067739, 3510.2368396375527, 1.4848124584794502
2100-Jan-07 02:00:00, 9114.7932142331247, 3.2735475043565168, 5604.4469583904829, 13.334921798339778, 3510.3462558426422, 1.4848587409817138
2100-Jan-07 03:00:00, 9115.1491808803621, 3.2736753485875716, 5604.6933676073559, 13.335508091271405, 3510.4558132730067, 1.4849050832215556
2100-Jan-07 04:00:00, 9116.1206855608834, 3.2740242612450112, 5605.5551734685978, 13.3375586261146, 3510.5655120922847, 1.484951485268194
2100-Jan-07 05:00:00, 9117.6565727771904, 3.2745758700029657, 5606.9812203745769, 13.340951685967459, 3510.675352402614, 1.4849979471648325
2100-Jan-07 06:00:00, 9119.7222147917491, 3.2753177384252896, 5608.936880574005, 13.345604879407796, 3510.785334217745, 1.4850444689172877
2100-Jan-07 07:00:00, 9122.2309086945279, 3.2762187274517673, 5611.3354511748339, 13.351311910204469, 3510.8954575196931, 1.4850910505179522
2100-Jan-07 08:00:00, 9125.0830975536337, 3.2772430815432125, 5614.0773753016365, 13.357835898044723, 3511.0057222519968, 1.4851376919429429
2100-Jan-07 09:00:00, 9128.1594010021381, 3.2783479256400341, 5617.04327263506, 13.364892795771963, 3511.1161283670785, 1.4851843931721347
2100-Jan-07 10:00:00, 9131.0167899131575, 3.2793741473127365, 5619.7901140911636, 13.371428483642957, 3511.2266758219944, 1.4852311541873626
2100-Jan-07 11:00:00, 9134.043014535011, 3.2804610057664223, 5622.705649914933, 13.378365553883585, 3511.3373646200785, 1.4852779749900371
2100-Jan-07 12:00:00, 9137.0415959010206, 3.2815379362372075, 5625.5934010620704, 13.385236514748419, 3511.4481948389493, 1.4853248556129903
2100-Jan-07 13:00:00, 9139.563716084238, 3.2824437472674091, 5628.004549453316, 13.390973472467916, 3511.5591666309224, 1.485371796120651
2100-Jan-07 14:00:00, 9141.4747434252167, 3.2831300863467257, 5629.8044631613802, 13.395256091024038, 3511.6702802638365, 1.4854187966263133
2100-Jan-07 15:00:00, 9143.1442325944245, 3.283729677799319, 5631.362696451024, 13.398963668099036, 3511.7815361434009, 1.4854658573015906
2100-Jan-07 16:00:00, 9145.2992413947122, 3.2845036420039078, 5633.406306576192, 13.403826124895884, 3511.8929348185206, 1.4855129783786667
2100-Jan-07 17:00:00, 9148.4322397609685, 3.2856288478908606, 5636.4277627554675, 13.411015216373935, 3512.0044770055001, 1.4855601601605348
2100-Jan-07 18:00:00, 9152.5710946894396, 3.2871153037986955, 5640.4549310893954, 13.420597245644688, 3512.1161636000434, 1.4856074030260731
2100-Jan-07 19:00:00, 9157.3154466529231, 3.2888192219419614, 5645.0874509629421, 13.431619616041203, 3512.2279956899815, 1.4856547074354289
2100-Jan-07 20:00:00, 9162.3890334026073, 3.2906413836577788, 5650.0490588416233, 13.443425000862838, 3512.339974560985, 1.4857020739324343
2100-Jan-07 21:00:00, 9167.5333366650539, 3.2924889429726889, 5655.0812349568769, 13.455398291978014, 3512.4521017081775, 1.4857495031495187
2100-Jan-07 22:00:00, 9172.5506231124673, 3.2942908846232051, 5659.9862442989916, 13.467069009264277, 3512.5643788134762, 1.485796995798125
2100-Jan-07 23:00:00, 9177.4894162693199, 3.2960646356708869, 5664.8126084893875, 13.478552602476428, 3512.6768077799334, 1.4858445526832345
2100-Jan-08 00:00:00, 9183.056226737277, 3.2980639370358538, 5670.2668360396847, 13.491530100237323, 3512.7893906975928, 1.4858921746889251
2100-Jan-08 01:00:00, 9189.3106494410858, 3.300310192036052, 5676.4085196021942, 13.50614329412144, 3512.9021298388911, 1.485939862776426
2100-Jan-08 02:00:00, 9196.0403921200486, 3.3027271566159264, 5683.0253644470849, 13.521887061385803, 3513.0150276729642, 1.4859876179901694
2100-Jan-08 03:00:00, 9203.1541318972559, 3.3052820324696048, 5690.0260450781043, 13.538544107021686, 3513.1280868191511, 1.4860354414381225
2100-Jan-08 04:00:00, 9210.580136676439, 3.3079490572545747, 5697.3388266172979, 13.555943748891345, 3513.2413100591416, 1.486083334296926
2100-Jan-08 05:00:00, 9218.5034517248641, 3.3107946893598101, 5705.1487514115379, 13.574526266873104, 3513.3547003133267, 1.4861312978018903
2100-Jan-08 06:00:00, 9226.9793617907599, 3.313838784117773, 5713.5111011662739, 13.594423195304699, 3513.4682606244851, 1.4861793332400959
2100-Jan-08 07:00:00, 9235.8731223644645, 3.3170329484883845, 5722.2911282116229, 13.615313922776346, 3513.5819941528412, 1.4862274419483013
2100-Jan-08 08:00:00, 9244.8484921257532, 3.3202564225258278, 5731.1525879759283, 13.636398406910724, 3513.6959041498249, 1.486275625301845
2100-Jan-08 09:00:00, 9253.6507862620601, 3.3234177370312983, 5739.840792303432, 13.657070656311141, 3513.8099939586273, 1.4863238847148801
2100-Jan-08 10:00:00, 9262.3400394114669, 3.3265384532443161, 5748.4157724189454, 13.677473506068065, 3513.924266992522, 1.4863722216312043
2100-Jan-08 11:00:00, 9270.9487934070676, 3.3296302584554218, 5756.9100666766735, 13.697684376203844, 3514.038726730395, 1.4864206375223683
2100-Jan-08 12:00:00, 9279.2085848107563, 3.3325967349185226, 5765.0552081099513, 13.717064490754945, 3514.1533767008045, 1.4864691338809348
2100-Jan-08 13:00:00, 9286.9873319276885, 3.3353904459345762, 5772.7191114485604, 13.735299573083164, 3514.2682204791276, 1.4865177122192701
2100-Jan-08 14:00:00, 9294.3571729327268, 3.3380372996878651, 5779.9739112525722, 13.752561256308532, 3514.3832616801556, 1.4865663740664128
2100-Jan-08 15:00:00, 9301.6138025992204, 3.3406434939674781, 5787.1152986537463, 13.769553092119152, 3514.4985039454737, 1.4866151209627347
2100-Jan-08 16:00:00, 9309.12072646245, 3.3433395805709019, 5794.5067755221935, 13.787139977452668, 3514.6139509402574, 1.4866639544585871
2100-Jan-08 17:00:00, 9317.2911783897489, 3.3462739710597948, 5802.5615720285177, 13.806305130109267, 3514.7296063612312, 1.4867128761176653
2100-Jan-08 18:00:00, 9326.2136936054721, 3.349478462563936, 5811.3682196894142, 13.827259197251927, 3514.8454739160579, 1.4867618875082922
2100-Jan-08 19:00:00, 9335.7476939241733, 3.352902566898095, 5820.7861365990175, 13.849667685801329, 3514.9615573251554, 1.4868109902041855
2100-Jan-08 20:00:00, 9345.5494423939454, 3.3564228320854004, 5830.4715820811352, 13.872712717549334, 3515.0778603128101, 1.4868601857807
2100-Jan-08 21:00:00, 9355.1757380769777, 3.3598800839910368, 5839.9813514585021, 13.895339754955332, 3515.1943866184747, 1.4869094758196049
2100-Jan-08 22:00:00, 9364.5464803355826, 3.3632455547388234, 5849.235340371346, 13.917358201983497, 3515.3111399642362, 1.4869588618953244
2100-Jan-08 23:00:00, 9373.8199275930092, 3.3665760823122768, 5858.3918035213337, 13.939144601419692, 3515.4281240716746, 1.4870083455820682
2100-Jan-09 00:00:00, 9383.1096876519387, 3.3699124685738426, 5867.5643450184361, 13.96096925681638, 3515.5453426335025, 1.4870579284418346
2100-Jan-09 01:00:00, 9392.4469782494471, 3.3732659252694037, 5876.7841789218301, 13.982906437239039, 3515.6627993276174, 1.4871076120303561
2100-Jan-09 02:00:00, 9401.9534565473277, 3.3766801451618145, 5886.1729587663422, 14.00524559861177, 3515.7804977809856, 1.4871573978818211
2100-Jan-09 03:00:00, 9411.4882889220062, 3.3801045483260954, 5895.5898473415755, 14.02765164039729, 3515.8984415804302, 1.4872072875134374
2100-Jan-09 04:00:00, 9420.8965922393327, 3.3834835090025233, 5904.8799579719707, 14.049756033511185, 3516.016634267362, 1.4872572824232042
2100-Jan-09 05:00:00, 9430.073943730742, 3.3867795241029417, 5913.9388644325809, 14.0713103117705, 3516.1350792981621, 1.487307384073153
2100-Jan-09 06:00:00, 9438.9855490478367, 3.3899800973534715, 5922.7317689719102, 14.092231679263625, 3516.2537800759269, 1.4873575939027766
2100-Jan-09 07:00:00, 9447.6550474076957, 3.3930937186998804, 5931.2823074903608, 14.112576373989754, 3516.3727399173354, 1.4874079133150131
2100-Jan-09 08:00:00, 9456.1117435156375, 3.3961309128290931, 5939.6197814617444, 14.132414114310883, 3516.4919620538926, 1.4874583436767734
2100-Jan-09 09:00:00, 9464.6836602757066, 3.3992094880702362, 5948.0722106428793, 14.152525372919138, 3516.6114496328278, 1.4875088863193191
2100-Jan-09 10:00:00, 9473.2666323278099, 3.4022920337825457, 5956.5354266295935, 14.17266229707654, 3516.7312056982169, 1.487559542530279
2100-Jan-09 11:00:00, 9481.2393919678198, 3.4051554237475132, 5964.3881587621208, 14.191346668552978, 3516.8512332056985, 1.4876103135598735
2100-Jan-09 12:00:00, 9487.4926790191712, 3.4074012708819286, 5970.5211440129524, 14.205939166138805, 3516.9715350062179, 1.4876612006140379
2100-Jan-09 13:00:00, 9491.8600033780731, 3.4089697808217347, 5974.7678895329991, 14.216043645640122, 3517.092113845074, 1.4877122048540199
2100-Jan-09 14:00:00, 9495.2974314602689, 3.4102043216231985, 5978.0844590857405, 14.223934914119049, 3517.2129723745275, 1.4877633274017124
2100-Jan-09 15:00:00, 9498.629179500238, 3.4114009077908753, 5981.2950663725742, 14.231574061641179, 3517.3341131276638, 1.4878145693285976
2100-Jan-09 16:00:00, 9502.0872674441198, 3.41264286851258, 5984.6317289104254, 14.23951313829585, 3517.4555385336935, 1.4878659316622194
2100-Jan-09 17:00:00, 9505.644045211473, 3.4139202733543805, 5988.0667942957616, 14.247686349430817, 3517.5772509157114, 1.487917415385235
2100-Jan-09 18:00:00, 9509.7818348116307, 3.4154063466531137, 5992.082582333619, 14.257241301032842, 3517.6992524780121, 1.4879690214300501
2100-Jan-09 19:00:00, 9514.5814113990473, 3.4171300985354023, 5996.7598660839349, 14.268370180207214, 3517.8215453151129, 1.4880207506826348
2100-Jan-09 20:00:00, 9519.9441082200774, 3.4190560931666014, 6001.999976826527, 14.280838219870342, 3517.9441313935504, 1.4880726039748244
2100-Jan-09 21:00:00, 9525.6397368550352, 3.4211016591454975, 6007.5727242998764, 14.294097717606823, 3518.0670125551592, 1.4881245820857054
2100-Jan-09 22:00:00, 9531.788537434617, 3.4233099803129647, 6013.5983469198809, 14.308434762282349, 3518.1901905147361, 1.4881766857406282
2100-Jan-09 23:00:00, 9538.3620441398089, 3.4256708332652894, 6020.0483773023625, 14.323781620123254, 3518.3136668374455, 1.4882289156016495
2100-Jan-10 00:00:00, 9544.9902506789567, 3.4280513314800714, 6026.5528077316703, 14.33925791453045, 3518.4374429472869, 1.4882812722711138
2100-Jan-10 01:00:00, 9551.2705324587623, 3.4303068736809448, 6032.7090123529451, 14.353905659046324, 3518.5615201058181, 1.488333756282654
2100-Jan-10 02:00:00, 9556.6456867191228, 3.4322373423598234, 6037.9597873076482, 14.366399072566248, 3518.6858994114741, 1.4883863681009022
2100-Jan-10 03:00:00, 9561.558928002225, 3.4340019165374893, 6042.7483462126165, 14.377792713901171, 3518.810581789608, 1.4884391081172781
2100-Jan-10 04:00:00, 9566.2249349406593, 3.4356776973269834, 6047.2893669611403, 14.388597376165936, 3518.9355679795199, 1.4884919766445022
2100-Jan-10 05:00:00, 9571.6264614877, 3.4376176375244385, 6052.5656029474276, 14.401151370304714, 3519.0608585402729, 1.488544973919055
2100-Jan-10 06:00:00, 9578.2943382665962, 3.4400123831731744, 6059.1078844190924, 14.416717725460733, 3519.1864538475033, 1.4885981000998292
2100-Jan-10 07:00:00, 9585.1622977336956, 3.4424789878503312, 6065.8499436495258, 14.432759421147228, 3519.3123540841707, 1.4886513552642153
2100-Jan-10 08:00:00, 9591.6386422612559, 3.4448049453314558, 6072.2000830006473, 14.447868603602599, 3519.4385592606081, 1.4887047394165844
2100-Jan-10 09:00:00, 9596.9915600774675, 3.4467274278657736, 6077.4264908631458, 14.460304039364607, 3519.5650692143222, 1.4887582524882026
2100-Jan-10 10:00:00, 9600.521346843896, 3.447995138979846, 6080.8294632329407, 14.468400890092257, 3519.6918836109548, 1.4888118943376381
2100-Jan-10 11:00:00, 9600.3211076445241, 3.4479232237409621, 6080.5021056709857, 14.467621992991228, 3519.8190019735384, 1.488865664763136
2100-Jan-10 12:00:00, 9593.041423060029, 3.4453087493646413, 6073.0949993746781, 14.44999791983172, 3519.946423685351, 1.4889195635038259
2100-Jan-10 13:00:00, 9579.110617798422, 3.4403055472375104, 6059.0364697889672, 14.416547805303571, 3520.0741480094548, 1.488973590247987
2100-Jan-10 14:00:00, 9561.8161914906414, 3.4340943118591025, 6041.6140173825124, 14.375093752459417, 3520.2021741081298, 1.4890277446412681
2100-Jan-10 15:00:00, 9545.6967568371219, 3.4283050708043228, 6025.3662557808075, 14.336434696184037, 3520.330501056314, 1.4890820262923723
2100-Jan-10 16:00:00, 9533.7660341178835, 3.4240201916343, 6013.3069062611703, 14.307741323942828, 3520.4591278567136, 1.4891364347794496
2100-Jan-10 17:00:00, 9527.0482381597285, 3.4216075176792557, 6006.4601846940914, 14.291450600281804, 3520.5880534656371, 1.4891909696610237
2100-Jan-10 18:00:00, 9524.9826139172983, 3.4208656556397323, 6004.2653371325587, 14.286228297205406, 3520.7172767847405, 1.4892456304725006
2100-Jan-10 19:00:00, 9526.3386945893399, 3.4213526874785609, 6005.4918979004833, 14.289146710394544, 3520.846796688857, 1.4893004167379404
2100-Jan-10 20:00:00, 9529.9527864231641, 3.4226506764756843, 6008.9761744022599, 14.297437011831944, 3520.9766120209042, 1.4893553279679033
2100-Jan-10 21:00:00, 9534.5763798604112, 3.4243112245980512, 6013.4696582729666, 14.308128567388247, 3521.1067215874441, 1.4894103636575708
2100-Jan-10 22:00:00, 9540.1324633969143, 3.4263066734214558, 6018.8953392467902, 14.321038142949552, 3521.2371241501237, 1.489465523283126
2100-Jan-10 23:00:00, 9545.7529427585159, 3.428325249790114, 6024.3851243487834, 14.334100244450072, 3521.3678184097325, 1.4895208062950094
2100-Jan-11 00:00:00, 9551.4519224711148, 3.4303720192973395, 6029.9531194857727, 14.347348434731208, 3521.4988029853421, 1.489576212109095
2100-Jan-11 01:00:00, 9557.0540973065836, 3.4323840216566448, 6035.4240209177897, 14.360365605435829, 3521.630076388793, 1.4896317400958992
2100-Jan-11 02:00:00, 9562.3137047290293, 3.4342729920750581, 6040.552067720123, 14.37256700614406, 3521.7616370089067, 1.4896873895739016
2100-Jan-11 03:00:00, 9567.1587084826115, 3.4360130589721734, 6045.265225389805, 14.383781241806396, 3521.8934830928065, 1.4897431598016437
2100-Jan-11 04:00:00, 9572.0716246829434, 3.4377775163974493, 6050.0460119636564, 14.395156390071724, 3522.0256127192874, 1.4897990499664662
2100-Jan-11 05:00:00, 9577.4474883780022, 3.4397082398674277, 6055.2894645808374, 14.407632381212782, 3522.1580237971643, 1.489855059183808
2100-Jan-11 06:00:00, 9584.0922551855911, 3.4420946856472452, 6061.8015411122306, 14.423126868346953, 3522.2907140733596, 1.4899111865006287
2100-Jan-11 07:00:00, 9592.6836294536533, 3.4451802489873207, 6070.259948312023, 14.443252350733559, 3522.4236811416304, 1.4899674308990996
2100-Jan-11 08:00:00, 9603.3601688652925, 3.4490146924162248, 6080.8032464107, 14.468338511185475, 3522.556922454593, 1.4900237913016903
2100-Jan-11 09:00:00, 9615.5539248418463, 3.4533940391010676, 6092.8634894747329, 14.497034009478501, 3522.6904353671143, 1.4900802665895232
2100-Jan-11 10:00:00, 9625.6875807727156, 3.4570335077431764, 6102.8633636141712, 14.520827175982292, 3522.8242171585439, 1.4901368556117762
2100-Jan-11 11:00:00, 9630.3628257029486, 3.4587126063265341, 6107.4045606138652, 14.531632257609681, 3522.9582650890834, 1.4901935572095293
2100-Jan-11 12:00:00, 9631.1669252563843, 3.4590013959923591, 6108.0743488222879, 14.533225915904081, 3523.0925764340955, 1.4902503702302738
2100-Jan-11 13:00:00, 9629.1280408598868, 3.4582691374790886, 6105.9008923090887, 14.52805450954574, 3523.2271485507986, 1.490307293556127
2100-Jan-11 14:00:00, 9624.2914473158235, 3.4565320910805997, 6100.9294684256611, 14.516225769046617, 3523.3619788901624, 1.4903643261088619
2100-Jan-11 15:00:00, 9618.041013838958, 3.4542872687979185, 6094.5439487497579, 14.501032404535877, 3523.4970650891996, 1.4904214668889466
2100-Jan-11 16:00:00, 9612.9921448894784, 3.4524739843973924, 6089.3597399135033, 14.488697374883358, 3523.6324049759755, 1.4904787149776639
2100-Jan-11 17:00:00, 9610.0204529086168, 3.4514067111593691, 6086.2524562743492, 14.481304070130719, 3523.767996634268, 1.4905360695644614
2100-Jan-11 18:00:00, 9609.8205326776952, 3.4513349104769375, 6085.9166942627817, 14.480505175931105, 3523.9038384149126, 1.4905935299517508
2100-Jan-11 19:00:00, 9612.4945108541178, 3.4522952607976078, 6088.4545818629867, 14.486543690156143, 3524.0399289911311, 1.4906510955783117
2100-Jan-11 20:00:00, 9616.7919729086552, 3.4538386799244103, 6092.6157055755757, 14.496444445701258, 3524.17626733308, 1.4907087660085254
2100-Jan-11 21:00:00, 9621.8184765820079, 3.4556439319108021, 6097.5056238188236, 14.508079256032786, 3524.3128527631843, 1.4907665409557813
2100-Jan-11 22:00:00, 9626.506732095153, 3.4573277032015075, 6102.0570471808915, 14.518908669720687, 3524.4496849142611, 1.4908244202647627
2100-Jan-11 23:00:00, 9631.0693485316497, 3.4589663516379532, 6106.4825847977245, 14.529438557589058, 3524.5867637339252, 1.4908824039133111
2100-Jan-12 00:00:00, 9635.3290748768486, 3.4604962181109293, 6110.6049854086423, 14.539247177453989, 3524.7240894682068, 1.4909404920054958
2100-Jan-12 01:00:00, 9639.7223221817712, 3.4620740381901163, 6114.8606595584797, 14.549372901260213, 3524.861662623292, 1.4909986847554311
2100-Jan-12 02:00:00, 9643.9623130680175, 3.4635968167390021, 6118.9628291306344, 14.55913338447191, 3524.9994839373826, 1.4910569824753728
2100-Jan-12 03:00:00, 9647.8624003157674, 3.4649975200327101, 6122.7248459800476, 14.5680845264603, 3525.1375543357194, 1.4911153855566928
2100-Jan-12 04:00:00, 9651.5261193183214, 3.4663133324615369, 6126.2502444245019, 14.576472671252073, 3525.275874893819, 1.4911738944543291
2100-Jan-12 05:00:00, 9655.0803223933763, 3.4675898126112079, 6129.6658755865492, 14.584599641633991, 3525.4144468068266, 1.4912325096738226
2100-Jan-12 06:00:00, 9659.4034341656807, 3.4691424437483773, 6133.8501628245831, 14.594555511234548, 3525.5532713410971, 1.4912912317508344
2100-Jan-12 07:00:00, 9663.8711550238149, 3.4707470107551712, 6138.1788052146367, 14.604854851774817, 3525.6923498091783, 1.4913500612405661
2100-Jan-12 08:00:00, 9668.2835845411973, 3.4723317200618204, 6142.4519009920432, 14.615022027671314, 3525.8316835491551, 1.4914089987090207
2100-Jan-12 09:00:00, 9672.6071408010139, 3.4738845108351937, 6146.6358669026167, 14.624977132722471, 3525.9712738983972, 1.4914680447218986
2100-Jan-12 10:00:00, 9676.7711288135088, 3.4753799932061145, 6150.6600066333222, 14.634551955896452, 3526.1111221801871, 1.4915271998389421
2100-Jan-12 11:00:00, 9673.3093042781547, 3.4741366905000768, 6147.0580745843235, 14.625981711133154, 3526.2512296938321, 1.4915864646097512
2100-Jan-12 12:00:00, 9659.8267804521674, 3.469294487151561, 6133.4351827427481, 14.593568129789025, 3526.3915977094202, 1.4916458395715668
2100-Jan-12 13:00:00, 9641.5924014140546, 3.4627456708931192, 6115.0601739413596, 14.549847615128165, 3526.5322274726959, 1.4917053252513326
2100-Jan-12 14:00:00, 9620.1671902682119, 3.4550508779528619, 6093.4940700587122, 14.498534379245108, 3526.6731202094998, 1.4917649221675728
2100-Jan-12 15:00:00, 9599.1706172042268, 3.4475100289464011, 6072.3563400877465, 14.448240393371041, 3526.8142771164798, 1.4918246308264638
2100-Jan-12 16:00:00, 9583.1319308861857, 3.4417497883862977, 6056.1762315102433, 14.409742307088569, 3526.9556993759425, 1.4918844517281151
2100-Jan-12 17:00:00, 9574.0804564558166, 3.4384989816114371, 6046.9830682907905, 14.387868585466983, 3527.0973881650257, 1.4919443853704499
2100-Jan-12 18:00:00, 9571.6058518021746, 3.4376102356247977, 6044.3665071537616, 14.381642879629831, 3527.2393446484139, 1.4920044322461241
2100-Jan-12 19:00:00, 9573.6920871597995, 3.4383595000774227, 6046.310517189695, 14.386268353293303, 3527.381569970104, 1.4920645928390426
2100-Jan-12 20:00:00, 9579.0098092391454, 3.4402693421805353, 6051.4857439780862, 14.398582011540805, 3527.5240652610601, 1.4921248676275973
2100-Jan-12 21:00:00, 9586.7580985507448, 3.4430521143776498, 6059.091266936065, 14.416678186709042, 3527.6668316146788, 1.4921852570742897
2100-Jan-12 22:00:00, 9595.1445688517124, 3.4460640871431125, 6067.3346987918967, 14.436292168242561, 3527.8098700598148, 1.4922457616143199
2100-Jan-12 23:00:00, 9603.9311946182661, 3.4492197744059787, 6075.9780130730278, 14.456857608663904, 3527.9531815452387, 1.4923063816490132
2100-Jan-13 00:00:00, 9613.1047918371987, 3.4525144411719912, 6085.0080249444536, 14.47834313668077, 3528.0967668927442, 1.4923671175259843
2100-Jan-13 01:00:00, 9622.4985342752734, 3.4558881723573247, 6094.257907503229, 14.500351813269356, 3528.2406267720448, 1.4924279695285183
2100-Jan-13 02:00:00, 9632.23453556803, 3.4593848246658543, 6103.8497739008417, 14.523174187941096, 3528.3847616671883, 1.4924889378613653
2100-Jan-13 03:00:00, 9641.5457580436741, 3.4627289190826156, 6113.0165861989935, 14.544985211587759, 3528.5291718446815, 1.4925500226372561
2100-Jan-13 04:00:00, 9650.091152218396, 3.4657979688259188, 6121.4172948842424, 14.564973409210134, 3528.6738573341536, 1.4926112238687239
2100-Jan-13 05:00:00, 9657.8925455517201, 3.4685998131548641, 6129.073727623806, 14.583190716393936, 3528.8188179279136, 1.4926725414679163
2100-Jan-13 06:00:00, 9665.542664541561, 3.4713473278091862, 6136.5786113671302, 14.601047435989264, 3528.9640531744299, 1.4927339752438378
2100-Jan-13 07:00:00, 9673.516442272623, 3.474211083418151, 6144.4068798745229, 14.619673600022487, 3529.1095623981009, 1.4927955249107123
2100-Jan-13 08:00:00, 9681.8155129503011, 3.4771916669011604, 6152.5601682165843, 14.639073098893279, 3529.2553447337168, 1.4928571901025605
2100-Jan-13 09:00:00, 9690.1679636259723, 3.4801914216319547, 6160.7665644657118, 14.658598959882019, 3529.4013991602596, 1.492918970387497
2100-Jan-13 10:00:00, 9697.9917576362222, 3.4830013110891129, 6168.4440330802172, 14.676866318703279, 3529.5477245560051, 1.4929808652910377
2100-Jan-13 11:00:00, 9699.6191985033092, 3.4835858010346032, 6169.9248787503175, 14.680389763809069, 3529.6943197529918, 1.4930428743191413
2100-Jan-13 12:00:00, 9691.4555609973031, 3.4806538579223307, 6161.614377397339, 14.660616200695753, 3529.8411835999646, 1.4931049969848322
2100-Jan-13 13:00:00, 9677.2612957591264, 3.4755560350255861, 6147.2729807460528, 14.626493047377732, 3529.9883150130731, 1.4931672328296479
2100-Jan-13 14:00:00, 9658.1021304296773, 3.4686750848629613, 6127.9664173687106, 14.580556041506686, 3530.1357130609676, 1.4932295814596315
2100-Jan-13 15:00:00, 9639.7794495240159, 3.4620945552840579, 6109.496072551985, 14.536608689422165, 3530.283376972031, 1.4932920425483929
2100-Jan-13 16:00:00, 9625.9581052676913, 3.4571306657109524, 6095.5267990437615, 14.503370946038245, 3530.4313062239289, 1.4933546158749877
2100-Jan-13 17:00:00, 9617.8535918326525, 3.4542199568110656, 6087.2740912685931, 14.483734893877617, 3530.5795005640603, 1.4934173013325667
2100-Jan-13 18:00:00, 9614.3060816555626, 3.4529458803933188, 6083.5781216373207, 14.47494090111295, 3530.7279600182428, 1.4934800989320507
2100-Jan-13 19:00:00, 9614.1041118461217, 3.4528733436116159, 6083.2274269134405, 14.474106476815109, 3530.8766849326807, 1.4935430088198822
2100-Jan-13 20:00:00, 9615.8825199748135, 3.4535120529442986, 6084.8568440333183, 14.477983424894335, 3531.0256759414951, 1.4936060312642914
2100-Jan-13 21:00:00, 9619.6603795125156, 3.4548688585646548, 6088.4854455545892, 14.486617125575727, 3531.174933957926, 1.493669166651574
2100-Jan-13 22:00:00, 9624.3589853202502, 3.4565563471290521, 6093.0345251708131, 14.49744096267993, 3531.3244601494375, 1.4937324154755616
2100-Jan-13 23:00:00, 9629.2054305186539, 3.4582969317162551, 6097.7311746291261, 14.508615919585724, 3531.4742558895277, 1.4937957783172371
2100-Jan-14 00:00:00, 9633.8743233293917, 3.4599737489571369, 6102.2500006382015, 14.519367772872712, 3531.6243226911902, 1.4938592558165888
2100-Jan-14 01:00:00, 9638.7102250372336, 3.46171054688496, 6106.9355628773028, 14.530516349441205, 3531.7746621599308, 1.4939228486527378
2100-Jan-14 02:00:00, 9643.1561513475754, 3.4633072864527921, 6111.2308754249907, 14.540736386734464, 3531.9252759225847, 1.4939865575138271
2100-Jan-14 03:00:00, 9647.1563130681279, 3.4647439311587731, 6115.0801475079807, 14.549895139165933, 3532.0761655601482, 1.49405038306861
2100-Jan-14 04:00:00, 9650.6654210074539, 3.4660042155412381, 6118.4380884564498, 14.557884844534497, 3532.2273325510041, 1.4941143259424354
2100-Jan-14 05:00:00, 9654.2388578387799, 3.467287603430159, 6121.8600796020773, 14.566026947521705, 3532.3787782367031, 1.494178386702772
2100-Jan-14 06:00:00, 9658.3446710608841, 3.4687621925196388, 6125.8141673050286, 14.575435092641838, 3532.5305037558546, 1.4942425658312462
2100-Jan-14 07:00:00, 9662.502477756454, 3.4702554548912552, 6129.819967713629, 14.584966280212178, 3532.6825100428246, 1.4943068637230896
2100-Jan-14 08:00:00, 9666.6755081609826, 3.4717541848070383, 6133.8407103615027, 14.594533020548685, 3532.8347977994799, 1.4943712806751888
2100-Jan-14 09:00:00, 9671.2979220167344, 3.4734143092866558, 6138.3105545003154, 14.60516832898935, 3532.987367516419, 1.4944358168950642
2100-Jan-14 10:00:00, 9671.7980151263364, 3.4735939160547309, 6138.6577956662095, 14.605994536075748, 3533.1402194601269, 1.4945004724954378
2100-Jan-14 11:00:00, 9668.3804368322126, 3.4723665042382783, 6135.087083120965, 14.597498573332466, 3533.2933537112472, 1.4945652475104214
2100-Jan-14 12:00:00, 9656.7435984777567, 3.4681871726551612, 6123.2968282844395, 14.569445470609782, 3533.4467701933177, 1.4946301419076717
2100-Jan-14 13:00:00, 9642.444137451108, 3.4630515690427464, 6108.8436687451485, 14.535056394644521, 3533.6004687059594, 1.4946951556024297
2100-Jan-14 14:00:00, 9627.636946605764, 3.4577336159637215, 6093.8824976501473, 14.499458583112958, 3533.7544489556162, 1.4947602884705224
2100-Jan-14 15:00:00, 9615.9399016219177, 3.4535326613709803, 6082.0311910080136, 14.47126021698436, 3533.9087106139045, 1.4948255403730453
2100-Jan-14 16:00:00, 9608.5791008278211, 3.4508890543792217, 6074.5158474963991, 14.453378609974948, 3534.0632533314219, 1.4948909111622029
2100-Jan-14 17:00:00, 9605.0225433227824, 3.4496117286438954, 6070.8044665443649, 14.44454794833667, 3534.2180767784184, 1.4949564006985125
2100-Jan-14 18:00:00, 9603.9391321061958, 3.4492226251282267, 6069.5659514253839, 14.441601091603026, 3534.3731806808128, 1.4950220088660393
2100-Jan-14 19:00:00, 9604.1093567278222, 3.4492837607318778, 6069.5807919112221, 14.441636402262503, 3534.5285648165991, 1.495087735570876
2100-Jan-14 20:00:00, 9604.6302068879431, 3.4494708223252384, 6069.9459778371629, 14.44250530615265, 3534.6842290507802, 1.4951535807559193
2100-Jan-14 21:00:00, 9605.0480787218094, 3.4496208995970692, 6070.2079054143587, 14.443128522642105, 3534.8401733074511, 1.4952195443890619
2100-Jan-14 22:00:00, 9605.2195719437477, 3.44968249081428, 6070.2231743656603, 14.443164852769423, 3534.9963975780865, 1.4952856264666976
2100-Jan-14 23:00:00, 9605.0042889073247, 3.4496051726316237, 6069.8513870056486, 14.442280241779583, 3535.1529019016766, 1.4953518270053188
2100-Jan-15 00:00:00, 9604.3505888277869, 3.4493703984339352, 6069.0409024913788, 14.44035181820866, 3535.309686336408, 1.4954181460295386
2100-Jan-15 01:00:00, 9603.1312007993383, 3.4489324593009729, 6067.6644498670103, 14.437076760340979, 3535.4667509323285, 1.4954845835605266
2100-Jan-15 02:00:00, 9601.192657667716, 3.4482362380174556, 6065.5685619611204, 14.432089916584472, 3535.6240957065952, 1.4955511396055403
2100-Jan-15 03:00:00, 9598.5606859344498, 3.4472909741703814, 6062.7789653243772, 14.42545249931992, 3535.7817206100722, 1.4956178141437955
2100-Jan-15 04:00:00, 9595.3792332702033, 3.44614836608433, 6059.4396077679421, 14.417507010281954, 3535.9396255022607, 1.495684607115862
2100-Jan-15 05:00:00, 9591.9651646004313, 3.4449222147377276, 6055.8673544621151, 14.409007381535224, 3536.0978101383166, 1.4957515184181718
2100-Jan-15 06:00:00, 9588.3829378870796, 3.4436356699920694, 6052.1266637501894, 14.400106981819489, 3536.2562741368906, 1.4958185478894159
2100-Jan-15 07:00:00, 9584.6644111016103, 3.4423001735312777, 6048.2493941091698, 14.390881613493598, 3536.4150169924401, 1.4958856953157529
2100-Jan-15 08:00:00, 9580.8452469400745, 3.4409285334933886, 6044.2712088854814, 14.381416132019503, 3536.5740380545931, 1.4959529604220783
2100-Jan-15 09:00:00, 9576.6402478846067, 3.4394183221435188, 6039.9069113460264, 14.37103195552084, 3536.7333365385794, 1.4960203428764383
2100-Jan-15 10:00:00, 9571.9044650075666, 3.4377174815589955, 6035.011553486499, 14.359384202456827, 3536.8929115210676, 1.4960878422882684
2100-Jan-15 11:00:00, 9566.6078033250724, 3.4358152032269893, 6029.5550413666206, 14.346401268913075, 3537.0527619584514, 1.4961554582161285
2100-Jan-15 12:00:00, 9560.7683549006906, 3.4337179848516342, 6023.5554682107331, 14.332126204941346, 3537.2128866899579, 1.4962231901690175
2100-Jan-15 13:00:00, 9554.4288936202283, 3.4314411885309872, 6017.055609170252, 14.3166607874526, 3537.3732844499768, 1.4962910376115885
2100-Jan-15 14:00:00, 9547.6252585727361, 3.428997685754041, 6010.0913046872884, 14.300090293280805, 3537.5339538854482, 1.4963589999715043
2100-Jan-15 15:00:00, 9540.2893252728154, 3.4263630098396622, 6002.5944317253679, 14.28225263411095, 3537.6948935474479, 1.4964270766358769
2100-Jan-15 16:00:00, 9532.3550591058138, 3.4235134446768094, 5994.4989571839724, 14.26299069431003, 3537.8561019218409, 1.4964952669642353
2100-Jan-15 17:00:00, 9524.0819822287485, 3.4205421967803704, 5986.0644048123586, 14.242921970827675, 3538.0175774163908, 1.4965635702830711
2100-Jan-15 18:00:00, 9515.5528981187781, 3.4174790047422841, 5977.3735797425516, 14.222243485772976, 3538.179318376227, 1.4966319858923824
2100-Jan-15 19:00:00, 9506.866304228899, 3.4143592435934336, 5968.5249811478843, 14.201189602818809, 3538.3413230810152, 1.4967005130644768
2100-Jan-15 20:00:00, 9498.1386284719501, 3.4112247280293966, 5959.6350387263328, 14.18003734857084, 3538.5035897456178, 1.4967691510442498
2100-Jan-15 21:00:00, 9489.304187370788, 3.4080518680489931, 5950.6380708556544, 14.158630443684702, 3538.6661165151327, 1.4968378990470874
2100-Jan-15 22:00:00, 9480.207889502839, 3.4047849630864087, 5941.3789880369623, 14.136599876488994, 3538.8289014658776, 1.4969067562592817
2100-Jan-15 23:00:00, 9470.8523151230584, 3.4014249398315828, 5931.8603725174298, 14.113951791044737, 3538.9919426056285, 1.4969757218381319
2100-Jan-16 00:00:00, 9461.3357090711943, 3.3980070825901945, 5922.1804712224912, 14.090919950839629, 3539.1552378487027, 1.4970447949014047
2100-Jan-16 01:00:00, 9451.7850142049483, 3.3945769824651091, 5912.4662291784562, 14.067806402090021, 3539.3187850264917, 1.4971139745317898
2100-Jan-16 02:00:00, 9442.286151842256, 3.3911654978103543, 5902.8035699696266, 14.044815586783821, 3539.482581872629, 1.4971832597706256
2100-Jan-16 03:00:00, 9432.8863237451551, 3.3877895809809306, 5893.2396977343697, 14.022059819927016, 3539.6466260107854, 1.4972526496127367
2100-Jan-16 04:00:00, 9423.5973642531644, 3.3844534822403043, 5883.7864492942172, 13.999567265420636, 3539.8109149589463, 1.4973221430082437
2100-Jan-16 05:00:00, 9414.3110021685134, 3.3811183163498382, 5874.335556061631, 13.977080314769365, 3539.9754461068819, 1.4973917388530322
2100-Jan-16 06:00:00, 9405.1330022675702, 3.3778220683753037, 5864.9927855416418, 13.954850625526365, 3540.140216725928, 1.4974614359928915
2100-Jan-16 07:00:00, 9396.3466205649784, 3.374666468767193, 5856.0413966060987, 13.933552168724436, 3540.3052239588801, 1.4975312332192381
2100-Jan-16 08:00:00, 9387.9444030229151, 3.3716488404327478, 5847.4739382171811, 13.91316721576209, 3540.4704648057336, 1.4976011292630853
2100-Jan-16 09:00:00, 9379.8723743344544, 3.3687497983209704, 5839.2364381943617, 13.893567348115262, 3540.6359361400928, 1.4976711228019837
2100-Jan-16 10:00:00, 9371.9704928182982, 3.3659118639971788, 5831.1688581194694, 13.874371778918293, 3540.8016346988284, 1.497741212455646
2100-Jan-16 11:00:00, 9363.8992004357824, 3.3630130863272192, 5822.9316433518488, 13.854772589992452, 3540.9675570839331, 1.4978113967867321
2100-Jan-16 12:00:00, 9355.3307449960557, 3.3599357542077031, 5814.1970452228079, 13.833989953658227, 3541.1336997732474, 1.4978816743053867
2100-Jan-16 13:00:00, 9346.2646773293127, 3.3566797063207967, 5804.9646182114948, 13.812022809867093, 3541.3000591178179, 1.4979520434681206
2100-Jan-16 14:00:00, 9336.6693475675802, 3.3532335757222498, 5795.2027162129216, 13.788795861566843, 3541.4666313546581, 1.4980225026832095
2100-Jan-16 15:00:00, 9326.5921671497417, 3.3496143900718005, 5784.9587545366039, 13.764421926212815, 3541.6334126131378, 1.4980930503133965
2100-Jan-16 16:00:00, 9316.4347537540398, 3.3459663890156386, 5774.6343548288405, 13.739856600902401, 3541.8003989251988, 1.4981636846802129
2100-Jan-16 17:00:00, 9306.4436145478248, 3.3423781047786347, 5764.4760283035112, 13.715686421253459, 3541.9675862443128, 1.4982344040719979
2100-Jan-16 18:00:00, 9296.8277997889818, 3.3389246170618745, 5754.6928293367455, 13.692408800084413, 3542.1349704522372, 1.4983052067467555
2100-Jan-16 19:00:00, 9287.377552904949, 3.3355305924937171, 5745.0750055387925, 13.669524663760507, 3542.302547366156, 1.4983760909351755
2100-Jan-16 20:00:00, 9277.9459400522173, 3.3321432602755925, 5735.4756272871582, 13.646684415784462, 3542.4703127650582, 1.4984470548517919
2100-Jan-16 21:00:00, 9268.5037299986252, 3.3287521221082144, 5725.865467593695, 13.623818515021492, 3542.6382624049297, 1.498518096701408
2100-Jan-16 22:00:00, 9259.0860626492267, 3.3253697983709798, 5716.2796706399467, 13.601010581660354, 3542.8063920092804, 1.4985892146750901
2100-Jan-16 23:00:00, 9249.9091737983108, 3.3220739494263474, 5706.9344764877587, 13.578775125756332, 3542.9746973105512, 1.4986604069676821
2100-Jan-17 00:00:00, 9241.3833496301941, 3.3190119281854775, 5698.2401755893115, 13.558088370500586, 3543.1431740408821, 1.498731671773901
2100-Jan-17 01:00:00, 9233.3739042107463, 3.3161353626454968, 5690.0620862664555, 13.53862986150054, 3543.3118179442909, 1.4988030072934877
2100-Jan-17 02:00:00, 9225.8168545989502, 3.3134212735470885, 5682.3362298111124, 13.520247371234849, 3543.4806247878382, 1.4988744117359303
2100-Jan-17 03:00:00, 9219.0494700230665, 3.3109907900058042, 5675.3998796542655, 13.503743390093769, 3543.6495903688001, 1.4989458833234977
2100-Jan-17 04:00:00, 9213.2138599992159, 3.3088949501791647, 5669.395149490224, 13.489456055812239, 3543.8187105089924, 1.4990174202888391
2100-Jan-17 05:00:00, 9208.3071800674206, 3.3071327324888804, 5664.3191989963161, 13.477378610278176, 3543.9879810711041, 1.499089020881893
2100-Jan-17 06:00:00, 9204.219773479299, 3.3056647540804462, 5660.0623755268516, 13.467250151842208, 3544.1573979524478, 1.4991606833672431
2100-Jan-17 07:00:00, 9200.7806082123298, 3.3044295893748798, 5656.4536511346796, 13.458663745740296, 3544.3269570776497, 1.4992324060210269
2100-Jan-17 08:00:00, 9197.9590792637136, 3.3034162466877643, 5653.462424845633, 13.451546581648687, 3544.4966544180816, 1.499304187139155
2100-Jan-17 09:00:00, 9195.8055017180195, 3.3026427965134766, 5651.1390157369542, 13.446018386092586, 3544.6664859810649, 1.4993760250327448
2100-Jan-17 10:00:00, 9194.5349588363388, 3.3021864852860308, 5649.6985110227915, 13.442590926103025, 3544.8364478135472, 1.4994479180296749
2100-Jan-17 11:00:00, 9191.8662670482372, 3.3012280335540489, 5646.8597310441128, 13.435836484621213, 3545.0065360041249, 1.4995198644754413
2100-Jan-17 12:00:00, 9188.2072895702822, 3.2999139240279267, 5643.0305428795491, 13.426725518792704, 3545.1767466907336, 1.4995918627364102
2100-Jan-17 13:00:00, 9184.4249583197015, 3.2985555124068435, 5639.07788226922, 13.417320769220543, 3545.3470760504806, 1.4996639111955172
2100-Jan-17 14:00:00, 9180.9152672599248, 3.2972950185986178, 5635.3977469259544, 13.40856445171516, 3545.51752033397, 1.4997360082667872
2100-Jan-17 15:00:00, 9177.5087080735666, 3.2960715642578733, 5631.8206322322949, 13.400053256041833, 3545.6880758412722, 1.4998081523851683
2100-Jan-17 16:00:00, 9173.8270032362343, 3.2947492922766277, 5627.9682642806747, 13.390887137465873, 3545.8587389555591, 1.4998803420207607
2100-Jan-17 17:00:00, 9169.8578902479203, 3.2933237986190078, 5623.8283841093198, 13.381036927668299, 3546.0295061386014, 1.499952575676911
2100-Jan-17 18:00:00, 9165.5681966292559, 3.2917831694999728, 5619.367822672767, 13.370423705993666, 3546.2003739564884, 1.5000248519010926
2100-Jan-17 19:00:00, 9160.7701701413171, 3.2900599743307284, 5614.3988310683717, 13.35860075272938, 3546.3713390729449, 1.5000971692820777
2100-Jan-17 20:00:00, 9155.3017962844697, 3.2880960261454839, 5608.7593980075062, 13.345182586867177, 3546.542398276963, 1.5001695264616262
2100-Jan-17 21:00:00, 9149.0643584104037, 3.2858558711900931, 5602.3508099294168, 13.329934334632197, 3546.713548480986, 1.5002419221337173
2100-Jan-17 22:00:00, 9142.3205958288054, 3.2834338714090676, 5595.4358090940032, 13.313481150926417, 3546.8847867348013, 1.5003143550504261
2100-Jan-17 23:00:00, 9135.1864016937616, 3.2808716494411683, 5588.1302914699108, 13.296098792428436, 3547.0561102238503, 1.5003868240212082
2100-Jan-18 00:00:00, 9127.8944218441793, 3.2782527592615049, 5580.6669055578786, 13.278340810556777, 3547.2275162863016, 1.5004593279201226
2100-Jan-18 01:00:00, 9120.6170174910076, 3.2756391038226389, 5573.2180151067305, 13.260617318410642, 3547.3990023842766, 1.5005318656736593
2100-Jan-18 02:00:00, 9113.4522099186979, 3.2730658871411125, 5565.8816437925716, 13.243161548290198, 3547.5705661261272, 1.5006044362701634
2100-Jan-18 03:00:00, 9106.411681055326, 3.2705373047423314, 5558.6694758217509, 13.226001300972056, 3547.7422052335751, 1.5006770387459345
2100-Jan-18 04:00:00, 9099.4685968466383, 3.2680437192654392, 5551.5546792972418, 13.209072734073338, 3547.913917549397, 1.5007496721884783
2100-Jan-18 05:00:00, 9092.4759138757727, 3.2655323205589619, 5544.3902128736572, 13.192025985269284, 3548.0857010021159, 1.5008223357215702
2100-Jan-18 06:00:00, 9085.3970428759421, 3.262989967710082, 5537.1394892771168, 13.174774000754292, 3548.2575535988253, 1.5008950285022211
2100-Jan-18 07:00:00, 9078.2737562497095, 3.2604316631374988, 5529.8442828619618, 13.157416176196206, 3548.4294733877477, 1.5009677497048388
2100-Jan-18 08:00:00, 9071.1420940894313, 3.2578703505198701, 5522.5406356403819, 13.140038268034077, 3548.6014584490486, 1.5010404985173429
2100-Jan-18 09:00:00, 9064.0565321007907, 3.2553255946247326, 5515.2830252446638, 13.1227698974369, 3548.7735068561265, 1.5011132741247908
2100-Jan-18 10:00:00, 9056.2951219327151, 3.2525381101158888, 5507.3495052867447, 13.103893303723039, 3548.9456166459713, 1.5011860756968392
2100-Jan-18 11:00:00, 9047.8198684884501, 3.2494942511813889, 5498.7020826792505, 13.083318088169344, 3549.1177858091996, 1.501258902383529
2100-Jan-18 12:00:00, 9038.8648197323291, 3.2462780753650011, 5489.5748074915518, 13.061601137011893, 3549.2900122407777, 1.5013317532944417
2100-Jan-18 13:00:00, 9029.3245911858612, 3.2428517341836662, 5479.8622974504124, 13.038491709297482, 3549.4622937354479, 1.5014046274967643
2100-Jan-18 14:00:00, 9018.9969271463051, 3.2391425881780576, 5469.3622992001328, 13.013508574192498, 3549.6346279461718, 1.5014775239977112
2100-Jan-18 15:00:00, 9007.6920326534218, 3.2350824731228522, 5457.8850202650556, 12.986200149615858, 3549.8070123883663, 1.5015504417463168
2100-Jan-18 16:00:00, 8996.4871385086954, 3.2310582728583008, 5446.5076941155985, 12.95912954735954, 3549.9794443930969, 1.5016233796136349
2100-Jan-18 17:00:00, 8986.1726506570867, 3.2273538590365343, 5436.0207295331675, 12.934177423867798, 3550.1519211239188, 1.5016963363998637
2100-Jan-18 18:00:00, 8976.9028455223579, 3.2240246395192687, 5426.5784059722382, 12.911710863435621, 3550.3244395501192, 1.5017693108230272
2100-Jan-18 19:00:00, 8968.6760248095434, 3.2210700043695466, 5418.1790283708178, 12.891725832923024, 3550.4969964387255, 1.5018423015155942
2100-Jan-18 20:00:00, 8960.4348877525572, 3.2181102275526867, 5409.7652993969505, 12.871706655521232, 3550.6695883556067, 1.5019153070249445
2100-Jan-18 21:00:00, 8951.2004765481925, 3.2147937196471599, 5400.3582648865777, 12.849324059971407, 3550.8422116616148, 1.501988325811737
2100-Jan-18 22:00:00, 8940.5309890793742, 3.2109618088999392, 5389.5161265658953, 12.823526855054224, 3551.0148625134793, 1.5020613562502876
2100-Jan-18 23:00:00, 8928.6639811683272, 3.2066998126902253, 5377.4764443174699, 12.794880278067845, 3551.1875368508577, 1.502134396623092
2100-Jan-19 00:00:00, 8916.0242578882007, 3.2021602983395536, 5364.664027472375, 12.764395097648519, 3551.3602304158262, 1.5022074451290701
2100-Jan-19 01:00:00, 8902.9768654404888, 3.19747437097053, 5351.4439266935997, 12.732939895848952, 3551.5329387468887, 1.5022804998810313
2100-Jan-19 02:00:00, 8889.6265998032013, 3.1926796677082336, 5337.9209426198804, 12.700764029712282, 3551.7056571833205, 1.5023535589075128
2100-Jan-19 03:00:00, 8876.0375949676018, 3.1877992220611726, 5324.1592141030869, 12.668020107797439, 3551.8783808645144, 1.5024266201525021
2100-Jan-19 04:00:00, 8862.4454762867299, 3.1829176580869945, 5310.3943715419155, 12.635268776491701, 3552.051104744814, 1.502499681481712
2100-Jan-19 05:00:00, 8849.0321440386615, 3.1781003046623217, 5296.8083204434124, 12.602942852044229, 3552.2238235952495, 1.5025727406833149
2100-Jan-19 06:00:00, 8835.8902953908564, 3.173380453664882, 5283.4937633803165, 12.571262906006003, 3552.3965320105394, 1.5026457954709038
2100-Jan-19 07:00:00, 8823.0621158819158, 3.1687732558898021, 5270.4928914724469, 12.540329325674383, 3552.5692244094689, 1.5027188434836531
2100-Jan-19 08:00:00, 8810.4261522216475, 3.1642350917940307, 5257.6842571655652, 12.509853145224485, 3552.7418950560827, 1.5027918822952828
2100-Jan-19 09:00:00, 8798.1962753680091, 3.1598427724169662, 5245.2817373116741, 12.480343251816286, 3552.9145380563355, 1.5028649094126414
2100-Jan-19 10:00:00, 8786.461404120535, 3.1556282326481289, 5233.3742567616027, 12.452011228491001, 3553.0871473589332, 1.5029379222760622
2100-Jan-19 11:00:00, 8775.1047069744818, 3.1515495128432578, 5221.8449902064049, 12.424579107347341, 3553.259716768076, 1.5030109182647526
2100-Jan-19 12:00:00, 8763.8894152550201, 3.1475215783245085, 5210.4571753105802, 12.397483548728047, 3553.4322399444391, 1.5030838946972109
2100-Jan-19 13:00:00, 8752.5439612251994, 3.1434468964472368, 5198.9392508227111, 12.37007841429369, 3553.6047104024888, 1.5031568488300888
2100-Jan-19 14:00:00, 8741.2193501135698, 3.1393797002343384, 5187.4422285900428, 12.342723013569113, 3553.7771215235266, 1.5032297778637105
2100-Jan-19 15:00:00, 8730.0915894737936, 3.1353832022101669, 5176.1421229272091, 12.31583614561486, 3553.9494665465845, 1.5033026789382202
2100-Jan-19 16:00:00, 8719.4398526909717, 3.131557666562466, 5165.3181141038849, 12.290082077055521, 3554.1217385870877, 1.5033755491414778
2100-Jan-19 17:00:00, 8709.5110023170346, 3.12799175315129, 5155.2170717090612, 12.266048196207556, 3554.2939306079725, 1.5034483854968408
2100-Jan-19 18:00:00, 8700.3389480895676, 3.1246976405455027, 5145.8729126246053, 12.24381520308842, 3554.4660354649618, 1.5035211849823162
2100-Jan-19 19:00:00, 8691.6915782699507, 3.1215919665903273, 5137.0535323762579, 12.22283084070714, 3554.6380458936928, 1.5035939445251154
2100-Jan-19 20:00:00, 8684.0964697308336, 3.1188642087554355, 5129.2865152146642, 12.204350414855101, 3554.8099545161704, 1.5036666610043832
2100-Jan-19 21:00:00, 8677.8391390444303, 3.1166169093630121, 5122.857385177319, 12.189053286179272, 3554.9817538671109, 1.5037393312623426
2100-Jan-19 22:00:00, 8672.7047922715246, 3.1147729258880279, 5117.5513558879511, 12.176428403446197, 3555.1534363835735, 1.5038119520999078
2100-Jan-19 23:00:00, 8668.2118561565385, 3.1131593029060518, 5112.8868617133676, 12.165329955105319, 3555.3249944431714, 1.5038845202928477
2100-Jan-20 00:00:00, 8664.0203754371087, 3.1116539466213671, 5108.5239550589222, 12.154949088004171, 3555.496420378186, 1.503957032597756
2100-Jan-20 01:00:00, 8659.82645944861, 3.1101477157179391, 5104.1587529724602, 12.144562759274667, 3555.6677064761507, 1.5040294857522982
2100-Jan-20 02:00:00, 8655.4899880093944, 3.1085902865010713, 5099.6511429888524, 12.133837592799706, 3555.8388450205421, 1.5041018764924241
2100-Jan-20 03:00:00, 8651.010868505593, 3.1069816257088014, 5095.0010402034932, 12.122773386561805, 3556.0098283021002, 1.5041742015571555
2100-Jan-20 04:00:00, 8646.2841625181482, 3.1052840450588239, 5090.1035138740344, 12.111120473956241, 3556.1806486441142, 1.5042464576992824
2100-Jan-20 05:00:00, 8641.2726468314213, 3.1034841759577114, 5084.921348414824, 12.098790306205938, 3556.3512984165968, 1.504318641691359
2100-Jan-20 06:00:00, 8636.1988292465558, 3.101661931338211, 5079.6770591656004, 12.086312324427277, 3556.5217700809553, 1.5043907503445981
2100-Jan-20 07:00:00, 8631.2362095848621, 3.0998796230809877, 5074.5441533917729, 12.074099362541757, 3556.6920561930897, 1.5044627805101836
2100-Jan-20 08:00:00, 8627.1916387873971, 3.0984270290035316, 5070.3294893530738, 12.064071216003912, 3556.8621494343233, 1.5045347290923519
2100-Jan-20 09:00:00, 8624.5767796378132, 3.0974879110836651, 5067.5447370023858, 12.0574453249749, 3557.0320426354283, 1.5046065930585559
2100-Jan-20 10:00:00, 8623.423168462612, 3.0970735954875988, 5066.2214396609397, 12.054296741948752, 3557.2017288016727, 1.5046783694500592
2100-Jan-20 11:00:00, 8623.1101928378503, 3.0969611913385102, 5065.7389917028986, 12.053148831041572, 3557.3712011349517, 1.504750055391298
2100-Jan-20 12:00:00, 8623.0784130463762, 3.0969497777326693, 5065.5379600018123, 12.05267050694771, 3557.5404530445639, 1.5048216480944387
2100-Jan-20 13:00:00, 8623.1440041531205, 3.0969733345593293, 5065.4345259805586, 12.052424401561229, 3557.7094781725609, 1.5048931448701013
2100-Jan-20 14:00:00, 8623.3346386251942, 3.0970418002925206, 5065.4563682286644, 12.05247637183993, 3557.8782703965294, 1.5049645431285357
2100-Jan-20 15:00:00, 8623.4458745403899, 3.0970817502995067, 5065.3990506948176, 12.052339993560825, 3558.0468238455728, 1.5050358403863826
2100-Jan-20 16:00:00, 8623.5293833299529, 3.0971117422020371, 5065.3142504296511, 12.05213822433848, 3558.2151329003013, 1.5051070342666684
2100-Jan-20 17:00:00, 8623.8126329109182, 3.0972134703418956, 5065.42944070676, 12.052412301932321, 3558.3831922041591, 1.5051781225035969
2100-Jan-20 18:00:00, 8624.3935905511371, 3.097422119335743, 5065.8425939072231, 12.053395336593871, 3558.5509966439145, 1.5052491029342971
2100-Jan-20 19:00:00, 8625.2369341798476, 3.0977250033799764, 5066.5183928057204, 12.055003296403246, 3558.7185413741281, 1.5053199735091725
2100-Jan-20 20:00:00, 8626.1208723600466, 3.0980424668216351, 5067.2350505737704, 12.056708473624846, 3558.8858217862758, 1.5053907322788405
2100-Jan-20 21:00:00, 8626.9058067028873, 3.0983243733661605, 5067.852973184562, 12.058178725686023, 3559.0528335183253, 1.5054613773981838
2100-Jan-20 22:00:00, 8627.3973522517008, 3.0985009103063605, 5068.1777798074909, 12.058951553218963, 3559.219572444209, 1.5055319071218964
2100-Jan-20 23:00:00, 8627.5296408917384, 3.0985484213290762, 5068.1436062246485, 12.05887024242092, 3559.386034667089, 1.5056023198016357
2100-Jan-21 00:00:00, 8627.3411321605108, 3.0984807190486015, 5067.7889156635219, 12.058026310641328, 3559.5522164969889, 1.5056726138765602
2100-Jan-21 01:00:00, 8626.7470153833056, 3.0982673439947077, 5067.0289009175813, 12.056217972141926, 3559.7181144657252, 1.5057427878796459
2100-Jan-21 02:00:00, 8625.9027263867301, 3.0979641204247668, 5066.019001093, 12.05381507043103, 3559.8837252937301, 1.5058128404236522
2100-Jan-21 03:00:00, 8624.9560950613632, 3.0976241409496579, 5064.9070491657403, 12.051169351396911, 3560.0490458956224, 1.505882770203478
2100-Jan-21 04:00:00, 8623.9849528151299, 3.0972753584592807, 5063.7708794548926, 12.048466009861826, 3560.2140733602369, 1.5059525759877157
2100-Jan-21 05:00:00, 8623.1718837900498, 3.0969833474377069, 5062.7930788598305, 12.046139483343451, 3560.3788049302188, 1.5060222566100179
2100-Jan-21 06:00:00, 8622.6004042448112, 3.0967781024699788, 5062.0571662314951, 12.044388492135555, 3560.5432380133166, 1.5060918109738752
2100-Jan-21 07:00:00, 8622.248190245773, 3.096651605989976, 5061.5408201104392, 12.043159925749562, 3560.7073701353329, 1.506161238032715
2100-Jan-21 08:00:00, 8622.0572391735877, 3.0965830265509133, 5061.18604022413, 12.0423157814344, 3560.8711989494582, 1.5062305367938482
2100-Jan-21 09:00:00, 8622.0948963223982, 3.0965965509899886, 5061.0601741106302, 12.042016302325569, 3561.0347222117675, 1.5062997063081061
2100-Jan-21 10:00:00, 8622.4559778736311, 3.0967262322217097, 5061.2580401239684, 12.042487094151062, 3561.1979377496627, 1.5063687456564907
2100-Jan-21 11:00:00, 8622.9136522848239, 3.0968906044560933, 5061.5528088181882, 12.043188451040546, 3561.3608434666367, 1.50643765395219
2100-Jan-21 12:00:00, 8623.0428116724561, 3.0969369916182714, 5061.519374368153, 12.043108898895634, 3561.5234373043031, 1.5065064303245173
2100-Jan-21 13:00:00, 8622.76938209943, 3.0968387903014278, 5061.0836648631721, 12.042072194967691, 3561.6857172362584, 1.5065750739163135
2100-Jan-21 14:00:00, 8621.8305840253925, 3.0965016241123404, 5059.982902791452, 12.039453100478271, 3561.8476812339409, 1.5066435838695076
2100-Jan-21 15:00:00, 8620.6508860838858, 3.0960779395413858, 5058.6415588179098, 12.036261578259458, 3562.0093272659765, 1.5067119593248388
2100-Jan-21 16:00:00, 8619.5657608128695, 3.0956882204288005, 5057.3951075512532, 12.033295838679852, 3562.1706532616163, 1.5067801994063905
2100-Jan-21 17:00:00, 8617.8087143770535, 3.0950571830766833, 5055.4770572642783, 12.028732132256723, 3562.3316571127762, 1.5068483032224538
2100-Jan-21 18:00:00, 8614.7361594196882, 3.0939536852379201, 5052.2438227744751, 12.021039146776205, 3562.4923366452122, 1.5069162698533345
2100-Jan-21 19:00:00, 8610.3910328081001, 3.0923931475448359, 5047.7383431901362, 12.010319049259495, 3562.6526896179639, 1.5069840983511178
2100-Jan-21 20:00:00, 8605.2762037202137, 3.0905561737811622, 5042.4634900116434, 11.997768345299738, 3562.8127137085703, 1.5070517877334142
2100-Jan-21 21:00:00, 8600.2346094779386, 3.0887455020674026, 5037.2622029701106, 11.985392680677608, 3562.9724065078281, 1.5071193369811429
2100-Jan-21 22:00:00, 8596.0356765970246, 3.0872374693638398, 5032.903911101821, 11.975022793752196, 3563.1317654952031, 1.5071867450281309
2100-Jan-21 23:00:00, 8593.0498341269158, 3.0861651140249204, 5029.7590460670008, 11.967540069833669, 3563.2907880599155, 1.5072540107700312
2100-Jan-22 00:00:00, 8591.2127964721112, 3.0855053480939829, 5027.763324988844, 11.962791557677857, 3563.4494714832672, 1.5073211330568486
2100-Jan-22 01:00:00, 8590.1295454208612, 3.0851163021011594, 5026.5217324865152, 11.959837378782618, 3563.6078129343455, 1.5073881106911209
2100-Jan-22 02:00:00, 8589.5895981526082, 3.0849223818452711, 5025.8237886921661, 11.958176728590658, 3563.7658094604421, 1.5074549424238679
2100-Jan-22 03:00:00, 8589.4625812768172, 3.0848767641590564, 5025.5391232783277, 11.957499410906967, 3563.9234579984891, 1.5075216269594267
2100-Jan-22 04:00:00, 8589.6279680472544, 3.0849361622646301, 5025.547212687793, 11.95751865841585, 3564.0807553594614, 1.5075881629488563
2100-Jan-22 05:00:00, 8590.2599751191847, 3.0851631454911743, 5026.0222768930735, 11.958649000816026, 3564.2376982261112, 1.5076545489889777
2100-Jan-22 06:00:00, 8591.4355718381867, 3.0855853571217806, 5027.0412886917647, 11.961073583071514, 3564.3942831464215, 1.5077207836196047
2100-Jan-22 07:00:00, 8593.2329826253681, 3.0862308911957181, 5028.6824760913396, 11.964978536725679, 3564.5505065340285, 1.5077868653237236
2100-Jan-22 08:00:00, 8596.3091549539349, 3.0873356882012524, 5031.6027902993264, 11.971926976398533, 3564.7063646546089, 1.5078527925217349
2100-Jan-22 09:00:00, 8600.309315271561, 3.0887723324033769, 5035.4474616292018, 11.981074782043738, 3564.8618536423592, 1.5079185635784229
2100-Jan-22 10:00:00, 8604.6623694199916, 3.0903357172448094, 5039.6453999337546, 11.99106313226296, 3565.0169694862366, 1.5079841767971367
2100-Jan-22 11:00:00, 8607.2561872211536, 3.0912672782347492, 5042.0844791744657, 11.996866547154085, 3565.1717080466883, 1.5080496304268667
2100-Jan-22 12:00:00, 8607.6710182338575, 3.0914162634058275, 5042.3449531892984, 11.997486305114876, 3565.3260650445591, 1.5081149226575514
2100-Jan-22 13:00:00, 8605.6553495352382, 3.0906923427328197, 5040.175313446206, 11.992323980175501, 3565.4800360890326, 1.5081800516318982
2100-Jan-22 14:00:00, 8601.7208086670635, 3.0892792655365442, 5036.0871919686833, 11.982596922249961, 3565.6336166983797, 1.5082450154541578
2100-Jan-22 15:00:00, 8597.4654009897476, 3.0877509500986968, 5031.6785987040921, 11.972107350868434, 3565.7868022856555, 1.5083098121840759
2100-Jan-22 16:00:00, 8594.4153275922363, 3.0866555264369802, 5028.4757393653563, 11.964486638400244, 3565.9395882268791, 1.5083744398657319
2100-Jan-22 17:00:00, 8593.2926122515655, 3.0862523069765739, 5027.2006424043275, 11.961452740785214, 3566.0919698472376, 1.5084388965217035
2100-Jan-22 18:00:00, 8594.1127021272951, 3.0865468395131819, 5027.8687596634791, 11.963042423312153, 3566.2439424638155, 1.5085031801711413
2100-Jan-22 19:00:00, 8596.336705399739, 3.0873455828517384, 5029.9412039927101, 11.967973486674316, 3566.3955014070293, 1.5085672888388348
2100-Jan-22 20:00:00, 8599.5302814235147, 3.0884925450018264, 5032.9836393720443, 11.975212494940633, 3566.5466420514708, 1.5086312205682597
2100-Jan-22 21:00:00, 8603.3549944129845, 3.0898661778827137, 5036.65763458122, 11.983954202938866, 3566.697359831765, 1.5086949734282857
2100-Jan-22 22:00:00, 8607.6764144339722, 3.0914182014330547, 5040.8287641743809, 11.99387876594187, 3566.8476502595909, 1.5087585455203754
2100-Jan-22 23:00:00, 8612.32001358259, 3.0930859345397645, 5045.3225046294183, 12.004570932001226, 3566.9975089531713, 1.5088219349910592
2100-Jan-23 00:00:00, 8617.1460493577451, 3.0948191891508539, 5049.9991177115835, 12.015698215423615, 3567.1469316461612, 1.5088851400356948
2100-Jan-23 01:00:00, 8622.1353884826058, 3.0966110936139271, 5054.8394742994824, 12.02721510139915, 3567.2959141831229, 1.5089481588965532
2100-Jan-23 02:00:00, 8627.2469582647755, 3.0984468968088517, 5059.8025057213536, 12.03902387332343, 3567.4444525434219, 1.5090109898729258
2100-Jan-23 03:00:00, 8632.4122709650492, 3.1003020015931049, 5064.8197281292514, 12.050961584385897, 3567.5925428357978, 1.5090736313188295
2100-Jan-23 04:00:00, 8637.5546014838528, 3.1021488524037322, 5069.8144201842751, 12.062845687929926, 3567.7401812995777, 1.5091360816435189
2100-Jan-23 05:00:00, 8642.6070806894077, 3.1039634334156556, 5074.7197163755718, 12.074517087729813, 3567.8873643138354, 1.5091983393153598
2100-Jan-23 06:00:00, 8647.6526150976351, 3.1057755202268416, 5079.618526711718, 12.086173055432319, 3568.0340883859176, 1.509260402856978
2100-Jan-23 07:00:00, 8652.8609468719533, 3.1076460751676884, 5084.6805967100163, 12.098217474456389, 3568.180350161937, 1.5093222708496958
2100-Jan-23 08:00:00, 8658.5849430455928, 3.109701829253245, 5090.2587966237179, 12.111489945438269, 3568.3261464218745, 1.5093839419314619
2100-Jan-23 09:00:00, 8665.1659225710791, 3.1120653660439905, 5096.6944484725691, 12.126802591764109, 3568.47147409851, 1.5094454148048571
2100-Jan-23 10:00:00, 8672.4503967773744, 3.1146815605969649, 5103.8340665198048, 12.143790217668458, 3568.6163302575701, 1.5095066882286987
2100-Jan-23 11:00:00, 8679.1315846170273, 3.1170810868686614, 5110.3708724974831, 12.159343544726495, 3568.7607121195442, 1.509567761027268
2100-Jan-23 12:00:00, 8676.5873235541858, 3.1161673240155787, 5107.6827064896561, 12.152947466083683, 3568.9046170645302, 1.5096286320923595
2100-Jan-23 13:00:00, 8667.8371634963423, 3.1130247332900596, 5098.7891208678848, 12.131786543399668, 3569.048042628458, 1.5096893003816838
2100-Jan-23 14:00:00, 8657.5751579155149, 3.1093391683003513, 5088.3841713961101, 12.107029562282367, 3569.1909865194057, 1.5097497649257698
2100-Jan-23 15:00:00, 8648.6645498817998, 3.1061389532208126, 5079.3311032742722, 12.085489175454544, 3569.3334466075285, 1.5098100248237039
2100-Jan-23 16:00:00, 8643.0863588717766, 3.1041355645722173, 5073.610937930981, 12.071878919510883, 3569.4754209407956, 1.5098700792497868
2100-Jan-23 17:00:00, 8641.2146477676361, 3.1034633457878935, 5071.5977400198963, 12.067088823912119, 3569.6169077477393, 1.5099299274546967
2100-Jan-23 18:00:00, 8642.3909237049102, 3.1038858013574706, 5072.6330182932979, 12.069552109748853, 3569.7579054116118, 1.509989568754557
2100-Jan-23 19:00:00, 8645.834195440546, 3.1051224408875271, 5075.9357829319815, 12.077410531552495, 3569.898412508564, 1.5100490025470874
2100-Jan-23 20:00:00, 8651.1023629409592, 3.1070144856293194, 5081.063935198501, 12.089612183196577, 3570.0384277424587, 1.5101082282840281
2100-Jan-23 21:00:00, 8658.1937127888086, 3.1095613202147376, 5088.0157628054221, 12.10615299055582, 3570.177949983387, 1.5101672454874333
2100-Jan-23 22:00:00, 8667.0453403137362, 3.1127403526417678, 5096.7283620975268, 12.126883284032244, 3570.316978216209, 1.510226053727904
2100-Jan-23 23:00:00, 8677.2841972713722, 3.1164176038808624, 5106.8286857448984, 12.150915454730903, 3570.4555115264739, 1.5102846526186322
2100-Jan-24 00:00:00, 8688.4141585200341, 3.120414892246357, 5117.8206094528832, 12.17706905099964, 3570.5935490671509, 1.5103430418013279
2100-Jan-24 01:00:00, 8700.0093788007543, 3.1245792768374572, 5129.2782887568801, 12.204330841260767, 3570.7310900438738, 1.5104012209399784
2100-Jan-24 02:00:00, 8711.9246179760776, 3.1288585951444574, 5141.0564843071497, 12.232355250761737, 3570.8681336689274, 1.5104591897013844
2100-Jan-24 03:00:00, 8724.0625946350265, 3.1332179088739003, 5153.0579154929419, 12.260910815212409, 3571.0046791420837, 1.5105169477470528
2100-Jan-24 04:00:00, 8736.3381522780091, 3.1376266343537083, 5165.1974266467232, 12.289794919765026, 3571.1407256312864, 1.5105744947250288
2100-Jan-24 05:00:00, 8748.6376490761013, 3.1420439575010248, 5177.3613768186988, 12.318737173212417, 3571.276272257403, 1.5106318302634432
2100-Jan-24 06:00:00, 8760.8396679566831, 3.1464262717802196, 5189.4283498696368, 12.347448684476884, 3571.4113180870463, 1.5106889539674782
2100-Jan-24 07:00:00, 8772.8341896627007, 3.1507340641430095, 5201.2883275403137, 12.375667681987737, 3571.5458621223866, 1.5107458654150567
2100-Jan-24 08:00:00, 8784.5474084779198, 3.1549408275132049, 5212.8675051554083, 12.403218558841912, 3571.6799033225111, 1.510802564165878
2100-Jan-24 09:00:00, 8795.9231595355868, 3.1590263904667184, 5224.109718912704, 12.429967681887732, 3571.8134406228828, 1.5108590497696484
2100-Jan-24 10:00:00, 8806.8146015278871, 3.162938015438864, 5234.868128572014, 12.45556566729941, 3571.946472955874, 1.5109153217747664
2100-Jan-24 11:00:00, 8817.0096251657706, 3.1665995240877423, 5244.9306258747483, 12.479507836013681, 3572.0789992910218, 1.5109713797453517
2100-Jan-24 12:00:00, 8826.1657404646448, 3.1698879122806227, 5253.9547218020771, 12.500979287949093, 3572.2110186625682, 1.5110272232728936
2100-Jan-24 13:00:00, 8833.8915316130278, 3.1726626043376487, 5261.5490014045581, 12.519048711277687, 3572.3425302084693, 1.5110828519927517
2100-Jan-24 14:00:00, 8840.2951012406156, 3.1749624249567967, 5267.8215680105786, 12.533973321285984, 3572.4735332300379, 1.511138265609385
2100-Jan-24 15:00:00, 8845.7791149582408, 3.176931990145742, 5273.1750877551949, 12.546711200272142, 3572.6040272030455, 1.5111934639010474
2100-Jan-24 16:00:00, 8850.6199600084656, 3.1786705634584522, 5277.8859481851468, 12.557919970004946, 3572.7340118233196, 1.5112484467390752
2100-Jan-24 17:00:00, 8855.0129032324621, 3.1802482743279912, 5282.1494161940609, 12.568064238103242, 3572.8634870384021, 1.5113032141012794
2100-Jan-24 18:00:00, 8859.0782356534983, 3.1817083248731293, 5286.0857825837702, 12.577430218077019, 3572.9924530697281, 1.5113577660813258
2100-Jan-24 19:00:00, 8862.8886454325093, 3.1830768208038083, 5289.7677349983442, 12.586190859024837, 3573.1209104341651, 1.5114121028978464
2100-Jan-24 20:00:00, 8866.4665063267112, 3.1843617975801175, 5293.217646395904, 12.594399393968466, 3573.2488599308067, 1.511466224888854
2100-Jan-24 21:00:00, 8869.8289354592634, 3.1855694027596022, 5296.4526327921467, 12.602096547841606, 3573.3763026671172, 1.5115201325228005
2100-Jan-24 22:00:00, 8872.851906835278, 3.1866550928209239, 5299.3486667943926, 12.608987216489558, 3573.5032400408854, 1.5115738263909433
2100-Jan-24 23:00:00, 8875.4876120486442, 3.1876016975348915, 5301.8579383329725, 12.614957643185749, 3573.6296737156722, 1.5116273071969604
2100-Jan-25 00:00:00, 8877.7569643381976, 3.1884167278213025, 5304.0013587265976, 12.620057583205195, 3573.7556056115991, 1.5116805757530536
2100-Jan-25 01:00:00, 8879.7299163460902, 3.1891253069376742, 5305.8488784750571, 12.624453473031524, 3573.8810378710332, 1.5117336329654329
2100-Jan-25 02:00:00, 8881.4772783780518, 3.1897528661685302, 5307.4713055657212, 12.628313789408526, 3574.005972812331, 1.511786479814752
2100-Jan-25 03:00:00, 8883.0501355212673, 3.1903177525521116, 5308.9197226001907, 12.631760075550483, 3574.1304129210766, 1.5118391173524002
2100-Jan-25 04:00:00, 8884.3510493669273, 3.1907849714097147, 5310.0966886003043, 12.634560485597602, 3574.2543607666225, 1.5118915466652003
2100-Jan-25 05:00:00, 8885.3437415441622, 3.1911414934857514, 5310.9659225377009, 12.636628694408516, 3574.3778190064622, 1.511943768877259
2100-Jan-25 06:00:00, 8886.0662763205655, 3.191400989434646, 5311.565486014767, 12.638055263727342, 3574.5007903057995, 1.511995785115944
2100-Jan-25 07:00:00, 8886.4154544790181, 3.1915263956026534, 5311.7921771545389, 12.638594640519321, 3574.6232773244801, 1.5120475965063567
2100-Jan-25 08:00:00, 8886.0596695202221, 3.1913986166243951, 5311.3143868598863, 12.637457811807675, 3574.7452826603362, 1.5120992041473666
2100-Jan-25 09:00:00, 8884.9098640644952, 3.1909856678397519, 5310.0430552389589, 12.634432873241801, 3574.8668088255367, 1.5121506091016088
2100-Jan-25 10:00:00, 8882.8446333525608, 3.1902439471353898, 5307.8567751363853, 12.629230955119722, 3574.9878582161759, 1.5122018123826191
2100-Jan-25 11:00:00, 8879.6660656425556, 3.1891023751710073, 5304.5576325711545, 12.621381151484224, 3575.1084330714011, 1.5122528149375454
2100-Jan-25 12:00:00, 8875.1704442269111, 3.1874877877722789, 5299.9419087610531, 12.61039874474411, 3575.2285354658588, 1.5123036176439526
2100-Jan-25 13:00:00, 8869.393837876185, 3.1854131389175424, 5294.0456705792503, 12.596369550491319, 3575.3481672969338, 1.512354221304425
2100-Jan-25 14:00:00, 8862.6622791312857, 3.1829955221036594, 5287.194948872143, 12.580069309110732, 3575.4673302591427, 1.5124046266357345
2100-Jan-25 15:00:00, 8855.2884189293345, 3.1803472248692386, 5279.7023930932792, 12.562241922015691, 3575.5860258360553, 1.5124548342654238
2100-Jan-25 16:00:00, 8847.8024375148052, 3.1776586596762373, 5272.098182202184, 12.54414886870933, 3575.7042553126221, 1.5125048447370204
2100-Jan-25 17:00:00, 8840.9155937942196, 3.1751852727825871, 5265.0935740449659, 12.52748247812735, 3575.8220197492537, 1.5125546584990726
2100-Jan-25 18:00:00, 8835.0832767979518, 3.1730906156357928, 5259.1439567877369, 12.513326276553094, 3575.9393200102145, 1.5126042759171598
2100-Jan-25 19:00:00, 8830.645696684729, 3.1714968735767473, 5254.5895399453584, 12.502489740338003, 3576.0561567393706, 1.5126536972636342
2100-Jan-25 20:00:00, 8827.2815572828367, 3.1702886541597479, 5251.1090268973494, 12.494208393461516, 3576.1725303854878, 1.5127029227283215
2100-Jan-25 21:00:00, 8824.5824610878226, 3.1693192827866916, 5248.2940198853921, 12.487510516107172, 3576.2884412024309, 1.5127519524186051
2100-Jan-25 22:00:00, 8822.2778586436361, 3.1684915925251156, 5245.8739694052592, 12.481752377232775, 3576.4038892383774, 1.512800786354864
2100-Jan-25 23:00:00, 8819.9166423067818, 3.1676435695732961, 5243.3977679428363, 12.475860635709749, 3576.5188743639451, 1.51284942448237
2100-Jan-26 00:00:00, 8817.2685343754893, 3.1666925104646579, 5240.6351381160357, 12.469287381832666, 3576.6333962594531, 1.5128978666658999
2100-Jan-26 01:00:00, 8814.3120459076672, 3.1656306975175048, 5237.5645914888792, 12.461981487164506, 3576.747454418788, 1.5129461126913701
2100-Jan-26 02:00:00, 8811.5435050520155, 3.1646363853267929, 5234.6824568754655, 12.455123889980074, 3576.8610481765495, 1.5129941622773198
2100-Jan-26 03:00:00, 8809.149747792273, 3.1637766754113308, 5232.1755711027618, 12.449159139847801, 3576.9741766895113, 1.5130420150670683
2100-Jan-26 04:00:00, 8806.9442554293146, 3.162984580204018, 5229.8574164723532, 12.44364344651669, 3577.0868389569609, 1.5130896706373196
2100-Jan-26 05:00:00, 8804.9453757587726, 3.1622666892543041, 5227.7463419307715, 12.43862046849023, 3577.1990338280011, 1.5131371285012496
2100-Jan-26 06:00:00, 8803.0374129195407, 3.1615814507805426, 5225.7266528891387, 12.433814928242086, 3577.3107600304015, 1.5131843881207117
2100-Jan-26 07:00:00, 8801.1879200321418, 3.1609172115944673, 5223.765903860738, 12.429149626713849, 3577.4220161714029, 1.5132314489065755
2100-Jan-26 08:00:00, 8799.2780406688762, 3.1602312848075074, 5221.7452398997248, 12.424341766794596, 3577.5328007691523, 1.5132783102320246
2100-Jan-26 09:00:00, 8797.4070663763832, 3.1595593306466232, 5219.7639541026001, 12.419627601175584, 3577.6431122737827, 1.5133249714414732
2100-Jan-26 10:00:00, 8795.3317151761621, 3.1588139752027344, 5217.5787660710621, 12.414428281469005, 3577.7529491051, 1.5133714318665072
2100-Jan-26 11:00:00, 8788.4527390559015, 3.1563434139314328, 5210.5904293925169, 12.397800606374435, 3577.8623096633837, 1.5134176908304531
2100-Jan-26 12:00:00, 8775.5794876512628, 3.1517200287357268, 5197.6082952770366, 12.366911609745372, 3577.9711923742257, 1.5134637476673438
2100-Jan-26 13:00:00, 8758.6021768794526, 3.1456226843416748, 5180.5225811678374, 12.326258774022865, 3578.0795957116147, 1.5135096017316847
2100-Jan-26 14:00:00, 8741.7560287148517, 3.1395724465594141, 5163.5685104795866, 12.285919163626001, 3578.187518235266, 1.5135552524142422
2100-Jan-26 15:00:00, 8727.4451876187595, 3.134432755833112, 5149.1502290108392, 12.251613074679197, 3578.2949586079212, 1.5136006991493629
2100-Jan-26 16:00:00, 8716.1992428789472, 3.1303938123846025, 5137.7973272422787, 12.224600586490448, 3578.4019156366689, 1.5136459414324515
2100-Jan-26 17:00:00, 8707.6808484459652, 3.1273344595082619, 5129.1724601729402, 12.204079038379708, 3578.5083882730241, 1.5136909788200037
2100-Jan-26 18:00:00, 8701.3947207156543, 3.1250768177538126, 5122.7803450508591, 12.18886998101655, 3578.6143756647953, 1.5137358109515473
2100-Jan-26 19:00:00, 8696.9050364054783, 3.1234643626466605, 5118.1851592638077, 12.177936441351688, 3578.7198771416715, 1.5137804375435437
2100-Jan-26 20:00:00, 8693.6345754534595, 3.122289787531686, 5114.809683222451, 12.169905013919536, 3578.8248922310095, 1.5138248583960676
2100-Jan-26 21:00:00, 8691.1027630026147, 3.1213804955559756, 5112.1733423373689, 12.163632245206166, 3578.9294206652453, 1.5138690733959406
2100-Jan-26 22:00:00, 8689.0143316879603, 3.1206304424327262, 5109.9808693176747, 12.15841559198781, 3579.0334623702852, 1.5139130825118214
2100-Jan-26 23:00:00, 8687.2086935273128, 3.1199819535251199, 5108.0716760854202, 12.153872959567689, 3579.1370174418921, 1.5139568857842174
2100-Jan-27 00:00:00, 8685.7353653419523, 3.1194528126339414, 5106.4952791833302, 12.150122164963228, 3579.2400861586211, 1.5140004833309557
2100-Jan-27 01:00:00, 8685.3202552453495, 3.1193037272308142, 5105.9775863031982, 12.148890394170612, 3579.3426689421512, 1.5140438753304046
2100-Jan-27 02:00:00, 8686.1706041512225, 3.1196091271969162, 5106.7258378241049, 12.150670743880557, 3579.444766327118, 1.5140870620087121
2100-Jan-27 03:00:00, 8688.1795660994067, 3.1203306391629315, 5108.6331871385983, 12.155208988981229, 3579.5463789608089, 1.5141300436396776
2100-Jan-27 04:00:00, 8691.0755254238684, 3.1213707132706476, 5111.4280178518056, 12.161858859927802, 3579.6475075720618, 1.5141728205315961
2100-Jan-27 05:00:00, 8694.3370534877304, 3.1225420801687105, 5114.5889005229856, 12.169379695354893, 3579.7481529647453, 1.5142153930244995
2100-Jan-27 06:00:00, 8697.4068764639505, 3.123644596825581, 5117.5585604669159, 12.176445545636639, 3579.8483159970347, 1.5142577614813919
2100-Jan-27 07:00:00, 8700.2421819288975, 3.12466288730247, 5120.2941843403387, 12.182954542990455, 3579.9479975885579, 1.5142999262912713
2100-Jan-27 08:00:00, 8702.3499434549922, 3.1254198828065207, 5122.3027447363456, 12.1877336043335, 3580.047198718647, 1.5143418878683901
2100-Jan-27 09:00:00, 8703.2537586775506, 3.1257444850214768, 5123.107838248282, 12.189649200841368, 3580.1459204292696, 1.5143836466534952
2100-Jan-27 10:00:00, 8703.0027596558266, 3.1256543395621286, 5122.7585958094969, 12.188818232033128, 3580.2441638463297, 1.5144252031228387
2100-Jan-27 11:00:00, 8700.9318146052992, 3.124910566572169, 5120.5898844118992, 12.183658115949447, 3580.3419301934, 1.5144665577939853
2100-Jan-27 12:00:00, 8696.8113879182474, 3.1234307291056185, 5116.3721671020612, 12.173622704621305, 3580.4392208161858, 1.5145077112361618
2100-Jan-27 13:00:00, 8690.9233682841696, 3.121316066542716, 5110.3873310790786, 12.159382705396604, 3580.5360372050918, 1.5145486640798016
2100-Jan-27 14:00:00, 8683.6848646498256, 3.1187163821669386, 5103.0524836263548, 12.14193056107068, 3580.6323810234703, 1.5145894170284946
2100-Jan-27 15:00:00, 8675.5164684823576, 3.1157827299973144, 5094.7882143583329, 12.122267000111375, 3580.7282541240256, 1.5146299708659252
2100-Jan-27 16:00:00, 8666.8075723308775, 3.1126549590657855, 5085.9839137395884, 12.101318517395473, 3580.8236585912891, 1.5146703264738397
2100-Jan-27 17:00:00, 8657.8499072382638, 3.1094378436008947, 5076.9313104983576, 12.079779236679741, 3580.9185967399062, 1.5147104848313213
2100-Jan-27 18:00:00, 8648.8173587900765, 3.1061938340292494, 5067.8042876504433, 12.058062885926097, 3581.0130711396332, 1.5147504470253643
2100-Jan-27 19:00:00, 8639.8125213996191, 3.1029597767913257, 5058.7054367701703, 12.036413566047791, 3581.1070846294488, 1.5147902142568419
2100-Jan-27 20:00:00, 8630.8928036010348, 3.0997562899701956, 5049.6921632977173, 12.014967864483559, 3581.2006403033179, 1.5148297878344859
2100-Jan-27 21:00:00, 8622.0937516345675, 3.0965961398791819, 5040.8000101166353, 11.993810350072424, 3581.2937415179317, 1.5148691691781597
2100-Jan-27 22:00:00, 8613.4598768811938, 3.093495312631922, 5032.0734850172867, 11.973046922273923, 3581.3863918639072, 1.5149083598066762
2100-Jan-27 23:00:00, 8605.3414707173233, 3.0905796142049304, 5023.862875570494, 11.953511036627656, 3581.4785951468298, 1.5149473613297786
2100-Jan-28 00:00:00, 8598.1989180952442, 3.088014390314362, 5016.6285627314264, 11.936298098992612, 3581.5703553638182, 1.5149861754382281
2100-Jan-28 01:00:00, 8592.4271845590883, 3.0859414915146846, 5010.7655079124143, 11.922347859461151, 3581.6616766466741, 1.515024803879756
2100-Jan-28 02:00:00, 8587.154154623182, 3.0840477004454447, 5005.4015913977964, 11.90958524295567, 3581.7525632253864, 1.5150632484436259
2100-Jan-28 03:00:00, 8581.6724846074103, 3.082078976989183, 4999.8294652237446, 11.896327223505558, 3581.8430193836648, 1.515101510941826
2100-Jan-28 04:00:00, 8575.8655095826271, 3.0799934213267073, 4993.9324601829676, 11.882296204629476, 3581.9330493996595, 1.5151395931839917
2100-Jan-28 05:00:00, 8569.852693255667, 3.0778339384488578, 4987.8300357475491, 11.867776421815803, 3582.0226575081174, 1.5151774969613996
2100-Jan-28 06:00:00, 8563.7698679644873, 3.0756493120856088, 4981.6580201292363, 11.853091057457931, 3582.1118478352505, 1.5152152240194168
2100-Jan-28 07:00:00, 8558.6188499475356, 3.0737993411890714, 4976.418225575303, 11.840623770117212, 3582.2006243722326, 1.5152527760462895
2100-Jan-28 08:00:00, 8554.7782534407615, 3.0724200037960561, 4972.4892625140783, 11.831275405227871, 3582.2889909266837, 1.5152901546526218
2100-Jan-28 09:00:00, 8551.5546586379496, 3.071262260501856, 4969.1777075428545, 11.823396068176413, 3582.3769510950951, 1.5153273613597114
2100-Jan-28 10:00:00, 8549.218624179688, 3.0704232815375287, 4966.7541159277189, 11.817629503714498, 3582.4645082519683, 1.5153643975949551
2100-Jan-28 11:00:00, 8547.9251451988348, 3.0699587328867599, 4965.3734796925937, 11.8143444915868, 3582.5516655062406, 1.5154012646734181
2100-Jan-28 12:00:00, 8547.492308190207, 3.0698032809224549, 4964.8538824734578, 11.813108189711654, 3582.6384257167492, 1.5154379638043738
2100-Jan-28 13:00:00, 8547.4020375642958, 3.0697708605290104, 4964.6772460702823, 11.812687910486858, 3582.7247914940131, 1.5154744960920588
2100-Jan-28 14:00:00, 8547.5402658966523, 3.0698205047723612, 4964.729500709379, 11.812812242384569, 3582.8107651872733, 1.5155108625301899
2100-Jan-28 15:00:00, 8548.2166603210335, 3.0700634295681137, 4965.3203113968311, 11.814217985783211, 3582.8963489242028, 1.515547064018762
2100-Jan-28 16:00:00, 8549.6647744956317, 3.0705835149316387, 4966.6832298820009, 11.817460841242845, 3582.9815446136304, 1.5155831013652006
2100-Jan-28 17:00:00, 8551.8930756353511, 3.0713838018348558, 4968.826721664348, 11.822560951120805, 3583.066353971004, 1.5156189752951308
2100-Jan-28 18:00:00, 8554.8692452627456, 3.0724526832046584, 4971.7184667079764, 11.829441414849663, 3583.1507785547697, 1.5156546864677678
2100-Jan-28 19:00:00, 8558.4881823490105, 3.0737524123579942, 4975.2533625619189, 11.837852157270381, 3583.2348197870906, 1.5156902354846795
2100-Jan-28 20:00:00, 8562.4125207475099, 3.0751618253714019, 4979.0940417507882, 11.846990464228467, 3583.3184789967218, 1.5157256229079223
2100-Jan-28 21:00:00, 8566.0790192685781, 3.0764786360550085, 4982.6772618248442, 11.855516186717864, 3583.4017574437339, 1.5157608492704999
2100-Jan-28 22:00:00, 8568.762845540592, 3.0774425232862801, 4985.2781891744717, 11.861704694356163, 3583.4846563661204, 1.5157959150960774
2100-Jan-28 23:00:00, 8570.2133955581066, 3.077963483474643, 4986.6462185548589, 11.864959710406941, 3583.5671770032482, 1.5158308209089004
2100-Jan-29 00:00:00, 8569.9616268848913, 3.0778730615975354, 4986.3123062423037, 11.864165217282377, 3583.6493206425866, 1.5158655672535621
2100-Jan-29 01:00:00, 8568.1013972359506, 3.0772049663394543, 4984.3703085929028, 11.859544531783953, 3583.7310886430478, 1.5159001547048756
2100-Jan-29 02:00:00, 8564.8638187554061, 3.0760422008541557, 4981.0513362853317, 11.8516475463185, 3583.8124824700735, 1.5159345838827154
2100-Jan-29 03:00:00, 8560.7635866865185, 3.0745696162171909, 4976.8700829655572, 11.841698895461029, 3583.8935037209608, 1.5159688554627297
2100-Jan-29 04:00:00, 8556.9667406166373, 3.0732059916472911, 4972.9925864565339, 11.832472987337525, 3583.9741541601038, 1.5160029701912485
2100-Jan-29 05:00:00, 8554.2446693078873, 3.0722283688389616, 4970.1902335839859, 11.825805218566721, 3584.0544357239019, 1.5160369288873592
2100-Jan-29 06:00:00, 8552.4240205484093, 3.0715744889249783, 4968.2896699955636, 11.821283119060286, 3584.1343505528453, 1.5160707324564782
2100-Jan-29 07:00:00, 8551.2756619219326, 3.0711620597642226, 4967.0617609327583, 11.818361497810312, 3584.2139009891753, 1.5161043818893616
2100-Jan-29 08:00:00, 8550.7522083649528, 3.0709740631695852, 4966.4591187793894, 11.816927603253504, 3584.2930895855625, 1.5161378782657762
2100-Jan-29 09:00:00, 8550.6110627972339, 3.0709233712109092, 4966.2391436906091, 11.816404206274596, 3584.3719191066239, 1.5161712227551412
2100-Jan-29 10:00:00, 8549.52525917405, 3.0705334084704115, 4965.0748666560839, 11.813633987674571, 3584.450392517967, 1.5162044166118935
2100-Jan-29 11:00:00, 8546.5886772776503, 3.0694787449018195, 4962.0601643162299, 11.806460965921364, 3584.5285129614199, 1.5162374611650107
2100-Jan-29 12:00:00, 8541.5763514588762, 3.0676785848444914, 4956.9700677121336, 11.794349861888163, 3584.6062837467434, 1.5162703578145045
2100-Jan-29 13:00:00, 8534.2973076145463, 3.0650643405878584, 4949.6135992997724, 11.776846273805502, 3584.6837083147748, 1.516303108015832
2100-Jan-29 14:00:00, 8525.2944049706784, 3.0618309782077024, 4940.5336147548833, 11.755241843478089, 3584.7607902157952, 1.5163357132707442
2100-Jan-29 15:00:00, 8515.6431610071741, 3.0583647662105582, 4930.80562793832, 11.73209559115074, 3584.8375330688536, 1.5163681751100804
2100-Jan-29 16:00:00, 8506.0606693828249, 3.0549232463861236, 4921.1467288478079, 11.709113722469262, 3584.9139405350165, 1.5164004950824532
2100-Jan-29 17:00:00, 8497.571512654411, 3.0518743941336122, 4912.5814963796583, 11.688734065743922, 3584.9900162747531, 1.5164326747362229
2100-Jan-29 18:00:00, 8490.7800380998397, 3.0494352587570352, 4905.7142741773387, 11.672394563966202, 3585.0657639225014, 1.5164647156087383
2100-Jan-29 19:00:00, 8485.6415114916963, 3.0475897741082023, 4900.5003244426089, 11.659988770408106, 3585.1411870490883, 1.5164966192104408
2100-Jan-29 20:00:00, 8481.0419058860552, 3.0459378411353444, 4895.8256167448999, 11.648866020555737, 3585.2162891411558, 1.5165283870161628
2100-Jan-29 21:00:00, 8476.3583752658087, 3.0442557667741243, 4891.067301708149, 11.637544339865737, 3585.2910735576606, 1.5165600204467258
2100-Jan-29 22:00:00, 8471.4488110141356, 3.0424925131900005, 4886.083267502966, 11.625685595040459, 3585.36554351117, 1.5165915208610297
2100-Jan-29 23:00:00, 8466.819876379519, 3.0408300467944582, 4881.3801743376107, 11.614495306322242, 3585.4397020419078, 1.5166228895450735
2100-Jan-30 00:00:00, 8462.7714927251636, 3.0393760833421997, 4877.257940730753, 11.604687083817854, 3585.513551994411, 1.5166541277020824
2100-Jan-30 01:00:00, 8459.1709558049661, 3.0380829625469792, 4873.5838598243472, 11.595945171916208, 3585.5870959806193, 1.5166852364368935
2100-Jan-30 02:00:00, 8455.8172064002902, 3.0368784746627373, 4870.1568700125408, 11.587791175369638, 3585.6603363877493, 1.5167162167592874
2100-Jan-30 03:00:00, 8452.593648103275, 3.0357207444794718, 4866.860372766304, 11.579947665864887, 3585.7332753369706, 1.516747069566508
2100-Jan-30 04:00:00, 8449.5887329298021, 3.0346415392429158, 4863.7828182455742, 11.572625096989002, 3585.8059146842279, 1.5167777956436108
2100-Jan-30 05:00:00, 8446.7334035204767, 3.0336160572333606, 4860.8551475140612, 11.565659153596931, 3585.8782560064146, 1.5168083956576135
2100-Jan-30 06:00:00, 8443.9594989037541, 3.032619818665796, 4858.0091983031698, 11.558887654026851, 3585.9503006005853, 1.5168388701571636
2100-Jan-30 07:00:00, 8441.0491241050386, 3.0315745672887049, 4855.0270746064289, 11.551792148157269, 3586.0220494986102, 1.5168692195787372
2100-Jan-30 08:00:00, 8437.4552298046474, 3.0302838321681764, 4851.361726352121, 11.543071014261676, 3586.0935034525264, 1.5168994442404422
2100-Jan-30 09:00:00, 8433.3724772304668, 3.0288175252332867, 4847.2078142648979, 11.533187417672833, 3586.1646629655688, 1.5169295443551445
2100-Jan-30 10:00:00, 8429.0766415843646, 3.0272746902256351, 4842.8411132798474, 11.522797522544071, 3586.2355283045181, 1.5169595200356905
2100-Jan-30 11:00:00, 8424.4466977191223, 3.0256118613682887, 4838.1405981923499, 11.511613367966632, 3586.3060995267724, 1.5169893713063598
2100-Jan-30 12:00:00, 8419.5116346576324, 3.0238394499718835, 4833.135258167119, 11.499703929210927, 3586.3763764905134, 1.5170190981071638
2100-Jan-30 13:00:00, 8414.7967892921733, 3.0221461290246321, 4828.3504303991167, 11.488319165544047, 3586.4463588930575, 1.517048700310069
2100-Jan-30 14:00:00, 8410.453178882206, 3.0205861358702903, 4823.9371325875591, 11.477818400414707, 3586.5160462946465, 1.5170781777290596
2100-Jan-30 15:00:00, 8406.4423688371098, 3.0191456668541563, 4819.8569306882991, 11.468110185910756, 3586.5854381488111, 1.5171075301329819
2100-Jan-30 16:00:00, 8402.777309797706, 3.0178293731555756, 4816.1227759691401, 11.459225337587169, 3586.6545338285664, 1.5171367572566248
2100-Jan-30 17:00:00, 8399.6368901003698, 3.0167015019223813, 4812.9135574548427, 11.451589494436245, 3586.7233326455262, 1.5171658588088042
2100-Jan-30 18:00:00, 8397.3965974333914, 3.0158969083022473, 4810.604763554903, 11.446096073527322, 3586.7918338784875, 1.5171948344844548
2100-Jan-30 19:00:00, 8396.1403574064789, 3.0154457338972644, 4809.2803206114777, 11.442944764717003, 3586.8600367950021, 1.5172236839737547
2100-Jan-30 20:00:00, 8395.7156588480048, 3.0152932048301184, 4808.7877181811582, 11.441772692800763, 3586.9279406668466, 1.5172524069686693
2100-Jan-30 21:00:00, 8395.4377140727684, 3.0151933818934986, 4808.4421692971973, 11.440950512239624, 3586.995544775571, 1.5172810031652977
2100-Jan-30 22:00:00, 8394.8509129122885, 3.0149826342188897, 4807.7880644749957, 11.439394170156858, 3587.0628484372928, 1.517309472274361
2100-Jan-30 23:00:00, 8393.845189979962, 3.0146214321907352, 4806.7153389850127, 11.436841784412785, 3587.1298509949502, 1.5173378140179254
2100-Jan-31 00:00:00, 8392.7994855182897, 3.0142458709300084, 4805.6029336858228, 11.434194986649707, 3587.1965518324669, 1.517366028135394
2100-Jan-31 01:00:00, 8392.1336219445875, 3.0140067282540635, 4804.8706715654216, 11.432452681265442, 3587.2629503791654, 1.5173941143853729
2100-Jan-31 02:00:00, 8391.82536284456, 3.0138960180290617, 4804.4963167340356, 11.431561961371324, 3587.3290461105244, 1.5174220725459922
2100-Jan-31 03:00:00, 8391.4301016484042, 3.0137540612921581, 4804.0352631058131, 11.430464954989993, 3587.3948385425915, 1.5174499024125423
2100-Jan-31 04:00:00, 8390.667656811429, 3.0134802317784626, 4803.207329564646, 11.428495014136301, 3587.4603272467825, 1.5174776038037348
2100-Jan-31 05:00:00, 8389.6292294510204, 3.0131072840643212, 4802.1037176049804, 11.425869138775695, 3587.52551184604, 1.5175051765600756
2100-Jan-31 06:00:00, 8388.9118719237158, 3.012849647507128, 4801.3214799105726, 11.424007924179486, 3587.5903920131441, 1.517532620543153
2100-Jan-31 07:00:00, 8388.8424938273911, 3.0128247305958236, 4801.1875263394004, 11.423689202205765, 3587.6549674879902, 1.5175599356429437
2100-Jan-31 08:00:00, 8389.4235069415499, 3.0130333995129508, 4801.7042688754846, 11.424918711800506, 3587.7192380660654, 1.5175871217729398
2100-Jan-31 09:00:00, 8390.5051662688038, 3.0134218738434235, 4802.7219626535898, 11.427340158028198, 3587.783203615214, 1.5176141788772404
2100-Jan-31 10:00:00, 8391.7879701725615, 3.0138825885759495, 4803.941106097368, 11.430240922832368, 3587.8468640751944, 1.517641106930363
2100-Jan-31 11:00:00, 8392.6811441505288, 3.0142033690234933, 4804.7709246877539, 11.432215348871505, 3587.9102194627753, 1.5176679059394014
2100-Jan-31 12:00:00, 8392.558335346419, 3.0141592626521518, 4804.585065480338, 11.431773125398824, 3587.973269866081, 1.5176945759416312
2100-Jan-31 13:00:00, 8391.5185640365999, 3.0137858322630735, 4803.4825485644169, 11.429149855526827, 3588.0360154721834, 1.5177211170161831
2100-Jan-31 14:00:00, 8389.8489915641276, 3.0131862108923912, 4801.7505350192623, 11.425028794992258, 3588.0984565448657, 1.5177475292746361
2100-Jan-31 15:00:00, 8387.9853615540123, 3.0125168944059642, 4799.8247681256144, 11.420446728087303, 3588.1605934283975, 1.5177738128626144
2100-Jan-31 16:00:00, 8386.0422421767653, 3.0118190295791329, 4797.8198156180297, 11.415676251161296, 3588.2224265587361, 1.5177999679645255
2100-Jan-31 17:00:00, 8384.6682242649567, 3.0113255556406218, 4796.3842678050369, 11.412260585357664, 3588.2839564599194, 1.5178259948020354
2100-Jan-31 18:00:00, 8384.1706132767613, 3.0111468403181498, 4795.8254295498964, 11.41093091545704, 3588.3451837268649, 1.5178518936267906
2100-Jan-31 19:00:00, 8384.4981366591528, 3.0112644692457455, 4796.0920276133193, 11.411565244652005, 3588.406109045834, 1.5178776647290766
2100-Jan-31 20:00:00, 8385.5233220806495, 3.0116326611618058, 4797.056588908632, 11.413860270287575, 3588.4667331720175, 1.5179033084283351
2100-Jan-31 21:00:00, 8387.057636784788, 3.0121837051572733, 4798.53057985537, 11.417367405630658, 3588.527056929418, 1.5179288250731151
2100-Jan-31 22:00:00, 8389.7636561006111, 3.0131555629460185, 4801.17657489066, 11.423663144913473, 3588.5870812099511, 1.5179542150406922
2100-Jan-31 23:00:00, 8394.7863267959674, 3.0149594383311795, 4806.1395198390992, 11.435471711087486, 3588.6468069568682, 1.5179794787300573
2100-Feb-01 00:00:00, 8403.2261839271796, 3.0179905847982065, 4814.5199487591444, 11.455411656119537, 3588.7062351680356, 1.5180046165633028
2100-Feb-01 01:00:00, 8415.9121000182058, 3.0225466891424508, 4827.1467331419572, 11.485455152571443, 3588.7653668762478, 1.5180296289772952
2100-Feb-01 02:00:00, 8433.3692988478961, 3.0288163837278148, 4844.5450957037565, 11.526851887325694, 3588.8242031441396, 1.518054516421524
2100-Feb-01 03:00:00, 8455.8875044421802, 3.0369037219694159, 4867.0047593755999, 11.580291211652364, 3588.8827450665794, 1.5180792793591127
2100-Feb-01 04:00:00, 8483.6241223569232, 3.0468652355463024, 4894.6831286234483, 11.646147645331883, 3588.9409937334758, 1.5181039182510876
2100-Feb-01 05:00:00, 8515.391851389124, 3.0582745092015782, 4926.3929011278524, 11.721596184630899, 3588.9989502612721, 1.5181284335696981
2100-Feb-01 06:00:00, 8549.8879982371564, 3.0706636849919797, 4960.831382477103, 11.80353726803402, 3589.0566157600533, 1.5181528257845047
2100-Feb-01 07:00:00, 8586.0332979165305, 3.0836451485072316, 4996.919306570775, 11.889402947417974, 3589.1139913457559, 1.5181770953675431
2100-Feb-01 08:00:00, 8622.5166594895436, 3.0967480258211544, 5033.3455813337505, 11.976073680315519, 3589.1710781557927, 1.518201242799933
2100-Feb-01 09:00:00, 8658.5836422219891, 3.1097013620667973, 5069.3557648708975, 12.06175438797086, 3589.227877351092, 1.5182252685727411
2100-Feb-01 10:00:00, 8691.796792983263, 3.1216297541027909, 5102.5124028481378, 12.14064552170894, 3589.2843901351243, 1.5182491731950296
2100-Feb-01 11:00:00, 8717.454135555894, 3.1308445028933507, 5128.1135177529977, 12.201559447336431, 3589.3406178028963, 1.5182729572145794
2100-Feb-01 12:00:00, 8733.8028807891515, 3.1367161000760619, 5144.406319026768, 12.240325668602269, 3589.396561762384, 1.5182966212269577
2100-Feb-01 13:00:00, 8744.4374563703786, 3.1405354723355945, 5154.9852327815352, 12.265496571044304, 3589.4522235888426, 1.5183201658984895
2100-Feb-01 14:00:00, 8751.2152979694329, 3.1429697114817841, 5161.7076928880224, 12.281491633621934, 3589.5076050814105, 1.5183435919902009
2100-Feb-01 15:00:00, 8756.4145107737168, 3.1448369913750356, 5166.8518024332752, 12.293731253162868, 3589.5627083404411, 1.5183669003905309
2100-Feb-01 16:00:00, 8763.5121411828241, 3.1473860816030284, 5173.8946053622021, 12.310488522344933, 3589.6175358206219, 1.5183900921378
2100-Feb-01 17:00:00, 8774.4668189228032, 3.151320417482502, 5184.7947285209866, 12.33642369328933, 3589.6720904018161, 1.5184131684501756
2100-Feb-01 18:00:00, 8789.6228252606634, 3.1567636464792761, 5199.896449800759, 12.372355922424731, 3589.7263754599044, 1.5184361307556384
2100-Feb-01 19:00:00, 8808.9278086979975, 3.1636969667277537, 5219.1474137830737, 12.418160638064425, 3589.7803949149234, 1.5184589807123443
2100-Feb-01 20:00:00, 8831.0269751690066, 3.1716338084694362, 5241.1928218950261, 12.470614304834392, 3589.8341532739801, 1.5184817202267762
2100-Feb-01 21:00:00, 8854.2899874730465, 3.1799886415503216, 5264.4023318224381, 12.525837773297498, 3589.8876556506088, 1.5185043514619339
2100-Feb-01 22:00:00, 8879.1037658322184, 3.188900427074373, 5289.1628580471879, 12.584751647109519, 3589.9409077850305, 1.5185268768459015
2100-Feb-01 23:00:00, 8905.8010870309918, 3.1984886807109754, 5315.8071710255499, 12.648147702523161, 3589.993916005441, 1.5185492990554739
2100-Feb-02 00:00:00, 8933.9264123624307, 3.2085897972567872, 5343.8797251623928, 12.714942038676888, 3590.0466872000384, 1.5185716210043243
2100-Feb-02 01:00:00, 8962.6805731382956, 3.2189167579497315, 5372.5813443817669, 12.783233138694007, 3590.0992287565291, 1.5185938458174151
2100-Feb-02 02:00:00, 8991.5464185226829, 3.2292838297963691, 5401.3948700293859, 12.851790502890347, 3590.1515484932975, 1.5186159768018832
2100-Feb-02 03:00:00, 9020.2171941240686, 3.2395808429827269, 5430.0135395494526, 12.9198842368227, 3590.2036545746159, 1.5186380174111751
2100-Feb-02 04:00:00, 9048.7187205191549, 3.2498170708825866, 5458.4631650954807, 12.987575756550685, 3590.2555554236737, 1.5186599712082569
2100-Feb-02 05:00:00, 9075.2078526242822, 3.2593305541023598, 5484.9005929978821, 13.050479560662877, 3590.3072596264005, 1.5186818418249337
2100-Feb-02 06:00:00, 9099.7348627524771, 3.268139347775167, 5509.3760868880054, 13.108715243759478, 3590.3587758644717, 1.5187036329335104
2100-Feb-02 07:00:00, 9123.0569541695859, 3.2765153989219589, 5532.6468413433031, 13.164084434181593, 3590.4101128262828, 1.5187253482091341
2100-Feb-02 08:00:00, 9145.3438541574178, 3.2845196645284553, 5554.8825750156302, 13.216990951425954, 3590.4612791417885, 1.5187469913022325
2100-Feb-02 09:00:00, 9166.4081540125117, 3.2920848373854743, 5575.8958706675176, 13.266988864926375, 3590.5122833449932, 1.518768565822646
2100-Feb-02 10:00:00, 9183.6765921605329, 3.2982867392032049, 5593.1134583347084, 13.307955473550322, 3590.5631338258236, 1.5187900753192713
2100-Feb-02 11:00:00, 9195.3850378324241, 3.302491788314935, 5604.7711990265552, 13.335693279193816, 3590.613838805868, 1.5188115232697992
2100-Feb-02 12:00:00, 9201.3412063766045, 3.3046309263310207, 5610.6768000498014, 13.349744750891533, 3590.6644063268027, 1.5188329130758174
2100-Feb-02 13:00:00, 9194.241883326993, 3.3020812281968506, 5603.5270390729893, 13.332732991442212, 3590.7148442540038, 1.5188542480643408
2100-Feb-02 14:00:00, 9179.6531595663273, 3.2968417368407659, 5588.8879993006822, 13.297901641977079, 3590.7651602656456, 1.5188755314831983
2100-Feb-02 15:00:00, 9164.8772115776919, 3.2915350045292566, 5574.0618497067353, 13.262625093394568, 3590.8153618709571, 1.5188967665087556
2100-Feb-02 16:00:00, 9154.0883563747466, 3.2876602232594725, 5563.2228999598428, 13.236835475199582, 3590.8654564149033, 1.5189179562478961
2100-Feb-02 17:00:00, 9148.6159581885113, 3.2856948297497852, 5557.700507104073, 13.22369578855108, 3590.9154510844392, 1.5189391037406652
2100-Feb-02 18:00:00, 9148.5146867209005, 3.2856584584408295, 5557.5493338132928, 13.223336094896109, 3590.9653529076072, 1.5189602119598897
2100-Feb-02 19:00:00, 9153.4636269275543, 3.287435853767517, 5562.4484581841698, 13.234992809796083, 3591.0151687433836, 1.5189812838068817
2100-Feb-02 20:00:00, 9161.7266635086726, 3.2904034957252399, 5570.6617582311601, 13.254535097312775, 3591.064905277512, 1.5190023221096769
2100-Feb-02 21:00:00, 9172.4199381720264, 3.2942439495638371, 5581.3053691958967, 13.279859936841182, 3591.1145689761297, 1.519023329603419
2100-Feb-02 22:00:00, 9184.8440391698077, 3.2987060238928141, 5593.6798731170729, 13.309303170635214, 3591.1641660527348, 1.5190443089163861
2100-Feb-02 23:00:00, 9198.0305278010837, 3.3034419071910475, 5606.8168253888161, 13.340560533317531, 3591.2137024122676, 1.5190652625463381
2100-Feb-03 00:00:00, 9210.6975674375753, 3.3079912321197655, 5619.4343838369587, 13.370582078073175, 3591.2631836006171, 1.5190861928391584
2100-Feb-03 01:00:00, 9222.7364880471541, 3.3123149702003061, 5631.4238733225948, 13.399109229080221, 3591.3126147245598, 1.5191071019549873
2100-Feb-03 02:00:00, 9234.4869646354418, 3.3165351145751147, 5643.1249642391231, 13.426950179933288, 3591.3620003963197, 1.5191279918447722
2100-Feb-03 03:00:00, 9246.0738364612698, 3.3206965008465561, 5654.6624917843938, 13.454401956835563, 3591.4113446768765, 1.5191488642262874
2100-Feb-03 04:00:00, 9257.7398487132195, 3.3248863101374053, 5666.2791977024117, 13.482042126529588, 3591.4606510108074, 1.5191697205565715
2100-Feb-03 05:00:00, 9269.716747718021, 3.3291877733659816, 5678.2068255122813, 13.510422087168916, 3591.5099222057397, 1.5191905620232364
2100-Feb-03 06:00:00, 9282.1778422131902, 3.3336631337858442, 5690.6186818177493, 13.539954195231399, 3591.5591603954417, 1.5192113895288557
2100-Feb-03 07:00:00, 9295.5247723163229, 3.3384566391022021, 5703.9164052652541, 13.571594088263655, 3591.6083670510689, 1.5192322036957207
2100-Feb-03 08:00:00, 9310.0506080968225, 3.3436735444504984, 5718.3930651063638, 13.606039079592078, 3591.6575429904583, 1.5192530048697719
2100-Feb-03 09:00:00, 9325.1238583610248, 3.3490870518801423, 5733.4171699420267, 13.641786632305317, 3591.706688418999, 1.5192737931378884
2100-Feb-03 10:00:00, 9331.6899763303718, 3.3514452511926955, 5739.9341733476349, 13.657292842180887, 3591.7558029827369, 1.5192945683503492
2100-Feb-03 11:00:00, 9329.4750622875108, 3.3506497722205504, 5737.6701764605068, 13.651906008891951, 3591.8048858270049, 1.5193153301456341
2100-Feb-03 12:00:00, 9323.7700378495902, 3.3486008317704385, 5731.9161021606524, 13.638215071787885, 3591.8539356889378, 1.5193360779895579
2100-Feb-03 13:00:00, 9316.8719964670563, 3.346123423273943, 5724.969045501568, 13.621685616167142, 3591.9029509654888, 1.5193568112040401
2100-Feb-03 14:00:00, 9309.810883886712, 3.3435874483020398, 5717.8589540652783, 13.604768244304067, 3591.9519298214345, 1.5193775290127898
2100-Feb-03 15:00:00, 9303.1535292681947, 3.3411964816520197, 5711.1526589994846, 13.588811643961, 3592.0008702687105, 1.5193982305748663
2100-Feb-03 16:00:00, 9297.7609858830801, 3.3392597677271318, 5705.7112156303756, 13.575864564198111, 3592.0497702527045, 1.519418915021179
2100-Feb-03 17:00:00, 9294.3289103639254, 3.3380271492807863, 5702.2302826192499, 13.567582218083812, 3592.098627744675, 1.5194395814935799
2100-Feb-03 18:00:00, 9294.0334625609357, 3.3379210401902766, 5701.886021768898, 13.566763102201058, 3592.1474407920373, 1.5194602291661363
2100-Feb-03 19:00:00, 9297.6779184014777, 3.33922993431888, 5705.4817107891213, 13.575318492635086, 3592.1962076123555, 1.5194808572848864
2100-Feb-03 20:00:00, 9304.7414825079541, 3.3417667897481955, 5712.4965559064995, 13.592009240493384, 3592.2449266014542, 1.5195014651712722
2100-Feb-03 21:00:00, 9315.0270162773159, 3.3454608048081416, 5722.7334198883227, 13.61636628797217, 3592.2935963889922, 1.5195220522456461
2100-Feb-03 22:00:00, 9327.9754583669128, 3.350111194486924, 5735.6332425135843, 13.64705943703709, 3592.342215853329, 1.5195426180335601
2100-Feb-03 23:00:00, 9343.1911861172921, 3.3555758722293048, 5750.800402003958, 13.683147366356197, 3592.3907841133332, 1.5195631621623
2100-Feb-04 00:00:00, 9360.2895678489058, 3.3617166988537259, 5767.8502673204866, 13.723714905375859, 3592.4393005284192, 1.5195836843609012
2100-Feb-04 01:00:00, 9378.3453073591536, 3.3682013573230796, 5785.8575426883635, 13.766560454743102, 3592.4877646707901, 1.5196041844484078
2100-Feb-04 02:00:00, 9395.1274584154344, 3.3742286107578843, 5802.5912821063293, 13.806375820681804, 3592.5361763091059, 1.5196246623269645
2100-Feb-04 03:00:00, 9410.8328153863094, 3.3798691371975575, 5818.2482800051203, 13.843629245351044, 3592.5845353811887, 1.5196451179702699
2100-Feb-04 04:00:00, 9426.1156954222679, 3.3853579324587568, 5833.4828534594808, 13.879877575855952, 3592.6328419627871, 1.5196655514103654
2100-Feb-04 05:00:00, 9441.2897498312523, 3.390807643359925, 5848.6086535803006, 13.915867096899857, 3592.6810962509512, 1.5196859627306023
2100-Feb-04 06:00:00, 9456.3759713259224, 3.3962258093636177, 5863.6466727749294, 13.951647756695753, 3592.7292985509926, 1.5197063520601257
2100-Feb-04 07:00:00, 9470.7325445266397, 3.4013819246223744, 5877.9550952431, 13.98569245300339, 3592.7774492835392, 1.5197267195768593
2100-Feb-04 08:00:00, 9484.4892434161884, 3.4063225970281668, 5891.663694430702, 14.018309961829623, 3592.8255489854873, 1.5197470655079073
2100-Feb-04 09:00:00, 9497.7423485205618, 3.4110824054099576, 5904.8687501954182, 14.049729366326186, 3592.8735983251436, 1.5197673901359603
2100-Feb-04 10:00:00, 9502.6818640416623, 3.4128564158923433, 5909.7602659033182, 14.061367977579797, 3592.9215981383436, 1.5197876938145722
2100-Feb-04 11:00:00, 9494.573269518869, 3.4099442412834362, 5901.6037200436094, 14.041960727945478, 3592.9695494752596, 1.5198079769879609
2100-Feb-04 12:00:00, 9480.4585864797846, 3.4048750000673849, 5887.4411328498109, 14.008263024301636, 3593.0174536299733, 1.5198282402035164
2100-Feb-04 13:00:00, 9465.8962284153113, 3.3996449778629243, 5872.8309162252044, 13.973500255094899, 3593.0653121901073, 1.5198484841327946
2100-Feb-04 14:00:00, 9452.933802316089, 3.3949895658738458, 5859.8206752355027, 13.942544382470306, 3593.1131270805868, 1.5198687095900296
2100-Feb-04 15:00:00, 9441.0864461507244, 3.3907346275228809, 5847.925545531527, 13.914241746088646, 3593.160900619197, 1.5198889175556327
2100-Feb-04 16:00:00, 9429.8875498515608, 3.3867125813645078, 5836.6789143317001, 13.887482112415972, 3593.2086355198603, 1.5199091091775794
2100-Feb-04 17:00:00, 9422.0119415730187, 3.3838840829861514, 5828.7556066163543, 13.868629817166726, 3593.2563349566653, 1.519929285798493
2100-Feb-04 18:00:00, 9419.2017220024245, 3.3828748020243355, 5825.8977194636018, 13.861829913095303, 3593.3040025388218, 1.5199494489450511
2100-Feb-04 19:00:00, 9421.0240768297444, 3.3835292946668796, 5827.6724344998047, 13.866052575277282, 3593.3516423299398, 1.5199696003361405
2100-Feb-04 20:00:00, 9426.5754958861671, 3.3855230682578608, 5833.1762370764445, 13.879148029208398, 3593.3992588097221, 1.5199897418666524
2100-Feb-04 21:00:00, 9435.0471985390977, 3.388565651937526, 5841.6003416843205, 13.89919189383966, 3593.4468568547763, 1.5200098755993674
2100-Feb-04 22:00:00, 9445.8444015104214, 3.3924434312804097, 5852.3499598371445, 13.924768961210297, 3593.4944416732769, 1.5200300037373171
2100-Feb-04 23:00:00, 9458.3027519333773, 3.3969178061759124, 5864.760733183688, 13.95429849253815, 3593.5420187496889, 1.5200501286004022
2100-Feb-05 00:00:00, 9471.5253079635731, 3.4016666429598641, 5877.9357142047902, 13.98564633879584, 3593.5895937587829, 1.5200702525890226
2100-Feb-05 01:00:00, 9485.0952143313825, 3.4065402294560809, 5891.4580418272681, 14.017820643007484, 3593.637172504114, 1.5200903781580521
2100-Feb-05 02:00:00, 9498.8239484720361, 3.4114708584158175, 5905.1391876600546, 14.050372830787362, 3593.6847608119806, 1.5201105077719861
2100-Feb-05 03:00:00, 9511.3544461833681, 3.4159711447686907, 5917.6220817066442, 14.080073962257439, 3593.7323644767234, 1.520130643881801
2100-Feb-05 04:00:00, 9522.5636399908053, 3.4199968892427273, 5928.7836507965094, 14.106631203688245, 3593.7799891942959, 1.5201507888968566
2100-Feb-05 05:00:00, 9532.6403461727459, 3.42361590457294, 5938.8127056726617, 14.130493801278632, 3593.8276405000847, 1.5201709451585934
2100-Feb-05 06:00:00, 9542.4498429018222, 3.4271389525216653, 5948.5745191620044, 14.153720538984746, 3593.8753237398178, 1.5201911149282274
2100-Feb-05 07:00:00, 9551.9675311858027, 3.4305571984430996, 5958.0444871446234, 14.176252875077598, 3593.9230440411789, 1.5202113003747428
2100-Feb-05 08:00:00, 9560.8040098738638, 3.4337307902160243, 5966.8332035444637, 14.197164277535283, 3593.9708063293992, 1.520231503581488
2100-Feb-05 09:00:00, 9567.0398596706182, 3.4359703748187589, 5973.0212443439359, 14.211887771353412, 3594.0186153266818, 1.5202517265459303
2100-Feb-05 10:00:00, 9571.0798235430975, 3.4374213143345118, 5977.0133479420274, 14.221386369464279, 3594.0664756010706, 1.5202719712003299
2100-Feb-05 11:00:00, 9571.8744472542348, 3.4377067007832611, 5977.7600556688176, 14.223163045952948, 3594.1143915854168, 1.52029223941976
2100-Feb-05 12:00:00, 9567.467217261812, 3.4361238588686152, 5973.3048496042475, 14.212562566564417, 3594.1623676575655, 1.5203125330560272
2100-Feb-05 13:00:00, 9557.2862606365961, 3.4324674023402983, 5963.0758524638113, 14.188224237027915, 3594.2104081727844, 1.5203328539513876
2100-Feb-05 14:00:00, 9542.8531466262084, 3.42728379770569, 5948.5946290896218, 14.153768387472589, 3594.2585175365862, 1.520353203969351
2100-Feb-05 15:00:00, 9526.6318480935697, 3.4214579725793426, 5932.3251478355851, 14.115057652616345, 3594.3067002579851, 1.5203735850172075
2100-Feb-05 16:00:00, 9511.3653911245783, 3.4159750756077281, 5917.0104301354258, 14.07861863117293, 3594.3549609891525, 1.5203939990628024
2100-Feb-05 17:00:00, 9499.0361814198441, 3.4115470811693469, 5904.6328768390722, 14.049168141858448, 3594.4033045807719, 1.5204144481579498
2100-Feb-05 18:00:00, 9491.1220713232724, 3.4087047549917897, 5896.6703352278519, 14.030222495572566, 3594.4517360954201, 1.5204349344440946
2100-Feb-05 19:00:00, 9488.1350302548071, 3.407631969180279, 5893.6347694049928, 14.022999832362071, 3594.5002608498148, 1.5204554601701814
2100-Feb-05 20:00:00, 9489.5223845442451, 3.4081302328342207, 5894.9735001719437, 14.026185136856673, 3594.5488843723006, 1.5204760276746718
2100-Feb-05 21:00:00, 9493.2332962774435, 3.409462994374453, 5898.635683844037, 14.034898741114345, 3594.5976124334065, 1.5204966393984709
2100-Feb-05 22:00:00, 9497.8721218575774, 3.4111290130700036, 5903.2256708642999, 14.045819911111138, 3594.6464509932771, 1.5205172978626893
2100-Feb-05 23:00:00, 9502.5681919378294, 3.4128155909363547, 5907.8727857815047, 14.056877008175114, 3594.6954061563238, 1.5205380056494626
2100-Feb-06 00:00:00, 9507.2899172293928, 3.4145113827860611, 5912.5454330944813, 14.067994855658082, 3594.7444841349111, 1.5205587653865893
2100-Feb-06 01:00:00, 9511.6889763525542, 3.4160912901603342, 5916.8952851839331, 14.078344661424437, 3594.7936911686211, 1.5205795797133812
2100-Feb-06 02:00:00, 9515.4940601104936, 3.4174578732683547, 5920.651026645719, 14.087280872090632, 3594.8430334647755, 1.5206004512555042
2100-Feb-06 03:00:00, 9518.2980959789693, 3.4184649333742319, 5923.405578835077, 14.093834906468556, 3594.8925171438918, 1.5206213826019062
2100-Feb-06 04:00:00, 9520.556353717513, 3.419275979089746, 5925.6142055549144, 14.099089994938376, 3594.9421481625991, 1.520642376272211
2100-Feb-06 05:00:00, 9522.5505295215262, 3.4199921806615254, 5927.5585972396802, 14.103716376676697, 3594.9919322818469, 1.5206634347032715
2100-Feb-06 06:00:00, 9525.3309871294368, 3.4209907727139628, 5930.2891121179291, 14.110213217960233, 3595.0418750115077, 1.5206845602257359
2100-Feb-06 07:00:00, 9529.6454388318325, 3.4225402936159828, 5934.553457248825, 14.120359573035731, 3595.0919815830075, 1.5207057550524707
2100-Feb-06 08:00:00, 9534.1573540566242, 3.424160732881782, 5939.0150971010698, 14.130975360635071, 3595.1422569555534, 1.5207270212811959
2100-Feb-06 09:00:00, 9537.8582091416101, 3.425489882610437, 5942.6655033343695, 14.139660942283827, 3595.1927058072415, 1.5207483608907222
2100-Feb-06 10:00:00, 9538.9618185768886, 3.4258862402488086, 5943.7184860276693, 14.142166353071797, 3595.2433325492188, 1.5207697757469425
2100-Feb-06 11:00:00, 9536.6264043429182, 3.4250474840359617, 5941.3322629838576, 14.136488701392896, 3595.2941413590597, 1.5207912676169497
2100-Feb-06 12:00:00, 9528.9095632667813, 3.4222760063674551, 5933.5644270510029, 14.118006327400243, 3595.3451362157789, 1.520812838183847
2100-Feb-06 13:00:00, 9516.4173598443085, 3.4177894732803749, 5921.0210389086569, 14.088161259509292, 3595.3963209356507, 1.5208344890618992
2100-Feb-06 14:00:00, 9501.7721909597349, 3.4125297098467828, 5906.3244917334168, 14.053193080000689, 3595.4476992263189, 1.520856221819421
2100-Feb-06 15:00:00, 9487.2213539105614, 3.4073038253764429, 5891.7220791847449, 14.01844887939547, 3595.4992747258161, 1.5208780379952815
2100-Feb-06 16:00:00, 9474.052616611154, 3.4025743174096923, 5878.5015655528732, 13.986992695275292, 3595.5510510582808, 1.5208999391224733
2100-Feb-06 17:00:00, 9462.7250224401832, 3.3985060498410062, 5867.1219905803027, 13.959916742289353, 3595.6030318598805, 1.5209219267390766
2100-Feb-06 18:00:00, 9453.1665914228288, 3.3950731713031184, 5857.5113706069442, 13.93704974636098, 3595.6552208158851, 1.5209440024039422
2100-Feb-06 19:00:00, 9445.6418468558604, 3.3923706844535371, 5849.9342251575436, 13.919021091121209, 3595.7076216983173, 1.5209661677126165
2100-Feb-06 20:00:00, 9440.3853332088584, 3.3904828251542289, 5844.6250948431325, 13.90638882997475, 3595.7602383657268, 1.5209884242972467
2100-Feb-06 21:00:00, 9436.7221027161122, 3.3891671881720664, 5840.9090279352076, 13.897547018823269, 3595.813074780905, 1.5210107738340735
2100-Feb-06 22:00:00, 9433.9544017123353, 3.3881731776113471, 5838.088266723511, 13.890835450233357, 3595.8661349888243, 1.5210332180340997
2100-Feb-06 23:00:00, 9431.3453891251593, 3.3872361594648193, 5835.4259660122552, 13.884500914095923, 3595.919423112904, 1.5210557586415108
2100-Feb-07 00:00:00, 9428.5417630433112, 3.3862292465324391, 5832.5688197171903, 13.877702772781717, 3595.9729433261218, 1.5210783974214555
2100-Feb-07 01:00:00, 9425.4861796634996, 3.3851318439790035, 5829.459479859187, 13.870304575571756, 3596.0266998043121, 1.5211011361402906
2100-Feb-07 02:00:00, 9422.2238138517896, 3.3839601762066023, 5826.1431171541226, 13.862413799255147, 3596.080696697667, 1.5211239765535263
2100-Feb-07 03:00:00, 9418.7070075015872, 3.382697126965613, 5822.5720694079346, 13.853917038952641, 3596.1349380936531, 1.5211469203901404
2100-Feb-07 04:00:00, 9414.7981257582032, 3.3812932651582055, 5818.6086977969235, 13.844486804197457, 3596.1894279612802, 1.5211699693290039
2100-Feb-07 05:00:00, 9410.5071149895502, 3.3797521629891563, 5814.2629448574535, 13.834146751729662, 3596.2441701320968, 1.5211931249908428
2100-Feb-07 06:00:00, 9405.7623869571471, 3.3780481097819952, 5809.4632187015177, 13.822726539634152, 3596.2991682556285, 1.5212163889193877
2100-Feb-07 07:00:00, 9401.0497215498162, 3.376355571759416, 5804.6952957694857, 13.811381998431212, 3596.3544257803305, 1.5212397625733176
2100-Feb-07 08:00:00, 9396.5570885689795, 3.3747420576470559, 5800.147142621644, 13.8005603657164, 3596.409945947335, 1.5212632473236156
2100-Feb-07 09:00:00, 9392.1266805838059, 3.3731508914338173, 5795.6609488101749, 13.789886155737738, 3596.4657317736314, 1.5212868444464525
2100-Feb-07 10:00:00, 9387.1380257346809, 3.371359232726086, 5790.6162396777454, 13.777883044230794, 3596.5217860569355, 1.5213105551252479
2100-Feb-07 11:00:00, 9380.9141262731773, 3.3691239400462965, 5784.3360148863339, 13.762940212745148, 3596.5781113868429, 1.521334380455388
2100-Feb-07 12:00:00, 9373.1626208377693, 3.3663400127890699, 5776.5279106669113, 13.744362026541886, 3596.6347101708579, 1.5213583214552351
2100-Feb-07 13:00:00, 9364.1318961252691, 3.3630966582059982, 5767.4403114867082, 13.72273947835785, 3596.69158463856, 1.5213823790678895
2100-Feb-07 14:00:00, 9354.0255057192317, 3.3594669818859613, 5757.2767688485092, 13.698556887768502, 3596.7487368707225, 1.5214065541735082
2100-Feb-07 15:00:00, 9343.2056367779569, 3.3555810621357613, 5746.3994679420066, 13.672676018872407, 3596.8061688359498, 1.5214308476048009
2100-Feb-07 16:00:00, 9332.3139027592479, 3.3516693322833073, 5735.4500203656798, 13.646623488042984, 3596.863882393568, 1.5214552601482527
2100-Feb-07 17:00:00, 9321.6972043895767, 3.3478563805645267, 5724.7753250539236, 13.621224688079275, 3596.9218793356536, 1.5214797925619037
2100-Feb-07 18:00:00, 9311.4639335459215, 3.3441811355595887, 5714.483772151837, 13.596737516704168, 3596.9801613940854, 1.5215044455783293
2100-Feb-07 19:00:00, 9301.6186582761384, 3.3406452378676064, 5704.5799280094097, 13.573172838846974, 3597.0387302667286, 1.521529219915718
2100-Feb-07 20:00:00, 9292.1391145324233, 3.3372406914302588, 5695.0415268967554, 13.550477676619053, 3597.0975876356679, 1.5215541162855832
2100-Feb-07 21:00:00, 9282.9915757409399, 3.3339553834613294, 5685.8348405865481, 13.528571778877501, 3597.1567351543908, 1.521579135387342
2100-Feb-07 22:00:00, 9274.1726508111133, 3.3307880960619771, 5676.9564763387234, 13.507447073117786, 3597.2161744723899, 1.5216042779187211
2100-Feb-07 23:00:00, 9265.669451087284, 3.32773420031462, 5668.3935438664676, 13.487072888879849, 3597.275907220816, 1.521629544569689
2100-Feb-08 00:00:00, 9257.4688856231496, 3.3247889946496678, 5660.1329506150096, 13.467418074438047, 3597.33593500814, 1.5216549360206213
2100-Feb-08 01:00:00, 9249.5534746222147, 3.3219462012566585, 5652.1572152081862, 13.448441035539497, 3597.3962594140289, 1.5216804529397085
2100-Feb-08 02:00:00, 9241.8832349500099, 3.3191914603265458, 5644.4263529763284, 13.43004663479649, 3597.4568819736814, 1.5217060959763322
2100-Feb-08 03:00:00, 9234.4407475687422, 3.3165185158701527, 5636.9229434054332, 13.412193422768317, 3597.5178041633085, 1.5217318657549224
2100-Feb-08 04:00:00, 9227.0831991595933, 3.3138760769615727, 5629.5041717765525, 13.394541593739449, 3597.5790273830412, 1.521757762867727
2100-Feb-08 05:00:00, 9219.7271436293031, 3.3112341742154427, 5622.0865906781191, 13.37689259739515, 3597.6405529511844, 1.5217837878723828
2100-Feb-08 06:00:00, 9212.2206783796173, 3.3085382523215396, 5614.5182963122115, 13.358885001950767, 3597.7023820674058, 1.5218099412763426
2100-Feb-08 07:00:00, 9204.7252268006141, 3.3058462859506346, 5606.9607109776762, 13.340902887003738, 3597.7645158229379, 1.5218362235411929
2100-Feb-08 08:00:00, 9197.4123060867805, 3.3032198749295985, 5599.5853508959563, 13.323354349091876, 3597.8269551908238, 1.5218626350785256
2100-Feb-08 09:00:00, 9190.2424086947394, 3.3006448302563349, 5592.3527076888249, 13.306145384089897, 3597.8897010059136, 1.5218891762414781
2100-Feb-08 10:00:00, 9182.7835200530262, 3.2979659953420963, 5584.830766074303, 13.288248077906784, 3597.9527539787227, 1.5219158473305949
2100-Feb-08 11:00:00, 9174.2948005918133, 3.2949173001326382, 5576.2786859121788, 13.267899715076028, 3598.0161146796345, 1.5219426485871452
2100-Feb-08 12:00:00, 9164.7854370117402, 3.2915020440007758, 5566.7056534565909, 13.245122152880151, 3598.0797835551493, 1.5219695801999966
2100-Feb-08 13:00:00, 9154.5221001802329, 3.2878160008968371, 5556.3783392387049, 13.220549892939994, 3598.1437609415279, 1.5219966423113855
2100-Feb-08 14:00:00, 9143.6343895071986, 3.2839057160155285, 5545.4263424529327, 13.194491296657752, 3598.208047054266, 1.5220238350124657
2100-Feb-08 15:00:00, 9132.4772260316349, 3.2798986580612026, 5534.2045840204219, 13.167790843919349, 3598.272642011214, 1.5220511583530871
2100-Feb-08 16:00:00, 9121.3839749721628, 3.2759145540374024, 5523.0464291180269, 13.141241726023882, 3598.3375458541364, 1.522078612350916
2100-Feb-08 17:00:00, 9110.0600033535011, 3.2718475874962647, 5511.6572448119714, 13.114142909103016, 3598.4027585415292, 1.5221061969883964
2100-Feb-08 18:00:00, 9098.9327687234345, 3.2678512783867211, 5500.4644887419136, 13.08751146303702, 3598.4682799815205, 1.5221339122266671
2100-Feb-08 19:00:00, 9088.2972830127255, 3.2640315792572285, 5489.7631729993418, 13.06204932384184, 3598.5341100133828, 1.5221617579977409
2100-Feb-08 20:00:00, 9078.1704407061807, 3.2603945577055127, 5479.5701922602175, 13.037796689807234, 3598.6002484459636, 1.5221897342207613
2100-Feb-08 21:00:00, 9068.6286838861342, 3.2569676676498323, 5469.9619888280868, 13.014935443668007, 3598.666695058047, 1.5222178408021552
2100-Feb-08 22:00:00, 9059.6686015778832, 3.2537496840500286, 5460.9351519973716, 12.99345747017345, 3598.7334495805126, 1.5222460776280859
2100-Feb-08 23:00:00, 9051.356739396635, 3.2507645065412847, 5452.55622766948, 12.97352110508762, 3598.8005117271555, 1.5222744445774905
2100-Feb-09 00:00:00, 9043.3757681070729, 3.2478981673898391, 5444.507886937171, 12.954371312954954, 3598.8678811699015, 1.522302941511595
2100-Feb-09 01:00:00, 9035.650709590378, 3.2451237384550335, 5436.715152049318, 12.935829695718459, 3598.9355575410596, 1.5223315682748677
2100-Feb-09 02:00:00, 9028.2011130802275, 3.2424482407787742, 5429.1975726553792, 12.917942768770047, 3599.0035404248492, 1.5223603246914361
2100-Feb-09 03:00:00, 9021.0379793011416, 3.2398756252344874, 5421.9661499489957, 12.900736707762368, 3599.0718293521459, 1.5223892105628627
2100-Feb-09 04:00:00, 9014.1430158323892, 3.2373993221604342, 5415.0025920391199, 12.884167989946709, 3599.1404237932702, 1.5224182256650955
2100-Feb-09 05:00:00, 9007.5047958894393, 3.2350152276651603, 5408.2954727661672, 12.868209428529143, 3599.209323123272, 1.5224473697337841
2100-Feb-09 06:00:00, 9000.969029841157, 3.2326679291435654, 5401.6905031893793, 12.85249391664353, 3599.2785266517772, 1.5224766424769036
2100-Feb-09 07:00:00, 8994.7265336382352, 3.2304259575062799, 5395.3785000621056, 12.837475473482593, 3599.3480335761292, 1.5225060435549342
2100-Feb-09 08:00:00, 8988.8011828820163, 3.2282978875956903, 5389.3833398739835, 12.823210909490701, 3599.4178430080319, 1.5225355725921315
2100-Feb-09 09:00:00, 8983.1436762455614, 3.2262660130050822, 5383.6557222929432, 12.809582922090513, 3599.4879539526178, 1.5225652291676712
2100-Feb-09 10:00:00, 8976.8961690607175, 3.2240222416903959, 5377.3378037667326, 12.794550404145246, 3599.558365293984, 1.522595012809532
2100-Feb-09 11:00:00, 8968.484789464128, 3.2210013228347036, 5368.8557136234213, 12.774368571827573, 3599.6290758407072, 1.5226249230137483
2100-Feb-09 12:00:00, 8957.7665998070206, 3.2171519208594122, 5358.0665155167608, 12.748697330028467, 3599.7000842902603, 1.5226549592293572
2100-Feb-09 13:00:00, 8945.5897305998114, 3.2127786390013124, 5345.8183413470269, 12.719554678498627, 3599.7713892527854, 1.522685120868456
2100-Feb-09 14:00:00, 8931.1972425559816, 3.2076096250467456, 5331.3542533068376, 12.685139599841941, 3599.8429892491445, 1.5227154073053768
2100-Feb-09 15:00:00, 8915.9865358573225, 3.2021467505983008, 5316.071653109454, 12.648776997069458, 3599.9148827478684, 1.5227458178923161
2100-Feb-09 16:00:00, 8901.7144498586185, 3.1970209786356341, 5301.7273817104624, 12.614647003730267, 3599.9870681481566, 1.5227763519521431
2100-Feb-09 17:00:00, 8889.6617952856086, 3.1926923080480516, 5289.6022514856577, 12.585797116392072, 3600.0595437999514, 1.5228070087868917
2100-Feb-09 18:00:00, 8880.2913948778132, 3.1893269600748404, 5280.1590868618823, 12.563328554779874, 3600.1323080159304, 1.5228377876828332
2100-Feb-09 19:00:00, 8873.3257567119999, 3.1868252744196637, 5273.120397625813, 12.54658107349891, 3600.2053590861865, 1.5228686879166853
2100-Feb-09 20:00:00, 8868.1839408146298, 3.1849786084336036, 5267.9052455436586, 12.53417241913956, 3600.2786952709703, 1.5228997087525431
2100-Feb-09 21:00:00, 8864.307879810769, 3.1835865340850478, 5263.9555650066823, 12.524774760194791, 3600.3523148040872, 1.5229308494433151
2100-Feb-09 22:00:00, 8861.2751429953823, 3.1824973367988303, 5260.8489270953241, 12.517382991852386, 3600.4262159000591, 1.5229621092337529
2100-Feb-09 23:00:00, 8858.7868273184831, 3.1816036665440355, 5258.2864305915164, 12.511285924516306, 3600.5003967269672, 1.5229934873489643
2100-Feb-10 00:00:00, 8856.7935600806595, 3.1808877912807652, 5256.2187046555709, 12.50636608784715, 3600.574855425089, 1.5230249830022962
2100-Feb-10 01:00:00, 8855.4012371534918, 3.1803877431571972, 5254.7516470826504, 12.502875449403463, 3600.649590070841, 1.5230565953800819
2100-Feb-10 02:00:00, 8854.6014410971657, 3.1801004990779687, 5253.8768424346217, 12.500793985941163, 3600.7245986625439, 1.5230883236356219
2100-Feb-10 03:00:00, 8854.4329245797944, 3.1800399769342493, 5253.6330454570661, 12.500213908432265, 3600.7998791227287, 1.5231201668901568
2100-Feb-10 04:00:00, 8855.0978615614949, 3.1802787868277753, 5254.2224322889715, 12.501616263985058, 3600.8754292725225, 1.5231521242220345
2100-Feb-10 05:00:00, 8856.7756223900269, 3.1808813490191556, 5255.824375565272, 12.505427842268061, 3600.9512468247553, 1.5231841946637938
2100-Feb-10 06:00:00, 8859.6500505000658, 3.181913690263209, 5258.6227211206615, 12.51208607624242, 3601.0273293794044, 1.5232163772002369
2100-Feb-10 07:00:00, 8863.6392249722303, 3.1833463889356706, 5262.5355505310063, 12.521396053584445, 3601.1036744412245, 1.5232486707758879
2100-Feb-10 08:00:00, 8868.478287886026, 3.185084322200042, 5267.2980084917917, 12.532727591726648, 3601.1802793942338, 1.5232810742841998
2100-Feb-10 09:00:00, 8873.6398508966231, 3.1869380802957861, 5272.3827093519394, 12.544825857414844, 3601.2571415446846, 1.5233135865857306
2100-Feb-10 10:00:00, 8878.3870827778901, 3.188643032751894, 5277.0528246678396, 12.555937680399184, 3601.3342581100505, 1.5233462065034857
2100-Feb-10 11:00:00, 8881.5551421540258, 3.189780830683306, 5280.1435158862259, 12.563291506031934, 3601.4116262678008, 1.5233789328435492
2100-Feb-10 12:00:00, 8882.8666423744125, 3.1902518516019933, 5281.3773992122369, 12.566227342124735, 3601.4892431621761, 1.523411764397949
2100-Feb-10 13:00:00, 8881.9089160274107, 3.1899078873869642, 5280.341810091204, 12.563763316673748, 3601.5671059362062, 1.5234446999582014
2100-Feb-10 14:00:00, 8879.2701632048775, 3.188960188134355, 5277.6249514394904, 12.557298968286347, 3601.6452117653862, 1.5234777383295548
2100-Feb-10 15:00:00, 8876.0290677690173, 3.1877961595463149, 5274.3055098856285, 12.549400866321328, 3601.7235578833884, 1.5235108783418667
2100-Feb-10 16:00:00, 8873.0830101596985, 3.1867380928071136, 5271.2808685567261, 12.542204196268353, 3601.8021416029715, 1.5235441188584475
2100-Feb-10 17:00:00, 8870.9677788412173, 3.1859784145521051, 5269.0868184789824, 12.536983790682294, 3601.8809603622344, 1.5235774587956261
2100-Feb-10 18:00:00, 8869.760496207613, 3.1855448230312229, 5267.8004844776351, 12.533923156253623, 3601.9600117299779, 1.5236108971250173
2100-Feb-10 19:00:00, 8869.2835445245182, 3.1853735274290962, 5267.2442510838609, 12.532599684221026, 3602.0392934406573, 1.5236444328883074
2100-Feb-10 20:00:00, 8869.1333008766615, 3.1853195679253612, 5267.0144974894665, 12.532053020788062, 3602.1188033871945, 1.523678065194213
2100-Feb-10 21:00:00, 8869.0719405034961, 3.1852975305525186, 5266.8734008518732, 12.53171730298356, 3602.1985396516234, 1.5237117932314439
2100-Feb-10 22:00:00, 8868.9819291859349, 3.1852652032888011, 5266.7034286845947, 12.531312880285766, 3602.2785005013393, 1.5237456162671172
2100-Feb-10 23:00:00, 8868.0962678656178, 3.1849471209871316, 5265.7375834964723, 12.529014799824209, 3602.3586843691451, 1.5237795336383164
2100-Feb-11 00:00:00, 8865.5494305560096, 3.1840324328836371, 5263.1103407039091, 12.522763678626312, 3602.4390898521015, 1.5238135447516052
2100-Feb-11 01:00:00, 8861.1474936336544, 3.1824514919574063, 5258.6277779440079, 12.512098108177842, 3602.5197156896465, 1.5238476490737725
2100-Feb-11 02:00:00, 8855.1969515812216, 3.1803143746770175, 5252.5963908413996, 12.497747347800248, 3602.6005607398224, 1.5238818461217758
2100-Feb-11 03:00:00, 8848.1435775513128, 3.1777811789796266, 5245.4619536045548, 12.480772048839471, 3602.6816239467576, 1.5239161354489865
2100-Feb-11 04:00:00, 8840.2151876940934, 3.1749337242737825, 5237.4522833955589, 12.461714267284853, 3602.7629042985345, 1.5239505166273688
2100-Feb-11 05:00:00, 8831.6166494083009, 3.1718455880006942, 5228.7722485957165, 12.441061456022275, 3602.8444008125848, 1.5239849892413013
2100-Feb-11 06:00:00, 8822.5702877869771, 3.168596617474106, 5219.644175299406, 12.419342605887815, 3602.9261124875711, 1.5240195528672233
2100-Feb-11 07:00:00, 8813.2827473475554, 3.1652610283814644, 5210.2747090742296, 12.397049398309525, 3603.0080382733263, 1.5240542070609195
2100-Feb-11 08:00:00, 8803.9282085652467, 3.1619013770580078, 5200.8380315333261, 12.374596271715882, 3603.0901770319201, 1.5240889513410509
2100-Feb-11 09:00:00, 8794.6999122886264, 3.1585870653083323, 5191.5273847730587, 12.352443016031259, 3603.1725275155673, 1.5241237851798108
2100-Feb-11 10:00:00, 8785.5908160712152, 3.1553155638613348, 5182.3357277567529, 12.330572878189006, 3603.2550883144622, 1.5241587079808587
2100-Feb-11 11:00:00, 8776.3449574747647, 3.1519949446632181, 5173.0070996252971, 12.308376838590037, 3603.337857849468, 1.5241937190762274
2100-Feb-11 12:00:00, 8765.6271050989635, 3.1481456638213801, 5162.2062707667828, 12.282677923201087, 3603.4208343321816, 1.5242288177094314
2100-Feb-11 13:00:00, 8753.5018128426509, 3.1437909056527289, 5149.9977971133794, 12.253629732959675, 3603.5040157292715, 1.524264003020382
2100-Feb-11 14:00:00, 8740.96350868835, 3.1392878156419668, 5137.3761089370637, 12.223598362149355, 3603.5873997512858, 1.5242992740406525
2100-Feb-11 15:00:00, 8728.8951145765768, 3.1349534922516682, 5125.2241307651211, 12.194684594239501, 3603.6709838114552, 1.5243346296760525
2100-Feb-11 16:00:00, 8718.0544184039882, 3.1310600924709853, 5114.299653391181, 12.168691476176152, 3603.7547650128072, 1.5243700687011772
2100-Feb-11 17:00:00, 8708.9640125918104, 3.127795303620529, 5105.1252724730157, 12.146862444159217, 3603.8387401187942, 1.5244055897469835
2100-Feb-11 18:00:00, 8701.7572574259993, 3.1252070216010632, 5097.8343518783404, 12.129514817053504, 3603.922905547659, 1.5244411912984059
2100-Feb-11 19:00:00, 8696.1764224788258, 3.1232026833912818, 5092.1691651362798, 12.116035374257589, 3604.0072573425455, 1.5244768716817148
2100-Feb-11 20:00:00, 8691.9582905185071, 3.1216877554025495, 5087.8664993510101, 12.105797841063513, 3604.0917911674965, 1.5245126290628215
2100-Feb-11 21:00:00, 8688.803650753709, 3.1205547770796764, 5084.6271484540666, 12.098090302530482, 3604.1765022996428, 1.5245484614439768
2100-Feb-11 22:00:00, 8686.4212763507021, 3.119699155279148, 5082.1598907219113, 12.092219841241633, 3604.2613856287917, 1.5245843666635945
2100-Feb-11 23:00:00, 8684.7313462412712, 3.1190922225312248, 5080.384910579819, 12.087996548280858, 3604.3464356614522, 1.5246203423979559
2100-Feb-12 00:00:00, 8683.4789050749168, 3.1186424124743088, 5079.0472585663319, 12.084813810514639, 3604.4316465085853, 1.5246563861560272
2100-Feb-12 01:00:00, 8682.6252390905429, 3.1183358211905552, 5078.1082271605283, 12.082579529334792, 3604.5170119300155, 1.5246924952982457
2100-Feb-12 02:00:00, 8682.137711368614, 3.1181607272394456, 5077.5351860408809, 12.081216065896836, 3604.6025253277339, 1.5247286670336868
2100-Feb-12 03:00:00, 8681.9530871768802, 3.1180944200783407, 5077.264907405488, 12.080572979345481, 3604.6881797713932, 1.5247648984308486
2100-Feb-12 04:00:00, 8682.0028802047491, 3.1181123030777993, 5077.2289121620952, 12.080487334185607, 3604.7739680426544, 1.5248011864364106
2100-Feb-12 05:00:00, 8682.2308076787431, 3.1181941624679279, 5077.3709250243728, 12.080825232006193, 3604.8598826543703, 1.5248375278833468
2100-Feb-12 06:00:00, 8682.7227171546692, 3.1183708301113335, 5077.776801248011, 12.081790952217696, 3604.9459159066582, 1.5248739195146459
2100-Feb-12 07:00:00, 8683.6557922280117, 3.1187059409038582, 5078.6237323070345, 12.083806094750852, 3605.0320599209776, 1.524910357997725
2100-Feb-12 08:00:00, 8685.3206408901351, 3.1193038657338494, 5080.202334203288, 12.087562135800672, 3605.118306686848, 1.5249468399441912
2100-Feb-12 09:00:00, 8687.0348115984216, 3.1199195044117944, 5081.8301634679965, 12.091435305822102, 3605.2046481304251, 1.5249833619388495
2100-Feb-12 10:00:00, 8687.2601215664909, 3.1200004237334227, 5081.9690454199927, 12.091765754121965, 3605.2910761464973, 1.525019920553236
2100-Feb-12 11:00:00, 8685.9235823003182, 3.1195204101251686, 5080.5459996359932, 12.088379834978474, 3605.3775826643246, 1.5250565123734685
2100-Feb-12 12:00:00, 8681.0371364085349, 3.1177654594226949, 5075.572976703761, 12.076547289788019, 3605.4641597047739, 1.5250931340244143
2100-Feb-12 13:00:00, 8673.764605475164, 3.1151535542562545, 5068.2138060637235, 12.059037272169132, 3605.5507994114405, 1.5251297821828531
2100-Feb-12 14:00:00, 8666.0807870919944, 3.112393936577504, 5060.4432929871282, 12.040548528323631, 3605.6374941048657, 1.5251664536004135
2100-Feb-12 15:00:00, 8657.2105445606321, 3.1092082186331589, 5051.4863082255461, 12.019236757112058, 3605.7242363350856, 1.5252031451257979
2100-Feb-12 16:00:00, 8648.9846715495169, 3.106253923847333, 5043.1736526518189, 11.999458068360934, 3605.8110188976984, 1.5252398537115808
2100-Feb-12 17:00:00, 8642.9611509808401, 3.1040905965768646, 5037.0633160999641, 11.984919459879944, 3605.8978348808764, 1.5252765764340941
2100-Feb-12 18:00:00, 8639.4316645354975, 3.1028229933221061, 5033.4469868601673, 11.976314959209713, 3605.9846776753307, 1.5253133104976417
2100-Feb-12 19:00:00, 8638.0304912133161, 3.1023197666087632, 5031.9589502308881, 11.972774404319672, 3606.0715409824284, 1.525350053237934
2100-Feb-12 20:00:00, 8638.1811127084256, 3.1023738618150754, 5032.0226938632341, 11.972926072514372, 3606.1584188451925, 1.5253868021351999
2100-Feb-12 21:00:00, 8639.2080537802358, 3.1027426842670756, 5032.962748152936, 11.975162787489541, 3606.2453056272993, 1.5254235548053026
2100-Feb-12 22:00:00, 8640.769581522065, 3.1033035017340329, 5034.4373855228559, 11.978671460897424, 3606.3321959992095, 1.5254603089938739
2100-Feb-12 23:00:00, 8642.6780331594346, 3.1039889157580114, 5036.2589482232634, 11.983005589909803, 3606.4190849361712, 1.5254970625754694
2100-Feb-13 00:00:00, 8644.7931698485554, 3.1047485600272013, 5038.2872021700832, 11.987831509035958, 3606.5059676784722, 1.5255338135367544
2100-Feb-13 01:00:00, 8647.0065871227271, 3.1055435014398762, 5040.4137474065838, 11.992891297207727, 3606.5928397161433, 1.5255705599700353
2100-Feb-13 02:00:00, 8649.2423935012739, 3.1063464838245221, 5042.5626967616199, 11.998004392542692, 3606.6796967396535, 1.5256073000524017
2100-Feb-13 03:00:00, 8651.4604661333251, 3.1071430971934126, 5044.6939314965266, 12.003075338656533, 3606.7665346367994, 1.5256440320444129
2100-Feb-13 04:00:00, 8653.7909869054547, 3.1079800959358024, 5046.9376374910471, 12.008413892879194, 3606.8533494144071, 1.5256807542569759
2100-Feb-13 05:00:00, 8656.4279151488208, 3.1089271398969052, 5049.4877779382805, 12.014481560874112, 3606.9401372105408, 1.5257174650565117
2100-Feb-13 06:00:00, 8659.4156381082739, 3.1100001706072842, 5052.3887438600859, 12.021383964268082, 3607.0268942481885, 1.5257541628453635
2100-Feb-13 07:00:00, 8662.5051483879815, 3.1111097578933706, 5055.3915315829017, 12.028528637017786, 3607.1136168050803, 1.5257908460490293
2100-Feb-13 08:00:00, 8665.8507497904775, 3.112311319449875, 5058.6504485665, 12.036282730052514, 3607.200301223977, 1.5258275131205159
2100-Feb-13 09:00:00, 8669.4463627939695, 3.1136026718368752, 5062.159418926004, 12.044631786736266, 3607.2869438679654, 1.5258641625214273
2100-Feb-13 10:00:00, 8673.0165637630726, 3.1148848975766992, 5065.6430226235416, 12.05292048733919, 3607.373541139531, 1.5259007927300328
2100-Feb-13 11:00:00, 8675.8351847321046, 3.1158971958726704, 5068.3750952620485, 12.059421035074294, 3607.4600894700561, 1.5259374022368255
2100-Feb-13 12:00:00, 8677.3578175510538, 3.1164440443581349, 5069.8112322340567, 12.062838102691423, 3607.5465853169967, 1.5259739895433269
2100-Feb-13 13:00:00, 8676.943843705807, 3.1162953670358822, 5069.3108185242518, 12.061647445033921, 3607.6330251815548, 1.5260105531695629
2100-Feb-13 14:00:00, 8675.094028380694, 3.11563101204738, 5067.374622773732, 12.057040564263856, 3607.7194056069616, 1.5260470916533384
2100-Feb-13 15:00:00, 8673.0570935963879, 3.1148994537308083, 5065.2513704080675, 12.051988610973106, 3607.8057231883208, 1.526083603554399
2100-Feb-13 16:00:00, 8671.9637247716128, 3.114506773973456, 5064.0717501863746, 12.049181885612906, 3607.891974585239, 1.5261200874597751
2100-Feb-13 17:00:00, 8672.4901050084882, 3.1146958216753911, 5064.5119484779125, 12.050229269919868, 3607.9781565305748, 1.5261565419874827
2100-Feb-13 18:00:00, 8674.711022152067, 3.1154934566410852, 5066.6467563089027, 12.055308717667717, 3608.0642658431643, 1.5261929657919053
2100-Feb-13 19:00:00, 8678.2912738136711, 3.1167792920535127, 5070.1409743988879, 12.063622673589192, 3608.1502994147831, 1.5262293575582797
2100-Feb-13 20:00:00, 8682.940410195295, 3.1184490138389407, 5074.704155958817, 12.07448006410516, 3608.2362542364776, 1.5262657160138338
2100-Feb-13 21:00:00, 8688.3716338721861, 3.1203996196612787, 5080.0495064844763, 12.087198505687994, 3608.3221273877102, 1.526302039923195
2100-Feb-13 22:00:00, 8694.4516578783187, 3.1225832399523701, 5086.043741834771, 12.101460869170149, 3608.4079160435485, 1.5263383280914309
2100-Feb-13 23:00:00, 8701.0195798587029, 3.1249420871694547, 5092.525962413285, 12.116884318644439, 3608.4936174454183, 1.5263745793516788
2100-Feb-14 00:00:00, 8707.8492100189942, 3.1273949260042389, 5099.2699810991908, 12.132930676554645, 3608.5792289198043, 1.5264107925730552
2100-Feb-14 01:00:00, 8714.7905495345094, 3.1298878848804121, 5106.1258016809516, 12.149243049925287, 3608.6647478535579, 1.5264469666502112
2100-Feb-14 02:00:00, 8721.7656765122792, 3.1323929784106741, 5113.0155048323904, 12.165636041672791, 3608.7501716798893, 1.526483100497408
2100-Feb-14 03:00:00, 8728.8593656214071, 3.1349406531339583, 5120.0238677460184, 12.182311366121654, 3608.8354978753878, 1.5265191930472555
2100-Feb-14 04:00:00, 8736.0478723617143, 3.1375223812924244, 5127.1271484173776, 12.19921253281437, 3608.9207239443363, 1.5265552432440777
2100-Feb-14 05:00:00, 8743.5376464689616, 3.1402123086183336, 5134.5317990623244, 12.216830763128169, 3609.0058474066363, 1.5265912500388059
2100-Feb-14 06:00:00, 8751.2941122502434, 3.1429980173671939, 5142.2032464501262, 12.235083795364162, 3609.0908658001172, 1.526627212389954
2100-Feb-14 07:00:00, 8759.1969544983003, 3.1458362967346347, 5150.0211778233552, 12.253685363772391, 3609.1757766749461, 1.5266631292612554
2100-Feb-14 08:00:00, 8767.2342831373935, 3.1487228764397139, 5157.9737055527658, 12.272607183562666, 3609.2605775846282, 1.5266989996178548
2100-Feb-14 09:00:00, 8775.1804499509417, 3.1515767156799801, 5165.8351838423132, 12.291312365178046, 3609.3452661086285, 1.5267348224358783
2100-Feb-14 10:00:00, 8781.9240246565987, 3.1539986479859894, 5172.4941848218032, 12.307156436497809, 3609.429839834796, 1.5267705966949983
2100-Feb-14 11:00:00, 8786.2883353372072, 3.1555660755733133, 5176.774038936197, 12.317339692820415, 3609.5142964010106, 1.5268063213960497
2100-Feb-14 12:00:00, 8787.5927466994381, 3.1560345505522975, 5177.9941132214053, 12.320242672418976, 3609.5986334780328, 1.5268419955537762
2100-Feb-14 13:00:00, 8785.8023512833279, 3.1553915360254221, 5176.1195024915023, 12.315782323758139, 3609.6828487918256, 1.5268776182062713
2100-Feb-14 14:00:00, 8780.8288270885423, 3.1536053114416025, 5171.0618869433611, 12.303748503414891, 3609.7669401451803, 1.5269131884241272
2100-Feb-14 15:00:00, 8774.3171590545044, 3.1512666676412429, 5164.4662536335118, 12.288055205744246, 3609.8509054209926, 1.5269487053118191
2100-Feb-14 16:00:00, 8767.9094130959784, 3.1489653471068038, 5157.9746705071011, 12.27260947952348, 3609.9347425888768, 1.5269841680105045
2100-Feb-14 17:00:00, 8763.0931659269318, 3.1472356080408668, 5153.074716197224, 12.26095078991097, 3610.0184497297082, 1.5270195757084031
2100-Feb-14 18:00:00, 8760.8592810289065, 3.1464333157495252, 5150.7572560048884, 12.255436748888725, 3610.1020250240185, 1.5270549276358889
2100-Feb-14 19:00:00, 8761.1588443606124, 3.1465409029184115, 5150.9733775910181, 12.255950977049213, 3610.1854667695934, 1.527090223072934
2100-Feb-14 20:00:00, 8764.1347154791038, 3.1476096770797399, 5153.8659421192187, 12.262833390615901, 3610.268773359885, 1.5271254613399767
2100-Feb-14 21:00:00, 8769.7371651823414, 3.1496217781568854, 5159.3852218883376, 12.275965670152274, 3610.3519432940043, 1.5271606418021486
2100-Feb-14 22:00:00, 8777.6723453468876, 3.1524716715789003, 5167.2373702044588, 12.294648652527133, 3610.4349751424279, 1.5271957638547684
2100-Feb-14 23:00:00, 8786.8004425239742, 3.1557499971570291, 5176.2825749868653, 12.31617032974504, 3610.517867537108, 1.527230826919159
2100-Feb-15 00:00:00, 8796.341951052369, 3.1591767980395931, 5185.741331914579, 12.338675990852552, 3610.6006191377905, 1.5272658304283995
2100-Feb-15 01:00:00, 8805.6444559470528, 3.1625177615663032, 5194.9612273293278, 12.360613317632046, 3610.683228617725, 1.5273007738212812
2100-Feb-15 02:00:00, 8814.5342955009583, 3.1657105177157652, 5203.7686008957762, 12.38156911195561, 3610.7656946051816, 1.5273356565175693
2100-Feb-15 03:00:00, 8823.2971131694394, 3.1688576543798197, 5212.4490974986556, 12.402223022007671, 3610.8480156707833, 1.5273704779126445
2100-Feb-15 04:00:00, 8832.7550702120316, 3.1722544480256416, 5221.8248799145931, 12.424531257992955, 3610.9301902974375, 1.5274052373647844
2100-Feb-15 05:00:00, 8843.1644352491785, 3.1759929366713386, 5232.1522184001433, 12.449103575674297, 3611.0122168490352, 1.5274399341819231
2100-Feb-15 06:00:00, 8853.8273731669651, 3.1798224951692071, 5242.7332796028422, 12.474279587639259, 3611.0940935641238, 1.5274745676189749
2100-Feb-15 07:00:00, 8864.3822535484724, 3.1836132451642492, 5253.2064350083047, 12.499198854312773, 3611.1758185401677, 1.5275091368711773
2100-Feb-15 08:00:00, 8874.9831665559068, 3.187420527622967, 5263.7257768194941, 12.52422801445358, 3611.2573897364127, 1.5275436410753009
2100-Feb-15 09:00:00, 8885.9465126425021, 3.1913579767101417, 5274.6077076541342, 12.550119899553435, 3611.3388049883683, 1.5275780793157778
2100-Feb-15 10:00:00, 8895.743055093104, 3.1948763721730704, 5284.3229930592479, 12.573235930820674, 3611.4200620338556, 1.5276124506357174
2100-Feb-15 11:00:00, 8901.3510539923682, 3.1968904662254132, 5289.8498954707647, 12.586386347265297, 3611.5011585216039, 1.5276467540405441
2100-Feb-15 12:00:00, 8900.393750585481, 3.1965466539079119, 5288.8116585219877, 12.583916021714376, 3611.5820920634933, 1.5276809885200953
2100-Feb-15 13:00:00, 8893.2178844938062, 3.1939694655961337, 5281.5550242311974, 12.566649973609136, 3611.6628602626088, 1.5277151530604878
2100-Feb-15 14:00:00, 8881.2287855073046, 3.1896636207849252, 5269.4853247396086, 12.537931975197385, 3611.7434607676964, 1.5277492466671534
2100-Feb-15 15:00:00, 8866.7687026443564, 3.1844703303770991, 5254.9448113603539, 12.503335054170273, 3611.8238912840029, 1.527783268369423
2100-Feb-15 16:00:00, 8852.753665701317, 3.1794368767232402, 5240.8495160472921, 12.469797461233867, 3611.9041496540253, 1.5278172172546838
2100-Feb-15 17:00:00, 8841.605752360827, 3.1754331409239951, 5229.6215185019882, 12.443082163483671, 3611.9842338588387, 1.5278510924689404
2100-Feb-15 18:00:00, 8834.176450741279, 3.1727649320898323, 5222.1123086809384, 12.425215150650029, 3612.0641420603401, 1.5278848932346847
2100-Feb-15 19:00:00, 8830.2713830084322, 3.1713624400715554, 5218.1275103845283, 12.415733934383859, 3612.1438726239044, 1.5279186188604787
2100-Feb-15 20:00:00, 8829.7125694790939, 3.1711617440610844, 5217.4891453554028, 12.414215042724184, 3612.2234241236915, 1.5279522687431992
2100-Feb-15 21:00:00, 8831.3882960558658, 3.1717635756577476, 5219.0855007153496, 12.418013325417427, 3612.3027953405162, 1.5279858423671369
2100-Feb-15 22:00:00, 8834.878130530331, 3.1730169380397557, 5222.4961452783073, 12.426128430951771, 3612.3819852520237, 1.5280193392998407
2100-Feb-15 23:00:00, 8839.4348793257359, 3.174653479132524, 5226.9738863173352, 12.43678252885509, 3612.4609930084007, 1.5280527591818442
2100-Feb-16 00:00:00, 8844.742057251673, 3.1765595343381974, 5232.2022393739053, 12.449222592907994, 3612.5398178777677, 1.5280861017035661
2100-Feb-16 01:00:00, 8850.7731226364067, 3.178725571304124, 5238.1546634140996, 12.463385472791746, 3612.6184592223076, 1.5281193665952126
2100-Feb-16 02:00:00, 8857.258247197904, 3.1810546821050778, 5244.5613307709964, 12.478629154965292, 3612.6969164269071, 1.5281525535965941
2100-Feb-16 03:00:00, 8864.1029795343784, 3.1835129448359387, 5251.3277906805752, 12.494728908324674, 3612.7751888538037, 1.5281856624379404
2100-Feb-16 04:00:00, 8871.3798365236071, 3.1861264036908747, 5258.5265607399488, 12.511857277367808, 3612.8532757836574, 1.5282186928149744
2100-Feb-16 05:00:00, 8878.4492006446526, 3.1886653421760287, 5265.5180242725264, 12.528492392331879, 3612.9311763721262, 1.5282516443705432
2100-Feb-16 06:00:00, 8884.8086756710618, 3.1909493263666096, 5271.7997860626747, 12.543438880870239, 3613.0088896083862, 1.5282845166770738
2100-Feb-16 07:00:00, 8890.0437405609373, 3.1928294824165171, 5276.9573262683616, 12.555710456607372, 3613.0864142925761, 1.5283173092270308
2100-Feb-16 08:00:00, 8894.1274932593951, 3.1942961485426964, 5280.9637442512067, 12.565243113600889, 3613.1637490081876, 1.5283500214212384
2100-Feb-16 09:00:00, 8897.1192138304814, 3.1953706149819259, 5283.8783216888769, 12.572177903508813, 3613.2408921416045, 1.5283826525771451
2100-Feb-16 10:00:00, 8898.4651487177653, 3.1958540029960845, 5285.1473068437363, 12.575197259018632, 3613.317841874029, 1.5284152019254085
2100-Feb-16 11:00:00, 8896.3284586514437, 3.1950866179035442, 5282.9338624283555, 12.569930707581316, 3613.3945962230882, 1.528447668627495
2100-Feb-16 12:00:00, 8888.2806114865816, 3.1921962605051077, 5274.8094584198016, 12.55059993455116, 3613.4711530667801, 1.5284800517858084
2100-Feb-16 13:00:00, 8875.5869239893691, 3.1876373650863181, 5262.0394137986377, 12.520215572338651, 3613.5475101907314, 1.5285123504636802
2100-Feb-16 14:00:00, 8860.1796434737189, 3.1821038918088149, 5246.5559781323964, 12.483375112376791, 3613.6236653413221, 1.5285445637078401
2100-Feb-16 15:00:00, 8844.1206613523173, 3.1763363620788008, 5230.4210450844112, 12.444984514336745, 3613.6996162679065, 1.5285766905662765
2100-Feb-16 16:00:00, 8829.2985058232844, 3.1710130344836687, 5215.5231450533793, 12.409537246595924, 3613.7753607699042, 1.5286087301081552
2100-Feb-16 17:00:00, 8817.0653544107117, 3.1666195390597123, 5203.2144576617711, 12.380250613137546, 3613.8508967489397, 1.5286406814458737
2100-Feb-16 18:00:00, 8808.0030595726621, 3.1633648461716151, 5194.0768373287974, 12.358509047293891, 3613.9262222438647, 1.5286725437498763
2100-Feb-16 19:00:00, 8801.8227727649028, 3.1611452168305836, 5187.8214373049013, 12.343625282534353, 3614.0013354600023, 1.5287043162610239
2100-Feb-16 20:00:00, 8797.8467404828662, 3.1597172381317606, 5183.770505707882, 12.333986712224432, 3614.0762347749851, 1.5287359982930628
2100-Feb-16 21:00:00, 8796.2609560983674, 3.1591477089726987, 5182.1100373446516, 12.330035882475004, 3614.1509187537158, 1.5287675892389545
2100-Feb-16 22:00:00, 8796.5699175701593, 3.1592586714521711, 5182.3445314347537, 12.330593825190299, 3614.2253861354056, 1.5287990885653917
2100-Feb-16 23:00:00, 8798.7920372998997, 3.1600567383226639, 5184.4924014962089, 12.335704352511753, 3614.2996358036903, 1.5288304958001577
2100-Feb-17 00:00:00, 8802.1425474060743, 3.1612600628236809, 5187.7688806301576, 12.343500231989154, 3614.3736667759163, 1.5288618105275953
2100-Feb-17 01:00:00, 8806.1585621249178, 3.1627024010809874, 5191.7110839927209, 12.352880100144429, 3614.4474781321969, 1.528893032358597
2100-Feb-17 02:00:00, 8811.1762483494676, 3.1645044863101259, 5196.6551793492827, 12.364643816606154, 3614.5210690001854, 1.5289241609241644
2100-Feb-17 03:00:00, 8817.0408084936971, 3.1666107234756944, 5202.4463699978833, 12.378423066368301, 3614.5944384958138, 1.5289551958503411
2100-Feb-17 04:00:00, 8823.7224489879045, 3.1690104123167604, 5209.0548633128155, 12.394146962448277, 3614.6675856750885, 1.528986136737823
2100-Feb-17 05:00:00, 8831.0986920815467, 3.1716595653587643, 5216.3581825651754, 12.411524090257958, 3614.7405095163708, 1.5290169831544618
2100-Feb-17 06:00:00, 8838.3721342560057, 3.1742717977943942, 5223.5589253790813, 12.428657153167874, 3614.8132088769253, 1.529047734616886
2100-Feb-17 07:00:00, 8845.6293631271456, 3.1768782072763524, 5230.7436806353944, 12.445752176137038, 3614.8856824917516, 1.5290783905900074
2100-Feb-17 08:00:00, 8852.3982177381513, 3.1793092187758352, 5237.4402887781862, 12.461685727932824, 3614.9579289599642, 1.5291089504812578
2100-Feb-17 09:00:00, 8858.1794814423938, 3.1813855403035136, 5243.1495346795764, 12.475270002739558, 3615.0299467628179, 1.5291394136482164
2100-Feb-17 10:00:00, 8861.9021548387245, 3.1827225260057306, 5246.8004205602365, 12.483956725635627, 3615.1017342784889, 1.5291697794048593
2100-Feb-17 11:00:00, 8861.8183500560062, 3.1826924277982482, 5246.6450602307568, 12.483587069564377, 3615.1732898252494, 1.5292000470398244
2100-Feb-17 12:00:00, 8855.1681327266651, 3.1803040244817695, 5239.9235210265551, 12.467594198132465, 3615.2446117001095, 1.5292302158327555
2100-Feb-17 13:00:00, 8841.2168485250913, 3.1752934674118278, 5225.9011502998374, 12.434230118062411, 3615.3156982252535, 1.5292602850739452
2100-Feb-17 14:00:00, 8821.6992592496699, 3.1682837904875241, 5206.3127114438212, 12.387622432730414, 3615.3865478058483, 1.5292902540887869
2100-Feb-17 15:00:00, 8799.871456314313, 3.1604444080522711, 5184.4142973239323, 12.335518515615238, 3615.4571589903803, 1.5293201222632979
2100-Feb-17 16:00:00, 8779.7326760909236, 3.1532116324761761, 5164.2051455805704, 12.287433939187039, 3615.5275305103537, 1.5293498890609107
2100-Feb-17 17:00:00, 8764.0279593169525, 3.1475713359610804, 5148.4302979754502, 12.249900109220091, 3615.5976613415019, 1.5293795540483659
2100-Feb-17 18:00:00, 8754.1986984481282, 3.1440411897876528, 5138.5311477097739, 12.22634659972257, 3615.6675507383538, 1.5294091169103328
2100-Feb-17 19:00:00, 8750.2893823903305, 3.1426371719976758, 5134.5521841203608, 12.216879266246636, 3615.7371982699697, 1.5294385774645263
2100-Feb-17 20:00:00, 8751.7958373256879, 3.1431782102503445, 5135.9892334996075, 12.220298504796823, 3615.8066038260799, 1.5294679356643024
2100-Feb-17 21:00:00, 8757.6434512116266, 3.1452783612239137, 5141.7676835864331, 12.234047440346666, 3615.8757676251935, 1.5294971916020899
2100-Feb-17 22:00:00, 8766.8445380560806, 3.148582900797011, 5150.8998478585308, 12.255776024330444, 3615.9446901975507, 1.5295263455021775
2100-Feb-17 23:00:00, 8778.7259141709692, 3.152850057299089, 5162.7125418081241, 12.283882517480446, 3616.0133723628446, 1.5295553977112912
2100-Feb-18 00:00:00, 8791.7629041852688, 3.1575322486689372, 5175.6810890132983, 12.314739186140709, 3616.0818151719709, 1.5295843486739547
2100-Feb-18 01:00:00, 8805.5683343707606, 3.1624904227567172, 5189.4183145110901, 12.347424806880676, 3616.1500198596705, 1.5296131989124568
2100-Feb-18 02:00:00, 8819.8465304900365, 3.1676183891487559, 5203.6285426983404, 12.381235864960164, 3616.217987791696, 1.5296419490045046
2100-Feb-18 03:00:00, 8834.8475723541924, 3.1730059631729777, 5218.5618519665704, 12.416767383549013, 3616.285720387622, 1.5296705995505704
2100-Feb-18 04:00:00, 8850.7919906455445, 3.1787323476865139, 5234.4387715625398, 12.454544078160033, 3616.3532190830051, 1.5296991511578877
2100-Feb-18 05:00:00, 8867.6141278671967, 3.1847739620189039, 5251.193642607881, 12.49440972356442, 3616.4204852593148, 1.5297276044108108
2100-Feb-18 06:00:00, 8884.9247726939357, 3.1909910222241629, 5268.4372524680748, 12.535438248004734, 3616.48752022586, 1.5297559598631714
2100-Feb-18 07:00:00, 8901.3050384907783, 3.1968739399118862, 5284.7507132970422, 12.574253625512926, 3616.5543251937356, 1.5297842180272558
2100-Feb-18 08:00:00, 8916.0213596671292, 3.2021592574531472, 5299.4004583896021, 12.609110446645371, 3616.6209012775271, 1.5298123793745284
2100-Feb-18 09:00:00, 8929.109192647591, 3.2068597089042807, 5312.4219431537858, 12.640093072106515, 3616.6872494938057, 1.5298404443349938
2100-Feb-18 10:00:00, 8934.6384656619775, 3.2088455288183177, 5317.8850948393156, 12.653091803478207, 3616.7533708226624, 1.5298684133232254
2100-Feb-18 11:00:00, 8927.0372417603649, 3.206115574671434, 5310.2179755364104, 12.634849069256283, 3616.8192662239535, 1.5298962867452375
2100-Feb-18 12:00:00, 8913.7286204501179, 3.2013358278299422, 5296.8436837330892, 12.60302699356718, 3616.8849367170283, 1.5299240650322097
2100-Feb-18 13:00:00, 8898.0943824458409, 3.195720843529311, 5281.1439990184963, 12.565672002168027, 3616.9503834273441, 1.5299517486602048
2100-Feb-18 14:00:00, 8880.7484297119809, 3.1894911026072741, 5263.7328220398012, 12.524244777474543, 3617.0156076721787, 1.5299793381864246
2100-Feb-18 15:00:00, 8862.7316106908038, 3.1830204223014258, 5245.6509996846862, 12.481221854986902, 3617.080611006118, 1.5300068342684514
2100-Feb-18 16:00:00, 8845.7494316026568, 3.1769213294678407, 5228.6040362987542, 12.440661220665929, 3617.1453953039036, 1.530034237699291
2100-Feb-18 17:00:00, 8832.5756989766523, 3.1721900274462462, 5215.3657361684636, 12.409162716301267, 3617.2099628081892, 1.5300615494275749
2100-Feb-18 18:00:00, 8824.6485073255426, 3.1693430030721195, 5207.3741911831157, 12.390148060935855, 3617.2743161424273, 1.5300887705630102
2100-Feb-18 19:00:00, 8822.5988440378351, 3.1686068733561137, 5205.2603856748246, 12.385118584993048, 3617.33845836301, 1.5301159023984352
2100-Feb-18 20:00:00, 8825.9603672846806, 3.1698141531897761, 5208.5579743486578, 12.392964691382337, 3617.4023929360228, 1.5301429463999865
2100-Feb-18 21:00:00, 8833.1057510826067, 3.1723803938876833, 5215.6396273717946, 12.409814398403853, 3617.4661237108112, 1.530169904195918
2100-Feb-18 22:00:00, 8842.6966439015559, 3.1758249309730662, 5225.1669890016137, 12.432483293875856, 3617.5296548999431, 1.5301967775681247
2100-Feb-18 23:00:00, 8854.0273977315228, 3.1798943333227152, 5236.4344067464335, 12.459292385943622, 3617.5929909850902, 1.5302235684123309
2100-Feb-19 00:00:00, 8866.7751406435636, 3.1844726425629868, 5249.119003980345, 12.489473439206051, 3617.6561366632177, 1.5302502787153294
2100-Feb-19 01:00:00, 8880.6128916306807, 3.1894424245585946, 5262.8937948876073, 12.522248441075206, 3617.7190967430724, 1.5302769105111955
2100-Feb-19 02:00:00, 8894.3196004335441, 3.1943651431919138, 5276.5377243827734, 12.554712078288816, 3617.7818760507703, 1.5303034658413521
2100-Feb-19 03:00:00, 8907.7345205291567, 3.1991830668867225, 5289.8900411989853, 12.586481867867121, 3617.844479330171, 1.5303299467124278
2100-Feb-19 04:00:00, 8920.8061346251307, 3.2038776933797259, 5302.8992234505349, 12.617435221386696, 3617.9069111745953, 1.5303563550673742
2100-Feb-19 05:00:00, 8933.2562220376858, 3.2083491006426739, 5315.2870461014591, 12.646910145055028, 3617.9691759362263, 1.5303826927471429
2100-Feb-19 06:00:00, 8945.3549827226052, 3.2126943300861766, 5327.3237050636635, 12.675549528595626, 3618.0312776589426, 1.5304089614622736
2100-Feb-19 07:00:00, 8957.2123434589703, 3.2169528615453618, 5339.1191233951558, 12.703614917062488, 3618.0932200638144, 1.5304351627867607
2100-Feb-19 08:00:00, 8968.3074920927083, 3.2209376470766147, 5350.1524855773951, 12.729867109823925, 3618.1550065153128, 1.5304612981437584
2100-Feb-19 09:00:00, 8977.0641485544093, 3.2240825709638563, 5358.8475085209693, 12.750555583075286, 3618.2166400334395, 1.5304873688107119
2100-Feb-19 10:00:00, 8981.4465121990106, 3.2256564822128317, 5363.168388897865, 12.760836455095964, 3618.2781233011465, 1.5305133759224967
2100-Feb-19 11:00:00, 8979.7070570796568, 3.2250317627231992, 5361.3675983426338, 12.75655175021652, 3618.3394587370226, 1.5305393205021633
2100-Feb-19 12:00:00, 8970.0224180529767, 3.2215535570007838, 5351.6217695374989, 12.733363045614379, 3618.4006485154778, 1.5305652034694766
2100-Feb-19 13:00:00, 8952.6483413056994, 3.2153137154333704, 5334.1866466512565, 12.691878845307262, 3618.4616946544438, 1.5305910256780111
2100-Feb-19 14:00:00, 8931.8817321183778, 3.2078554571842472, 5313.3591330499721, 12.64232297169672, 3618.5225990684053, 1.5306167879375845
2100-Feb-19 15:00:00, 8911.6192375392584, 3.2005782500109747, 5293.0358738862033, 12.593966894166087, 3618.5833636530556, 1.5306424910500651
2100-Feb-19 16:00:00, 8893.5015845061153, 3.1940713555069031, 5274.8575941722584, 12.550714466189961, 3618.6439903338573, 1.5306681358299141
2100-Feb-19 17:00:00, 8878.8626889212082, 3.1888138451079096, 5260.1582077874846, 12.515739531217816, 3618.7044811337237, 1.5306937231328137
2100-Feb-19 18:00:00, 8868.829300620866, 3.1852103872500246, 5250.064462401433, 12.491723012482844, 3618.764838219432, 1.5307192538752996
2100-Feb-19 19:00:00, 8863.7527132032792, 3.1833871478543641, 5244.9276492701874, 12.479500753639748, 3618.8250639330918, 1.5307447290480722
2100-Feb-19 20:00:00, 8863.1881929337687, 3.1831844022872424, 5244.3030321589849, 12.478014573041801, 3618.8851607747833, 1.5307701497086532
2100-Feb-19 21:00:00, 8866.6101134245564, 3.1844133735891074, 5247.6649819810154, 12.486013816910029, 3618.945131443541, 1.5307955169987202
2100-Feb-19 22:00:00, 8872.9675835038543, 3.1866966377096371, 5253.9626047301463, 12.500998044167169, 3619.0049787737084, 1.5308208321171861
2100-Feb-19 23:00:00, 8881.2236554089741, 3.1896617783272641, 5262.1589497033947, 12.520499989686851, 3619.0647057055794, 1.5308460963077808
2100-Feb-20 00:00:00, 8890.1853124741701, 3.1928803274957587, 5271.0609972482762, 12.541681046218821, 3619.1243152258935, 1.5308713108338796
2100-Feb-20 01:00:00, 8900.2038584789443, 3.1964784547928211, 5281.0200481836873, 12.565377080171032, 3619.1838102952574, 1.5308964769478046
2100-Feb-20 02:00:00, 8911.4759891293561, 3.2005268028235601, 5292.2327953473814, 12.592056091977643, 3619.2431937819752, 1.5309215958628335
2100-Feb-20 03:00:00, 8923.4970873504572, 3.2048441400528742, 5304.1946189762457, 12.620517416322524, 3619.3024683742124, 1.5309466687160471
2100-Feb-20 04:00:00, 8936.1349146931661, 3.2093829734839621, 5316.7732781549967, 12.650446406233918, 3619.3616365381695, 1.5309716965506357
2100-Feb-20 05:00:00, 8948.6436353173976, 3.2138754386688229, 5329.2229348776491, 12.680068454590394, 3619.4207004397481, 1.5309966802827644
2100-Feb-20 06:00:00, 8960.3882415531352, 3.2180934747261425, 5340.9085796500021, 12.707872653712881, 3619.4796619031326, 1.5310216206840546
2100-Feb-20 07:00:00, 8971.0883611432037, 3.2219363868972808, 5351.5498387273083, 12.733191897285936, 3619.5385224158945, 1.5310465183837407
2100-Feb-20 08:00:00, 8980.8480199446258, 3.2254415357209401, 5361.2507368495972, 12.756273696220747, 3619.5972830950291, 1.5310713738543069
2100-Feb-20 09:00:00, 8987.2975310042675, 3.227757856051789, 5367.6415862831655, 12.771479742072248, 3619.6559447211016, 1.5310961874259279
2100-Feb-20 10:00:00, 8989.7892312896747, 3.2286527418774114, 5370.0747235245608, 12.777269018887521, 3619.7145077651139, 1.5311209592978354
2100-Feb-20 11:00:00, 8988.9862163237267, 3.228364341737556, 5369.2132438731705, 12.775219260210628, 3619.7729724505557, 1.5311456895645641
2100-Feb-20 12:00:00, 8983.6863141746489, 3.2264608996028121, 5363.8549753640009, 12.762470082267688, 3619.8313388106476, 1.5311703782401662
2100-Feb-20 13:00:00, 8973.059002298347, 3.2226441360786149, 5353.1693955415021, 12.737045384280385, 3619.8896067568453, 1.531195025287188
2100-Feb-20 14:00:00, 8958.9045480555378, 3.2175606111677344, 5338.9567718888165, 12.703228626558367, 3619.9477761667217, 1.5312196306538435
2100-Feb-20 15:00:00, 8942.345098461843, 3.2116133402185363, 5322.3392515015594, 12.663689785974883, 3620.0058469602836, 1.531244194306296
2100-Feb-20 16:00:00, 8925.7507984476615, 3.2056535528573553, 5305.6869792831494, 12.624068258740207, 3620.0638191645116, 1.531268716255958
2100-Feb-20 17:00:00, 8911.9930399606219, 3.2007124999006669, 5291.8713469559816, 12.591196080977586, 3620.1216930046407, 1.5312931965981027
2100-Feb-20 18:00:00, 8902.6326053353641, 3.1973507311049296, 5282.4531364179529, 12.56878689378439, 3620.1794689174112, 1.5313176355174694
2100-Feb-20 19:00:00, 8897.6495884998258, 3.1955610972709256, 5277.4124408681137, 12.556793331981522, 3620.237147631713, 1.5313420333223746
2100-Feb-20 20:00:00, 8896.1334813406193, 3.1950165924543374, 5275.838751168194, 12.553048978749333, 3620.2947301724248, 1.5313663904463368
2100-Feb-20 21:00:00, 8896.8894136743802, 3.1952880830242805, 5276.5371958250562, 12.554710820666809, 3620.352217849324, 1.5313907074433852
2100-Feb-20 22:00:00, 8898.684525033892, 3.195932791266459, 5278.2749127581992, 12.558845451538179, 3620.4096122756937, 1.5314149849959307
2100-Feb-20 23:00:00, 8900.6542234886092, 3.1966402018800872, 5280.1873081775675, 12.563395703071311, 3620.4669153110412, 1.531439223890535
2100-Feb-21 00:00:00, 8902.4266524847153, 3.1972767638272956, 5281.9025234702758, 12.567476794741086, 3620.5241290144386, 1.5314634249981758
2100-Feb-21 01:00:00, 8903.7432965793851, 3.1977496321512309, 5283.1620409882717, 12.570473623461353, 3620.5812555911139, 1.5314875892516528
2100-Feb-21 02:00:00, 8904.558376162262, 3.1980423652579142, 5283.9200788271437, 12.572277258213647, 3620.6382973351188, 1.5315117176213386
2100-Feb-21 03:00:00, 8904.9957369616313, 3.1981994419265374, 5284.3004804323518, 12.57318236547848, 3620.6952565292795, 1.5315358110728574
2100-Feb-21 04:00:00, 8905.177933242263, 3.1982648771114883, 5284.4257978337264, 12.573480539010982, 3620.752135408537, 1.5315598705515776
2100-Feb-21 05:00:00, 8905.1776208195715, 3.1982647649059235, 5284.3686847438003, 12.573344647174823, 3620.8089360757708, 1.5315838969470066
2100-Feb-21 06:00:00, 8905.0444982872978, 3.1982169543935997, 5284.1788378276924, 12.572892935561038, 3620.8656604596058, 1.5316078910749431
2100-Feb-21 07:00:00, 8904.8061190196313, 3.1981313412767225, 5283.8838087433805, 12.572190959113273, 3620.9223102762498, 1.5316318536613343
2100-Feb-21 08:00:00, 8903.9831571508876, 3.1978357772734274, 5283.0042701614211, 12.570098231981385, 3620.978886989466, 1.5316557853253447
2100-Feb-21 09:00:00, 8901.4007397066871, 3.1969083106835692, 5280.3653478921351, 12.563819321260294, 3621.0353918145524, 1.5316796865810394
2100-Feb-21 10:00:00, 8896.9904050688638, 3.1953243537459088, 5275.8985793588163, 12.553191330751092, 3621.0918257100466, 1.5317035578338745
2100-Feb-21 11:00:00, 8891.6489224196321, 3.193405978113574, 5270.500733038547, 12.540347983477998, 3621.1481893810851, 1.5317273993821194
2100-Feb-21 12:00:00, 8884.4127040353505, 3.1908071144777148, 5263.208220704606, 12.522996569072882, 3621.2044833307446, 1.5317512114385732
2100-Feb-21 13:00:00, 8875.3026884601677, 3.1875352828464476, 5254.0419806071495, 12.501186906889997, 3621.2607078530173, 1.5317749941275929
2100-Feb-21 14:00:00, 8865.1906167447396, 3.1839035661031403, 5243.8737536532635, 12.47699317069006, 3621.3168630914761, 1.5317987475099091
2100-Feb-21 15:00:00, 8853.8508740945472, 3.1798309354487646, 5232.4779250216388, 12.449878544615762, 3621.3729490729074, 1.5318224715968525
2100-Feb-21 16:00:00, 8842.3400283775463, 3.1756968537000883, 5220.9110626468273, 12.422356969986645, 3621.4289657307186, 1.5318461663602545
2100-Feb-21 17:00:00, 8831.9379632614036, 3.1719609867966096, 5210.4530503098495, 12.397473733921597, 3621.4849129515533, 1.5318698317521662
2100-Feb-21 18:00:00, 8823.2099997801397, 3.168826367897347, 5201.6692091818204, 12.376573931425304, 3621.5407905983193, 1.5318934677145981
2100-Feb-21 19:00:00, 8816.0492479824607, 3.166254607833717, 5194.4526494493239, 12.359403234583965, 3621.5965985331368, 1.5319170741892276
2100-Feb-21 20:00:00, 8810.0935408545483, 3.164115635533741, 5188.4412042144822, 12.345099922821579, 3621.652336640067, 1.5319406511270137
2100-Feb-21 21:00:00, 8804.9981726463102, 3.1622856510799182, 5183.2901678279104, 12.332843821924325, 3621.7080048183993, 1.5319641984853558
2100-Feb-21 22:00:00, 8800.5040439635377, 3.1606715997912094, 5178.7404409620458, 12.322018444788892, 3621.763603001491, 1.5319877162360644
2100-Feb-21 23:00:00, 8796.4328520342588, 3.1592094448232793, 5174.6137208938226, 12.31219954743792, 3621.8191311404366, 1.5320112043584533
2100-Feb-22 00:00:00, 8792.5050875842207, 3.1577988013549181, 5170.630498395697, 12.302722080542036, 3621.8745891885246, 1.532034662832763
2100-Feb-22 01:00:00, 8788.5694048014448, 3.1563853140438316, 5166.6394276970004, 12.293225940056828, 3621.9299771044448, 1.5320580916415201
2100-Feb-22 02:00:00, 8784.7461438974697, 3.1550122026745941, 5162.7608490970169, 12.283997457263881, 3621.9852948004532, 1.5320814907476088
2100-Feb-22 03:00:00, 8781.0058939382561, 3.1536689044085913, 5158.965351785745, 12.274966653652502, 3622.0405421525106, 1.5321048600985616
2100-Feb-22 04:00:00, 8777.4525170642537, 3.1523927209862661, 5155.3567981054402, 12.266380653733288, 3622.095718958813, 1.5321281996090161
2100-Feb-22 05:00:00, 8773.9766513239738, 3.151144375428431, 5151.8258263836033, 12.257979248182941, 3622.1508249403705, 1.5321515091609614
2100-Feb-22 06:00:00, 8770.4794499768559, 3.1498883672587432, 5148.2735902616214, 12.249527247254473, 3622.2058597152341, 1.5321747885928345
2100-Feb-22 07:00:00, 8766.9403797481536, 3.1486173220202383, 5144.6795569578326, 12.24097579634371, 3622.2608227903215, 1.5321980376960644
2100-Feb-22 08:00:00, 8763.3280938124553, 3.1473199816053881, 5141.012380238848, 12.232250311896911, 3622.3157135736074, 1.5322212562202273
2100-Feb-22 09:00:00, 8759.4014930910635, 3.1459097560862785, 5137.0309617337116, 12.222777137325604, 3622.3705313573514, 1.5322444438659526
2100-Feb-22 10:00:00, 8754.6774882087229, 3.1442131455291671, 5132.252212860978, 12.211406837457497, 3622.4252753477458, 1.5322676002974636
2100-Feb-22 11:00:00, 8748.6095720912526, 3.142033873745802, 5126.1296274276492, 12.196839084642054, 3622.4799446636043, 1.532290725142023
2100-Feb-22 12:00:00, 8741.0227255124701, 3.1393090831663373, 5118.4881871533535, 12.178657449729466, 3622.5345383591157, 1.5323138179995575
2100-Feb-22 13:00:00, 8731.9909519268076, 3.1360653518839765, 5109.4018964800798, 12.157038014936941, 3622.5890554467269, 1.5323368784523368
2100-Feb-22 14:00:00, 8722.5326815097342, 3.1326684456907574, 5099.8891865962823, 12.134403981046974, 3622.6434949134514, 1.5323599060718731
2100-Feb-22 15:00:00, 8713.4290238202448, 3.129398897472877, 5090.7311680684315, 12.112613880827753, 3622.6978557518128, 1.5323829004320089
2100-Feb-22 16:00:00, 8705.2330747729029, 3.126455349778579, 5082.4809377956299, 12.092983723503952, 3622.7521369772735, 1.5324058611162896
2100-Feb-22 17:00:00, 8698.1945827036143, 3.123927498887582, 5075.3882450537067, 12.076107749165109, 3622.8063376499085, 1.5324287877271319
2100-Feb-22 18:00:00, 8692.4460513104314, 3.1218629330599685, 5069.5855944224222, 12.062301232132162, 3622.8604568880087, 1.532451679891577
2100-Feb-22 19:00:00, 8688.1553639879967, 3.120321947055547, 5065.240870100889, 12.051963627102953, 3622.9144938871073, 1.5324745372693398
2100-Feb-22 20:00:00, 8685.6776021747028, 3.1194320671855755, 5062.7091542504186, 12.045939797609645, 3622.9684479242842, 1.5324973595546287
2100-Feb-22 21:00:00, 8685.1042467958505, 3.1192261485184773, 5062.0819284253903, 12.044447409977332, 3623.0223183704593, 1.5325201464813458
2100-Feb-22 22:00:00, 8686.7612731642384, 3.1198212639978298, 5063.6851684827934, 12.048262073752039, 3623.076104681445, 1.5325428978193028
2100-Feb-22 23:00:00, 8690.0869199118679, 3.1210156589067646, 5066.9571135099259, 12.056047165017816, 3623.129806401942, 1.53256561337591
2100-Feb-23 00:00:00, 8694.9581323169878, 3.1227651385534418, 5071.7747091708579, 12.067509894859228, 3623.1834231461294, 1.5325882929879673
2100-Feb-23 01:00:00, 8701.0555135810027, 3.1249549926456615, 5077.8185589784325, 12.081890308331472, 3623.2369546025693, 1.5326109365237381
2100-Feb-23 02:00:00, 8708.1166959179791, 3.1274909926704257, 5084.8262954161719, 12.098564142177063, 3623.2904005018072, 1.5326335438692447
2100-Feb-23 03:00:00, 8717.0083391559092, 3.130684396606974, 5093.6645785226438, 12.119593481009495, 3623.3437606332654, 1.5326561149354134
2100-Feb-23 04:00:00, 8727.76626015687, 3.1345480679615547, 5104.3692253528388, 12.145063546016676, 3623.3970348040311, 1.5326786496406433
2100-Feb-23 05:00:00, 8739.817717976417, 3.1388763087391327, 5116.3674951163621, 12.173611588348031, 3623.450222860055, 1.5327011479197721
2100-Feb-23 06:00:00, 8753.205672314838, 3.1436845477724158, 5129.7023476476488, 12.205339824339433, 3623.5033246671883, 1.5327236097160557
2100-Feb-23 07:00:00, 8767.6261820638483, 3.1488636256286973, 5144.0698419445434, 12.239525073001721, 3623.5563401193044, 1.5327460349846032
2100-Feb-23 08:00:00, 8782.9910907075337, 3.1543818811900697, 5159.3818215550345, 12.275957579580801, 3623.6092691524987, 1.532768423698383
2100-Feb-23 09:00:00, 8797.2538487487818, 3.1595043030480072, 5173.5917369886702, 12.30976789351104, 3623.6621117601117, 1.5327907758545782
2100-Feb-23 10:00:00, 8807.9131281050704, 3.1633325475857474, 5184.1982600943047, 12.335004488168105, 3623.7148680107662, 1.5328130914822162
2100-Feb-23 11:00:00, 8813.16186346016, 3.1652176133375245, 5189.3943253851003, 12.347367728435389, 3623.7675380750597, 1.5328353706534588
2100-Feb-23 12:00:00, 8812.3606278713251, 3.1649298522550091, 5188.5405056037353, 12.345336195244172, 3623.8201222675893, 1.5328576135013787
2100-Feb-23 13:00:00, 8806.3680363098174, 3.1627776330340431, 5182.4954152323335, 12.330952830040607, 3623.8726210774835, 1.5328798202328751
2100-Feb-23 14:00:00, 8797.4888806848357, 3.1595887139819285, 5173.5638454809823, 12.309701529947139, 3623.925035203853, 1.5329019911436679
2100-Feb-23 15:00:00, 8788.3684389482187, 3.1563131378296458, 5164.3910733504963, 12.287876325793695, 3623.9773655977228, 1.5329241266360363
2100-Feb-23 16:00:00, 8780.8108158376708, 3.1535988427610788, 5156.781202338032, 12.269769805096814, 3624.0296134996393, 1.532946227234725
2100-Feb-23 17:00:00, 8775.9584552917149, 3.1518561336965827, 5151.8766748222952, 12.258100234242505, 3624.0817804694193, 1.5329682935995286
2100-Feb-23 18:00:00, 8774.0650160993882, 3.1511761113420422, 5149.9311476869625, 12.25347115087374, 3624.1338684124257, 1.532990326536406
2100-Feb-23 19:00:00, 8774.6625678730124, 3.1513907200634135, 5150.476688273563, 12.254769181011977, 3624.1858795994503, 1.5330123270058906
2100-Feb-23 20:00:00, 8777.3359677982735, 3.1523508627071126, 5153.0981511391174, 12.261006549760214, 3624.2378166591557, 1.5330342961198937
2100-Feb-23 21:00:00, 8781.6132044853275, 3.1538870179608143, 5157.3235218958198, 12.271060171291106, 3624.2896825895082, 1.5330562351465395
2100-Feb-23 22:00:00, 8786.6798882507483, 3.155706700492916, 5162.3384075472768, 12.282992322400089, 3624.341480703471, 1.5330781454871949
2100-Feb-23 23:00:00, 8792.6663216979796, 3.1578567080477313, 5168.2731070770487, 12.297113029530285, 3624.3932146209299, 1.5331000286730534
2100-Feb-24 00:00:00, 8799.2360141565969, 3.1602161911261528, 5174.7911259531011, 12.312621655562001, 3624.4448882034958, 1.5331218863375566
2100-Feb-24 01:00:00, 8806.0407751316652, 3.1626600982762234, 5181.5442696412592, 12.328689725015263, 3624.496505490406, 1.5331437201892819
2100-Feb-24 02:00:00, 8812.8517199290691, 3.1651062263254079, 5188.3036492833417, 12.344772631964274, 3624.5480706457279, 1.5331655319896087
2100-Feb-24 03:00:00, 8819.8290303856957, 3.1676121040447995, 5195.2294425190375, 12.361251494530936, 3624.599587866659, 1.5331873235139299
2100-Feb-24 04:00:00, 8827.4738619819764, 3.1703577197494051, 5202.8228006410045, 12.379318725338006, 3624.6510613409719, 1.5332090965336527
2100-Feb-24 05:00:00, 8835.390836901568, 3.1732010748185702, 5210.6883417568342, 12.398033573825275, 3624.7024951447333, 1.5332308527729326
2100-Feb-24 06:00:00, 8843.0219541819824, 3.175941765072491, 5218.2680609661475, 12.416068352931935, 3624.7538932158341, 1.5332525938974773
2100-Feb-24 07:00:00, 8850.1219758010357, 3.1784917140955402, 5225.3167165130708, 12.432839547520715, 3624.8052592879653, 1.5332743214866196
2100-Feb-24 08:00:00, 8856.5174160743118, 3.1807886150842708, 5231.6608192183094, 12.447934366703246, 3624.8565968560019, 1.5332960370186737
2100-Feb-24 09:00:00, 8861.8026980479244, 3.1826868064318838, 5236.8947888928005, 12.460387794636885, 3624.9079091551234, 1.5333177418621045
2100-Feb-24 10:00:00, 8865.6403889362264, 3.1840651002817406, 5240.6811897949028, 12.469396954738063, 3624.9591991413226, 1.5333394372672815
2100-Feb-24 11:00:00, 8867.8006343676989, 3.1848409452049089, 5242.7901648720126, 12.474414937410877, 3625.0104694956858, 1.5333611243682912
2100-Feb-24 12:00:00, 8868.1950621512569, 3.1849826026244652, 5243.1333395249449, 12.475231468853497, 3625.0617226263125, 1.5333828041837474
2100-Feb-24 13:00:00, 8866.7303378941488, 3.1844565518053485, 5241.6173772047023, 12.471624469065695, 3625.112960689446, 1.5334044776257298
2100-Feb-24 14:00:00, 8863.643706203633, 3.1833479983549444, 5238.4795205986575, 12.464158420628324, 3625.1641856049755, 1.5334261455063425
2100-Feb-24 15:00:00, 8859.3264853840465, 3.181797482933745, 5234.1110862862597, 12.453764401313039, 3625.2153990977863, 1.5334478085552026
2100-Feb-24 16:00:00, 8854.5922993383192, 3.1800972158458478, 5229.3256966322924, 12.442378300724702, 3625.2666027060272, 1.5334694674229394
2100-Feb-24 17:00:00, 8850.2471776261409, 3.1785366799123702, 5224.9293797947357, 12.431917939218064, 3625.3177978314043, 1.5334911227024679
2100-Feb-24 18:00:00, 8846.6724420648497, 3.1772528255889254, 5221.3034563221363, 12.423290610542663, 3625.3689857427139, 1.5335127749304822
2100-Feb-24 19:00:00, 8843.8536937541085, 3.1762404815586049, 5218.4335261441274, 12.41646205194008, 3625.4201676099806, 1.5335344246018969
2100-Feb-24 20:00:00, 8841.4640151412132, 3.1753822364755191, 5215.9926706207689, 12.410654410656884, 3625.4713445204447, 1.5335560721766091
2100-Feb-24 21:00:00, 8839.2554675393585, 3.1745890439893731, 5213.7329500618935, 12.405277752235023, 3625.5225174774641, 1.5335777180790342
2100-Feb-24 22:00:00, 8837.1212402319325, 3.173822543388455, 5211.5475528118723, 12.400077934725159, 3625.5736874200602, 1.5335993627063733
2100-Feb-24 23:00:00, 8835.0316363349648, 3.1730720691361891, 5209.4067811311825, 12.394984296911822, 3625.6248552037828, 1.53362100642052
2100-Feb-25 00:00:00, 8832.8870704660312, 3.1723018554754758, 5207.2110488718745, 12.389759888832781, 3625.6760215941567, 1.5336426495452873
2100-Feb-25 01:00:00, 8830.7906249093903, 3.1715489240640156, 5205.063437654725, 12.384649977391645, 3625.7271872546653, 1.5336642923613251
2100-Feb-25 02:00:00, 8828.8094704370196, 3.1708373990599545, 5203.0311177191697, 12.379814383869029, 3625.7783527178499, 1.5336859350938958
2100-Feb-25 03:00:00, 8826.9382987406461, 3.1701653740021265, 5201.1087803679384, 12.375240477034151, 3625.8295183727068, 1.5337075779075431
2100-Feb-25 04:00:00, 8825.137715377974, 3.1695187005083101, 5199.2570309487992, 12.370834523355283, 3625.8806844291753, 1.5337292208910698
2100-Feb-25 05:00:00, 8823.2446160375112, 3.1688388002104304, 5197.3127651216237, 12.36620844107579, 3625.9318509158879, 1.5337508640565878
2100-Feb-25 06:00:00, 8821.3235337083825, 3.1681488499157422, 5195.3405160651191, 12.361515776994819, 3625.9830176432633, 1.533772507323905
2100-Feb-25 07:00:00, 8819.2979377736101, 3.1674213639090651, 5193.263753586456, 12.3565744392585, 3626.0341841871541, 1.533794150513609
2100-Feb-25 08:00:00, 8816.9320714806418, 3.1665716709410563, 5190.8467215855098, 12.350823482392283, 3626.085349895131, 1.5338157933497256
2100-Feb-25 09:00:00, 8813.4618394971785, 3.1653253487281439, 5187.3253256328708, 12.342444860915791, 3626.1365138643077, 1.5338374354503386
2100-Feb-25 10:00:00, 8807.9299675502571, 3.1633385954161777, 5181.7422926167801, 12.32916089030819, 3626.1876749334774, 1.5338590763242632
2100-Feb-25 11:00:00, 8800.4533332018345, 3.1606533871907132, 5174.2145014766502, 12.311249666076229, 3626.2388317251844, 1.5338807153888427
2100-Feb-25 12:00:00, 8791.7164882443285, 3.1575155785389564, 5165.4265056386794, 12.290339978084974, 3626.28998260565, 1.5339023519529971
2100-Feb-25 13:00:00, 8781.644764847626, 3.1538983527594007, 5155.3036391118821, 12.266254170062869, 3626.3411257357434, 1.5339239852387831
2100-Feb-25 14:00:00, 8770.2359825461917, 3.1498009267451397, 5143.8437234764961, 12.23898705879426, 3626.3922590696957, 1.5339456143808508
2100-Feb-25 15:00:00, 8757.558983552035, 3.1452480249464188, 5131.1156031781784, 12.208702449076645, 3626.4433803738561, 1.5339672384343774
2100-Feb-25 16:00:00, 8743.8864563914794, 3.1403375825356363, 5117.3919691282581, 12.176049167101919, 3626.4944872632223, 1.5339888563905186
2100-Feb-25 17:00:00, 8730.4922649990785, 3.1355271034852725, 5103.9466877900331, 12.144058182704523, 3626.5455772090454, 1.5340104671796269
2100-Feb-25 18:00:00, 8718.396291413259, 3.1311828750190918, 5091.7996438570617, 12.115156155059374, 3626.5966475561972, 1.5340320696785961
2100-Feb-25 19:00:00, 8708.0098207586361, 3.1274526088143224, 5081.3621252078992, 12.090321680580688, 3626.6476955507364, 1.534053662722523
2100-Feb-25 20:00:00, 8699.1983354415988, 3.1242879933270267, 5072.4996170991035, 12.069234702071414, 3626.6987183424958, 1.5340752451058013
2100-Feb-25 21:00:00, 8691.7919255442084, 3.1216280059783301, 5065.0422125393261, 12.051490951909887, 3626.7497130048823, 1.534096815590497
2100-Feb-25 22:00:00, 8685.5475053218997, 3.119385343335916, 5058.7468287924321, 12.036512052015102, 3626.8006765294676, 1.5341183729040599
2100-Feb-25 23:00:00, 8680.20840879549, 3.1174678246716137, 5053.3568029676462, 12.023687312411322, 3626.8516058278433, 1.534139915740109
2100-Feb-26 00:00:00, 8675.5563268145415, 3.115797044984038, 5048.6538290765093, 12.012497307487811, 3626.9024977380318, 1.5341614427611436
2100-Feb-26 01:00:00, 8671.99500270116, 3.114518007337264, 5045.0416536885486, 12.003902690270811, 3626.9533490126114, 1.5341829525935211
2100-Feb-26 02:00:00, 8669.8276985192588, 3.1137396272874822, 5042.8235422148073, 11.998625034284068, 3627.0041563044515, 1.5342044438214217
2100-Feb-26 03:00:00, 8669.1276021666181, 3.113488190023451, 5042.0726860120567, 11.996838487133239, 3627.0549161545619, 1.5342259149817101
2100-Feb-26 04:00:00, 8669.6878659600661, 3.1136894068914276, 5042.5822409559851, 11.998050894955044, 3627.1056250040815, 1.5342473645690062
2100-Feb-26 05:00:00, 8671.3184618718951, 3.1142750299606869, 5044.1621827066938, 12.001810123983002, 3627.1562791652022, 1.5342687910233859
2100-Feb-26 06:00:00, 8673.9416347897786, 3.1152171337426382, 5046.7347599629275, 12.007931176923062, 3627.2068748268512, 1.5342901927327841
2100-Feb-26 07:00:00, 8677.0978294064334, 3.1163506704853567, 5049.8404213298745, 12.015320621727845, 3627.2574080765594, 1.5343115680422468
2100-Feb-26 08:00:00, 8680.0240107351383, 3.1174015987248387, 5052.7161358514268, 12.022162943288555, 3627.3078748837115, 1.5343329152468437
2100-Feb-26 09:00:00, 8682.056492156582, 3.1181315576310298, 5054.6982210190645, 12.026879010887077, 3627.3582711375184, 1.5343542326077317
2100-Feb-26 10:00:00, 8681.9568623090727, 3.1180957759044441, 5054.5482696489735, 12.026522224604939, 3627.4085926600987, 1.5343755183576884
2100-Feb-26 11:00:00, 8679.3323454881684, 3.1171531894642168, 5051.8735102392575, 12.02015804490572, 3627.45883524891, 1.5343967707190591
2100-Feb-26 12:00:00, 8673.5850767729335, 3.1150890771231663, 5046.0760820751721, 12.006363953932333, 3627.5089946977619, 1.5344179879126469
2100-Feb-26 13:00:00, 8664.5340385139352, 3.111838426997795, 5036.9749716660617, 11.984709257851776, 3627.5590668478744, 1.5344391681793088
2100-Feb-26 14:00:00, 8652.9660693151145, 3.1076838295416356, 5025.3570216806884, 11.957066128090322, 3627.6090476344257, 1.5344603097996456
2100-Feb-26 15:00:00, 8640.9443422891472, 3.1033662664791564, 5013.2854091616946, 11.928343577923325, 3627.6589331274522, 1.5344814111113028
2100-Feb-26 16:00:00, 8629.6258201294386, 3.0993012570929794, 5001.9171005586559, 11.901294431535391, 3627.7087195707823, 1.5345024705254382
2100-Feb-26 17:00:00, 8620.200909767269, 3.0959163320519281, 4992.4425063226754, 11.87875108798235, 3627.758403444594, 1.5345234865531856
2100-Feb-26 18:00:00, 8613.4515864221794, 3.0934923351412889, 4985.6436049424101, 11.862574145120087, 3627.8079814797702, 1.5345444578117244
2100-Feb-26 19:00:00, 8609.7517423294285, 3.0921635485071151, 4981.8942916287087, 11.853653229246161, 3627.8574507007197, 1.5345653830423946
2100-Feb-26 20:00:00, 8608.7788897312112, 3.0918141517495421, 4980.8720812742886, 11.851221036517984, 3627.9068084569226, 1.5345862611240402
2100-Feb-26 21:00:00, 8610.3108027140079, 3.0923643331748205, 4982.3547503021373, 11.854748820023827, 3627.9560524118715, 1.5346070910683298
2100-Feb-26 22:00:00, 8613.7738607747142, 3.0936080788973634, 4985.7686802105445, 11.862871742533688, 3628.0051805641692, 1.5346278720286826
2100-Feb-26 23:00:00, 8618.6941426227913, 3.0953751816703976, 4990.6399513907809, 11.874462185039295, 3628.0541912320105, 1.5346486032937037
2100-Feb-27 00:00:00, 8624.6475053829781, 3.0975133119985445, 4996.5444223582481, 11.888510967942642, 3628.1030830247305, 1.5346692842751486
2100-Feb-27 01:00:00, 8631.4037048550272, 3.099939778447188, 5003.2518500228271, 11.904470263130774, 3628.1518548321997, 1.5346899145034383
2100-Feb-27 02:00:00, 8638.9135580942057, 3.1026369171261883, 5010.7130523177048, 11.922223049420388, 3628.2005057765004, 1.5347104936072182
2100-Feb-27 03:00:00, 8647.1818381079447, 3.1056064422452034, 5018.9328029262251, 11.941780685058704, 3628.24903518172, 1.5347310213005803
2100-Feb-27 04:00:00, 8656.0816200270456, 3.1088027691618798, 5027.7841774886983, 11.962841173002424, 3628.2974425383463, 1.5347514973680039
2100-Feb-27 05:00:00, 8665.3974215644048, 3.1121485081333446, 5037.0516941025271, 11.98489180711989, 3628.3457274618772, 1.5347719216468461
2100-Feb-27 06:00:00, 8674.7793336315044, 3.1155179904805017, 5046.3854439511797, 12.007100033059242, 3628.3938896803247, 1.5347922940220577
2100-Feb-27 07:00:00, 8683.8186904008126, 3.118764445237912, 5055.37676141068, 12.028493493658774, 3628.4419289901321, 1.5348126144075354
2100-Feb-27 08:00:00, 8692.0853310058592, 3.1217333815687773, 5063.5954857310244, 12.048048687401812, 3628.4898452748348, 1.5348328827540147
2100-Feb-27 09:00:00, 8699.2896745495327, 3.1243207974622167, 5070.752036083084, 12.065076601128021, 3628.5376384664492, 1.5348530990327394
2100-Feb-27 10:00:00, 8704.7730497896664, 3.126290133344106, 5076.1877412070253, 12.078010027616799, 3628.5853085826416, 1.5348732632511819
2100-Feb-27 11:00:00, 8707.7793545960521, 3.1273698376626755, 5079.1464988828047, 12.08504993762392, 3628.632855713247, 1.5348933754473422
2100-Feb-27 12:00:00, 8708.0619783321454, 3.1274713410324413, 5079.3816982656626, 12.085609558475133, 3628.6802800664832, 1.5349134357092953
2100-Feb-27 13:00:00, 8705.8036656624772, 3.126660275588597, 5077.0760837010712, 12.080123702306949, 3628.7275819614056, 1.534933444172
2100-Feb-27 14:00:00, 8701.5006319814729, 3.1251148554307795, 5072.7258700930488, 12.069773036362612, 3628.7747618884241, 1.5349534010428971
2100-Feb-27 15:00:00, 8695.6647639553776, 3.1230189229434964, 5066.8429434419977, 12.055775514855217, 3628.8218205133808, 1.5349733066036346
2100-Feb-27 16:00:00, 8689.0788974730367, 3.1206536310185382, 5060.2101387674593, 12.039993773624493, 3628.8687587055779, 1.534993161221923
2100-Feb-27 17:00:00, 8682.6300492780156, 3.1183375487533014, 5053.7144717014407, 12.024538330295918, 3628.9155775765753, 1.5350129653679465
2100-Feb-27 18:00:00, 8677.0000037891677, 3.1163155367420301, 5048.037725322758, 12.011031383117944, 3628.9622784664098, 1.5350327196085336
2100-Feb-27 19:00:00, 8672.6631116293302, 3.1147579564247576, 5043.6542486548014, 12.000601572825147, 3629.0088629745292, 1.5350524246202431
2100-Feb-27 20:00:00, 8669.7789003180169, 3.1137221015766801, 5040.7235673784789, 11.993628466303528, 3629.0553329395379, 1.535072081180795
2100-Feb-27 21:00:00, 8668.3307357416306, 3.1132019981115215, 5039.2290452955212, 11.990072480271348, 3629.1016904461094, 1.535091690171996
2100-Feb-27 22:00:00, 8668.3861065599303, 3.1132218843557622, 5039.2381687834695, 11.99009418821135, 3629.1479377764599, 1.5351112525592117
2100-Feb-27 23:00:00, 8669.9388254389414, 3.1137795381490943, 5040.7447480405835, 11.993678862439829, 3629.1940773983574, 1.5351307693862957
2100-Feb-28 00:00:00, 8673.1829061224307, 3.1149446388788378, 5043.9427942219481, 12.001288122738409, 3629.240111900483, 1.5351502417482468
2100-Feb-28 01:00:00, 8678.2863523754459, 3.1167775245354306, 5049.0003084125437, 12.013321701916924, 3629.2860439629017, 1.5351696707787192
2100-Feb-28 02:00:00, 8685.5172929699074, 3.1193744926707239, 5056.1854166861376, 12.030417564836554, 3629.3318762837694, 1.5351890576190192
2100-Feb-28 03:00:00, 8694.9953866363576, 3.1227785183176704, 5065.6177751109681, 12.052860414756067, 3629.3776115253886, 1.5352084033952875
2100-Feb-28 04:00:00, 8705.8434022611218, 3.1266745468551269, 5076.4201499978026, 12.07856300868224, 3629.4232522633201, 1.5352277091969728
2100-Feb-28 05:00:00, 8717.4731718261064, 3.1308513397061426, 5088.0043708919093, 12.10612588524517, 3629.4688009341967, 1.5352469760547589
2100-Feb-28 06:00:00, 8729.6491574444753, 3.1352243042262651, 5100.1348976774007, 12.13498861287167, 3629.5142597670742, 1.5352662049115251
2100-Feb-28 07:00:00, 8742.4000962138252, 3.139803761248003, 5112.8404654547585, 12.165219562325285, 3629.5596307590667, 1.5352853966120403
2100-Feb-28 08:00:00, 8755.9914826935346, 3.1446850622545819, 5126.3865670380364, 12.197450433029655, 3629.6049156554977, 1.5353045518945678
2100-Feb-28 09:00:00, 8768.8175992434299, 3.1492915191248194, 5139.1674833360621, 12.227860662729508, 3629.6501159073669, 1.5353236713728731
2100-Feb-28 10:00:00, 8778.4291112961109, 3.1527434615390493, 5148.7338786038781, 12.250622432755247, 3629.6952326922328, 1.5353427555450574
2100-Feb-28 11:00:00, 8782.7556924058299, 3.1542973386771505, 5153.0154254879708, 12.260809716763676, 3629.7402669178596, 1.5353618047951005
2100-Feb-28 12:00:00, 8782.0760245310521, 3.1540532382326338, 5152.2908053002693, 12.259085594185974, 3629.7852192307819, 1.5353808193964831
2100-Feb-28 13:00:00, 8775.8188204357903, 3.1518059843049957, 5145.9887303807136, 12.244090773672285, 3629.8300900550767, 1.535399799528588
2100-Feb-28 14:00:00, 8765.0810353462475, 3.1479495446956691, 5135.2061556981816, 12.218435291294838, 3629.8748796480654, 1.5354187453002603
2100-Feb-28 15:00:00, 8752.5691963820973, 3.143455959569454, 5122.6496082497379, 12.188558912853704, 3629.9195881323585, 1.5354376567633641
2100-Feb-28 16:00:00, 8740.8102452803541, 3.1392327716014758, 5110.8460297280089, 12.160474108465971, 3629.9642155523443, 1.535456533936675
2100-Feb-28 17:00:00, 8731.2749136949315, 3.1358081891473253, 5101.266151767757, 12.137680258441867, 3630.008761927174, 1.5354753768282943
2100-Feb-28 18:00:00, 8724.825251810149, 3.1334918146481314, 5094.7720245029341, 12.122228478834026, 3630.0532273072145, 1.5354941854595268
2100-Feb-28 19:00:00, 8722.1801583893612, 3.132541838190861, 5092.0825465841936, 12.115829278700449, 3630.0976118051685, 1.535512959878045
2100-Feb-28 20:00:00, 8723.6827998446606, 3.1330815068449187, 5093.5408841924627, 12.119299169325915, 3630.1419156521988, 1.5355317001816298
2100-Feb-28 21:00:00, 8728.7192190735368, 3.1348903199699203, 5098.5330798830373, 12.131177333153687, 3630.186139190499, 1.5355504065150272
2100-Feb-28 22:00:00, 8736.0385510436245, 3.1375190335722016, 5105.8082681361802, 12.148487527566113, 3630.2302829074442, 1.5355690790843946
2100-Feb-28 23:00:00, 8744.4157485382257, 3.1405276760402647, 5114.1414011318138, 12.168314939201363, 3630.2743474064118, 1.5355877181449573
2100-Mar-01 00:00:00, 8752.8818626000284, 3.1435682525961139, 5122.5635291897343, 12.188354100935214, 3630.3183334102932, 1.5356063240024949
2100-Mar-01 01:00:00, 8760.7492584250776, 3.1463938014992596, 5130.3870167195191, 12.206968889365637, 3630.362241705559, 1.5356248969896806
2100-Mar-01 02:00:00, 8767.5549269412022, 3.1488380345896658, 5137.1488538265585, 12.22305764347553, 3630.4060731146442, 1.5356434374544001
2100-Mar-01 03:00:00, 8773.0277298873625, 3.1508035734675266, 5142.5779014432428, 12.235975229447071, 3630.4498284441202, 1.5356619457378291
2100-Mar-01 04:00:00, 8777.0208590590682, 3.1522376924571049, 5146.5273506127687, 12.245372337888483, 3630.4935084463, 1.5356804221581921
2100-Mar-01 05:00:00, 8779.81022370551, 3.1532394834426469, 5149.2731099445018, 12.25190545101054, 3630.5371137610073, 1.5356988669861313
2100-Mar-01 06:00:00, 8781.6143527848999, 3.1538874303687661, 5151.0337078930525, 12.256094523748054, 3630.580644891847, 1.5357172804346693
2100-Mar-01 07:00:00, 8782.6538405549945, 3.1542607589255005, 5152.0297383738825, 12.258464425483094, 3630.6241021811124, 1.5357356626485941
2100-Mar-01 08:00:00, 8783.0973970838513, 3.1544200607696511, 5152.4299113066172, 12.259416575588796, 3630.6674857772337, 1.5357540136906911
2100-Mar-01 09:00:00, 8782.7589297797294, 3.1542985013691611, 5152.0481341318191, 12.258508195367138, 3630.7107956479099, 1.535772333547297
2100-Mar-01 10:00:00, 8781.3372311256171, 3.153787903051489, 5150.5831995421067, 12.255022608236326, 3630.7540315835104, 1.5357906221297393
2100-Mar-01 11:00:00, 8778.5452988189845, 3.1527851898993751, 5147.7481056063743, 12.248276937128253, 3630.7971932126097, 1.5358088792809068
2100-Mar-01 12:00:00, 8774.3816310118673, 3.151289822529145, 5143.5413509917571, 12.238267609851679, 3630.8402800201097, 1.5358271047829157
2100-Mar-01 13:00:00, 8769.0368929592241, 3.1493702777295605, 5138.1536015763213, 12.225448286614741, 3630.8832913829033, 1.5358452983721946
2100-Mar-01 14:00:00, 8762.971015248153, 3.1471917380330372, 5132.0447886474412, 12.210913303360888, 3630.9262266007127, 1.5358634597525296
2100-Mar-01 15:00:00, 8756.6282985291473, 3.1449137725325231, 5125.6592136057043, 12.195719807115642, 3630.9690849234426, 1.5358815886066344
2100-Mar-01 16:00:00, 8750.2619574852288, 3.1426273224347132, 5119.2500919100257, 12.180470285219469, 3631.0118655752021, 1.5358996846063109
2100-Mar-01 17:00:00, 8744.0966563861948, 3.1404130751608603, 5113.0420886084576, 12.16569929368991, 3631.0545677777377, 1.5359177474223618
2100-Mar-01 18:00:00, 8738.3344043073121, 3.1383435815948575, 5107.2372135277392, 12.151887483920772, 3631.0971907795729, 1.5359357767369162
2100-Mar-01 19:00:00, 8733.026365232412, 3.1364372171104136, 5101.886631391827, 12.139156594523886, 3631.1397338405845, 1.5359537722369061
2100-Mar-01 20:00:00, 8728.1286302987828, 3.1346782119863099, 5096.9464340457625, 12.127402152780173, 3631.1821962530198, 1.5359717336229552
2100-Mar-01 21:00:00, 8723.5831111266434, 3.1330457039751871, 5092.3585337941831, 12.116485947929345, 3631.2245773324598, 1.5359896606055583
2100-Mar-01 22:00:00, 8719.3307673336676, 3.1315184889211558, 5088.0638909293166, 12.106267504043627, 3631.266876404351, 1.5360075528993822
2100-Mar-01 23:00:00, 8715.3247873665623, 3.1300797546113808, 5084.0156945837934, 12.096635441845043, 3631.3090927827689, 1.5360254102142843
2100-Mar-02 00:00:00, 8711.5171332961836, 3.1287122483842427, 5080.1659075405505, 12.087475464144648, 3631.3512257556331, 1.5360432322490585
2100-Mar-02 01:00:00, 8707.8630490042196, 3.1273998962295071, 5076.4697744369905, 12.078681082422747, 3631.39327456723, 1.5360610186840415
2100-Mar-02 02:00:00, 8704.4790843919673, 3.1261845566544997, 5073.0438460186078, 12.07052961129901, 3631.4352383733594, 1.5360787691621411
2100-Mar-02 03:00:00, 8701.4192282147105, 3.1250856195401493, 5069.9421119747785, 12.063149510957121, 3631.4771162399315, 1.5360964832882418
2100-Mar-02 04:00:00, 8698.5217352420368, 3.1240449946278059, 5067.0028281398854, 12.056155935967043, 3631.5189071021509, 1.5361141606119406
2100-Mar-02 05:00:00, 8695.6620632117592, 3.1230179529804571, 5064.101453438976, 12.049252559945902, 3631.5606097727841, 1.5361318006310438
2100-Mar-02 06:00:00, 8692.8055037054055, 3.1219920291856673, 5061.2032808104923, 12.042356802764891, 3631.6022228949132, 1.5361494027715821
2100-Mar-02 07:00:00, 8689.955467576403, 3.1209684482400397, 5058.3117226227414, 12.035476783630926, 3631.643744953662, 1.5361669663927702
2100-Mar-02 08:00:00, 8687.101312472716, 3.1199433879784277, 5055.41613819756, 12.028587184682635, 3631.6851742751564, 1.5361844907865678
2100-Mar-02 09:00:00, 8683.92233308703, 3.1188016681621007, 5052.1958240793056, 12.020924941244195, 3631.7265090077253, 1.5362019751697278
2100-Mar-02 10:00:00, 8680.0946679352819, 3.1174269750220027, 5048.3269207760504, 12.011719479335593, 3631.7677471592319, 1.5362194186995861
2100-Mar-02 11:00:00, 8675.0992148486821, 3.1156328747500148, 5043.2903282673888, 11.99973568008979, 3631.8088865812933, 1.5362368204673875
2100-Mar-02 12:00:00, 8668.5115547357273, 3.1132669386486191, 5036.661629725123, 11.983963708770915, 3631.8499250106038, 1.5362541795157652
2100-Mar-02 13:00:00, 8660.1800919606594, 3.1102747216521465, 5028.2892318984805, 11.964042872493623, 3631.8908600621785, 1.5362714948358827
2100-Mar-02 14:00:00, 8650.2929955736781, 3.1067238040457661, 5018.3613062963605, 11.940420896497256, 3631.9316892773181, 1.5362887653877226
2100-Mar-02 15:00:00, 8639.1202707788561, 3.1027111572956634, 5007.1478606487599, 11.913740222755342, 3631.9724101300967, 1.5363059901028309
2100-Mar-02 16:00:00, 8627.0120432453805, 3.0983625278651576, 4994.9990231810079, 11.884833927669316, 3632.0130200643721, 1.5363231678999725
2100-Mar-02 17:00:00, 8614.8565378315543, 3.0939969187420138, 4982.8030213211141, 11.855815412147351, 3632.0535165104397, 1.5363402976921752
2100-Mar-02 18:00:00, 8603.5266435928752, 3.0899278251117015, 4971.4327466865252, 11.828761587888938, 3632.0938969063495, 1.5363573783957472
2100-Mar-02 19:00:00, 8593.6366091148393, 3.0863758522997435, 4961.5024503810046, 11.805133971167503, 3632.1341587338347, 1.5363744089454743
2100-Mar-02 20:00:00, 8585.1236216877551, 3.0833184413314911, 4952.9493221798139, 11.78478311468856, 3632.1742995079408, 1.5363913882902331
2100-Mar-02 21:00:00, 8577.5134959123188, 3.0805852901063906, 4945.2991791055092, 11.766580772798388, 3632.2143168068096, 1.5364083154055903
2100-Mar-02 22:00:00, 8570.3952888582571, 3.0780288098451676, 4938.1410805738869, 11.749549175416403, 3632.2542082843711, 1.5364251892991696
2100-Mar-02 23:00:00, 8563.4252013815403, 3.0755255262348578, 4931.1312297250288, 11.732870310653912, 3632.293971656512, 1.536442009004803
2100-Mar-03 00:00:00, 8556.7555650478607, 3.073130148647905, 4924.421960349302, 11.716906633396627, 3632.3336046985596, 1.536458773581465
2100-Mar-03 01:00:00, 8550.7273325937113, 3.070965129119525, 4918.3542273528274, 11.702469393540149, 3632.3731052408834, 1.5364754821114128
2100-Mar-03 02:00:00, 8545.5748903365329, 3.0691146467118724, 4913.1624191666297, 11.690116282400204, 3632.4124711699028, 1.5364921337006126
2100-Mar-03 03:00:00, 8541.4460013000844, 3.0676317700208333, 4908.9943009085673, 11.680198884407119, 3632.4517003915166, 1.5365087274632701
2100-Mar-03 04:00:00, 8538.6840082691924, 3.0666398094594891, 4906.1932174517142, 11.673534136016229, 3632.4907908174791, 1.5365252625160679
2100-Mar-03 05:00:00, 8537.3087303732391, 3.0661458830018855, 4904.7789899977188, 11.670169198736225, 3632.5297403755199, 1.5365417379824462
2100-Mar-03 06:00:00, 8537.2118571980591, 3.0661110913249492, 4904.6433102284955, 11.669846369539046, 3632.5685469695641, 1.5365581529757757
2100-Mar-03 07:00:00, 8538.2977559008432, 3.0665010882129677, 4905.6905474158493, 11.672338109776996, 3632.6072084849948, 1.5365745066015843
2100-Mar-03 08:00:00, 8540.2502057668262, 3.0672023040536289, 4907.6044829965758, 11.676892025887815, 3632.6457227702499, 1.5365907979497722
2100-Mar-03 09:00:00, 8541.5998502824168, 3.0676870243683894, 4908.9157626343876, 11.680012014631718, 3632.6840876480287, 1.5366070260993521
2100-Mar-03 10:00:00, 8541.2172923575345, 3.0675496299688856, 4908.4949914399131, 11.679010854122042, 3632.7223009176205, 1.5366231901194343
2100-Mar-03 11:00:00, 8538.6939067068997, 3.0666433644502926, 4905.933546356383, 11.672916288479222, 3632.7603603505158, 1.5366392890673706
2100-Mar-03 12:00:00, 8530.4127147183826, 3.0636692020387115, 4897.6144509918959, 11.653122277233868, 3632.7982637264859, 1.5366553220040156
2100-Mar-03 13:00:00, 8518.2202117497636, 3.0592903053674787, 4885.3842029106481, 11.624022278081664, 3632.836008839115, 1.5366712879960664
2100-Mar-03 14:00:00, 8504.9681543654588, 3.0545308732708469, 4872.0945608504135, 11.59240161347071, 3632.8735935150457, 1.536687186124204
2100-Mar-03 15:00:00, 8492.6110469566265, 3.0500928594653245, 4859.7000312932169, 11.562910731747762, 3632.9110156634088, 1.5367030155040011
2100-Mar-03 16:00:00, 8481.7793656557042, 3.0462026973456564, 4848.8310923783429, 11.537049758927992, 3632.9482732773604, 1.536718775286573
2100-Mar-03 17:00:00, 8471.5814432656389, 3.0425401476196252, 4838.5960787816512, 11.512697114156772, 3632.9853644839882, 1.5367344646796872
2100-Mar-03 18:00:00, 8462.5312972556112, 3.0392898179424881, 4829.5090096836457, 11.49107582722201, 3633.0222875719651, 1.5367500829594609
2100-Mar-03 19:00:00, 8455.261181238051, 3.0366787800849862, 4822.2021402425798, 11.473690252282912, 3633.0590409954707, 1.5367656294720202
2100-Mar-03 20:00:00, 8449.7736070218543, 3.0347079361548848, 4816.677983593474, 11.46054636895874, 3633.0956234283803, 1.5367811036564205
2100-Mar-03 21:00:00, 8445.7001005042475, 3.033244949910296, 4812.5680667589913, 11.450767452324786, 3633.1320337452562, 1.5367965050366077
2100-Mar-03 22:00:00, 8442.7686490408105, 3.0321921289195477, 4809.6003779941575, 11.443706292161316, 3633.1682710466525, 1.5368118332321208
2100-Mar-03 23:00:00, 8440.4504942313433, 3.031359571371298, 4807.2461595857003, 11.438104790602631, 3633.2043346456426, 1.5368270879523931
2100-Mar-04 00:00:00, 8438.5175849219922, 3.0306653734562108, 4805.2773608603284, 11.433420336055301, 3633.2402240616648, 1.5368422689941494
2100-Mar-04 01:00:00, 8436.9859156791499, 3.0301152795693218, 4803.7099766817983, 11.429690985843973, 3633.2759389973507, 1.5368573762316047
2100-Mar-04 02:00:00, 8435.702559651987, 3.0296543665435212, 4802.3910803341605, 11.426552874307466, 3633.3114793178261, 1.5368724096077073
2100-Mar-04 03:00:00, 8434.3539195853973, 3.0291700069732603, 4801.0070745678613, 11.423259844897236, 3633.346845017536, 1.5368873691201081
2100-Mar-04 04:00:00, 8432.7597635213842, 3.0285974711534949, 4799.3777273227815, 11.419383063074376, 3633.3820361986022, 1.5369022548120039
2100-Mar-04 05:00:00, 8430.8899133638733, 3.0279259207219305, 4797.4728603450631, 11.414850724313261, 3633.4170530188098, 1.5369170667501368
2100-Mar-04 06:00:00, 8428.9539664564873, 3.0272306318636657, 4795.502070751093, 11.410161532799508, 3633.4518957053938, 1.5369318050306262
2100-Mar-04 07:00:00, 8427.2299064299314, 3.0266114414701328, 4793.7433419421513, 11.405976907392962, 3633.4865644877796, 1.5369464697505177
2100-Mar-04 08:00:00, 8425.9507763159072, 3.0261520461669051, 4792.4297167044124, 11.402851337653853, 3633.5210596114948, 1.5369610610136688
2100-Mar-04 09:00:00, 8424.8947847154595, 3.0257727903146856, 4791.3394034112689, 11.400257104430183, 3633.5553813041911, 1.5369755789163744
2100-Mar-04 10:00:00, 8423.4303173157841, 3.0252468317450569, 4789.8407875336188, 11.396691377841533, 3633.5895297821658, 1.5369900235501273
2100-Mar-04 11:00:00, 8420.9326637643935, 3.0243498078238633, 4787.3091585217335, 11.390667754967316, 3633.6235052426591, 1.5370043949983594
2100-Mar-04 12:00:00, 8417.0372531909252, 3.0229507841420853, 4783.3799453164484, 11.381318794898554, 3633.6573078744764, 1.5370186933409342
2100-Mar-04 13:00:00, 8411.1619696872112, 3.0208406957178151, 4777.4710318282241, 11.367259441698563, 3633.6909378589876, 1.5370329186545701
2100-Mar-04 14:00:00, 8402.2255617492501, 3.0176312146889375, 4768.5011663658497, 11.345917022835392, 3633.7243953834009, 1.5370470710184556
2100-Mar-04 15:00:00, 8392.2935396397734, 3.0140641621595479, 4758.5358589947591, 11.322206102654238, 3633.7576806450138, 1.5370611505160465
2100-Mar-04 16:00:00, 8383.2717357054571, 3.0108240114441309, 4749.4809418362656, 11.300661316327341, 3633.7907938691915, 1.5370751572426709
2100-Mar-04 17:00:00, 8376.0522810856237, 3.0082311684582184, 4742.228545757941, 11.283405352398507, 3633.8237353276832, 1.5370890913132773
2100-Mar-04 18:00:00, 8370.9198826547636, 3.0063878847237646, 4737.0633773401405, 11.271115626500842, 3633.8565053146235, 1.5371029528522833
2100-Mar-04 19:00:00, 8367.8073100054717, 3.0052700146647591, 4733.9182058011793, 11.26363217330273, 3633.8891042042928, 1.5371167420180076
2100-Mar-04 20:00:00, 8366.1764258462099, 3.0046842880723981, 4732.2548934364977, 11.259674576688129, 3633.9215324097122, 1.5371304589851562
2100-Mar-04 21:00:00, 8366.0913772783351, 3.0046537431636358, 4732.1375868827026, 11.259395463738555, 3633.953790395633, 1.5371441039503164
2100-Mar-04 22:00:00, 8367.7985057099722, 3.0052668526314705, 4733.8126270266757, 11.263380964804904, 3633.985878683297, 1.5371576771339708
2100-Mar-04 23:00:00, 8371.3093532237799, 3.0065277617762942, 4737.2915554051888, 11.271658541203417, 3634.0177978185907, 1.5371711787670266
2100-Mar-05 00:00:00, 8376.599022309234, 3.0084275287404552, 4742.5494739358001, 11.284168951766368, 3634.0495483734344, 1.5371846090914034
2100-Mar-05 01:00:00, 8383.5520520131959, 3.0109246861087189, 4749.4709210805058, 11.300637473476224, 3634.0811309326905, 1.5371979683544947
2100-Mar-05 02:00:00, 8392.0002207541456, 3.0139588176625902, 4757.887674690116, 11.320663847534776, 3634.1125460640301, 1.5372112567964231
2100-Mar-05 03:00:00, 8401.7477970545806, 3.017459627096422, 4767.6040027554882, 11.343782359652154, 3634.143794299092, 1.5372244746420685
2100-Mar-05 04:00:00, 8412.6326909763648, 3.0213689003509376, 4778.4578148398086, 11.369607340499124, 3634.1748761365557, 1.5372376221023702
2100-Mar-05 05:00:00, 8424.5212787796045, 3.0256386469067724, 4790.3154867713038, 11.397820851857302, 3634.2057920083007, 1.5372506993600108
2100-Mar-05 06:00:00, 8437.1774791460921, 3.0301840789479138, 4802.9409368534589, 11.42786117354548, 3634.2365422926332, 1.5372637065750121
2100-Mar-05 07:00:00, 8450.4651291579848, 3.0349562940177268, 4816.1980018701606, 11.459404326078767, 3634.2671272878242, 1.5372766438735412
2100-Mar-05 08:00:00, 8464.1696364615218, 3.0398782219899245, 4829.8720892206129, 11.491939719282723, 3634.2975472409094, 1.5372895113600928
2100-Mar-05 09:00:00, 8478.0350179594898, 3.0448579273911118, 4843.7072156019976, 11.524858280156906, 3634.3278023574926, 1.5373023091216367
2100-Mar-05 10:00:00, 8491.7357306463309, 3.0497784925394118, 4857.3778378481175, 11.55738542867666, 3634.3578927982144, 1.5373150372261224
2100-Mar-05 11:00:00, 8504.8958984388555, 3.0545049227964207, 4870.5080796908915, 11.588626824922645, 3634.387818747964, 1.5373276957517577
2100-Mar-05 12:00:00, 8516.8602584810687, 3.0588018826985115, 4882.4426780683189, 11.617023370958169, 3634.4175804127503, 1.5373402847856827
2100-Mar-05 13:00:00, 8527.1416996760672, 3.0624944279240598, 4892.6945216026588, 11.641416059984259, 3634.4471780734075, 1.5373528044466895
2100-Mar-05 14:00:00, 8535.1255618875457, 3.0653618053404448, 4900.6489497578423, 11.66034240154613, 3634.476612129703, 1.5373652549038774
2100-Mar-05 15:00:00, 8541.3461316434259, 3.0675959021675938, 4906.8402485197466, 11.675073647186085, 3634.5058831236802, 1.5373776363865279
2100-Mar-05 16:00:00, 8546.3810065870093, 3.0694041606676965, 4911.8460147792166, 11.686984100100778, 3634.5349918077918, 1.537389949212925
2100-Mar-05 17:00:00, 8551.1868715487362, 3.071130170998591, 4916.6229323780371, 11.698350042733534, 3634.5639391706995, 1.5374021938012674
2100-Mar-05 18:00:00, 8556.5399155893574, 3.0730526988659839, 4921.9471891256735, 11.711018294907412, 3634.592726463683, 1.5374143706808401
2100-Mar-05 19:00:00, 8562.8368212817877, 3.0753142114894887, 4928.2154660274118, 11.725932698222421, 3634.6213552543759, 1.5374264805147442
2100-Mar-05 20:00:00, 8570.1583720283161, 3.0779437219579093, 4935.5085446038347, 11.743285459914661, 3634.6498274244814, 1.5374385240989306
2100-Mar-05 21:00:00, 8578.3234915908888, 3.0808761973458418, 4943.6453463959979, 11.762645731569055, 3634.6781451948905, 1.5374505023728251
2100-Mar-05 22:00:00, 8586.8668487034229, 3.0839445154850722, 4952.1605375692679, 11.782906322709715, 3634.7063111341549, 1.537462416422912
2100-Mar-05 23:00:00, 8595.9014695563292, 3.0871892693539427, 4961.1671414132634, 11.804336154916175, 3634.7343281430663, 1.5374742674762116
2100-Mar-06 00:00:00, 8605.4988920875003, 3.0906361515636358, 4970.7366926463246, 11.82710543407708, 3634.7621994411761, 1.5374860568945781
2100-Mar-06 01:00:00, 8615.8168003253322, 3.0943417938056772, 4981.0268717865802, 11.851589336796648, 3634.7899285387521, 1.5374977861628365
2100-Mar-06 02:00:00, 8626.3648669186841, 3.0981300966514875, 4991.5473477096721, 11.876621195382752, 3634.817519209013, 1.5375094568770398
2100-Mar-06 03:00:00, 8636.8747795470954, 3.1019046966283708, 5002.0298041082606, 11.901562592342609, 3634.8449754388348, 1.5375210707236162
2100-Mar-06 04:00:00, 8647.3785802696129, 3.1056771015346896, 5012.5062788800797, 11.926489756939169, 3634.8723013895337, 1.5375326294627816
2100-Mar-06 05:00:00, 8658.2070285971349, 3.1095661025427721, 5023.3075272623973, 11.952189670520653, 3634.8995013347371, 1.5375441349022583
2100-Mar-06 06:00:00, 8669.7456879322635, 3.1137101734593942, 5034.8191083002848, 11.979579711688885, 3634.9265796319796, 1.5375555888852621
2100-Mar-06 07:00:00, 8682.2242943746041, 3.118191823236526, 5047.2707537303359, 12.009206491869541, 3634.9535406442687, 1.5375669932573226
2100-Mar-06 08:00:00, 8695.558335543561, 3.1229806995352738, 5060.5779468178653, 12.040868916457564, 3634.9803887256958, 1.5375783498601989
2100-Mar-06 09:00:00, 8708.6342379750004, 3.1276768661696202, 5073.6271098252828, 12.071917398052557, 3635.0071281497171, 1.5375896605015411
2100-Mar-06 10:00:00, 8719.8002284910817, 3.1316870943260318, 5084.7664653842294, 12.098421785794164, 3635.0337631068519, 1.5376009269539177
2100-Mar-06 11:00:00, 8728.1316102681667, 3.1346792822323497, 5093.0713126246037, 12.118181895813898, 3635.0602976435634, 1.5376121509289626
2100-Mar-06 12:00:00, 8733.3625688155844, 3.1365579635030945, 5098.2758331568102, 12.130565254031058, 3635.0867356587737, 1.5376233340758996
2100-Mar-06 13:00:00, 8735.3733464202287, 3.137280127556056, 5100.2602655324972, 12.135286906451064, 3635.113080887731, 1.5376344779747202
2100-Mar-06 14:00:00, 8735.0740455316336, 3.1371726346427358, 5099.9347086465896, 12.134512293782459, 3635.1393368850431, 1.5376455841290055
2100-Mar-06 15:00:00, 8733.1333859384904, 3.13647565323914, 5097.9678789162081, 12.129832524156658, 3635.1655070222823, 1.5376566539649135
2100-Mar-06 16:00:00, 8730.5367027880275, 3.1355430631685799, 5095.3451082872243, 12.123592043785957, 3635.1915945008022, 1.5376676888366005
2100-Mar-06 17:00:00, 8728.3643114976439, 3.1347628561007976, 5093.1467091583218, 12.118361290299822, 3635.2176023393226, 1.53767869002097
2100-Mar-06 18:00:00, 8727.4177468638463, 3.1344229005777429, 5092.1742134596516, 12.116047385968624, 3635.2435334041947, 1.5376896587304738
2100-Mar-06 19:00:00, 8728.3144383372164, 3.1347449443219984, 5093.0450479458732, 12.118119403039939, 3635.2693903913432, 1.5377005961054746
2100-Mar-06 20:00:00, 8731.3324438741456, 3.1358288509188177, 5096.0372680247046, 12.125238931701888, 3635.295175849441, 1.5377115032240483
2100-Mar-06 21:00:00, 8736.2417744693885, 3.1375920205860157, 5100.9208822809369, 12.136858742663364, 3635.3208921884525, 1.5377223811055973
2100-Mar-06 22:00:00, 8742.5355282176988, 3.1398524011993292, 5107.1889865576777, 12.151772735243675, 3635.3465416600211, 1.5377332307025557
2100-Mar-06 23:00:00, 8749.9830174185645, 3.1425271420425056, 5114.6108910413232, 12.169432018419865, 3635.3721263772418, 1.5377440529087518
2100-Mar-07 00:00:00, 8758.3543333398193, 3.1455336721631681, 5122.9566850630963, 12.189289555024576, 3635.3976482767225, 1.5377548485433612
2100-Mar-07 01:00:00, 8767.3839132157009, 3.1487766155819967, 5131.9608040778649, 12.21071347496107, 3635.423109137836, 1.5377656183590493
2100-Mar-07 02:00:00, 8776.9737539504567, 3.1522207748148596, 5141.5252434135264, 12.233470591146292, 3635.4485105369304, 1.5377763630226038
2100-Mar-07 03:00:00, 8786.8553553220754, 3.1557697189048466, 5151.3815014757929, 12.256922045225595, 3635.4738538462825, 1.5377870831144906
2100-Mar-07 04:00:00, 8797.590578872705, 3.1596252385460382, 5162.0914386739432, 12.282404697851765, 3635.4991401987618, 1.5377977791139077
2100-Mar-07 05:00:00, 8810.2415911463777, 3.1641688073009928, 5174.7172206408313, 12.312445809208754, 3635.5243705055468, 1.5378084514062791
2100-Mar-07 06:00:00, 8825.0824298209882, 3.1694988448853856, 5189.5328844243259, 12.347697408413849, 3635.5495453966614, 1.5378191002581019
2100-Mar-07 07:00:00, 8841.0067867329799, 3.1752180244216071, 5205.4321214826114, 12.385527204002884, 3635.574665250369, 1.5378297258293792
2100-Mar-07 08:00:00, 8857.1283738674847, 3.1810080385327351, 5221.5286436838005, 12.42382640932532, 3635.5997301836846, 1.5378403281696083
2100-Mar-07 09:00:00, 8864.6278863565931, 3.1837014633659257, 5229.0031462944835, 12.441610841676084, 3635.62474006211, 1.5378509072218967
2100-Mar-07 10:00:00, 8864.7044897755968, 3.18372897522771, 5229.0547952657053, 12.441733732479998, 3635.6496945098916, 1.5378614628273024
2100-Mar-07 11:00:00, 8860.7381334401034, 3.1823044716127331, 5225.0635404895729, 12.432237154010771, 3635.674592950531, 1.5378719947419701
2100-Mar-07 12:00:00, 8855.1187914015954, 3.180286303709861, 5219.4193567753764, 12.418807684697729, 3635.6994346262186, 1.5378825026453498
2100-Mar-07 13:00:00, 8846.0392657653738, 3.1770254224382177, 5210.3150471165127, 12.39714537649316, 3635.7242186488611, 1.5378929861617823
2100-Mar-07 14:00:00, 8832.9505773329838, 3.1723246637543845, 5197.2016332983812, 12.365944019950343, 3635.7489440346017, 1.5379034448751014
2100-Mar-07 15:00:00, 8818.704420975273, 3.1672082043355756, 5182.9308112258941, 12.33198878801622, 3635.7736097493794, 1.5379138783479047
2100-Mar-07 16:00:00, 8805.4715113439706, 3.1624556490904077, 5169.6732965815354, 12.300444565662898, 3635.7982147624361, 1.5379242861441866
2100-Mar-07 17:00:00, 8793.0379313269241, 3.1579901704033584, 5157.2151732316006, 12.27080237226561, 3635.822758095323, 1.5379346678500678
2100-Mar-07 18:00:00, 8783.0677524556468, 3.154409414000559, 5147.2205136128177, 12.247021612913795, 3635.8472388428295, 1.5379450230826495
2100-Mar-07 19:00:00, 8776.3437472294827, 3.1519945100076723, 5140.4720910220176, 12.230964776587467, 3635.8716562074646, 1.5379553515045963
2100-Mar-07 20:00:00, 8773.1590876036898, 3.1508507501521046, 5137.2630780710615, 12.22332942254298, 3635.8960095326274, 1.5379656528381698
2100-Mar-07 21:00:00, 8773.3168996264576, 3.1509074278123812, 5137.3966013419076, 12.223647120683083, 3635.9202982845509, 1.5379759268575892
2100-Mar-07 22:00:00, 8776.3188712118099, 3.1519855758691064, 5140.3743491481709, 12.230732214792548, 3635.9445220636399, 1.5379861733938276
2100-Mar-07 23:00:00, 8781.5682702163176, 3.1538708799683532, 5145.5995896471677, 12.24316487299218, 3635.968680569149, 1.5379963923196713
2100-Mar-08 00:00:00, 8788.5205071137971, 3.1563677526028195, 5152.5277335365672, 12.259649328578735, 3635.9927735772299, 1.5380065835404335
2100-Mar-08 01:00:00, 8796.5371883471435, 3.1592469168611665, 5160.5203874552071, 12.278666622480802, 3636.0168008919368, 1.5380167469732304
2100-Mar-08 02:00:00, 8805.0113449482578, 3.1622903818681167, 5168.9705826394247, 12.298772565636094, 3636.0407623088336, 1.5380268825315864
2100-Mar-08 03:00:00, 8814.1186919124175, 3.1655612550766583, 5178.0540343699049, 12.320385245599745, 3636.0646575425126, 1.5380369900947752
2100-Mar-08 04:00:00, 8823.623843512054, 3.1689749984898312, 5187.5353573096809, 12.342944599071265, 3636.0884862023727, 1.538047069497575
2100-Mar-08 05:00:00, 8833.5401161854243, 3.1725363946619067, 5197.427868453271, 12.366482311796243, 3636.1122477321537, 1.5380571205046902
2100-Mar-08 06:00:00, 8843.7746436983689, 3.1762120909954179, 5207.6387022958561, 12.390777424551814, 3636.1359414025119, 1.5380671428076123
2100-Mar-08 07:00:00, 8854.1558192118609, 3.179940455467956, 5217.9962529408858, 12.415421627432, 3636.1595662709747, 1.5380771360076799
2100-Mar-08 08:00:00, 8862.9765346563927, 3.1831083859246774, 5226.7934134836869, 12.436353121432505, 3636.1831211727063, 1.5380870996121736
2100-Mar-08 09:00:00, 8867.6062160394085, 3.1847711205124098, 5231.3996112954264, 12.447312862520834, 3636.2066047439816, 1.5380970330442445
2100-Mar-08 10:00:00, 8866.8827230975003, 3.1845112804415781, 5230.6527076444554, 12.445535719860631, 3636.2300154530449, 1.5381069356559676
2100-Mar-08 11:00:00, 8852.2535621128009, 3.1792572661916978, 5216.0002105030162, 12.410672350650049, 3636.2533516097851, 1.5381168067324344
2100-Mar-08 12:00:00, 8827.3319547905121, 3.1703067542561074, 5191.0553433602981, 12.351319865902179, 3636.276611430214, 1.5381266455190272
2100-Mar-08 13:00:00, 8798.8616063632817, 3.1600817238191485, 5162.561813266022, 12.283523882036729, 3636.2997930972592, 1.5381364512471332
2100-Mar-08 14:00:00, 8771.301893632015, 3.1501837451473627, 5134.9789988094217, 12.217894806324589, 3636.3228948225938, 1.5381462231602991
2100-Mar-08 15:00:00, 8746.4703768179315, 3.1412655889165446, 5110.1244619259814, 12.158757248571735, 3636.3459148919492, 1.5381559605333983
2100-Mar-08 16:00:00, 8725.7997397231229, 3.1338417987235312, 5089.4308879699711, 12.109520063800375, 3636.3688517531514, 1.5381656627098688
2100-Mar-08 17:00:00, 8708.4853869681829, 3.1276234068282576, 5072.093682925346, 12.068268843976492, 3636.391704042836, 1.5381753291130145
2100-Mar-08 18:00:00, 8695.2413953766409, 3.1228668715341259, 5058.8269247207581, 12.036702627989595, 3636.4144706558832, 1.5381849592753751
2100-Mar-08 19:00:00, 8686.4463802805003, 3.1197081712715908, 5050.0092295369914, 12.015722274960989, 3636.4371507435094, 1.5381945528379195
2100-Mar-08 20:00:00, 8682.1157792497652, 3.1181528503922991, 5045.6560355024758, 12.005364517549019, 3636.4597437472894, 1.5382041095644368
2100-Mar-08 21:00:00, 8681.5487658979891, 3.1179492094430183, 5045.0665165245109, 12.003961847574949, 3636.4822493734787, 1.5382136293306743
2100-Mar-08 22:00:00, 8683.7410905166653, 3.1187365754990028, 5047.2364229351269, 12.00912480700879, 3636.5046675815383, 1.5382231121194843
2100-Mar-08 23:00:00, 8687.6005281170383, 3.1201226796077819, 5051.0735295934464, 12.018254613678469, 3636.5269985235918, 1.5382325579952145
2100-Mar-09 00:00:00, 8692.2044245051675, 3.1217761536008224, 5055.6551820160867, 12.029155952778773, 3636.5492424890808, 1.5382419670802969
2100-Mar-09 01:00:00, 8696.9985886550148, 3.1234979616242566, 5060.4271888112189, 12.040510210907485, 3636.5713998437959, 1.5382513395294595
2100-Mar-09 02:00:00, 8701.884822750797, 3.1252528362609047, 5065.2913518083515, 12.052083740581814, 3636.5934709424455, 1.5382606754927419
2100-Mar-09 03:00:00, 8707.1194579603743, 3.12713283799257, 5070.5040018772033, 12.064486441784327, 3636.6154560831715, 1.5382699750962565
2100-Mar-09 04:00:00, 8712.5308966756802, 3.1290763381121125, 5075.8935412592436, 12.077310023972215, 3636.6373554164365, 1.5382792384036486
2100-Mar-09 05:00:00, 8718.2174745875236, 3.1311186535540663, 5081.5583056693586, 12.090788461894054, 3636.6591689181641, 1.5382884654047337
2100-Mar-09 06:00:00, 8724.642929190828, 3.1334263340890627, 5087.9620328439396, 12.106025148354812, 3636.6808963468889, 1.5382976559973731
2100-Mar-09 07:00:00, 8731.968534951262, 3.1360573009021682, 5095.2659977256126, 12.123403812340401, 3636.7025372256489, 1.5383068099798147
2100-Mar-09 08:00:00, 8739.9098928065068, 3.1389094130211403, 5103.185801959673, 12.142247771593373, 3636.724090846833, 1.538315927052742
2100-Mar-09 09:00:00, 8747.7840405652241, 3.1417373868586855, 5111.0384842694621, 12.160932024524248, 3636.7455562957612, 1.5383250068292504
2100-Mar-09 10:00:00, 8754.5408572724573, 3.1441640749852815, 5117.7739247768241, 12.176957971974527, 3636.7669324956328, 1.5383340488538586
2100-Mar-09 11:00:00, 8759.0802788149103, 3.1457943930530918, 5122.2920605654635, 12.187708182987871, 3636.7882182494463, 1.5383430526202408
2100-Mar-09 12:00:00, 8760.9172426644072, 3.1464541324771003, 5124.1078303594923, 12.192028528668173, 3636.8094123049145, 1.538352017598686
2100-Mar-09 13:00:00, 8759.3852524597041, 3.1459039233178321, 5122.5547390277134, 12.188333186093121, 3636.8305134319912, 1.5383609432688907
2100-Mar-09 14:00:00, 8754.7103358601908, 3.1442249426533544, 5117.8588153662704, 12.177159956109641, 3636.8515204939204, 1.5383698291500132
2100-Mar-09 15:00:00, 8748.6881293067709, 3.1420620873070715, 5111.8156967869672, 12.162781282482896, 3636.8724325198036, 1.5383786748313681
2100-Mar-09 16:00:00, 8742.9514328781606, 3.1400017719674098, 5106.0581841039757, 12.149082164273615, 3636.8932487741854, 1.5383874800018613
2100-Mar-09 17:00:00, 8738.2100915988231, 3.1382989351012873, 5101.2961227680871, 12.13775156983951, 3636.913968830735, 1.5383962444811574
2100-Mar-09 18:00:00, 8734.6291775007539, 3.137012861777019, 5097.6945848953892, 12.129182262958251, 3636.9345926053652, 1.5384049682336878
2100-Mar-09 19:00:00, 8732.2501173554319, 3.1361584302810557, 5095.2949969291858, 12.123472811496738, 3636.9551204262457, 1.5384136513982665
2100-Mar-09 20:00:00, 8731.0508403503372, 3.1357277139548825, 5094.0752873021238, 12.120570699546297, 3636.975553048213, 1.5384222942941856
2100-Mar-09 21:00:00, 8730.997364693616, 3.1357085083515859, 5094.0014730158946, 12.120395069775551, 3636.9958916777223, 1.5384308974317695
2100-Mar-09 22:00:00, 8732.0533926451317, 3.1360877772591698, 5095.037254669448, 12.122859553328135, 3637.0161379756842, 1.5384394615135752
2100-Mar-09 23:00:00, 8734.0170340046388, 3.1367930124873076, 5096.9807399744141, 12.127483778474765, 3637.0362940302243, 1.5384479874228691
2100-Mar-10 00:00:00, 8736.7609999045817, 3.1377784986648511, 5099.7046375446816, 12.133964874889074, 3637.0563623598991, 1.5384564762249879
2100-Mar-10 01:00:00, 8739.9871975959832, 3.1389371767777847, 5102.9108517363829, 12.141593569715253, 3637.0763458596011, 1.5384649291444568
2100-Mar-10 02:00:00, 8743.725245180296, 3.1402796840682066, 5106.6289974341225, 12.150440327028203, 3637.096247746174, 1.5384733475419838
2100-Mar-10 03:00:00, 8747.9815958101244, 3.1418083381642954, 5110.8655242800178, 12.160520492761952, 3637.1160715301075, 1.5384817329024891
2100-Mar-10 04:00:00, 8752.7855181305422, 3.1435336508020599, 5115.6496971931838, 12.171903698302206, 3637.1358209373584, 1.538490086802033
2100-Mar-10 05:00:00, 8757.9331657131243, 3.1453824112183635, 5120.7776658406237, 12.184104913052856, 3637.155499872501, 1.5384984108922308
2100-Mar-10 06:00:00, 8763.3358123887301, 3.1473227537062471, 5126.160700048933, 12.196913017177764, 3637.1751123397962, 1.538506706866865
2100-Mar-10 07:00:00, 8768.9338581848297, 3.1493332731348702, 5131.739195776403, 12.210186192003126, 3637.1946624084262, 1.5385149764471788
2100-Mar-10 08:00:00, 8774.7057146155785, 3.15140621607173, 5137.4915604372045, 12.22387306128333, 3637.2141541783731, 1.538523221367444
2100-Mar-10 09:00:00, 8780.361597562016, 3.1534375075194974, 5143.1280058517623, 12.237284118499458, 3637.2335917102528, 1.5385314433452808
2100-Mar-10 10:00:00, 8785.3697700724242, 3.1552361759300145, 5148.1167910492941, 12.249154167582216, 3637.2529790231306, 1.5385396440807333
2100-Mar-10 11:00:00, 8789.466117681086, 3.1567073654760778, 5152.1937976185172, 12.258854779288518, 3637.2723200625692, 1.5385478252427547
2100-Mar-10 12:00:00, 8792.4557618556337, 3.1577810861844338, 5155.1641431565095, 12.265922260836161, 3637.2916186991242, 1.5385559884685704
2100-Mar-10 13:00:00, 8794.2738299433477, 3.1584340392587826, 5156.9629512334668, 12.270202248712669, 3637.3108787098809, 1.5385641353558683
2100-Mar-10 14:00:00, 8794.8609551339759, 3.158644903307736, 5157.530851342789, 12.271553479905204, 3637.330103791186, 1.5385722674681848
2100-Mar-10 15:00:00, 8794.1609914029123, 3.1583935136743007, 5156.8116938405274, 12.269842354949512, 3637.3492975623849, 1.5385803863364844
2100-Mar-10 16:00:00, 8791.8960295472498, 3.157580060197541, 5154.5275659673134, 12.264407623067338, 3637.3684635799368, 1.5385884934651315
2100-Mar-10 17:00:00, 8788.3640349433954, 3.15631155614604, 5150.9764295933455, 12.255958238820567, 3637.3876053500503, 1.5385965903372345
2100-Mar-10 18:00:00, 8784.1390321531981, 3.1547941605217318, 5146.7323058098327, 12.245859997339149, 3637.4067263433662, 1.5386046784208569
2100-Mar-10 19:00:00, 8779.8167842960956, 3.1532418396568183, 5142.3909542763649, 12.235530417341746, 3637.4258300197312, 1.5386127591794967
2100-Mar-10 20:00:00, 8775.6970508678878, 3.1517622511718635, 5138.2521310463326, 12.225682722373913, 3637.4449198215552, 1.5386208340692757
2100-Mar-10 21:00:00, 8771.9802079133897, 3.1504273594533343, 5134.516208710882, 12.216793668278518, 3637.4639992025081, 1.5386289045510788
2100-Mar-10 22:00:00, 8768.7042043872279, 3.1492507937413903, 5131.2211327519926, 12.208953540508979, 3637.4830716352344, 1.5386369720938171
2100-Mar-10 23:00:00, 8765.8045805755864, 3.1482094035453572, 5128.3024399900514, 12.202008958818256, 3637.5021405855341, 1.5386450381635066
2100-Mar-11 00:00:00, 8763.189886377153, 3.1472703448671444, 5125.6686768396821, 12.195742323429203, 3637.5212095374718, 1.5386531042338891
2100-Mar-11 01:00:00, 8760.7806843424823, 3.1464050880124117, 5123.2404023766267, 12.189964616849025, 3637.5402819658561, 1.5386611717747907
2100-Mar-11 02:00:00, 8758.4003975627056, 3.1455502159747857, 5120.841036240733, 12.184255693198704, 3637.5593613219735, 1.5386692422460886
2100-Mar-11 03:00:00, 8756.2648976252458, 3.1447832583130464, 5118.6864466023026, 12.179129177674641, 3637.5784510229437, 1.5386773170932069
2100-Mar-11 04:00:00, 8754.5124958994402, 3.1441538890929985, 5116.9149414923004, 12.174914153019643, 3637.5975544071393, 1.5386853977282604
2100-Mar-11 05:00:00, 8753.1429181702661, 3.1436620098312331, 5115.5262434378574, 12.171609959029587, 3637.6166747324082, 1.5386934855293026
2100-Mar-11 06:00:00, 8752.1016503532283, 3.1432880419765916, 5114.4658352322995, 12.169086880374294, 3637.6358151209288, 1.5387015818169987
2100-Mar-11 07:00:00, 8751.2984827865803, 3.1429995870307046, 5113.64350423016, 12.167130269902772, 3637.6549785564193, 1.5387096878534468
2100-Mar-11 08:00:00, 8750.3806532974631, 3.1426699516387759, 5112.7064854634164, 12.164900777488825, 3637.6741678340459, 1.538717804820988
2100-Mar-11 09:00:00, 8741.4923969879001, 3.1394777641062253, 5103.7990114270769, 12.143706809452871, 3637.6933855608231, 1.5387259338223762
2100-Mar-11 10:00:00, 8725.4165497231534, 3.1337041773163734, 5087.7039155985258, 12.105410997965317, 3637.7126341246276, 1.5387340758676713
2100-Mar-11 11:00:00, 8705.8710262977838, 3.1266844679355232, 5068.1391106214796, 12.05885954582282, 3637.7319156763051, 1.5387422318666701
2100-Mar-11 12:00:00, 8686.2112829712351, 3.1196237368590993, 5048.4600508415469, 12.012036241903887, 3637.751232129689, 1.5387504026289145
2100-Mar-11 13:00:00, 8668.0183113248404, 3.1130897919269329, 5030.2477261716258, 11.968702809177614, 3637.7705851532141, 1.5387585888601438
2100-Mar-11 14:00:00, 8651.3036920405975, 3.1070867923022392, 5013.513715863076, 11.928886798696322, 3637.7899761775211, 1.5387667911655121
2100-Mar-11 15:00:00, 8636.0515089284381, 3.1016090217385766, 4998.2421025412041, 11.8925503375087, 3637.8094063872336, 1.5387750100461091
2100-Mar-11 16:00:00, 8622.3763072814327, 3.0966976187949284, 4984.5474305283606, 11.859965966258333, 3637.8288767530712, 1.5387832459125441
2100-Mar-11 17:00:00, 8610.4371454656484, 3.0924097087516005, 4972.5887574577537, 11.83151213818352, 3637.8483880078952, 1.5387914990748142
2100-Mar-11 18:00:00, 8600.6102458143323, 3.0888804106015453, 4962.7423051294154, 11.808084015343871, 3637.8679406849164, 1.5387997697584643
2100-Mar-11 19:00:00, 8593.1323085906806, 3.0861947344527993, 4955.244773495564, 11.790244788965198, 3637.8875350951157, 1.5388080580950381
2100-Mar-11 20:00:00, 8588.050849594918, 3.0843697454461267, 4950.1436782370029, 11.778107515320926, 3637.9071713579146, 1.5388163641350501
2100-Mar-11 21:00:00, 8585.3196795852691, 3.0833888548697943, 4947.3928302143204, 11.771562294439377, 3637.9268493709492, 1.538824687835201
2100-Mar-11 22:00:00, 8584.7407111967877, 3.083180920309057, 4946.7941423820494, 11.770137808583018, 3637.9465688147393, 1.5388330290603522
2100-Mar-11 23:00:00, 8586.0167305789546, 3.0836391984033398, 4948.0504014275921, 11.77312688426794, 3637.9663291513634, 1.5388413875829658
2100-Mar-12 00:00:00, 8588.8833919774243, 3.0846687502589041, 4950.8972623808158, 11.779900553189037, 3637.9861295966089, 1.5388497630713238
2100-Mar-12 01:00:00, 8593.2741439560268, 3.0862456741499864, 4955.2681748289724, 11.790300468848208, 3638.005969127054, 1.5388581550925238
2100-Mar-12 02:00:00, 8599.1096944891869, 3.0883414926107435, 4961.0838480255343, 11.804137971077532, 3638.0258464636536, 1.5388665631055363
2100-Mar-12 03:00:00, 8606.3744576394638, 3.09095060800386, 4968.3286975714136, 11.821375979190073, 3638.0457600680511, 1.538874986459644
2100-Mar-12 04:00:00, 8615.1556520410322, 3.0941043446101539, 4977.0899438846673, 11.84222202079072, 3638.0657081563645, 1.5388834244002743
2100-Mar-12 05:00:00, 8625.7117413079613, 3.0978955287723529, 4987.6260526140059, 11.867291075241168, 3638.085688693955, 1.5388918760667847
2100-Mar-12 06:00:00, 8637.7902535010726, 3.1022334860377305, 4999.6845540631284, 11.895982429628683, 3638.1056994379451, 1.5389003405104498
2100-Mar-12 07:00:00, 8650.8410960144156, 3.1069206524862896, 5012.7153580587192, 11.926987228771361, 3638.125737955696, 1.5389088167022753
2100-Mar-12 08:00:00, 8663.499441625052, 3.1114668549846933, 5025.3536399587847, 11.957058081801819, 3638.1458016662668, 1.5389173035505366
2100-Mar-12 09:00:00, 8669.1053087252531, 3.1134801834085311, 5030.9394208298336, 11.970348590508763, 3638.1658878954195, 1.5389257999240442
2100-Mar-12 10:00:00, 8667.5478288490121, 3.1129208197189637, 5029.3618349183125, 11.966594966838759, 3638.1859939307001, 1.5389343046754438
2100-Mar-12 11:00:00, 8661.8331291909435, 3.1108684044458883, 5023.6270121037351, 11.952949835690674, 3638.2061170872084, 1.5389428166690364
2100-Mar-12 12:00:00, 8655.2124395692517, 3.1084906059068755, 5016.9861847965558, 11.937149005836279, 3638.226254772695, 1.5389513348083135
2100-Mar-12 13:00:00, 8649.2421912420923, 3.106346411183813, 5010.995786678056, 11.922895772458537, 3638.2464045640363, 1.5389598580683059
2100-Mar-12 14:00:00, 8644.689632531823, 3.1047113749461106, 5006.4230682587668, 11.912015690448703, 3638.2665642730553, 1.538968385523426
2100-Mar-12 15:00:00, 8641.5755387043464, 3.1035929585610464, 5003.28880669315, 11.904558195858542, 3638.2867320111959, 1.5389769163748239
2100-Mar-12 16:00:00, 8639.5782458766298, 3.102875637520627, 5001.2713396154577, 11.899757942432737, 3638.3069062611717, 1.5389854499806952
2100-Mar-12 17:00:00, 8638.4113837096611, 3.1024565628751768, 5000.0842977950042, 11.896933558516782, 3638.3270859146573, 1.5389939858722239
2100-Mar-12 18:00:00, 8638.0796452984159, 3.1023374201340626, 4999.7323749720963, 11.8960962121457, 3638.3472703263201, 1.5390025237764375
2100-Mar-12 19:00:00, 8638.5351430921673, 3.1025010106435706, 5000.1676837606165, 11.897131962630295, 3638.3674593315513, 1.5390110636237075
2100-Mar-12 20:00:00, 8639.6049270484236, 3.1028852199742589, 5001.217273802914, 11.899629301125648, 3638.3876532455092, 1.539019605547344
2100-Mar-12 21:00:00, 8641.0884192869744, 3.1034180112511534, 5002.6805664026961, 11.90311098139331, 3638.4078528842774, 1.5390281498925462
2100-Mar-12 22:00:00, 8642.8236486435671, 3.1040412130722204, 5004.3955891274136, 11.907191614877092, 3638.4280595161526, 1.5390366971957976
2100-Mar-12 23:00:00, 8644.6888043592517, 3.1047110775107005, 5006.2405295057297, 11.911581367487848, 3638.448274853522, 1.539045248181429
2100-Mar-13 00:00:00, 8646.8970148068511, 3.1055041489090232, 5008.4285138252071, 11.916787340532618, 3638.468500981644, 1.5390538037314943
2100-Mar-13 01:00:00, 8649.698059177188, 3.1065101346283472, 5011.2093188492827, 11.923403839503488, 3638.4887403279049, 1.5390623648727655
2100-Mar-13 02:00:00, 8653.0985972103008, 3.1077314264920379, 5014.5896016279667, 11.931446703829742, 3638.5089955823332, 1.5390709327431111
2100-Mar-13 03:00:00, 8656.9490829155347, 3.1091143155576115, 5018.4198132782803, 11.940560104885588, 3638.5292696372544, 1.5390795085659705
2100-Mar-13 04:00:00, 8661.0669762650614, 3.1105932431844612, 5022.517410734893, 11.950309709449728, 3638.5495655301684, 1.5390880936261904
2100-Mar-13 05:00:00, 8665.2881707100223, 3.1121092710543121, 5026.7182843313785, 11.960305043745823, 3638.5698863786433, 1.5390966892424867
2100-Mar-13 06:00:00, 8669.5286835216521, 3.1136322370509544, 5030.9384481989573, 11.970346276282797, 3638.5902353226952, 1.5391052967430701
2100-Mar-13 07:00:00, 8673.8668707826546, 3.1151902824994795, 5035.2562553049102, 11.980619835926715, 3638.6106154777453, 1.5391139174457482
2100-Mar-13 08:00:00, 8678.2380275975647, 3.1167601688530455, 5039.6069977086099, 11.990971760059248, 3638.6310298889543, 1.5391225526386085
2100-Mar-13 09:00:00, 8682.1785323379645, 3.1181753879540888, 5043.5270508415742, 12.000298925141104, 3638.6514814963903, 1.5391312035652849
2100-Mar-13 10:00:00, 8684.9973021957521, 3.119187739722959, 5046.3253290728462, 12.006956998928052, 3638.6719731229068, 1.5391398714198306
2100-Mar-13 11:00:00, 8686.1443107232008, 3.1195996840001632, 5047.4518032955475, 12.009637271536411, 3638.6925074276528, 1.5391485573270516
2100-Mar-13 12:00:00, 8684.2593679535858, 3.1189227131074291, 5045.546281040336, 12.005103373643024, 3638.7130869132507, 1.5391572623455447
2100-Mar-13 13:00:00, 8679.2286327245711, 3.1171159413719711, 5040.4949187932707, 11.993084432070411, 3638.7337139312999, 1.539165987470025
2100-Mar-13 14:00:00, 8672.4992795155613, 3.1146991166689282, 5033.7448888486115, 11.977023771292147, 3638.7543906669493, 1.539174733624799
2100-Mar-13 15:00:00, 8664.4374644835971, 3.1118037427577283, 5025.6623453431266, 11.957792598907519, 3638.7751191404705, 1.5391835016644315
2100-Mar-13 16:00:00, 8655.9216261368711, 3.1087453078912195, 5017.1257248972115, 11.937481020099915, 3638.7959012396586, 1.5391922923874504
2100-Mar-13 17:00:00, 8648.1204000180969, 3.1059435236168209, 5009.3036613127115, 11.918869619728859, 3638.8167387053854, 1.5392011065302356
2100-Mar-13 18:00:00, 8641.823705406021, 3.1036820868021198, 5002.986072244551, 11.903837885678483, 3638.8376331614704, 1.5392099447796546
2100-Mar-13 19:00:00, 8637.3434423040853, 3.1020730152904039, 4998.4848562033676, 11.893127932608669, 3638.8585861007182, 1.539218807767156
2100-Mar-13 20:00:00, 8635.055669796011, 3.101251369444106, 4996.1760708708143, 11.887634532084528, 3638.8795989251971, 1.5392276960858078
2100-Mar-13 21:00:00, 8635.1133914453931, 3.1012720999814687, 4996.2127185287891, 11.887721729564817, 3638.900672916604, 1.5392366102777613
2100-Mar-13 22:00:00, 8636.7593268284272, 3.1018632321705182, 4997.8375175839928, 11.891587689667574, 3638.9218092444339, 1.539245550837707
2100-Mar-13 23:00:00, 8639.5374040990373, 3.1028609693327738, 5000.5943951365998, 11.898147256890629, 3638.943008962437, 1.5392545182113759
2100-Mar-14 00:00:00, 8643.1882811078103, 3.1041721696024758, 5004.2240081108739, 11.906783364169284, 3638.9642729969355, 1.5392635127905976
2100-Mar-14 01:00:00, 8647.3258091660773, 3.1056581489693138, 5008.3402070406482, 11.91657722808529, 3638.9856021254295, 1.5392725349042506
2100-Mar-14 02:00:00, 8652.2052224179297, 3.1074105739226723, 5013.1982254535642, 11.928136137664074, 3639.0069969643655, 1.5392815848130887
2100-Mar-14 03:00:00, 8657.5837528376014, 3.1093422551378782, 5018.5552948941686, 11.940882462607302, 3639.0284579434333, 1.5392906626988689
2100-Mar-14 04:00:00, 8663.5350968764142, 3.1114796604489943, 5024.4851115825786, 11.954991551765522, 3639.0499852938347, 1.5392997686593879
2100-Mar-14 05:00:00, 8670.1977161375125, 3.1138725178777933, 5031.1261371131195, 11.970792853261997, 3639.0715790243935, 1.5393089026983782
2100-Mar-14 06:00:00, 8677.5328902332167, 3.1165069211265162, 5038.4396513009042, 11.988194238356588, 3639.093238932312, 1.5393180647300577
2100-Mar-14 07:00:00, 8684.4542952382508, 3.1189927205899082, 5045.3393306609833, 12.00461096696217, 3639.1149645772684, 1.5393272545681722
2100-Mar-14 08:00:00, 8689.7826281651123, 3.1209063735434244, 5050.6458728704602, 12.01723707010996, 3639.1367552946517, 1.5393364719315945
2100-Mar-14 09:00:00, 8688.5996519262571, 3.1204815115829394, 5049.4410417174149, 12.01437035920604, 3639.1586102088422, 1.5393457164499424
2100-Mar-14 10:00:00, 8682.6940277765843, 3.1183605264171277, 5043.5134995231429, 12.00026668185771, 3639.1805282534419, 1.5393549876721344
2100-Mar-14 11:00:00, 8674.9806071685416, 3.1155902771982995, 5035.7780989717367, 11.981861482879529, 3639.2025081968045, 1.5393642850771907
2100-Mar-14 12:00:00, 8665.7122429126284, 3.1122615751678424, 5026.4876942346409, 11.959756389983855, 3639.224548677988, 1.5393736080894396
2100-Mar-14 13:00:00, 8655.8598017467302, 3.1087231038682321, 5016.6131535143122, 11.936261435124308, 3639.2466482324185, 1.5393829560893735
2100-Mar-14 14:00:00, 8645.3364904539139, 3.1049436918058313, 5006.0676851052049, 11.911170110751655, 3639.2688053487086, 1.5393923284376834
2100-Mar-14 15:00:00, 8634.0586877546448, 3.1008933066777113, 4994.767669261053, 11.884283456507177, 3639.2910184935909, 1.5394017244858049
2100-Mar-14 16:00:00, 8623.7861551052611, 3.0972039609265316, 4984.4728689380072, 11.859788558392061, 3639.3132861672534, 1.5394111435993252
2100-Mar-14 17:00:00, 8615.7399926663202, 3.0943142085917765, 4976.4043857465394, 11.84059084036774, 3639.3356069197812, 1.5394205851649374
2100-Mar-14 18:00:00, 8610.0639563841833, 3.0922756791408821, 4970.705976997795, 11.827032350903277, 3639.3579793863887, 1.5394300486053443
2100-Mar-14 19:00:00, 8606.3508728668276, 3.0909421376116319, 4966.9704705624181, 11.818144286378308, 3639.3804023044095, 1.5394395333864441
2100-Mar-14 20:00:00, 8604.1301164108008, 3.0901445603563347, 4964.7272418909397, 11.812806867872602, 3639.4028745198611, 1.5394490390201083
2100-Mar-14 21:00:00, 8602.9564146177399, 3.0897230292820441, 4963.5310196316568, 11.809960640510759, 3639.4253949860836, 1.539458565063605
2100-Mar-14 22:00:00, 8602.5580476578034, 3.0895799571204634, 4963.1100849042587, 11.808959090899577, 3639.4479627535447, 1.5394681111152868
2100-Mar-14 23:00:00, 8602.8322426350351, 3.0896784333296683, 4963.3616656978365, 11.80955768880464, 3639.4705769371994, 1.5394776768007841
2100-Mar-15 00:00:00, 8603.786562131163, 3.0900211739855981, 4964.293325426328, 11.811774430209159, 3639.4932367048345, 1.5394872617680748
2100-Mar-15 01:00:00, 8605.3346417664052, 3.0905771616100433, 4965.8187005472137, 11.81540382631214, 3639.515941219192, 1.5394968656630033
2100-Mar-15 02:00:00, 8607.1629928976872, 3.0912338078051045, 4967.6243032784478, 11.819699981026179, 3639.5386896192399, 1.5395064881213572
2100-Mar-15 03:00:00, 8609.0364660305568, 3.0919066594161544, 4969.4749850523813, 11.824103394407061, 3639.561480978175, 1.5395161287511032
2100-Mar-15 04:00:00, 8610.8571707755073, 3.0925605594371333, 4971.2728565012485, 11.828381153720711, 3639.5843142742588, 1.5395257871200516
2100-Mar-15 05:00:00, 8612.5840166890594, 3.0931807503726652, 4972.9768283433068, 11.832435493324443, 3639.607188345753, 1.5395354627367928
2100-Mar-15 06:00:00, 8614.1974630141303, 3.0937602142251861, 4974.5673611189541, 11.836219922071548, 3639.6301018951763, 1.5395451550524986
2100-Mar-15 07:00:00, 8615.6680732931618, 3.0942883789893942, 4976.0150198351157, 11.839664403911419, 3639.6530534580465, 1.5395548634477003
2100-Mar-15 08:00:00, 8616.771553259674, 3.0946846901294918, 4977.0955118434122, 11.842235268894411, 3639.6760414162627, 1.5395645872379498
2100-Mar-15 09:00:00, 8617.090490725217, 3.094799235453761, 4977.3914267391374, 11.842939352994549, 3639.6990639860792, 1.5395743256687313
2100-Mar-15 10:00:00, 8616.3108934063293, 3.094519245683542, 4976.5887741525958, 11.841029564294212, 3639.722119253734, 1.5395840779305334
2100-Mar-15 11:00:00, 8614.4936520106421, 3.0938665895128703, 4974.7484468286766, 11.836650787738735, 3639.745205181966, 1.5395938431616047
2100-Mar-15 12:00:00, 8611.9343312775418, 3.0929474180295715, 4972.1660116288394, 11.830506279334109, 3639.7683196487019, 1.5396036204643193
2100-Mar-15 13:00:00, 8608.4134875633172, 3.0916829187827943, 4968.6220270946378, 11.822073911792947, 3639.7914604686803, 1.5396134089143223
2100-Mar-15 14:00:00, 8603.2551127741626, 3.0898303057261201, 4963.4404873420981, 11.809745232815681, 3639.8146254320645, 1.5396232075768639
2100-Mar-15 15:00:00, 8596.8842576709176, 3.0875422344189976, 4957.0464453326622, 11.794531590719654, 3639.8378123382558, 1.5396330155211022
2100-Mar-15 16:00:00, 8589.8776648632338, 3.0850258400411392, 4950.0166458303565, 11.777805261196468, 3639.8610190328782, 1.5396428318357469
2100-Mar-15 17:00:00, 8582.10567744322, 3.0822345567476304, 4942.2214340175569, 11.75925775049703, 3639.8842434256635, 1.5396526556366252
2100-Mar-15 18:00:00, 8573.2865628369727, 3.0790672012266262, 4933.3790793041371, 11.738218723900461, 3639.9074835328356, 1.5396624860846098
2100-Mar-15 19:00:00, 8563.7685611239085, 3.0756488427381847, 4923.8378236535182, 11.71551676973735, 3639.9307374703899, 1.5396723223827762
2100-Mar-15 20:00:00, 8554.0894387861572, 3.0721726183161504, 4914.1354352955532, 11.692431425015354, 3639.954003490604, 1.5396821637918467
2100-Mar-15 21:00:00, 8544.7208124221925, 3.0688079074848487, 4904.7435324434782, 11.670084832925205, 3639.9772799787147, 1.5396920096287845
2100-Mar-15 22:00:00, 8535.8436511733962, 3.0656197047062723, 4895.8430857218291, 11.648907585306546, 3640.0005654515667, 1.5397018592662226
2100-Mar-15 23:00:00, 8527.4482988668242, 3.0626045419981973, 4887.424440313549, 11.628876710003265, 3640.0238585532743, 1.5397117121306281
2100-Mar-16 00:00:00, 8519.3073219284925, 3.0596807373530317, 4879.2601638971119, 11.609451066695101, 3640.0471580313815, 1.5397215676922185
2100-Mar-16 01:00:00, 8511.2679516856406, 3.0567934244127897, 4871.1974889663206, 11.590267168536057, 3640.0704627193209, 1.5397314254575414
2100-Mar-16 02:00:00, 8503.2910316767757, 3.0539285402652596, 4863.1972601511516, 11.57123185132971, 3640.0937715256241, 1.5397412849649117
2100-Mar-16 03:00:00, 8495.5625810898928, 3.0511528930797889, 4855.4454977082642, 11.552787721740714, 3640.1170833816282, 1.5397511457622899
2100-Mar-16 04:00:00, 8488.1993464454681, 3.0485084119788235, 4848.0589492199551, 11.53521256273171, 3640.1403972255139, 1.5397610074005319
2100-Mar-16 05:00:00, 8481.2093649742583, 3.045997983506914, 4841.0456530141282, 11.518525500270838, 3640.1637119601296, 1.5397708694155483
2100-Mar-16 06:00:00, 8474.5405983834244, 3.0436029182851958, 4834.3535719680085, 11.502602720007113, 3640.1870264154163, 1.5397807313124099
2100-Mar-16 07:00:00, 8468.1101874446758, 3.0412934576988979, 4827.8998481105018, 11.487247074108977, 3640.210339334174, 1.5397905925593276
2100-Mar-16 08:00:00, 8461.7795003861811, 3.0390198126107313, 4821.5458510693597, 11.472128712871985, 3640.2336493168209, 1.539800452564285
2100-Mar-16 09:00:00, 8455.3624586836668, 3.0367151535409223, 4815.1055038677268, 11.45680489467448, 3640.256954815939, 1.5398103106727326
2100-Mar-16 10:00:00, 8448.1000940400208, 3.0341068995634419, 4807.8198399341372, 11.439469774987433, 3640.2802541058841, 1.5398201661547313
2100-Mar-16 11:00:00, 8439.7047094687769, 3.0310917252676175, 4799.4011641961761, 11.419438827519331, 3640.3035452726008, 1.5398300182006455
2100-Mar-16 12:00:00, 8429.892900786992, 3.0275678469888074, 4789.5660745894756, 11.396037740532742, 3640.3268261975163, 1.5398398659143293
2100-Mar-16 13:00:00, 8418.7099876559114, 3.0235515411318059, 4778.3598930894623, 11.369374350715669, 3640.3500945664482, 1.5398497083168956
2100-Mar-16 14:00:00, 8405.9613215506652, 3.0189729003297812, 4765.5879736962652, 11.338985527770701, 3640.3733478544, 1.5398595443402834
2100-Mar-16 15:00:00, 8392.1304665019052, 3.0140055949873754, 4751.7338831486286, 11.306021844572083, 3640.396583353277, 1.5398693728389823
2100-Mar-16 16:00:00, 8378.0948639620656, 3.008964755268194, 4737.6750657844414, 11.272571045319195, 3640.4197981776238, 1.5398791925924595
2100-Mar-16 17:00:00, 8364.693666529196, 3.004151760021823, 4724.2506772516899, 11.240629772147402, 3640.4429892775065, 1.539889002310608
2100-Mar-16 18:00:00, 8352.6809632589629, 2.9998374378110415, 4712.2148098049493, 11.211992271896429, 3640.4661534540132, 1.5398988006403045
2100-Mar-16 19:00:00, 8342.4604430009131, 2.9961667721362875, 4701.9711556048333, 11.187619068134856, 3640.4892873960798, 1.5399085861809856
2100-Mar-16 20:00:00, 8334.0645493077191, 2.9931514149910172, 4693.5521616213337, 11.167587363450314, 3640.5123876863854, 1.5399183574871416
2100-Mar-16 21:00:00, 8327.3657674812821, 2.9907455698977992, 4686.8303166527967, 11.151593764499072, 3640.5354508284845, 1.5399281130797939
2100-Mar-16 22:00:00, 8322.1971515825717, 2.988889278780873, 4681.6386783205326, 11.139241057500506, 3640.5584732620396, 1.5399378514529376
2100-Mar-16 23:00:00, 8318.2768687108528, 2.9874813222963477, 4677.6954173425647, 11.129858672911617, 3640.5814513682876, 1.5399475710758541
2100-Mar-17 00:00:00, 8315.4451187053164, 2.9864643087508171, 4674.8407372091824, 11.123066399450819, 3640.604381496134, 1.5399572704041491
2100-Mar-17 01:00:00, 8313.5074862786005, 2.9857684145439216, 4672.8802263197631, 11.118401664537759, 3640.6272599588369, 1.5399669478783493
2100-Mar-17 02:00:00, 8312.2362235553464, 2.9853118447877813, 4671.5861405063952, 11.115322585861534, 3640.6500830489513, 1.5399766019302241
2100-Mar-17 03:00:00, 8311.5599334910548, 2.9850689574726061, 4670.8870864598639, 11.113659293994823, 3640.6728470311918, 1.5399862309797669
2100-Mar-17 04:00:00, 8311.3945861620505, 2.9850095735322912, 4670.6990380062844, 11.113211861546734, 3640.6955481557666, 1.5399958334408343
2100-Mar-17 05:00:00, 8311.7817477084791, 2.9851486213070797, 4671.0635650525501, 11.114079197733769, 3640.7181826559299, 1.5400054077201122
2100-Mar-17 06:00:00, 8312.6888208444507, 2.985474393590744, 4671.9480740785739, 11.116183751274827, 3640.7407467658772, 1.540014952224684
2100-Mar-17 07:00:00, 8313.9770473750687, 2.9859370558415743, 4673.2138106553948, 11.119195377291545, 3640.7632367196748, 1.5400244653615789
2100-Mar-17 08:00:00, 8315.0557956997109, 2.9863244846951931, 4674.270146921097, 11.121708767390599, 3640.7856487786148, 1.5400339455493426
2100-Mar-17 09:00:00, 8314.7593057648028, 2.9862180013264896, 4673.9513265345131, 11.120950183188736, 3640.8079792302901, 1.5400433912176452
2100-Mar-17 10:00:00, 8311.3605525228522, 2.9849973504645768, 4670.5303280894241, 11.112810442180177, 3640.8302244334282, 1.5400528008262471
2100-Mar-17 11:00:00, 8296.8484429497894, 2.9797853748377832, 4655.9960621188311, 11.078228385903603, 3640.8523808309578, 1.5400621728705248
2100-Mar-17 12:00:00, 8274.7332785580711, 2.9718427874963727, 4633.8588335772065, 11.025556246506765, 3640.8744449808646, 1.5400715058945242
2100-Mar-17 13:00:00, 8251.4805625736117, 2.9634916523042349, 4610.5841489866471, 10.970177704930689, 3640.8964135869655, 1.5400807985039759
2100-Mar-17 14:00:00, 8230.2012067113537, 2.9558492428013587, 4589.2829231713295, 10.919494705775744, 3640.9182835400247, 1.5400900493836893
2100-Mar-17 15:00:00, 8212.1758371293017, 2.949375491590164, 4571.2357852000496, 10.876554309458749, 3640.9400519292521, 1.5400992573024146
2100-Mar-17 16:00:00, 8198.0251915351819, 2.9442933345427251, 4557.063475447987, 10.842833472478988, 3640.9617160871949, 1.5401084211318328
2100-Mar-17 17:00:00, 8188.2136152623298, 2.940769539732806, 4547.2303416644272, 10.819437039073534, 3640.9832735979026, 1.5401175398500089
2100-Mar-17 18:00:00, 8182.6900244463723, 2.9387857605613346, 4541.6853021337356, 10.806243468136124, 3641.0047223126367, 1.5401266125480377
2100-Mar-17 19:00:00, 8180.9006950799294, 2.9381431289026323, 4539.8746347122387, 10.801935262768543, 3641.0260603676907, 1.5401356384375806
2100-Mar-17 20:00:00, 8182.4516176472098, 2.9387001375566131, 4541.404331487337, 10.805574941584768, 3641.0472861598728, 1.5401446168404955
2100-Mar-17 21:00:00, 8186.6588965610181, 2.940211167709982, 4545.5904982298071, 10.815535283177809, 3641.068398331211, 1.5401535471823673
2100-Mar-17 22:00:00, 8193.6479915714663, 2.9427212778124727, 4552.5585958280517, 10.83211480248554, 3641.0893957434146, 1.5401624289817044
2100-Mar-17 23:00:00, 8202.9330508558451, 2.9460559758065776, 4561.8227734158936, 10.854157491902889, 3641.1102774399506, 1.5401712618338985
2100-Mar-18 00:00:00, 8213.9221682838433, 2.9500026805848418, 4572.7911256915395, 10.880255003564304, 3641.1310425923029, 1.5401800453884915
2100-Mar-18 01:00:00, 8225.7658325526099, 2.9542562930034881, 4584.6141420923968, 10.908386057403593, 3641.1516904602122, 1.5401887793323572
2100-Mar-18 02:00:00, 8238.2886566615489, 2.9587538234077213, 4597.1164363221751, 10.938133348633521, 3641.1722203393742, 1.5401974633675786
2100-Mar-18 03:00:00, 8251.455194786944, 2.9634825415484793, 4610.2625632601203, 10.969412541026644, 3641.1926315268233, 1.5402060971968048
2100-Mar-18 04:00:00, 8265.1011119898521, 2.9683834270819527, 4623.8881887205798, 11.001832626597563, 3641.2129232692719, 1.5402146805013988
2100-Mar-18 05:00:00, 8279.3844594892435, 2.9735132435749345, 4638.1513647277925, 11.035769665892294, 3641.2330947614514, 1.5402232129407363
2100-Mar-18 06:00:00, 8295.0949157925279, 2.9791556014227911, 4653.841770673529, 11.073102579884345, 3641.2531451189989, 1.5402316941407359
2100-Mar-18 07:00:00, 8310.3017265091039, 2.9846170766422984, 4669.0286531176589, 11.109237436946355, 3641.2730733914445, 1.5402401236993541
2100-Mar-18 08:00:00, 8324.3397980461377, 2.9896588030935662, 4683.0469194638936, 11.142591751272674, 3641.2928785822442, 1.5402485011950575
2100-Mar-18 09:00:00, 8335.9935587814871, 2.9938442122931956, 4694.6809991096743, 11.170273259086729, 3641.3125596718119, 1.5402568261965663
2100-Mar-18 10:00:00, 8344.090417901516, 2.9967521721714414, 4702.7583022361505, 11.189491962793396, 3641.3321156653665, 1.5402650982830934
2100-Mar-18 11:00:00, 8348.7349178178047, 2.9984202287858484, 4707.3833721645369, 11.200496607188246, 3641.3515456532673, 1.540273317069865
2100-Mar-18 12:00:00, 8350.3525880369361, 2.9990012096357965, 4708.9817391815368, 11.204299676310853, 3641.3708488553998, 1.5402814822268971
2100-Mar-18 13:00:00, 8349.4487666667337, 2.998676605212935, 4708.0587419779349, 11.202103546055451, 3641.3900246887993, 1.540289593507598
2100-Mar-18 14:00:00, 8346.4827864763738, 2.997611383345371, 4705.0737136479038, 11.195001129056536, 3641.40907282847, 1.5402976507744965
2100-Mar-18 15:00:00, 8341.8196148454608, 2.9959366208470923, 4700.3916215921354, 11.183860809256947, 3641.427993253325, 1.5403056540186728
2100-Mar-18 16:00:00, 8336.2528642892612, 2.9939373409992331, 4694.8060779797715, 11.170570865070646, 3641.4467863094906, 1.5403136033865368
2100-Mar-18 17:00:00, 8330.9287242480423, 2.9920251939065747, 4689.4632715025828, 11.157858476660884, 3641.4654527454595, 1.5403214991946967
2100-Mar-18 18:00:00, 8326.9185388963142, 2.9905849492469749, 4685.4345451715435, 11.148272740375006, 3641.4839937247702, 1.5403293419353239
2100-Mar-18 19:00:00, 8324.7271114717532, 2.9897979054152568, 4683.2247006038788, 11.143014754223103, 3641.5024108678745, 1.540337132293861
2100-Mar-18 20:00:00, 8324.3315200061752, 2.9896558300631941, 4682.8108137934269, 11.142029974049123, 3641.5207062127483, 1.5403448711323615
2100-Mar-18 21:00:00, 8325.5260293075044, 2.9900848340845023, 4683.9871470787893, 11.144828878648552, 3641.5388822287155, 1.5403525594953371
2100-Mar-18 22:00:00, 8327.9512497673968, 2.9909558439030901, 4686.3943080065164, 11.150556348810296, 3641.5569417608795, 1.5403601985862523
2100-Mar-18 23:00:00, 8331.3451883165289, 2.9921747655841768, 4689.7703003241122, 11.158589004642561, 3641.5748879924167, 1.5403677897515744
2100-Mar-19 00:00:00, 8335.3452475612794, 2.9936113734863161, 4693.7525231981626, 11.168064093086304, 3641.5927243631172, 1.5403753344463171
2100-Mar-19 01:00:00, 8339.7912205376233, 2.9952081298140865, 4698.180766008988, 11.178600417548795, 3641.6104545286353, 1.5403828342168042
2100-Mar-19 02:00:00, 8344.7232599359832, 2.9969794552719891, 4703.095177701186, 11.19029350628473, 3641.6280822347976, 1.5403902906475009
2100-Mar-19 03:00:00, 8350.0930926413821, 2.9989080127321981, 4708.4474813715642, 11.203028491808791, 3641.6456112698179, 1.5403977053408029
2100-Mar-19 04:00:00, 8355.9006843304596, 3.0009937898675929, 4714.2376389682977, 11.216805283582492, 3641.6630453621615, 1.540405079873832
2100-Mar-19 05:00:00, 8362.3483303822395, 3.0033094403871043, 4720.6679422836232, 11.23210520389329, 3641.6803880986163, 1.5404124157637815
2100-Mar-19 06:00:00, 8369.6117127003945, 3.0059180598589816, 4727.9140698367282, 11.249346252827975, 3641.6976428636658, 1.5404197144422709
2100-Mar-19 07:00:00, 8377.7572304866844, 3.0088434953345078, 4736.0424177268496, 11.268686409719315, 3641.7148127598343, 1.5404269772216519
2100-Mar-19 08:00:00, 8386.4819661970942, 3.0119769549906614, 4744.7500656326984, 11.2894049221317, 3641.7319005643958, 1.5404342052766979
2100-Mar-19 09:00:00, 8395.0490546017754, 3.015053796144112, 4753.3001459065463, 11.309748526535094, 3641.7489086952296, 1.5404413996301591
2100-Mar-19 10:00:00, 8402.6598183420774, 3.0177871764921607, 4760.8939791687562, 11.327816887865483, 3641.7658391733216, 1.540448561136903
2100-Mar-19 11:00:00, 8408.565905975589, 3.0199083281166432, 4766.7832123507305, 11.34182941479577, 3641.7826936248593, 1.5404556904847981
2100-Mar-19 12:00:00, 8411.7650809068473, 3.0210573010956319, 4769.9656076374731, 11.34940143619149, 3641.7994732693742, 1.5404627881897002
2100-Mar-19 13:00:00, 8411.9108735851041, 3.0211096620485183, 4770.0946946391641, 11.349708578909677, 3641.8161789459409, 1.5404698546065339
2100-Mar-19 14:00:00, 8409.5759654487265, 3.0202710875989296, 4767.743154319327, 11.344113449452038, 3641.8328111293995, 1.5404768899361538
2100-Mar-19 15:00:00, 8405.4508193922502, 3.0187895551866313, 4763.6014494187502, 11.3342588979912, 3641.8493699734995, 1.5404838942435954
2100-Mar-19 16:00:00, 8400.2685822296553, 3.0169283720383282, 4758.4027269036633, 11.321889335266341, 3641.8658553259925, 1.5404908674644584
2100-Mar-19 17:00:00, 8394.8569696349041, 3.0149848094705645, 4752.9747028336778, 11.308974184667155, 3641.8822668012267, 1.5404978094356139
2100-Mar-19 18:00:00, 8389.90390697574, 3.0132059335788428, 4748.0053031807938, 11.297150260514087, 3641.8986037949458, 1.5405047199014645
2100-Mar-19 19:00:00, 8385.695665079249, 3.0116945575734633, 4743.7807995368867, 11.287098702145073, 3641.9148655423619, 1.5405115985385092
2100-Mar-19 20:00:00, 8382.356566806131, 3.0104953315941292, 4740.4255156507206, 11.27911531884866, 3641.9310511554113, 1.5405184449711009
2100-Mar-19 21:00:00, 8379.8017505208009, 3.0095777778681847, 4737.8545908674878, 11.272998197714612, 3641.9471596533126, 1.5405252587843745
2100-Mar-19 22:00:00, 8378.0142864500067, 3.0089358161241773, 4736.0510964668783, 11.268707059449868, 3641.9631899831288, 1.5405320395329427
2100-Mar-19 23:00:00, 8377.0281761330843, 3.0085816579012636, 4735.049035082352, 11.266322808104642, 3641.9791410507328, 1.5405387867539955
2100-Mar-20 00:00:00, 8376.908106002069, 3.0085385351152061, 4734.9130942904394, 11.265999357844015, 3641.99501171163, 1.5405454999634172
2100-Mar-20 01:00:00, 8377.6961786013308, 3.0088215687540316, 4735.6853778144368, 11.267836888018733, 3642.0108007868939, 1.540552178662528
2100-Mar-20 02:00:00, 8379.438756398893, 3.009447409743101, 4737.4122493519917, 11.271945713935018, 3642.0265070469004, 1.5405588223312032
2100-Mar-20 03:00:00, 8382.0184290574034, 3.0103738905523567, 4739.9762998573779, 11.278046478779466, 3642.0421292000256, 1.5405654304230922
2100-Mar-20 04:00:00, 8385.3498515763713, 3.0115703598102543, 4743.292185712975, 11.285936120505918, 3642.0576658633968, 1.540572002353247
2100-Mar-20 05:00:00, 8389.4446520750935, 3.0130409937169564, 4747.3715365101116, 11.295642309942927, 3642.0731155649823, 1.5405785374990055
2100-Mar-20 06:00:00, 8394.3369993872311, 3.0147980638948169, 4752.2485226914514, 11.307246350416964, 3642.0884766957802, 1.5405850351797681
2100-Mar-20 07:00:00, 8399.8434746398889, 3.0167756960689611, 4757.7397271244781, 11.320311828997946, 3642.1037475154117, 1.5405914946593633
2100-Mar-20 08:00:00, 8405.7232083250528, 3.0188873827610183, 4763.604282218871, 11.334265638204528, 3642.1189261061827, 1.5405979151266163
2100-Mar-20 09:00:00, 8411.3353791914833, 3.0209029751614183, 4769.2013687938406, 11.347583047099622, 3642.1340103976427, 1.5406042957057366
2100-Mar-20 10:00:00, 8415.9328957910402, 3.0225541578747261, 4773.7838976477478, 11.358486471533679, 3642.1489981432924, 1.540610635446467
2100-Mar-20 11:00:00, 8418.1698601080971, 3.0233575561291159, 4776.0059731926449, 11.363773559419638, 3642.1638869154526, 1.5406169333219111
2100-Mar-20 12:00:00, 8416.4561455994626, 3.0227420812937504, 4774.2774714613233, 11.359660854707363, 3642.1786741381393, 1.5406231882424404
2100-Mar-20 13:00:00, 8410.8685467979831, 3.020735313868312, 4768.6751897018821, 11.346331084667774, 3642.193357096101, 1.5406293990595177
2100-Mar-20 14:00:00, 8402.3491669017894, 3.0176756070661543, 4760.1412339465933, 11.326025846082745, 3642.2079329551962, 1.5406355645743153
2100-Mar-20 15:00:00, 8391.5688476600153, 3.0138038914582821, 4749.3464488615837, 11.300341310925715, 3642.2223987984326, 1.5406416835529599
2100-Mar-20 16:00:00, 8379.9124495282631, 3.0096175350465537, 4737.6756978765779, 11.272572549285469, 3642.2367516516856, 1.5406477547374124
2100-Mar-20 17:00:00, 8368.4738035640694, 3.0055093835976723, 4726.2228150256951, 11.245322171448736, 3642.2509885383738, 1.5406537768685933
2100-Mar-20 18:00:00, 8358.1780599613376, 3.0018117017102117, 4715.9129534697267, 11.220791437440321, 3642.2651064916099, 1.5406597486915246
2100-Mar-20 19:00:00, 8349.5527826423368, 2.9987139622027583, 4707.2736800415032, 11.200235611608592, 3642.2791026008331, 1.5406656689750537
2100-Mar-20 20:00:00, 8342.8583986581325, 2.9963096965798726, 4700.5654246170234, 11.184274346892757, 3642.2929740411087, 1.5406715365242474
2100-Mar-20 21:00:00, 8338.0699457346891, 2.9945899397243041, 4695.7632276391641, 11.172848255855513, 3642.3067180955259, 1.5406773501898663
2100-Mar-20 22:00:00, 8335.0241230538104, 2.993496042693252, 4692.7037908930388, 11.165568795444978, 3642.3203321607721, 1.5406831088707222
2100-Mar-20 23:00:00, 8333.5144002304605, 2.992953830789538, 4691.1805864666667, 11.161944564176601, 3642.3338137637934, 1.5406888115207258
2100-Mar-21 00:00:00, 8333.2223792399036, 2.9928489524272552, 4690.8752186908514, 11.16121798839839, 3642.3471605490527, 1.5406944571434968
2100-Mar-21 01:00:00, 8333.9636551504664, 2.9931151791918156, 4691.603284887613, 11.162950310226023, 3642.3603702628529, 1.5407000447857329
2100-Mar-21 02:00:00, 8335.8194644993746, 2.9937816869139207, 4693.4460237608519, 11.167334824693167, 3642.3734407385218, 1.5407055735309425
2100-Mar-21 03:00:00, 8338.8477096923016, 2.9948692710489517, 4696.4613398233359, 11.174509306705223, 3642.3863698689661, 1.5407110424878356
2100-Mar-21 04:00:00, 8343.0374244538925, 2.9963739930957836, 4700.6382688916301, 11.184447668669652, 3642.3991555622624, 1.5407164507715396
2100-Mar-21 05:00:00, 8348.2044959237428, 2.998229729536249, 4705.7927001897669, 11.196711847238184, 3642.4117957339768, 1.5407217975003491
2100-Mar-21 06:00:00, 8354.3658571745436, 3.0004425618267834, 4711.9415689193002, 11.211342137125008, 3642.4242882552435, 1.5407270817737648
2100-Mar-21 07:00:00, 8361.1685662237032, 3.002885732034525, 4718.7319352734021, 11.227498772201812, 3642.4366309503007, 1.5407323026714506
2100-Mar-21 08:00:00, 8367.4341163038589, 3.0051359833947298, 4724.9852947488707, 11.242377681789392, 3642.4488215549886, 1.540737459235678
2100-Mar-21 09:00:00, 8371.8862145560415, 3.006734939594836, 4729.4253568100567, 11.252942128345007, 3642.460857745984, 1.5407425504836931
2100-Mar-21 10:00:00, 8372.8770674769221, 3.0070908011081028, 4730.4043303835069, 11.255271445785519, 3642.4727370934161, 1.5407475753876729
2100-Mar-21 11:00:00, 8368.9818813668189, 3.0056918580415921, 4726.4974242549479, 11.245975561983855, 3642.4844571118706, 1.5407525328962999
2100-Mar-21 12:00:00, 8360.1736051843272, 3.0025283951042372, 4717.6775899183258, 11.224990119169181, 3642.4960152660015, 1.5407574219371352
2100-Mar-21 13:00:00, 8346.3188461711543, 2.9975525047329441, 4703.8114371735219, 11.191997735822779, 3642.507408997632, 1.540762241428083
2100-Mar-21 14:00:00, 8328.3999169475974, 2.9911169812205816, 4685.8812811935777, 11.149335680208777, 3642.5186357540206, 1.5407669902893466
2100-Mar-21 15:00:00, 8309.6200492223888, 2.984372254524204, 4667.0903561796949, 11.104625556723095, 3642.5296930426935, 1.5407716674666223
2100-Mar-21 16:00:00, 8292.6408607654739, 2.9782742357658258, 4650.1002822982691, 11.064200282251072, 3642.5405784672057, 1.5407762719462259
2100-Mar-21 17:00:00, 8279.0473728119541, 2.9733921800219543, 4636.4960830468053, 11.031831177057613, 3642.5512897651479, 1.5407808027711694
2100-Mar-21 18:00:00, 8269.3981696157189, 2.9699267009595505, 4626.8363447720758, 11.008847311666024, 3642.5618248436431, 1.5407852590561768
2100-Mar-21 19:00:00, 8263.5787363417439, 2.9678366709585364, 4621.0065545240841, 10.994976220078421, 3642.5721818176607, 1.5407896400038894
2100-Mar-21 20:00:00, 8261.1725255982165, 2.9669724884160149, 4618.5901665752835, 10.989226795635485, 3642.582359022932, 1.5407939449103301
2100-Mar-21 21:00:00, 8261.2954179648714, 2.967016624798565, 4618.70306293878, 10.989495415213781, 3642.5923550260909, 1.5407981731691922
2100-Mar-21 22:00:00, 8263.2841846412884, 2.9677308837002556, 4620.6820160094303, 10.994204030467994, 3642.6021686318572, 1.5408023242748783
2100-Mar-21 23:00:00, 8266.9545612304046, 2.9690490871790343, 4624.3427623912476, 11.002914214913938, 3642.611798839157, 1.540806397803939
2100-Mar-22 00:00:00, 8271.7724427036719, 2.970779413199867, 4629.1511978552489, 11.014355149471955, 3642.6212448484225, 1.5408103934181614
2100-Mar-22 01:00:00, 8277.3229334730822, 2.9727728533996713, 4634.6924274785506, 11.027539655319181, 3642.6305059945307, 1.5408143108362018
2100-Mar-22 02:00:00, 8283.508112582067, 2.974994239794329, 4640.8685308648055, 11.042234745893795, 3642.6395817172611, 1.5408181498210896
2100-Mar-22 03:00:00, 8290.6730137700652, 2.9775674900976172, 4648.0245422633416, 11.059261377262775, 3642.6484715067231, 1.5408219101571436
2100-Mar-22 04:00:00, 8299.0437290179216, 2.9805738044884373, 4656.3865541436535, 11.079157501774009, 3642.6571748742681, 1.5408255916376681
2100-Mar-22 05:00:00, 8308.6242765046336, 2.9840146260823404, 4665.9585852013806, 11.101932681297294, 3642.6656913032521, 1.5408291940441252
2100-Mar-22 06:00:00, 8319.336192525865, 2.9878617749022855, 4676.6621723082535, 11.127400224855393, 3642.6740202176111, 1.5408327171328429
2100-Mar-22 07:00:00, 8330.7551661057514, 2.9919628610801241, 4688.0730051409955, 11.15455055112456, 3642.6821609647559, 1.540836160627779
2100-Mar-22 08:00:00, 8341.9482298056428, 2.9959828124799723, 4699.2581169792775, 11.181163808913695, 3642.6901128263648, 1.5408395242250872
2100-Mar-22 09:00:00, 8351.0676432558048, 2.9992580193266134, 4708.3697682603624, 11.202843585382112, 3642.6978749954424, 1.5408428075834124
2100-Mar-22 10:00:00, 8356.1097353643254, 3.0010688698473698, 4713.4042887449605, 11.214822454564512, 3642.7054466193645, 1.5408460103420991
2100-Mar-22 11:00:00, 8355.9100619443725, 3.0009971578062724, 4713.1972351294062, 11.214329802248953, 3642.7128268149659, 1.5408491321275728
2100-Mar-22 12:00:00, 8351.9288120737147, 2.9995673052279428, 4709.2087973492189, 11.204839926389441, 3642.7200147244962, 1.5408521725770092
2100-Mar-22 13:00:00, 8344.7543161933463, 2.9969906090229737, 4702.027306640427, 11.187752670910312, 3642.7270095529184, 1.5408551313541119
2100-Mar-22 14:00:00, 8335.3971661788219, 2.9936300198841983, 4692.6633555666203, 11.165472585788667, 3642.7338106122011, 1.5408580081678471
2100-Mar-22 15:00:00, 8325.2060619719414, 2.9899699188858588, 4682.4656445810906, 11.141208696858373, 3642.7404173908508, 1.5408608028018556
2100-Mar-22 16:00:00, 8315.2700793427957, 2.9864014439490738, 4672.5232497445022, 11.117552293538214, 3642.746829598294, 1.5408635151332259
2100-Mar-22 17:00:00, 8306.9877440132623, 2.9834268709103897, 4664.2346968044185, 11.097830953306428, 3642.7530472088429, 1.5408661451510928
2100-Mar-22 18:00:00, 8301.2702220678802, 2.9813734420222628, 4658.5111515669996, 11.084212655423176, 3642.7590705008811, 1.5408686929732107
2100-Mar-22 19:00:00, 8298.3955186694693, 2.9803410019093111, 4655.6306185799531, 11.077358869062991, 3642.7649000895167, 1.5408711588597674
2100-Mar-22 20:00:00, 8298.2463630623097, 2.9802874331717546, 4655.4758261191164, 11.076990564148062, 3642.7705369431933, 1.5408735432204099
2100-Mar-22 21:00:00, 8300.0254669053866, 2.9809263923679326, 4657.2494845369538, 11.08121071226873, 3642.7759823684332, 1.5408758466077901
2100-Mar-22 22:00:00, 8303.3656420614352, 2.9821260051061702, 4660.5844040393195, 11.089145641637849, 3642.7812380221158, 1.5408780697227598
2100-Mar-22 23:00:00, 8308.2491059010681, 2.9838798848145855, 4665.4628000371513, 11.100753036553957, 3642.7863058639177, 1.5408802133942523
2100-Mar-23 00:00:00, 8314.653995331133, 2.98618017943638, 4671.8628072187721, 11.115980871862124, 3642.7911881123619, 1.5408822785606915
2100-Mar-23 01:00:00, 8322.604759947546, 2.9890356699621705, 4679.8088727276154, 11.134887315789882, 3642.7958872199301, 1.5408842662594651
2100-Mar-23 02:00:00, 8332.1512969530377, 2.9924642768054697, 4689.3508911780882, 11.157591084918231, 3642.8004057749495, 1.5408861775854221
2100-Mar-23 03:00:00, 8343.2021765305144, 2.9964331632531955, 4700.3974300550481, 11.183874629603411, 3642.8047464754654, 1.5408880136798224
2100-Mar-23 04:00:00, 8355.4533307669644, 3.0008331243311486, 4712.6444187193692, 11.213014460404983, 3642.8089120475947, 1.5408897756957993
2100-Mar-23 05:00:00, 8368.625800056805, 3.0055639726297843, 4725.8128948624908, 11.244346829303387, 3642.8129051943147, 1.5408914647766987
2100-Mar-23 06:00:00, 8382.6023489498129, 3.0105836034291729, 4739.7856204086811, 11.277592786282096, 3642.8167285411314, 1.5408930820330966
2100-Mar-23 07:00:00, 8396.9697837792173, 3.0157436196055531, 4754.1493991775114, 11.311769194415328, 3642.8203846017063, 1.5408946285282588
2100-Mar-23 08:00:00, 8410.7755666624762, 3.0207019203635568, 4767.9516909110771, 11.344609630281962, 3642.8238757514, 1.5408961052669508
2100-Mar-23 09:00:00, 8422.7152724044754, 3.0249900257561659, 4779.8880681946084, 11.37301040895167, 3642.8272042098661, 1.5408975131880751
2100-Mar-23 10:00:00, 8431.0979346825843, 3.0280006308829526, 4788.2675626429345, 11.392948130551616, 3642.8303720396493, 1.5408988531640777
2100-Mar-23 11:00:00, 8434.7701917619415, 3.0293195097335128, 4791.9368106069332, 11.401678543208192, 3642.8333811550078, 1.5409001260046802
2100-Mar-23 12:00:00, 8433.1048558299735, 3.0287214099021864, 4790.2686224654472, 11.397709345430643, 3642.8362333645255, 1.5409013324749041
2100-Mar-23 13:00:00, 8426.6075706528118, 3.0263879316567803, 4783.7686402728768, 11.382243634920391, 3642.8389303799354, 1.5409024732988041
2100-Mar-23 14:00:00, 8417.5699242897172, 3.0231420911860423, 4774.7284504241934, 11.360733889967973, 3642.8414738655238, 1.5409035491803649
2100-Mar-23 15:00:00, 8407.0640158781989, 3.0193689293102666, 4764.2201503831729, 11.33573100202544, 3642.843865495026, 1.5409045608275678
2100-Mar-23 16:00:00, 8396.7099550529765, 3.0156503029873529, 4753.8638480698564, 11.31108976935907, 3642.8461069831205, 1.5409055089657135
2100-Mar-23 17:00:00, 8388.5294137857363, 3.0127122889457572, 4745.681213641159, 11.291620445976907, 3642.8482001445773, 1.5409063943624406
2100-Mar-23 18:00:00, 8383.5041896593775, 3.0109074965043896, 4740.6540427376021, 11.279659063995146, 3642.8501469217758, 1.5409072178393655
2100-Mar-23 19:00:00, 8381.6281668460706, 3.0102337291841366, 4738.7762174168402, 11.275191066708489, 3642.8519494292304, 1.5409079802909171
2100-Mar-23 20:00:00, 8382.5615695928263, 3.0105689576594714, 4739.7079596275998, 11.277408004366913, 3642.853609965226, 1.5409086826892584
2100-Mar-23 21:00:00, 8386.0164146148163, 3.0118097536966228, 4743.1612835971755, 11.285624659002155, 3642.8551310176417, 1.5409093260867499
2100-Mar-23 22:00:00, 8391.7957312009858, 3.0138853759233561, 4748.9392159482313, 11.299372362679156, 3642.8565152527544, 1.540909911611213
2100-Mar-23 23:00:00, 8399.7380486959337, 3.0167378326937189, 4756.8802831851335, 11.318266913985582, 3642.8577655107993, 1.5409104404640528
2100-Mar-24 00:00:00, 8409.5570203743646, 3.0202642835388218, 4766.6981356208225, 11.341626987767983, 3642.8588847535416, 1.5409109138980812
2100-Mar-24 01:00:00, 8421.0703734635354, 3.0243992658018288, 4778.2104974476351, 11.369018886703685, 3642.8598760159002, 1.5409113331970536
2100-Mar-24 02:00:00, 8434.120158927466, 3.0290860526146259, 4791.2594165553965, 11.400066787976861, 3642.86074237207, 1.540911699661339
2100-Mar-24 03:00:00, 8448.5398789382962, 3.0342648468390809, 4805.6783920789921, 11.434374528320708, 3642.8614868593049, 1.5409120145756801
2100-Mar-24 04:00:00, 8464.137806779021, 3.0398667904658883, 4821.2756943545628, 11.471485916411984, 3642.8621124244573, 1.5409122791865808
2100-Mar-24 05:00:00, 8480.8561486661347, 3.0458711270509551, 4837.9935267798355, 11.511263434101755, 3642.8626218862987, 1.5409124946863673
2100-Mar-24 06:00:00, 8498.6217351740925, 3.0522515780397654, 4855.7587173027096, 11.553532979716861, 3642.8630178713834, 1.5409126621860585
2100-Mar-24 07:00:00, 8516.9798813730995, 3.0588448448601828, 4874.1165785692447, 11.597212694449022, 3642.8633028038544, 1.5409127827110549
2100-Mar-24 08:00:00, 8535.1969433267823, 3.0653874417456577, 4892.3334644484457, 11.640556979873072, 3642.8634788783361, 1.5409128571896717
2100-Mar-24 09:00:00, 8552.3704307978132, 3.0715552423452479, 4909.5068827468031, 11.681418494259594, 3642.8635480510102, 1.5409128864493635
2100-Mar-24 10:00:00, 8567.8312369471041, 3.0771079391750917, 4924.9677248870312, 11.718205196392221, 3642.8635120600725, 1.5409128712253786
2100-Mar-24 11:00:00, 8580.9201877771884, 3.0818087920981792, 4938.0568153245458, 11.749348679182141, 3642.8633724526421, 1.5409128121721405
2100-Mar-24 12:00:00, 8591.3230075980828, 3.0855449300513458, 4948.4598769870427, 11.774101168546862, 3642.8631306110392, 1.5409127098743636
2100-Mar-24 13:00:00, 8599.204864598767, 3.0883756726373646, 4956.342076778069, 11.79285565379627, 3642.8627878206971, 1.5409125648757798
2100-Mar-24 14:00:00, 8604.2241405689365, 3.0901783288183262, 4961.3617952588138, 11.804799303881172, 3642.8623453101231, 1.5409123776960414
2100-Mar-24 15:00:00, 8607.2380209869898, 3.0912607538924948, 4964.3762166648166, 11.811971657195375, 3642.8618043221732, 1.5409121488608704
2100-Mar-24 16:00:00, 8609.2175914053787, 3.0919717099888651, 4966.3564252260185, 11.816683259696759, 3642.8611661793607, 1.540911878929683
2100-Mar-24 17:00:00, 8611.0966773389409, 3.0926465774185155, 4968.2362449982056, 11.821156002474629, 3642.8604323407349, 1.5409115685196497
2100-Mar-24 18:00:00, 8613.2795760358385, 3.093430558186212, 4970.4199715775012, 11.826351844879786, 3642.8596044583373, 1.5409112183295759
2100-Mar-24 19:00:00, 8616.1224522715129, 3.0944515676800926, 4973.2637678385945, 11.833118221836092, 3642.8586844329175, 1.5409108291634688
2100-Mar-24 20:00:00, 8619.6960397831645, 3.095735009685348, 4976.8383653377632, 11.841623428231273, 3642.8576744454017, 1.5409104019438495
2100-Mar-24 21:00:00, 8623.8490225862643, 3.0972265395721141, 4980.9924455998334, 11.851507424966366, 3642.8565769864308, 1.5409099377242463
2100-Mar-24 22:00:00, 8628.3725595850992, 3.0988511527591998, 4985.5171647147154, 11.862273299994602, 3642.855394870383, 1.5409094376951271
2100-Mar-24 23:00:00, 8633.0856219866673, 3.1005438333609319, 4990.2314907605551, 11.873490315628771, 3642.8541312261127, 1.5409089031799814
2100-Mar-25 00:00:00, 8637.8604943539322, 3.1022587128051602, 4995.0077048667581, 11.884854584408762, 3642.8527894871741, 1.5409083356311855
2100-Mar-25 01:00:00, 8642.6032238263906, 3.1039620482362, 4999.7518504699883, 11.896142551105333, 3642.8513733564032, 1.5409077366150201
2100-Mar-25 02:00:00, 8647.4026147726163, 3.1056857334460757, 5004.5527280113783, 11.907565502745905, 3642.8498867612379, 1.5409071077927716
2100-Mar-25 03:00:00, 8652.3161332086165, 3.1074504071622782, 5009.4677993863788, 11.919260161095872, 3642.8483338222368, 1.5409064509074155
2100-Mar-25 04:00:00, 8657.3197225510776, 3.1092474295433519, 5014.4730037801783, 11.931169277137393, 3642.8467187708998, 1.5409057677488551
2100-Mar-25 05:00:00, 8662.3479078212895, 3.1110532854696324, 5019.5028619209088, 11.943137052987778, 3642.8450459003807, 1.5409050601330725
2100-Mar-25 06:00:00, 8667.3457032793267, 3.1128482269964897, 5024.502383768574, 11.955032648282492, 3642.8433195107523, 1.5409043298789771
2100-Mar-25 07:00:00, 8672.2182006008316, 3.11459816811659, 5029.3766567553384, 11.966630233126248, 3642.8415438454931, 1.5409035787815384
2100-Mar-25 08:00:00, 8676.664791969979, 3.1161951465380677, 5033.8250689319129, 11.977214547500497, 3642.839723038066, 1.5409028085891909
2100-Mar-25 09:00:00, 8680.2809221420284, 3.117493867597549, 5037.443061083507, 11.985823004814252, 3642.8378610585214, 1.5409020209812454
2100-Mar-25 10:00:00, 8681.8389007367605, 3.1180534104001945, 5039.0029390560767, 11.989534495159972, 3642.8359616806838, 1.5409012175540109
2100-Mar-25 11:00:00, 8680.4913213959007, 3.1175694317860332, 5037.6572929424865, 11.986332736658877, 3642.8340284534142, 1.5409003998086375
2100-Mar-25 12:00:00, 8675.4097294694911, 3.1157443950377632, 5032.5776648036972, 11.974246540732981, 3642.8320646657935, 1.54089956913639
2100-Mar-25 13:00:00, 8666.5139835156533, 3.1125495176245157, 5023.6839101751057, 11.953085215923164, 3642.8300733405472, 1.5408987268158658
2100-Mar-25 14:00:00, 8654.5622034034732, 3.1082570757622308, 5011.7341461810893, 11.924652585629417, 3642.8280572223844, 1.5408978740080632
2100-Mar-25 15:00:00, 8640.7740306573687, 3.1033050996261, 4997.9480118681558, 11.891850593866582, 3642.8260187892129, 1.5408970117611245
2100-Mar-25 16:00:00, 8626.527891602871, 3.0981886464216823, 4983.7039313680289, 11.857958989401652, 3642.8239602348422, 1.5408961410030202
2100-Mar-25 17:00:00, 8612.3764620886523, 3.0931062078319611, 4969.5545785878139, 11.824292775014733, 3642.8218835008383, 1.540895262555023
2100-Mar-25 18:00:00, 8598.7009941722408, 3.0881947092585467, 4955.8812039059803, 11.79175907749643, 3642.81979026626, 1.540894377127366
2100-Mar-25 19:00:00, 8586.0717493634675, 3.0836589582158229, 4943.254067372206, 11.761714743155331, 3642.8176819912615, 1.5408934853376872
2100-Mar-25 20:00:00, 8574.6836115590049, 3.0795689466036174, 4931.8680516751429, 11.734623465453488, 3642.815559883863, 1.540892587696973
2100-Mar-25 21:00:00, 8564.7399743698516, 3.0759977225572013, 4921.9265494378815, 11.7109691859365, 3642.813424931971, 1.5408916846231031
2100-Mar-25 22:00:00, 8556.1702974668515, 3.0729199517532351, 4913.3590195587567, 11.690584062874175, 3642.8112779080957, 1.540890776442845
2100-Mar-25 23:00:00, 8548.7341388574296, 3.0702492802540875, 4905.9250195149407, 11.672896000168054, 3642.8091193424889, 1.5408898633804928
2100-Mar-26 00:00:00, 8542.3063569713559, 3.067940763883267, 4899.4994074337246, 11.657607241929169, 3642.8069495376317, 1.5408889455639945
2100-Mar-26 01:00:00, 8536.74636912815, 3.0659439128411656, 4893.9416005999055, 11.64438329315251, 3642.8047685282449, 1.5408880230080368
2100-Mar-26 02:00:00, 8531.8956996450634, 3.0642018111162441, 4889.0931235569096, 11.632847085799776, 3642.8025760881537, 1.5408870956169487
2100-Mar-26 03:00:00, 8527.8030897504414, 3.0627319639576798, 4885.0027180648367, 11.623114593411987, 3642.8003716856051, 1.5408861631658017
2100-Mar-26 04:00:00, 8524.6703750203415, 3.061606859937704, 4881.8722205315316, 11.615666054759298, 3642.7981544888094, 1.5408852253027527
2100-Mar-26 05:00:00, 8522.6834790362464, 3.0608932728889058, 4879.8875557049423, 11.61094384925803, 3642.7959233313045, 1.5408842815343942
2100-Mar-26 06:00:00, 8521.7594088048936, 3.0605613961552711, 4878.9657321003851, 11.608750511401521, 3642.7936767045094, 1.540883331222604
2100-Mar-26 07:00:00, 8520.7114725597166, 3.0601850333569613, 4877.9200598070038, 11.606262494588719, 3642.7914127527124, 1.5408823735824255
2100-Mar-26 08:00:00, 8517.6803588125877, 3.059096418990281, 4874.8912295286918, 11.599055857573221, 3642.7891292838949, 1.5408814076866459
2100-Mar-26 09:00:00, 8512.9077229288232, 3.0573823427716231, 4870.120899155655, 11.587705588233717, 3642.7868237731673, 1.5408804324672496
2100-Mar-26 10:00:00, 8506.5587708911989, 3.0551021378772774, 4863.7742775029619, 11.572604775602132, 3642.7844933882361, 1.5408794467261908
2100-Mar-26 11:00:00, 8498.5829077175313, 3.0522376332885748, 4855.8007726886799, 11.553633044056355, 3642.7821350288509, 1.5408784491520793
2100-Mar-26 12:00:00, 8488.5405408154966, 3.0486309507959151, 4845.7607954584346, 11.529744458399923, 3642.7797453570615, 1.5408774383329789
2100-Mar-26 13:00:00, 8470.3753773721546, 3.0421069930868883, 4827.5980565221244, 11.486529007320177, 3642.7773208500294, 1.5408764127787467
2100-Mar-26 14:00:00, 8448.2343321912358, 3.0341551107465778, 4805.459474336395, 11.433853647134843, 3642.7748578548412, 1.5408753709442189
2100-Mar-26 15:00:00, 8426.7911267290256, 3.0264538552077678, 4784.0187740742094, 11.382838789929378, 3642.7723526548152, 1.5408743112572576
2100-Mar-26 16:00:00, 8408.0678698809952, 3.0197294601186297, 4765.2980683702326, 11.338295742519763, 3642.7698015107621, 1.5408732321362051
2100-Mar-26 17:00:00, 8392.9620112638495, 3.0143042415080639, 4750.1948105224847, 11.302359857356578, 3642.7672007413653, 1.5408721320238825
2100-Mar-26 18:00:00, 8381.4997872564418, 3.0101876220838037, 4738.7352404935118, 11.275093568405413, 3642.7645467629291, 1.5408710094044051
2100-Mar-26 19:00:00, 8373.403071776771, 3.0072797137935123, 4730.641235627807, 11.255835125472348, 3642.7618361489635, 1.5408698628283848
2100-Mar-26 20:00:00, 8368.336026356752, 3.0054599013743712, 4725.5769607002176, 11.243785460157273, 3642.7590656565353, 1.540868690924077
2100-Mar-26 21:00:00, 8366.0057184631551, 3.0046229790865944, 4723.2494861945788, 11.238247591612749, 3642.7562322685758, 1.540867492415277
2100-Mar-26 22:00:00, 8366.046469428722, 3.0046376146596128, 4723.2931362318432, 11.238351450180371, 3642.753333196878, 1.5408662661225876
2100-Mar-26 23:00:00, 8368.0641418690284, 3.005362254969747, 4725.3137759588935, 11.243159252438629, 3642.7503659101344, 1.5408650109752782
2100-Mar-27 00:00:00, 8371.7345251172228, 3.0066804608401116, 4728.9871970224513, 11.25189959434544, 3642.7473280947706, 1.5408637259947184
2100-Mar-27 01:00:00, 8376.8026270759219, 3.0085006527115867, 4734.0584093957841, 11.263965766248436, 3642.7442176801387, 1.540862410305035
2100-Mar-27 02:00:00, 8383.0971253109619, 3.0107613007048197, 4740.3560925316251, 11.278950137186488, 3642.7410327793368, 1.5408610631080777
2100-Mar-27 03:00:00, 8390.3559471205845, 3.0133682822853074, 4747.6181754190147, 11.296229149391506, 3642.7377717015702, 1.540859683688649
2100-Mar-27 04:00:00, 8398.2679299070987, 3.0162098444465708, 4755.5334970037375, 11.315062442868031, 3642.7344329033608, 1.5408582713938654
2100-Mar-27 05:00:00, 8406.7126062370698, 3.0192427217127173, 4763.9815912587128, 11.335163387184481, 3642.7310149783566, 1.5408568256288473
2100-Mar-27 06:00:00, 8415.8451367859852, 3.0225226395215139, 4773.1176201390372, 11.356901166410692, 3642.7275166469485, 1.5408553458523262
2100-Mar-27 07:00:00, 8425.1074603236848, 3.0258491720482237, 4782.3835235770912, 11.378947962223869, 3642.7239367465945, 1.5408538315725528
2100-Mar-27 08:00:00, 8433.5847823562799, 3.0288937739093051, 4790.8645081127415, 11.399127163917715, 3642.7202742435393, 1.5408522823522541
2100-Mar-27 09:00:00, 8440.2744116753383, 3.0312963319101032, 4797.5578834395483, 11.415053023723789, 3642.7165282357892, 1.540850697809891
2100-Mar-27 10:00:00, 8443.326511005278, 3.0323924831786773, 4800.6138130247746, 11.422324139382974, 3642.7126979805034, 1.5408490776312458
2100-Mar-27 11:00:00, 8441.8156757935085, 3.0318498717643823, 4799.1068928610493, 11.41873865401951, 3642.7087829324591, 1.5408474215856918
2100-Mar-27 12:00:00, 8436.5914255777552, 3.0299735997685229, 4793.886642808764, 11.406317869822278, 3642.7047827689917, 1.5408457295367435
2100-Mar-27 13:00:00, 8428.4556906107809, 3.0270516777598417, 4785.7549931669, 11.386969856919166, 3642.7006974438805, 1.5408440014648501
2100-Mar-27 14:00:00, 8418.474139007385, 3.0234668368783311, 4775.7776117850408, 11.363230208481577, 3642.6965272223438, 1.5408422374821973
2100-Mar-27 15:00:00, 8408.3496140785228, 3.0198306476050605, 4765.6573413438737, 11.339150577446979, 3642.6922727346491, 1.540840437855385
2100-Mar-27 16:00:00, 8399.6252779431252, 3.0166973314549366, 4756.9373429434781, 11.318402678927422, 3642.6879349996475, 1.5408386030153824
2100-Mar-27 17:00:00, 8393.2855589230967, 3.0144204425679861, 4750.6020434524617, 11.303328805642693, 3642.6835154706355, 1.5408367335769266
2100-Mar-27 18:00:00, 8389.705534830644, 3.0131346888862587, 4747.0265187844652, 11.294821393191517, 3642.6790160461792, 1.540834830343101
2100-Mar-27 19:00:00, 8388.5854599704817, 3.0127324177455979, 4745.9110208811762, 11.2921672370514, 3642.6744390893055, 1.5408328943134544
2100-Mar-27 20:00:00, 8389.4135861668201, 3.01302983649988, 4746.7437987457724, 11.294148704229558, 3642.6697874210472, 1.5408309266812694
2100-Mar-27 21:00:00, 8391.7709447047928, 3.013876473936131, 4749.105880404335, 11.299768915185622, 3642.6650643004577, 1.5408289288251091
2100-Mar-27 22:00:00, 8395.676946821035, 3.0152793015350796, 4753.0166734269351, 11.309074047255395, 3642.6602733940999, 1.5408269022959111
2100-Mar-27 23:00:00, 8401.5119878078385, 3.0173749369939662, 4758.8565690815567, 11.322969183107874, 3642.6554187262818, 1.5408248487959375
2100-Mar-28 00:00:00, 8408.7328241202104, 3.0199682762101343, 4766.082319481462, 11.340161747732436, 3642.6505046387483, 1.5408227701617241
2100-Mar-28 01:00:00, 8417.1906065217609, 3.0230058604780639, 4774.5450708170702, 11.36029756632381, 3642.6455357046907, 1.5408206683277079
2100-Mar-28 02:00:00, 8426.7219901816097, 3.0264290250479458, 4784.0814734939258, 11.382987973580313, 3642.6405166876843, 1.5408185453088574
2100-Mar-28 03:00:00, 8437.068469355565, 3.0301449284461586, 4794.4330169188897, 11.407617883201878, 3642.6354524366748, 1.5408164031562519
2100-Mar-28 04:00:00, 8447.9352688848248, 3.0340477031601041, 4805.3049210437266, 11.433485911283881, 3642.6303478410987, 1.5408142439380985
2100-Mar-28 05:00:00, 8459.0654715184137, 3.0380450782181883, 4816.4402637491403, 11.459980751056092, 3642.6252077692729, 1.5408120697136707
2100-Mar-28 06:00:00, 8470.2302365297965, 3.042054866238685, 4827.6101995249664, 11.486557899732666, 3642.6200370048305, 1.5408098825064209
2100-Mar-28 07:00:00, 8480.9520349355771, 3.0459055642839954, 4838.3371947158921, 11.512081139235898, 3642.6148402196841, 1.5408076842925449
2100-Mar-28 08:00:00, 8490.0292990878552, 3.0491656333512425, 4847.419677163165, 11.533691512938848, 3642.6096219246901, 1.5408054769801118
2100-Mar-28 09:00:00, 8495.5645351392141, 3.0511535948700685, 4852.9601486775127, 11.546874214982115, 3642.6043864617013, 1.5408032624057035
2100-Mar-28 10:00:00, 8496.3062369229519, 3.0514199745855555, 4853.707098907832, 11.54865146847073, 3642.5991380151204, 1.5408010423393015
2100-Mar-28 11:00:00, 8490.9889693404257, 3.0495102957134566, 4848.3950887612509, 11.536012355205397, 3642.5938805791743, 1.5407988184704433
2100-Mar-28 12:00:00, 8481.8329276851928, 3.0462219339694436, 4839.2443096630759, 11.51423948009854, 3642.5886180221164, 1.5407965924353808
2100-Mar-28 13:00:00, 8471.8100253675366, 3.0426222421171767, 4829.2266712847186, 11.49040404631333, 3642.5833540828189, 1.5407943658156378
2100-Mar-28 14:00:00, 8462.6883480424367, 3.0393462222074219, 4820.110255646422, 11.468712933787794, 3642.5780923960151, 1.5407921401486884
2100-Mar-28 15:00:00, 8454.5542009381843, 3.0364248704743275, 4811.981364385334, 11.449371484028593, 3642.5728365528498, 1.5407899169535684
2100-Mar-28 16:00:00, 8447.1054093874591, 3.0337496618965543, 4804.5378192893595, 11.4316607103351, 3642.5675900981005, 1.540787697729701
2100-Mar-28 17:00:00, 8440.308257710878, 3.0313084876005911, 4797.7459011158871, 11.415500382942156, 3642.5623565949904, 1.5407854839843116
2100-Mar-28 18:00:00, 8434.2580955897865, 3.0291355921056584, 4791.7009559764811, 11.401117363295846, 3642.557139613305, 1.5407832772274015
2100-Mar-28 19:00:00, 8429.181260782927, 3.0273122638609675, 4786.6293180131061, 11.389050178766631, 3642.5519427698209, 1.5407810789888488
2100-Mar-28 20:00:00, 8425.2365167497337, 3.0258955222320933, 4782.6897470548847, 11.379676574013668, 3642.5467696948485, 1.5407788908042566
2100-Mar-28 21:00:00, 8422.6037096855289, 3.0249499583787061, 4780.0620856259493, 11.373424456734744, 3642.54162405958, 1.5407767142265205
2100-Mar-28 22:00:00, 8421.1845111225703, 3.0244402579604119, 4778.648001595081, 11.37005986070807, 3642.5365095274883, 1.5407745508052713
2100-Mar-28 23:00:00, 8420.8302529837074, 3.0243130273344265, 4778.2988232538637, 11.36922904441016, 3642.5314297298437, 1.5407724020765177
2100-Mar-29 00:00:00, 8420.4229963206963, 3.0241667624657129, 4777.8966080901355, 11.368272035129094, 3642.5263882305608, 1.5407702695477776
2100-Mar-29 01:00:00, 8419.0556366050296, 3.023675679796082, 4776.5342481370944, 11.365030508610978, 3642.5213884679342, 1.5407681546734324
2100-Mar-29 02:00:00, 8417.2467069136183, 3.023026008746208, 4774.7302732046446, 11.360738226994435, 3642.5164337089736, 1.5407660588354108
2100-Mar-29 03:00:00, 8415.5967268554596, 3.0224334239256123, 4773.085199846063, 11.356824027296931, 3642.5115270093975, 1.5407639833262661
2100-Mar-29 04:00:00, 8414.9273956523393, 3.0221930358621574, 4772.4207245050493, 11.355243010155519, 3642.5066711472891, 1.5407619293211137
2100-Mar-29 05:00:00, 8415.5290268166682, 3.0224091096830592, 4773.0271582269897, 11.356685926168106, 3642.5018685896785, 1.5407598978634944
2100-Mar-29 06:00:00, 8417.2282207681037, 3.0230193695088614, 4774.7310992947869, 11.360740192549205, 3642.4971214733173, 1.540757889857244
2100-Mar-29 07:00:00, 8419.4140320974693, 3.0238043963387695, 4776.9216005341668, 11.36595215421878, 3642.4924315633025, 1.540755906048989
2100-Mar-29 08:00:00, 8421.0866266508729, 3.024405103079713, 4778.5988264115704, 11.369942855902529, 3642.4878002393029, 1.5407539470223228
2100-Mar-29 09:00:00, 8420.3630951118103, 3.0241452491468421, 4777.8798666183748, 11.368232201365231, 3642.4832284934355, 1.5407520131969055
2100-Mar-29 10:00:00, 8416.8579648443701, 3.0228863933319339, 4774.3792479074991, 11.359903016148223, 3642.4787169368706, 1.5407501048312593
2100-Mar-29 11:00:00, 8410.983528460918, 3.0207766091480734, 4768.5092626437236, 11.3459362866866, 3642.4742658171954, 1.5407482220301123
2100-Mar-29 12:00:00, 8403.6994042603983, 3.0181605402985023, 4761.2295292334029, 11.328615277769911, 3642.4698750269945, 1.5407463647480284
2100-Mar-29 13:00:00, 8395.4877202706575, 3.0152113414522574, 4753.0221761142056, 11.309087140055627, 3642.4655441564514, 1.5407445328116571
2100-Mar-29 14:00:00, 8386.1457223373291, 3.0118561941327768, 4743.6844498388873, 11.286869452819021, 3642.4612724984408, 1.540742725921888
2100-Mar-29 15:00:00, 8374.6741972256204, 3.007736234248009, 4732.2171381124699, 11.259584743686386, 3642.4570591131496, 1.540740943681185
2100-Mar-29 16:00:00, 8362.1985518508282, 3.0032556479283858, 4719.7456490115601, 11.229910748535, 3642.4529028392676, 1.5407391855983197
2100-Mar-29 17:00:00, 8350.7208579525559, 2.9991334725445506, 4708.2720555846799, 11.202611093059746, 3642.4488023678759, 1.5407374511196261
2100-Mar-29 18:00:00, 8341.4489884234299, 2.9958035116069408, 4699.0042321778874, 11.180559728975485, 3642.4447562455425, 1.5407357396303096
2100-Mar-29 19:00:00, 8334.6911270439632, 2.9933764482898053, 4692.2503641196117, 11.164489935994649, 3642.440762924351, 1.5407340504756097
2100-Mar-29 20:00:00, 8330.1615393737011, 2.9917496620243091, 4687.7247185816477, 11.153721856684806, 3642.4368207920534, 1.5407323829735533
2100-Mar-29 21:00:00, 8327.3222503852849, 2.9907299408782868, 4684.8893221912504, 11.146975465932256, 3642.432928194034, 1.5407307364242464
2100-Mar-29 22:00:00, 8325.6569833888789, 2.9901318658049365, 4683.2278999553273, 11.143022366589083, 3642.429083433552, 1.5407291101099765
2100-Mar-29 23:00:00, 8324.9289157603453, 2.9898703827507003, 4682.5036309542083, 11.141299079605981, 3642.4252848061374, 1.5407275033097609
2100-Mar-30 00:00:00, 8324.9392331646031, 2.9898740882119399, 4682.5177025996154, 11.141332560927594, 3642.4215305649877, 1.5407259152847115
2100-Mar-30 01:00:00, 8325.3461214405288, 2.9900202207756634, 4682.9283024903707, 11.142309520380378, 3642.4178189501586, 1.5407243452903803
2100-Mar-30 02:00:00, 8325.9319385131566, 2.9902306150184113, 4683.5177903460772, 11.143712116303808, 3642.414148167079, 1.540722792567673
2100-Mar-30 03:00:00, 8326.5866377462589, 2.9904657480587615, 4684.1761213813925, 11.145278514012364, 3642.4105163648674, 1.5407212563336758
2100-Mar-30 04:00:00, 8327.2630755603022, 2.990708688437766, 4684.856153914483, 11.146896547105802, 3642.4069216458188, 1.5407197357856697
2100-Mar-30 05:00:00, 8327.9743373835372, 2.9909641357432255, 4685.5709753492729, 11.148597355054109, 3642.4033620342634, 1.5407182300879556
2100-Mar-30 06:00:00, 8328.6764127574697, 2.991216283766136, 4686.2765772657222, 11.150276226572828, 3642.3998354917476, 1.5407167383782785
2100-Mar-30 07:00:00, 8329.1724190776586, 2.9913944227774589, 4686.7760791717801, 11.151464714733187, 3642.3963399058775, 1.5407152597631062
2100-Mar-30 08:00:00, 8328.9063728796173, 2.9912988731750523, 4686.513499790628, 11.150839947376209, 3642.3928730889884, 1.5407137933170676
2100-Mar-30 09:00:00, 8321.8438156123484, 2.9887623793486711, 4679.4543828077576, 11.134043861405409, 3642.3894328045908, 1.5407123380941388
2100-Mar-30 10:00:00, 8309.7610797690249, 2.9844229051734428, 4667.375063001874, 11.105302972931581, 3642.386016767151, 1.5407108931275508
2100-Mar-30 11:00:00, 8296.8943015252826, 2.9798018447918273, 4654.5116788470477, 11.074696523617289, 3642.3826226782353, 1.5407094574450777
2100-Mar-30 12:00:00, 8284.4272399591227, 2.975324341318371, 4642.0479917132616, 11.045041092049829, 3642.3792482458612, 1.5407080300772225
2100-Mar-30 13:00:00, 8272.8001046984664, 2.9711484945689461, 4630.4242134864153, 11.017384094881859, 3642.3758912120516, 1.540706610068872
2100-Mar-30 14:00:00, 8261.2482651356931, 2.9669996900176381, 4618.8757157569817, 10.989906216109226, 3642.3725493787119, 1.5407051964902436
2100-Mar-30 15:00:00, 8248.6072207144571, 2.9624597011835547, 4606.2380000650492, 10.959836710284165, 3642.3692206494075, 1.540703788454556
2100-Mar-30 16:00:00, 8235.5234085258307, 2.9577606937863639, 4593.1575054853856, 10.928713680019371, 3642.3659030404451, 1.5407023851227171
2100-Mar-30 17:00:00, 8223.868259938512, 2.9535747861443404, 4581.505665242732, 10.900989913589585, 3642.36259469578, 1.540700985709629
2100-Mar-30 18:00:00, 8215.1264339510144, 2.9504351885723179, 4572.7671400356703, 10.880197933375635, 3642.3592939153446, 1.5406995894961717
2100-Mar-30 19:00:00, 8209.665697919434, 2.9484739834864784, 4567.3096987709714, 10.867212789074316, 3642.3559991484635, 1.5406981958264179
2100-Mar-30 20:00:00, 8207.2433524506559, 2.9476040062113356, 4564.8906434588671, 10.861457018049581, 3642.3527089917889, 1.5406968041067579
2100-Mar-30 21:00:00, 8207.6276289603684, 2.9477420178348344, 4565.2782067895105, 10.862379165541457, 3642.3494221708579, 1.5406954137981006
2100-Mar-30 22:00:00, 8210.3408289332747, 2.9487164545325597, 4567.994691406845, 10.868842623971432, 3642.3461375264292, 1.5406940244100928
2100-Mar-30 23:00:00, 8215.0334986728158, 2.9504018111779149, 4572.6906446890307, 10.880015924432925, 3642.3428539837851, 1.5406926354881343
2100-Mar-31 00:00:00, 8221.1499939406294, 2.9525985300006847, 4578.8104234138173, 10.89457699911595, 3642.3395705268117, 1.5406912466024143
2100-Mar-31 01:00:00, 8228.3008748816283, 2.9551667449791443, 4585.9645887291617, 10.911599238013167, 3642.3362861524656, 1.54068985732865
2100-Mar-31 02:00:00, 8236.3254182431792, 2.9580487328945462, 4593.9924183973571, 10.930700227215235, 3642.3329998458221, 1.5406884672375338
2100-Mar-31 03:00:00, 8245.039691592654, 2.9611784350287547, 4602.7099810533764, 10.951442330254698, 3642.3297105392776, 1.5406870758774747
2100-Mar-31 04:00:00, 8254.3347825887158, 2.9645167358785653, 4612.0083654862201, 10.973566409612296, 3642.3264171024957, 1.5406856827703459
2100-Mar-31 05:00:00, 8264.0570554483384, 2.9680084576662407, 4621.7339371279404, 10.996706915401601, 3642.3231183203989, 1.5406842874021758
2100-Mar-31 06:00:00, 8274.262787147336, 2.9716738120794615, 4631.9429742799884, 11.020997753207658, 3642.3198128673475, 1.5406828892122257
2100-Mar-31 07:00:00, 8281.9300879093898, 2.9744274975098208, 4639.6135885759968, 11.039248803229526, 3642.3164993333926, 1.5406814876040942
2100-Mar-31 08:00:00, 8287.0783285140169, 2.976276470908009, 4644.7651522780152, 11.051506158792993, 3642.3131762360008, 1.5406800819506772
2100-Mar-31 09:00:00, 8290.218324004165, 2.9774041897886101, 4647.9084819721547, 11.058985229603895, 3642.3098420320098, 1.5406786715992249
2100-Mar-31 10:00:00, 8291.5799682160159, 2.9778932197541574, 4649.273473061995, 11.062233016508401, 3642.3064951540205, 1.5406772558867352
2100-Mar-31 11:00:00, 8291.6148279240388, 2.9779057395017281, 4649.3116938569319, 11.062323957026766, 3642.3031340671068, 1.5406758341639424
2100-Mar-31 12:00:00, 8289.9518932667997, 2.9773085020801906, 4647.6521359615572, 11.058375293595933, 3642.2997573052417, 1.540674405810724
2100-Mar-31 13:00:00, 8285.845481272303, 2.9758336979436084, 4643.5491177523681, 11.048612791182597, 3642.2963635199349, 1.5406729702566759
2100-Mar-31 14:00:00, 8279.9594902538574, 2.9737197639512267, 4637.6665387198927, 11.034616096780276, 3642.2929515339647, 1.5406715270038391
2100-Mar-31 15:00:00, 8273.2534525221145, 2.9713113129238806, 4630.9639321236718, 11.018668272584735, 3642.2895203984426, 1.5406700756508387
2100-Mar-31 16:00:00, 8267.1055021543762, 2.969103297107154, 4624.8194327340298, 11.004048378871913, 3642.2860694203464, 1.5406686159045293
2100-Mar-31 17:00:00, 8262.0880031869019, 2.9673012791307682, 4619.8054049715729, 10.992118268978203, 3642.282598215329, 1.5406671476023346
2100-Mar-31 18:00:00, 8258.504643269147, 2.966014327398538, 4616.2255365519195, 10.983600521236303, 3642.2791067172275, 1.5406656707162678
2100-Mar-31 19:00:00, 8256.4507163739436, 2.9652766664221568, 4614.1751211694564, 10.978721872373667, 3642.2755952044863, 1.5406641853641094
2100-Mar-31 20:00:00, 8255.8976274476954, 2.9650780263837433, 4613.6255631550212, 10.977414283382183, 3642.2720642926738, 1.5406626918062418
2100-Mar-31 21:00:00, 8256.711075456682, 2.9653701735161198, 4614.4425605404504, 10.979358203330937, 3642.2685149162321, 1.5406611904379293
2100-Mar-31 22:00:00, 8258.5972842554547, 2.9660475990989927, 4616.3323359256001, 10.983854633962629, 3642.2649483298551, 1.540659681789901
2100-Mar-31 23:00:00, 8261.2516517477416, 2.9670009063080309, 4618.9902857082379, 10.990178817732863, 3642.2613660395032, 1.5406581664991705
2100-Apr-01 00:00:00, 8264.4357336293033, 2.9681444586686898, 4622.1779638524995, 10.997763408877644, 3642.2577697768043, 1.540656645298208
2100-Apr-01 01:00:00, 8267.9522403496157, 2.9694074002986057, 4625.6980789125728, 11.006138982666769, 3642.2541614370421, 1.5406551189887088
2100-Apr-01 02:00:00, 8271.6734984966988, 2.9707438777187876, 4629.4229554683161, 11.015001755023807, 3642.2505430283823, 1.5406535884201165
2100-Apr-01 03:00:00, 8275.5303115310671, 2.9721290392234625, 4633.2833949249571, 11.02418707850777, 3642.2469166061101, 1.5406520544618068
2100-Apr-01 04:00:00, 8279.5124538085856, 2.9735592123067316, 4637.2691696022412, 11.033670617922452, 3642.2432842063449, 1.5406505179750476
2100-Apr-01 05:00:00, 8283.8696665405896, 2.9751240906895489, 4641.6300187231218, 11.044046589438114, 3642.2396478174678, 1.5406489798009142
2100-Apr-01 06:00:00, 8288.9496336585762, 2.976948543893307, 4646.7136243471959, 11.056142249180088, 3642.2360093113807, 1.5406474407312118
2100-Apr-01 07:00:00, 8294.2238558751978, 2.9788427631661789, 4651.9914854744065, 11.068700110092392, 3642.2323704007913, 1.5406459014904068
2100-Apr-01 08:00:00, 8298.3054110191697, 2.9803086400480128, 4656.0766783949139, 11.078420199965763, 3642.2287326242563, 1.5406443627293012
2100-Apr-01 09:00:00, 8299.6566579207283, 2.9807939358543356, 4657.4315605979673, 11.081643934324891, 3642.2250973227601, 1.5406428250151245
2100-Apr-01 10:00:00, 8296.9244151332514, 2.9798126599934336, 4654.702949524758, 11.075151622853399, 3642.2214656084939, 1.5406412888183281
2100-Apr-01 11:00:00, 8288.6301656082796, 2.9768338080112975, 4646.4123272004372, 11.055425358839271, 3642.217838407842, 1.5406397545307675
2100-Apr-01 12:00:00, 8273.1038166586459, 2.9712575717038763, 4630.8896002484671, 11.018491411290421, 3642.2142164101788, 1.5406382224440451
2100-Apr-01 13:00:00, 8249.2444014989596, 2.9626885425316694, 4607.0338013607743, 10.961730197389011, 3642.2106001381849, 1.5406366927792516
2100-Apr-01 14:00:00, 8221.050337061668, 2.9525627385658435, 4578.8433471287908, 10.894655336045131, 3642.2069899328762, 1.5406351656806356
2100-Apr-01 15:00:00, 8192.7753829577687, 2.9424078833467391, 4550.5719969769298, 10.82738799526958, 3642.2033859808384, 1.5406336412271215
2100-Apr-01 16:00:00, 8167.2209458203452, 2.9332300926991333, 4525.0211574676314, 10.76659369223343, 3642.1997883527138, 1.5406321194485908
2100-Apr-01 17:00:00, 8145.7988135713813, 2.9255364055343946, 4503.6026165646354, 10.715631559823844, 3642.1961970067459, 1.5406306003273806
2100-Apr-01 18:00:00, 8129.2437388459912, 2.9195907058045196, 4487.0511270289908, 10.67624982952244, 3642.1926118170004, 1.5406290838102215
2100-Apr-01 19:00:00, 8117.3934230375626, 2.9153347045076452, 4475.2043904588718, 10.648062337179139, 3642.1890325786908, 1.5406275698104896
2100-Apr-01 20:00:00, 8110.0211909405516, 2.9126869920016691, 4467.8357319409561, 10.63052974461031, 3642.1854589995955, 1.5406260582045768
2100-Apr-01 21:00:00, 8106.7096239434395, 2.9114976537880524, 4464.5277332464075, 10.622658869173657, 3642.1818906970325, 1.5406245488306105
2100-Apr-01 22:00:00, 8106.9375075704093, 2.9115794974306688, 4464.7591804047588, 10.623209562182259, 3642.1783271656504, 1.5406230414748296
2100-Apr-01 23:00:00, 8109.6658355759409, 2.9125593673107257, 4467.4910678185061, 10.629709669203461, 3642.1747677574344, 1.5406215358631272
2100-Apr-02 00:00:00, 8114.4345933487903, 2.9142720507188162, 4472.2633817451742, 10.641064658104547, 3642.171211603616, 1.5406200316280187
2100-Apr-02 01:00:00, 8120.7074898972751, 2.9165249405385558, 4478.5398322960546, 10.655998509363828, 3642.167657601221, 1.5406185283029512
2100-Apr-02 02:00:00, 8127.6914661484352, 2.9190332122557652, 4485.5273618241354, 10.672624263967688, 3642.1641043242998, 1.5406170252847555
2100-Apr-02 03:00:00, 8135.0010048793956, 2.9216584086489612, 4492.840454868674, 10.690024647016529, 3642.1605500107216, 1.5406155218280593
2100-Apr-02 04:00:00, 8142.3060430423784, 2.9242819886782172, 4500.149050555995, 10.707414329293778, 3642.1569924863834, 1.5406140170132276
2100-Apr-02 05:00:00, 8149.5765571635875, 2.9268931695133138, 4507.4231280038985, 10.724721880715537, 3642.1534291596895, 1.5406125097440289
2100-Apr-02 06:00:00, 8156.7824973183961, 2.9294811588243035, 4514.6326403203839, 10.741875809311573, 3642.1498569980122, 1.5406109987376768
2100-Apr-02 07:00:00, 8163.9411604392517, 2.9320521687466363, 4521.7948879108153, 10.758917278742516, 3642.1462725284364, 1.5406094825251457
2100-Apr-02 08:00:00, 8170.4050891170718, 2.9343736671168434, 4528.2624172420774, 10.774305772647651, 3642.142671874994, 1.5406079594669209
2100-Apr-02 09:00:00, 8175.0036227827522, 2.9360252151060484, 4532.8645719817523, 10.785255893866221, 3642.1390508009999, 1.5406064277709057
2100-Apr-02 10:00:00, 8175.7269929479371, 2.9362850110820307, 4533.5915881969859, 10.786985717423878, 3642.1354047509512, 1.5406048855101455
2100-Apr-02 11:00:00, 8170.8395454166694, 2.9345297006440854, 4528.7078164542863, 10.775365531747513, 3642.131728962383, 1.5406033306701419
2100-Apr-02 12:00:00, 8159.2756069961179, 2.9303765508284632, 4517.1475884737602, 10.747859742641863, 3642.1280185223577, 1.5406017611727467
2100-Apr-02 13:00:00, 8141.6471551502582, 2.9240453512949869, 4499.5228866752068, 10.70592446839488, 3642.1242684750514, 1.5406001749216718
2100-Apr-02 14:00:00, 8120.8710008078542, 2.9165836649353341, 4478.7505268873429, 10.65649982482261, 3642.1204739205114, 1.5405985698442617
2100-Apr-02 15:00:00, 8100.2146640398796, 2.9091650106568845, 4458.0980339227453, 10.607360385968368, 3642.1166301171343, 1.5405969439348421
2100-Apr-02 16:00:00, 8081.1346381752937, 2.9023124831684344, 4439.021905622425, 10.561971665013656, 3642.1127325528682, 1.5405952952848381
2100-Apr-02 17:00:00, 8064.1238328847121, 2.8962031093299667, 4422.0150558455816, 10.521506474871961, 3642.1087770391305, 1.5405936221225001
2100-Apr-02 18:00:00, 8049.5268268545715, 2.8909606434244948, 4407.4220670856375, 10.486784696726382, 3642.1047597689339, 1.5405919228374918
2100-Apr-02 19:00:00, 8037.8534211219958, 2.8867681787898016, 4395.7527437570316, 10.459019331975531, 3642.1006773649647, 1.5405901960012267
2100-Apr-02 20:00:00, 8029.1525915880447, 2.8836433049569843, 4387.0560646952772, 10.438326918245014, 3642.096526892768, 1.540588440372445
2100-Apr-02 21:00:00, 8023.0784074472886, 2.8814617820340152, 4380.986101553488, 10.42388437209987, 3642.092305893801, 1.5405866549111955
2100-Apr-02 22:00:00, 8019.2166634572004, 2.8800748495930821, 4377.1286511312792, 10.414706160564812, 3642.0880123259217, 1.5405848387536627
2100-Apr-02 23:00:00, 8017.1979843600657, 2.8793498477455137, 4375.1143398065506, 10.409913415769083, 3642.0836445535147, 1.5405829912079894
2100-Apr-03 00:00:00, 8016.7511732252442, 2.8791893770205137, 4374.6719719408993, 10.408860869293337, 3642.0792012843444, 1.5405811117275663
2100-Apr-03 01:00:00, 8017.6667555698778, 2.8795182053580151, 4375.5920740685242, 10.411050111159565, 3642.0746815013536, 1.5405791998821834
2100-Apr-03 02:00:00, 8019.6471947364807, 2.8802294734624017, 4377.5771103689749, 10.415773200525901, 3642.0700843675063, 1.540577255317779
2100-Apr-03 03:00:00, 8022.5266023853146, 2.8812636030911625, 4380.4611932257649, 10.422635433256582, 3642.0654091595497, 1.5405752777284205
2100-Apr-03 04:00:00, 8026.1069282129502, 2.8825494651400718, 4384.0462730385016, 10.431165580708878, 3642.060655174449, 1.5405732668167278
2100-Apr-03 05:00:00, 8030.3063016493779, 2.8840576560676743, 4388.2504799825847, 10.441168846194238, 3642.0558216667928, 1.5405712222673955
2100-Apr-03 06:00:00, 8034.9949860593533, 2.8857415813952421, 4392.9440782964793, 10.452336543369942, 3642.050907762874, 1.5405691437108504
2100-Apr-03 07:00:00, 8039.9392931969787, 2.8875173127706804, 4397.8933807793082, 10.464112649389831, 3642.0459124176705, 1.540567030705053
2100-Apr-03 08:00:00, 8044.2438504755437, 2.8890632801234672, 4402.2030160841177, 10.474366765486506, 3642.040834391426, 1.5405648827255927
2100-Apr-03 09:00:00, 8046.5311839302394, 2.8898847682852127, 4404.4955117235704, 10.479821407184804, 3642.0356722066686, 1.5405626991475063
2100-Apr-03 10:00:00, 8044.8863512935714, 2.889294032143833, 4402.8559271205741, 10.475920267139223, 3642.0304241729978, 1.540560479255763
2100-Apr-03 11:00:00, 8037.205097841108, 2.8865353356513688, 4395.1800094570399, 10.457656598567878, 3642.0250883840686, 1.5405582222439886
2100-Apr-03 12:00:00, 8024.4675922458237, 2.8819607031091783, 4382.4479294990233, 10.427362567447434, 3642.0196627468003, 1.5405559272268206
2100-Apr-03 13:00:00, 8007.737752757439, 2.8759522371990611, 4365.7236077156349, 10.387569609325514, 3642.0141450418046, 1.5405535932654686
2100-Apr-03 14:00:00, 7989.0499473732307, 2.8692405743846106, 4347.0414144204997, 10.343118196284816, 3642.0085329527305, 1.5405512193801283
2100-Apr-03 15:00:00, 7970.331079653688, 2.8625177556362922, 4328.3282555171108, 10.298593105329498, 3642.0028241365776, 1.5405488045797218
2100-Apr-03 16:00:00, 7952.69970535424, 2.8561855065133823, 4310.7026890823936, 10.256655773813401, 3641.997016271846, 1.5405463478822667
2100-Apr-03 17:00:00, 7936.7857907454782, 2.8504700772954483, 4294.7946836304836, 10.218805115176835, 3641.9911071149941, 1.5405438483387561
2100-Apr-03 18:00:00, 7923.0972218505121, 2.8455538735493935, 4281.1121273017843, 10.186249571338308, 3641.9850945487274, 1.5405413050535854
2100-Apr-03 19:00:00, 7912.0489568176108, 2.841585926106609, 4270.0699801915316, 10.159976476188296, 3641.9789766260787, 1.540538717203197
2100-Apr-03 20:00:00, 7903.7775469787248, 2.8386152769213577, 4261.8047954038975, 10.14031073689052, 3641.9727515748273, 1.5405360840379505
2100-Apr-03 21:00:00, 7898.050532824629, 2.8365584389382121, 4256.0841149850876, 10.126699255403677, 3641.9664178395419, 1.5405334048999066
2100-Apr-03 22:00:00, 7895.0721945368086, 2.835488778701269, 4253.1122204978155, 10.119628088368835, 3641.9599740389931, 1.5405306792048119
2100-Apr-03 23:00:00, 7894.6166005085061, 2.8353251536294439, 4252.6631815374849, 10.118559669046666, 3641.9534189710212, 1.5405279064441593
2100-Apr-04 00:00:00, 7896.4188556120935, 2.8359724275234197, 4254.4721040370741, 10.122863722640243, 3641.9467515750193, 1.5405250861693169
2100-Apr-04 01:00:00, 7899.9680964528916, 2.8372471255032501, 4258.0281255729296, 10.13132473038033, 3641.9399708799619, 1.5405222179695464
2100-Apr-04 02:00:00, 7904.7761594435369, 2.8389739252488813, 4262.8430834921073, 10.142781184119874, 3641.9330759514296, 1.5405193014495926
2100-Apr-04 03:00:00, 7910.555220203727, 2.8410494555965697, 4268.6291543570487, 10.156548252142194, 3641.9260658466783, 1.5405163362106797
2100-Apr-04 04:00:00, 7917.0428984895834, 2.8433794835590875, 4275.1239589341603, 10.172001643310724, 3641.9189395554231, 1.5405133218254625
2100-Apr-04 05:00:00, 7924.1457557179565, 2.8459304509817422, 4282.2340597636112, 10.188919037523384, 3641.9116959543453, 1.5405102578187826
2100-Apr-04 06:00:00, 7931.8086849436786, 2.8486825663894457, 4289.9043511907894, 10.207169319328402, 3641.9043337528892, 1.5405071436447417
2100-Apr-04 07:00:00, 7937.7945698118547, 2.8508323769239277, 4295.8977183173129, 10.221429617005281, 3641.8968514945414, 1.5405039786872416
2100-Apr-04 08:00:00, 7941.9296683287521, 2.8523174837291068, 4300.0404208056116, 10.23128654207307, 3641.8892475231405, 1.5405007622457347
2100-Apr-04 09:00:00, 7944.4751567299909, 2.8532316873766708, 4302.593636747114, 10.23736152773481, 3641.8815199828769, 1.5404974935352229
2100-Apr-04 10:00:00, 7944.7087922992887, 2.8533155968101411, 4302.835125448114, 10.237936113053742, 3641.8736668511747, 1.5404941717001668
2100-Apr-04 11:00:00, 7942.1118048558183, 2.8523828974537646, 4300.2461189150008, 10.231775969169648, 3641.8656859408179, 1.5404907958153848
2100-Apr-04 12:00:00, 7936.2922485041272, 2.8502928232497999, 4294.4346735185354, 10.217948526342097, 3641.8575749855922, 1.5404873649222801
2100-Apr-04 13:00:00, 7926.0524282461301, 2.8466152260446016, 4284.2030966046805, 10.193604058630489, 3641.8493316414497, 1.540483878029332
2100-Apr-04 14:00:00, 7913.0657786270222, 2.8419511142593556, 4271.2248250493076, 10.162724252370673, 3641.8409535777146, 1.5404803341506763
2100-Apr-04 15:00:00, 7899.5303320408484, 2.8370899038784851, 4257.6978935149882, 10.130538993857057, 3641.8324385258602, 1.5404767323267381
2100-Apr-04 16:00:00, 7887.0925924385356, 2.8326229312902966, 4245.2688080902317, 10.100965891748226, 3641.8237843483039, 1.5404730716533304
2100-Apr-04 17:00:00, 7876.0727550080519, 2.8286651935258629, 4234.2577659362369, 10.074766806070036, 3641.814989071815, 1.5404693512957868
2100-Apr-04 18:00:00, 7866.98909547736, 2.8254028275798437, 4225.1830445268015, 10.053174898566054, 3641.806050950559, 1.5404655705156278
2100-Apr-04 19:00:00, 7860.3513918129884, 2.8230189185042946, 4218.5544233114661, 10.037403111234749, 3641.7969685015228, 1.5404617286855466
2100-Apr-04 20:00:00, 7856.4710736057386, 2.8216253151953774, 4214.6833330833279, 10.028192445873868, 3641.7877405224108, 1.5404578252969783
2100-Apr-04 21:00:00, 7855.6417054701869, 2.8213274504027797, 4213.8633393687851, 10.026241396619634, 3641.7783661014018, 1.540453859964227
2100-Apr-04 22:00:00, 7857.2750222115519, 2.8219140506488687, 4215.5061776021857, 10.030150278179647, 3641.7688446093662, 1.5404498324211739
2100-Apr-04 23:00:00, 7860.3948923104945, 2.8230345415625147, 4218.6357166347389, 10.037596536226834, 3641.7591756757552, 1.5404457425110791
2100-Apr-05 00:00:00, 7863.9698914258724, 2.8243184905405285, 4222.2205322671753, 10.046126055102633, 3641.7493591586972, 1.5404415901739315
2100-Apr-05 01:00:00, 7867.5887895729375, 2.8256182057089809, 4225.8493944719094, 10.054760376040337, 3641.7393951010276, 1.54043737542785
2100-Apr-05 02:00:00, 7871.1419087351996, 2.8268942965749968, 4229.4126250706313, 10.063238536639622, 3641.7292836645684, 1.5404330983412846
2100-Apr-05 03:00:00, 7874.6022141577314, 2.8281370536967438, 4232.8831890749007, 10.071496211292743, 3641.7190250828307, 1.5404287590130097
2100-Apr-05 04:00:00, 7878.0785575993823, 2.8293855708194284, 4236.3699379796899, 10.079792395433838, 3641.7086196196924, 1.5404243575546437
2100-Apr-05 05:00:00, 7881.6177995151129, 2.8306566777187561, 4239.9197320319427, 10.088238585832007, 3641.6980674831702, 1.5404198940541771
2100-Apr-05 06:00:00, 7885.1657959769418, 2.8319309287840406, 4243.4784271681556, 10.096705954994006, 3641.6873688087867, 1.540415368568935
2100-Apr-05 07:00:00, 7888.5195189662236, 2.833135407181282, 4246.8429953548921, 10.104711428859387, 3641.6765236113315, 1.5404107811051735
2100-Apr-05 08:00:00, 7891.063974974255, 2.834049240048278, 4249.3984432046427, 10.110791725004423, 3641.6655317696127, 1.5404061316116291
2100-Apr-05 09:00:00, 7892.1676875031353, 2.8344456347123721, 4250.5132944990573, 10.113444342637916, 3641.6543930040775, 1.540401419970052
2100-Apr-05 10:00:00, 7891.5759362617209, 2.8342331092327475, 4249.932829375276, 10.112063214920987, 3641.6431068864449, 1.5403966459992819
2100-Apr-05 11:00:00, 7889.000391017722, 2.833308110770612, 4247.3687181832756, 10.10596230568205, 3641.6316728344459, 1.5403918094530218
2100-Apr-05 12:00:00, 7884.7928995000329, 2.8317970042612699, 4243.1728093530564, 10.095978784285677, 3641.6200901469761, 1.5403869100347078
2100-Apr-05 13:00:00, 7879.5991672869113, 2.8299316927040081, 4237.990809259355, 10.083649009997234, 3641.6083580275567, 1.5403819474074341
2100-Apr-05 14:00:00, 7874.4346277268342, 2.8280768655904716, 4232.8381521342562, 10.071389052801283, 3641.5964755925784, 1.5403769211974376
2100-Apr-05 15:00:00, 7869.5992890847283, 2.8263402698858244, 4228.0148471474176, 10.059912738494704, 3641.5844419373107, 1.5403718310220225
2100-Apr-05 16:00:00, 7864.9426910012853, 2.8246678682551387, 4223.3704348684414, 10.048862071943802, 3641.5722561328439, 1.5403666764882644
2100-Apr-05 17:00:00, 7860.5006390905564, 2.8230725201649722, 4218.9407218074166, 10.038322249246503, 3641.5599172831403, 1.540361457217144
2100-Apr-05 18:00:00, 7856.8268602146891, 2.8217530947662834, 4215.2794356832655, 10.029610780566474, 3641.5474245314231, 1.5403561728462487
2100-Apr-05 19:00:00, 7854.5645986029776, 2.8209406110731092, 4213.0298215118619, 10.024258168743252, 3641.5347770911162, 1.5403508230428613
2100-Apr-05 20:00:00, 7853.9750825098981, 2.8207288883395356, 4212.4531082642625, 10.022885968040148, 3641.5219742456361, 1.5403454075038703
2100-Apr-05 21:00:00, 7854.8419705056431, 2.8210402282644607, 4213.3329551473644, 10.024979428727312, 3641.5090153582787, 1.5403399259599531
2100-Apr-05 22:00:00, 7856.9365826589856, 2.8217925012152572, 4215.4406827895082, 10.029994443319984, 3641.4958998694769, 1.5403343781744157
2100-Apr-05 23:00:00, 7860.3157108364449, 2.8230061038008811, 4218.8330835596371, 10.038066140547945, 3641.4826272768082, 1.5403287639347358
2100-Apr-06 00:00:00, 7864.9156698417846, 2.8246581636960588, 4223.4464727019395, 10.049042992304177, 3641.4691971398452, 1.5403230830546148
2100-Apr-06 01:00:00, 7870.3547947323932, 2.8266116072128828, 4228.8991856881757, 10.062016886392225, 3641.455609044217, 1.5403173353587762
2100-Apr-06 02:00:00, 7876.6976155545235, 2.8288896101016858, 4235.2557529788019, 10.077141363143582, 3641.4418625757216, 1.5403115206720146
2100-Apr-06 03:00:00, 7883.8529707649723, 2.8314594319990571, 4242.4250134589856, 10.094199518669891, 3641.4279573059866, 1.5403056388131302
2100-Apr-06 04:00:00, 7891.4963326244451, 2.8342045198526029, 4250.0824398507766, 10.112419190096739, 3641.4138927736685, 1.5402996895869776
2100-Apr-06 05:00:00, 7899.6177378486618, 2.8371212953820892, 4258.2180693943319, 10.131776672565399, 3641.3996684543299, 1.540293672771722
2100-Apr-06 06:00:00, 7908.2349204746661, 2.8402161277076203, 4266.8496367125663, 10.15231416289055, 3641.3852837621002, 1.5402875881195432
2100-Apr-06 07:00:00, 7916.5499162446376, 2.843202430634276, 4275.1791782259525, 10.172133029144737, 3641.3707380186852, 1.5402814353435264
2100-Apr-06 08:00:00, 7923.0222306183605, 2.8455269406991257, 4281.6662001384748, 10.18756790265676, 3641.3560304798857, 1.5402752141288789
2100-Apr-06 09:00:00, 7925.8027049748298, 2.8465255387667523, 4284.4615446561602, 10.19421899612227, 3641.3411603186696, 1.5402689241257703
2100-Apr-06 10:00:00, 7922.7463298099592, 2.8454278518463605, 4281.4202031688774, 10.186982590604284, 3641.3261266410814, 1.540262564956062
2100-Apr-06 11:00:00, 7915.3714843613398, 2.8427792007638932, 4274.0605558435873, 10.169471438785962, 3641.3109285177529, 1.5402561362266358
2100-Apr-06 12:00:00, 7904.7492193901417, 2.8389642498187877, 4263.4536543945942, 10.144233943918914, 3641.2955649955475, 1.54024963753432
2100-Apr-06 13:00:00, 7890.6355391184443, 2.8338953687432902, 4249.3555039935109, 10.110689557738541, 3641.2800351249334, 1.5402430684774671
2100-Apr-06 14:00:00, 7873.7217280445939, 2.8278208300534273, 4232.4573900506366, 10.070483087833367, 3641.2643379939573, 1.5402364286703258
2100-Apr-06 15:00:00, 7855.7042501195137, 2.8213499131044455, 4214.4557773645884, 10.027651011948864, 3641.2484727549258, 1.5402297177543258
2100-Apr-06 16:00:00, 7838.2345262677536, 2.8150757201992871, 4197.0020876154003, 9.9861226346395799, 3641.2324386523528, 1.5402229354099004
2100-Apr-06 17:00:00, 7822.2228935011526, 2.8093251958317205, 4181.0066584527149, 9.9480639646942866, 3641.2162350484377, 1.5402160813672634
2100-Apr-06 18:00:00, 7808.2886621491452, 2.8043207632356784, 4167.088800721921, 9.9149485572654221, 3641.1998614272247, 1.5402091554081676
2100-Apr-06 19:00:00, 7796.9380137263379, 2.8002442158095353, 4155.754696308265, 9.8879807944990983, 3641.1833174180733, 1.5402021573758344
2100-Apr-06 20:00:00, 7788.5972978707996, 2.7972486756001524, 4147.4306951101144, 9.8681751105751125, 3641.1666027606848, 1.5401950871601584
2100-Apr-06 21:00:00, 7783.196474855793, 2.7953089880738751, 4142.0467575375651, 9.8553648570335746, 3641.1497173182274, 1.5401879447032609
2100-Apr-06 22:00:00, 7780.4841946795786, 2.794334881718056, 4139.3515336647797, 9.8489519852837919, 3641.1326610147985, 1.540180729973035
2100-Apr-06 23:00:00, 7780.2345881491874, 2.7942452363673134, 4139.1191543275645, 9.8483990742985839, 3641.1154338216224, 1.5401734429573091
2100-Apr-07 00:00:00, 7782.2879877269534, 2.7949827079594005, 4141.1899520458173, 9.8533262198025202, 3641.098035681136, 1.5401660836317339
2100-Apr-07 01:00:00, 7786.377410041634, 2.7964514103092877, 4145.2969435890427, 9.8630981761546739, 3641.0804664525917, 1.5401586519367743
2100-Apr-07 02:00:00, 7792.203317405254, 2.7985437654579499, 4151.1405915400665, 9.8770022400208273, 3641.0627258651871, 1.5401511477578818
2100-Apr-07 03:00:00, 7799.5116040999428, 2.8011685121865058, 4158.4667906698314, 9.8944338069889497, 3641.0448134301114, 1.5401435708882925
2100-Apr-07 04:00:00, 7807.801634885268, 2.8041458490224049, 4166.7749064845093, 9.9142016940798285, 3641.0267284007587, 1.5401359210121952
2100-Apr-07 05:00:00, 7816.9037191159423, 2.807414832137813, 4175.8952493907163, 9.9359021509369025, 3641.008469725226, 1.5401281976846408
2100-Apr-07 06:00:00, 7826.6177134442332, 2.8109035807186427, 4185.6276774471926, 9.9590589705133254, 3640.9900359970406, 1.5401204003106981
2100-Apr-07 07:00:00, 7836.4361125806736, 2.8144298259372045, 4195.4646871324421, 9.9824646260322751, 3640.9714254482319, 1.5401125281425248
2100-Apr-07 08:00:00, 7845.0193722318854, 2.8175124749397726, 4204.0667362886907, 10.002931882419155, 3640.9526359431948, 1.5401045802767701
2100-Apr-07 09:00:00, 7850.2251943237443, 2.8193821285365561, 4209.291529344443, 10.015363475996228, 3640.9336649793008, 1.5400965556548356
2100-Apr-07 10:00:00, 7849.618525242915, 2.8191642453647887, 4208.7040155175464, 10.013965576971529, 3640.9145097253686, 1.5400884530791452
2100-Apr-07 11:00:00, 7842.3927160945559, 2.8165691201712044, 4201.4975490134057, 9.9968188954187305, 3640.8951670811502, 1.5400802712383102
2100-Apr-07 12:00:00, 7829.0851882779953, 2.8117897660543134, 4188.2095545637439, 9.9652021510443838, 3640.8756337142509, 1.5400720087227442
2100-Apr-07 13:00:00, 7809.1413468144492, 2.8046270020819697, 4168.2854406604811, 9.9177957784310333, 3640.8559061539686, 1.5400636640643577
2100-Apr-07 14:00:00, 7783.3952858160255, 2.7953803903654477, 4142.5593049682475, 9.8565843850185537, 3640.835980847778, 1.5400552357604504
2100-Apr-07 15:00:00, 7756.0344157906338, 2.7855538253865757, 4115.2185615236285, 9.7915312801449961, 3640.8158542670053, 1.5400467223184113
2100-Apr-07 16:00:00, 7730.5963048836002, 2.7764178129156365, 4089.8007819235154, 9.7310535727509588, 3640.7955229600852, 1.5400381222782455
2100-Apr-07 17:00:00, 7708.8716853286705, 2.768615488446434, 4068.096701671966, 9.679412043264092, 3640.7749836567045, 1.5400294342566272
2100-Apr-07 18:00:00, 7691.5332930589902, 2.7623884628398261, 4050.7790597492617, 9.6382073708877769, 3640.7542333097285, 1.5400206569646337
2100-Apr-07 19:00:00, 7678.713710435557, 2.757784352607429, 4037.9804412849667, 9.6077550215988516, 3640.7332691505908, 1.5400117892311755
2100-Apr-07 20:00:00, 7670.6589236252039, 2.7548915028585195, 4029.9468348956389, 9.5886402875750161, 3640.7120887295646, 1.5400028300200304
2100-Apr-07 21:00:00, 7667.111805708787, 2.7536175673198819, 4026.4211158064595, 9.5802513798583089, 3640.6906899023274, 1.5399937784241609
2100-Apr-07 22:00:00, 7667.2073358925036, 2.7536518766659248, 4026.53826505702, 9.5805301185289675, 3640.6690708354836, 1.5399846336680498
2100-Apr-07 23:00:00, 7670.0759437490724, 2.7546821275854065, 4029.428713777861, 9.5874074978566135, 3640.6472299712109, 1.5399753950927464
2100-Apr-08 00:00:00, 7675.7589549673748, 2.7567231620613017, 4035.1337889958713, 9.6009818491620393, 3640.6251659715035, 1.5399660621322808
2100-Apr-08 01:00:00, 7683.8917300828389, 2.7596440210492101, 4043.2888524412788, 9.6203855716189359, 3640.6028776415601, 1.5399566342812581
2100-Apr-08 02:00:00, 7693.3918581603075, 2.7630559602811942, 4052.8114942843495, 9.6430432370824004, 3640.580363875958, 1.5399471110720899
2100-Apr-08 03:00:00, 7703.6748564915106, 2.7667490647470032, 4063.1172329396463, 9.6675641612811329, 3640.5576235518643, 1.5399374920298239
2100-Apr-08 04:00:00, 7714.7160029701317, 2.7707144555848213, 4074.1813474953456, 9.6938895245977115, 3640.5346554747862, 1.5399277766491954
2100-Apr-08 05:00:00, 7726.6052611958485, 2.7749844429206472, 4086.0938028910068, 9.7222333848049232, 3640.5114583048417, 1.5399179643634415
2100-Apr-08 06:00:00, 7739.1432686470107, 2.7794874263714688, 4098.6552381638603, 9.7521213930744342, 3640.4880304831504, 1.5399080545131631
2100-Apr-08 07:00:00, 7751.2406906607457, 2.783832175035692, 4110.77632043012, 9.7809616489162412, 3640.4643702306257, 1.5398980463458158
2100-Apr-08 08:00:00, 7761.5834751623615, 2.787546751504689, 4121.1429996488205, 9.8056275718371246, 3640.4404755135411, 1.5398879390011437
2100-Apr-08 09:00:00, 7768.9531319096677, 2.7901935390824297, 4128.5367878598809, 9.8232199566558212, 3640.4163440497869, 1.5398777315138259
2100-Apr-08 10:00:00, 7771.9022701928052, 2.7912527122353312, 4131.5102968460405, 9.8302949651430964, 3640.3919733467646, 1.5398674228295055
2100-Apr-08 11:00:00, 7768.8483046859474, 2.7901558907355573, 4128.4809439413048, 9.8230870846181961, 3640.3673607446431, 1.5398570118230877
2100-Apr-08 12:00:00, 7759.2166936567301, 2.7866967298411125, 4118.874190175512, 9.800229287737638, 3640.342503481218, 1.5398464973261738
2100-Apr-08 13:00:00, 7743.8397333428838, 2.7811741459627006, 4103.5223345666273, 9.7637019023374787, 3640.3173987762566, 1.5398358781627395
2100-Apr-08 14:00:00, 7724.0788811883467, 2.774077101988798, 4083.7868372757789, 9.7167443140190066, 3640.2920439125674, 1.5398251531834266
2100-Apr-08 15:00:00, 7702.9492682480632, 2.76648847215563, 4062.6828319286319, 9.6665305707138565, 3640.2664363194308, 1.5398143213008335
2100-Apr-08 16:00:00, 7682.5862555442363, 2.7591751642339868, 4042.345681877433, 9.618141441947488, 3640.2405736668038, 1.5398033815293639
2100-Apr-08 17:00:00, 7664.7027121535903, 2.7527523494251898, 4024.4882582139662, 9.5756524417231841, 3640.2144539396245, 1.5397923330166567
2100-Apr-08 18:00:00, 7650.3321473382493, 2.7475912091248267, 4010.1440718377567, 9.5415226506826603, 3640.1880755004931, 1.5397811750701
2100-Apr-08 19:00:00, 7639.7552086694832, 2.7437925369696754, 3999.5937715221739, 9.5164198295297773, 3640.1614371473097, 1.5397699071812119
2100-Apr-08 20:00:00, 7632.8941926564039, 2.7413284260108117, 3992.7596545355486, 9.5001590965343627, 3640.1345381208548, 1.5397585290288462
2100-Apr-08 21:00:00, 7629.2699947052952, 2.7400268074354588, 3989.1626165811449, 9.4916004965183838, 3640.1073781241507, 1.5397470404873828
2100-Apr-08 22:00:00, 7628.5921988398413, 2.7397833793168314, 3988.5122415431347, 9.4900530288849403, 3640.0799572967067, 1.5397354416158335
2100-Apr-08 23:00:00, 7630.740716152417, 2.7405550121253155, 3990.6884399743562, 9.4952309592165971, 3640.0522761780603, 1.5397237326424198
2100-Apr-09 00:00:00, 7635.2709916225012, 2.7421820454118175, 3995.2466559841037, 9.5060765349676384, 3640.0243356383976, 1.5397119139352262
2100-Apr-09 01:00:00, 7642.3296940781602, 2.7447171547954987, 4002.3335572750052, 9.5229387294372003, 3639.996136803155, 1.5396999859703067
2100-Apr-09 02:00:00, 7651.5124056389832, 2.7480150949469242, 4011.5447246723593, 9.5448552892382068, 3639.9676809666234, 1.5396879492951394
2100-Apr-09 03:00:00, 7662.2491138394798, 2.7518711477951507, 4022.310144342373, 9.5704699538949978, 3639.9389694971064, 1.5396758044885104
2100-Apr-09 04:00:00, 7674.1838872066874, 2.7561574817418468, 4034.2738834674992, 9.5989358358693924, 3639.9100037391881, 1.5396635521191713
2100-Apr-09 05:00:00, 7686.8445746243306, 2.7607045252924065, 4046.9637896919107, 9.6291295210603014, 3639.8807849324203, 1.5396511927114469
2100-Apr-09 06:00:00, 7699.8722348914162, 2.7653833659147398, 4060.0209207481016, 9.6601969614050276, 3639.851314143315, 1.539638726716466
2100-Apr-09 07:00:00, 7712.5626418130832, 2.7699410831257922, 4072.7410496130465, 9.6904625567328413, 3639.8215922000372, 1.5396261544845382
2100-Apr-09 08:00:00, 7723.7232168200007, 2.773949366320196, 4083.9315971545216, 9.7170887479438708, 3639.7916196654796, 1.5396134762537645
2100-Apr-09 09:00:00, 7732.3111207847342, 2.7770336833124354, 4092.5497239754663, 9.7375942586675333, 3639.7613968092678, 1.5396006921381951
2100-Apr-09 10:00:00, 7737.1097670194576, 2.7787571010616654, 4097.3788433984091, 9.7490844075328695, 3639.730923621049, 1.5395878021334506
2100-Apr-09 11:00:00, 7737.166846405662, 2.7787776009323553, 4097.4666465675318, 9.7492933217045241, 3639.7001998381306, 1.5395748061284136
2100-Apr-09 12:00:00, 7732.9877042665248, 2.7772766760075243, 4093.318479282033, 9.7394233939901138, 3639.6692249844914, 1.5395617039217295
2100-Apr-09 13:00:00, 7725.8102018973514, 2.7746989000321536, 4086.1722034666195, 9.7224199269477083, 3639.6379984307318, 1.5395484952471654
2100-Apr-09 14:00:00, 7716.5689149458503, 2.7713799227250342, 4076.9623954768713, 9.7005066016485628, 3639.6065194689786, 1.5395351798052945
2100-Apr-09 15:00:00, 7706.1570110123776, 2.767640522243211, 4066.5822236374402, 9.6758085751064584, 3639.5747873749374, 1.5395217572897442
2100-Apr-09 16:00:00, 7695.6146774677491, 2.7638542784026789, 4056.0718759660704, 9.6508008151416238, 3639.5428015016782, 1.5395082274268659
2100-Apr-09 17:00:00, 7685.9154785719065, 2.7603708435519398, 4046.4049172287155, 9.6277997697668578, 3639.5105613431911, 1.53949459000262
2100-Apr-09 18:00:00, 7677.5182509377537, 2.7573550073262347, 4038.0401843403633, 9.6078971710344021, 3639.4780665973908, 1.5394808448892265
2100-Apr-09 19:00:00, 7670.715581534776, 2.7549118513572868, 4031.2702643085845, 9.5917891848450374, 3639.4453172261919, 1.539466992070575
2100-Apr-09 20:00:00, 7665.7632917215178, 2.7531332530305876, 4026.3509782283486, 9.5800844982505104, 3639.4123134931692, 1.5394530316581563
2100-Apr-09 21:00:00, 7662.8217928059012, 2.7520768235309863, 4023.4427368298871, 9.5731647839759173, 3639.3790559760141, 1.5394389638963311
2100-Apr-09 22:00:00, 7661.8210960248534, 2.7517174266282565, 4022.4755504436753, 9.5708635123392494, 3639.3455455811782, 1.5394247891685238
2100-Apr-09 23:00:00, 7662.6929322040087, 2.7520305436767076, 4023.3811486975824, 9.5730182444629044, 3639.3117835064263, 1.5394105079813829
2100-Apr-10 00:00:00, 7665.0193264887257, 2.7528660604049415, 4025.7415552654247, 9.5786344697975636, 3639.2777712233014, 1.5393961209573637
2100-Apr-10 01:00:00, 7668.469528552233, 2.7541051889390791, 4029.2260181373781, 9.5869252146742099, 3639.2435104148549, 1.5393816288083884
2100-Apr-10 02:00:00, 7672.7468951397714, 2.755641390846105, 4033.5378922133555, 9.5971846575834459, 3639.2090029264155, 1.5393670323150215
2100-Apr-10 03:00:00, 7677.6001663853249, 2.7573844269853165, 4038.4259156901421, 9.6088149596088428, 3639.1742506951828, 1.5393523322966889
2100-Apr-10 04:00:00, 7683.3811827242926, 2.7594606596725839, 4044.2419270559881, 9.6226532664601017, 3639.1392556683045, 1.5393375295770242
2100-Apr-10 05:00:00, 7690.0722739398097, 2.7618637427086066, 4050.9682541842421, 9.6386575300228134, 3639.1040197555681, 1.5393226249638579
2100-Apr-10 06:00:00, 7697.4585819258727, 2.7645165105230673, 4058.390037176956, 9.65631652412997, 3639.0685447489168, 1.5393076192151729
2100-Apr-10 07:00:00, 7704.6296452780953, 2.7670919739470312, 4065.5968130063975, 9.6734639416748696, 3639.0328322716982, 1.5392925130176371
2100-Apr-10 08:00:00, 7710.0789757439197, 2.7690490827620682, 4071.0820919891698, 9.6865153215559552, 3638.9968837547494, 1.5392773069764871
2100-Apr-10 09:00:00, 7711.7708507107436, 2.7696567139990202, 4072.8101503320067, 9.6906269712933479, 3638.9607003787364, 1.5392620015911389
2100-Apr-10 10:00:00, 7708.870439613288, 2.7686150410519197, 4069.9461565200713, 9.6838125373631794, 3638.9242830932167, 1.5392465972632505
2100-Apr-10 11:00:00, 7701.9141056316657, 2.7661166969633832, 4063.0264730488539, 9.6673482120438354, 3638.8876325828123, 1.5392310942824137
2100-Apr-10 12:00:00, 7692.0776338388441, 2.7625839610107144, 4053.2268845200465, 9.6440315944261208, 3638.8507493187976, 1.5392154928479749
2100-Apr-10 13:00:00, 7680.5117689510589, 2.7584301193108267, 4041.6981353987067, 9.6166007044369515, 3638.8136335523523, 1.5391997930661818
2100-Apr-10 14:00:00, 7667.6756639040304, 2.7538200751052444, 4028.8993785357106, 9.5861480258495479, 3638.7762853683193, 1.5391839949729229
2100-Apr-10 15:00:00, 7654.041538003069, 2.7489234243784368, 4015.3028332841595, 9.5537971321747346, 3638.7387047189095, 1.5391680985479832
2100-Apr-10 16:00:00, 7640.3928954087005, 2.7440215600297337, 4001.6920039369161, 9.5214122516854438, 3638.7008914717849, 1.5391521037353848
2100-Apr-10 17:00:00, 7627.5788486868923, 2.7394194379978947, 3988.9160032438422, 9.4910137179135052, 3638.6628454430502, 1.5391360104573406
2100-Apr-10 18:00:00, 7616.8965692233814, 2.7355829330485544, 3978.2720027782261, 9.4656879516275048, 3638.6245664451558, 1.5391198186345183
2100-Apr-10 19:00:00, 7609.2233322451593, 2.7328271156460082, 3970.6372779332637, 9.4475222950488487, 3638.5860543118952, 1.5391035281966134
2100-Apr-10 20:00:00, 7604.5396180606294, 2.7311449753582893, 3965.9923091314986, 9.436470304337341, 3638.5473089291308, 1.539087139095346
2100-Apr-10 21:00:00, 7602.420435659651, 2.7303838780852141, 3963.9121054287743, 9.431520778736262, 3638.5083302308763, 1.5390706513028045
2100-Apr-10 22:00:00, 7602.5550993160941, 2.7304322420871299, 3964.0859811121518, 9.4319344892518018, 3638.4691182039428, 1.5390540648134099
2100-Apr-10 23:00:00, 7604.7828122401979, 2.7312323177346758, 3966.3531393712069, 9.437328844540275, 3638.429672868991, 1.5390373796359018
2100-Apr-11 00:00:00, 7609.0199485802059, 2.7327540710828253, 3970.6299543181954, 9.4475048696302579, 3638.389994262011, 1.5390205957855034
2100-Apr-11 01:00:00, 7615.4132349491974, 2.7350501985040343, 3977.0631525563908, 9.4628116779659361, 3638.3500823928061, 1.5390037132663619
2100-Apr-11 02:00:00, 7623.68905033392, 2.7380224299263412, 3985.3791131309176, 9.4825982304594643, 3638.3099372030028, 1.5389867320537853
2100-Apr-11 03:00:00, 7632.9505292158483, 2.7413486590977549, 3994.6809706673625, 9.504730573534296, 3638.2695585484862, 1.5389696520868139
2100-Apr-11 04:00:00, 7642.716052937536, 2.7448559142879163, 4004.4871068108887, 9.5280627701968097, 3638.2289461266473, 1.5389524732374456
2100-Apr-11 05:00:00, 7652.91546078376, 2.7485189975105597, 4014.7273613042507, 9.5524278848776873, 3638.1880994795092, 1.5389351953119583
2100-Apr-11 06:00:00, 7663.4190331132086, 2.7522913203902717, 4025.2720151665612, 9.5775172711611916, 3638.1470179466469, 1.5389178180309957
2100-Apr-11 07:00:00, 7670.2095329146523, 2.7547301056875217, 4032.1038322476229, 9.5937725318841309, 3638.1057006670289, 1.5389003410303459
2100-Apr-11 08:00:00, 7672.0305741188349, 2.7553841265467085, 4033.9664275513765, 9.5982042916816468, 3638.064146567458, 1.5388827638560518
2100-Apr-11 09:00:00, 7669.1506891143199, 2.7543498254772514, 4031.1283347145363, 9.5914514851484292, 3638.022354399784, 1.5388650859801523
2100-Apr-11 10:00:00, 7662.4587746651559, 2.7519464467796171, 4024.4784519149066, 9.5756291091388874, 3637.9803227502493, 1.5388473068046349
2100-Apr-11 11:00:00, 7651.6920192058187, 2.7480796025588514, 4013.7539691137226, 9.550111847481638, 3637.9380500920965, 1.538829425683689
2100-Apr-11 12:00:00, 7637.6256265873026, 2.7430277046858711, 3999.7300917608204, 9.5167441826256987, 3637.8955348264822, 1.5388114419410119
2100-Apr-11 13:00:00, 7622.0625737541013, 2.7374382863013991, 3984.2097983993576, 9.4798160254321413, 3637.8527753547442, 1.5387933549003776
2100-Apr-11 14:00:00, 7606.3205618470402, 2.7317845953639632, 3968.5107917108421, 9.4424626472920288, 3637.8097701361985, 1.5387751639100846
2100-Apr-11 15:00:00, 7591.6729701049226, 2.7265239617691863, 3953.9064523667294, 9.4077138621726331, 3637.7665177381928, 1.5387568683641279
2100-Apr-11 16:00:00, 7579.1663859863529, 2.72203226390319, 3941.4433690742781, 9.3780598673529969, 3637.7230169120744, 1.5387384677343341
2100-Apr-11 17:00:00, 7569.850767915932, 2.7186865908232623, 3932.1715012912732, 9.3559988802959584, 3637.6792666246588, 1.5387199615836713
2100-Apr-11 18:00:00, 7564.1579953965938, 2.7166420506087405, 3926.522729285708, 9.3425584938474628, 3637.6352661108854, 1.5387013495885224
2100-Apr-11 19:00:00, 7562.0304492304022, 2.7158779495173562, 3924.4394343471868, 9.3376016131250097, 3637.5910148832154, 1.5386826315426616
2100-Apr-11 20:00:00, 7563.0410126032539, 2.7162408899735397, 3925.4944998546521, 9.3401119796497767, 3637.5465127486018, 1.5386638073644303
2100-Apr-11 21:00:00, 7566.8922333980117, 2.7176240430440579, 3929.3904736079289, 9.3493818515415157, 3637.5017597900824, 1.5386448770889534
2100-Apr-11 22:00:00, 7573.4654846865487, 2.7199848042643451, 3936.0087283514326, 9.3651289734433458, 3637.4567563351166, 1.5386258408547446
2100-Apr-11 23:00:00, 7582.3211476217675, 2.7231652859954876, 3944.9096446846884, 9.3863073384307842, 3637.4115029370796, 1.5386066988958786
2100-Apr-12 00:00:00, 7592.5242243813773, 2.7268296868961053, 3955.1582240866992, 9.4106922609547254, 3637.3660002946776, 1.538587451507905
2100-Apr-12 01:00:00, 7603.3198563852729, 2.7307069020312897, 3965.9996071603309, 9.4364876688774082, 3637.3202492249416, 1.5385680990364232
2100-Apr-12 02:00:00, 7614.2805959750658, 2.7346434150038541, 3977.0063453962434, 9.4626765140427551, 3637.2742505788219, 1.5385486418413816
2100-Apr-12 03:00:00, 7625.1954875218871, 2.7385634618050938, 3987.9674823277701, 9.4887568578996948, 3637.228005194117, 1.5385290802771641
2100-Apr-12 04:00:00, 7636.3744398626077, 2.7425783451574821, 3999.192926003951, 9.5154660791100838, 3637.1815138586571, 1.5385094146770193
2100-Apr-12 05:00:00, 7648.1345607541025, 2.7468019532515386, 4010.9997834893184, 9.5435586852887901, 3637.1347772647841, 1.5384896453338039
2100-Apr-12 06:00:00, 7660.0653742227896, 2.7510868650139222, 4022.9775782574584, 9.5720580105095578, 3637.0877959653317, 1.5384697724813643
2100-Apr-12 07:00:00, 7669.4599766294668, 2.754460905054104, 4032.4194062340757, 9.5945233917748887, 3637.0405703953911, 1.5384497963037416
2100-Apr-12 08:00:00, 7676.4136226617666, 2.7569582837746291, 4039.4205217891076, 9.6111814722457414, 3636.9931008726594, 1.5384297169353198
2100-Apr-12 09:00:00, 7681.5315599289406, 2.758796373830501, 4044.5861723285061, 9.6234723452777899, 3636.9453876004345, 1.5384095344620936
2100-Apr-12 10:00:00, 7684.7978790295965, 2.7599694614134087, 4047.9004483149415, 9.631358156567531, 3636.8974307146555, 1.5383892489415638
2100-Apr-12 11:00:00, 7685.2952397197714, 2.7601480868421833, 4048.4460093922835, 9.6326562354603436, 3636.8492303274879, 1.5383688604211763
2100-Apr-12 12:00:00, 7684.23635034582, 2.7597677902642999, 4047.4355637600675, 9.6302520350839078, 3636.8007865857521, 1.5383483689630353
2100-Apr-12 13:00:00, 7683.0689184682369, 2.7593485110091875, 4046.316818749649, 9.6275901529504928, 3636.7520997185879, 1.5383277746640656
2100-Apr-12 14:00:00, 7682.1160899718325, 2.7590063058408227, 4045.4129198640444, 9.6254394642130254, 3636.7031701077885, 1.5383070776857639
2100-Apr-12 15:00:00, 7681.434849114572, 2.7587616404649076, 4044.7808507930763, 9.6239355528199688, 3636.6539983214961, 1.5382862782684517
2100-Apr-12 16:00:00, 7681.1896881903649, 2.758673591738761, 4044.5851030022377, 9.6234698009799722, 3636.6045851881272, 1.5382653767625447
2100-Apr-12 17:00:00, 7681.968949040398, 2.7589534606673158, 4045.4140172158736, 9.6254420751933658, 3636.5549318245248, 1.5382443736404618
2100-Apr-12 18:00:00, 7684.3415259251988, 2.7598055637219421, 4047.836486269287, 9.6312059686918676, 3636.5050396559118, 1.5382232695050655
2100-Apr-12 19:00:00, 7688.4476608432478, 2.7612802683474449, 4051.992750387567, 9.6410951615778018, 3636.4549104556809, 1.5382020651064916
2100-Apr-12 20:00:00, 7694.1152196938601, 2.7633157531571544, 4057.7106733735427, 9.6547000821762143, 3636.4045463203174, 1.538180761331543
2100-Apr-12 21:00:00, 7700.9664475520458, 2.7657763487329179, 4064.6124978659554, 9.6711219147951137, 3636.3539496860908, 1.5381593592107492
2100-Apr-12 22:00:00, 7708.5905574301796, 2.7685145223017416, 4072.2874341470879, 9.689383248317581, 3636.3031232830922, 1.538137859898925
2100-Apr-12 23:00:00, 7716.7945317472313, 2.7714609522448206, 4080.5424616339387, 9.7090248198763049, 3636.2520701132921, 1.5381162646658888
2100-Apr-13 00:00:00, 7725.4125607951401, 2.7745560885599483, 4089.2117673858124, 9.7296521030151091, 3636.2007934093276, 1.5380945748790298
2100-Apr-13 01:00:00, 7734.270649021455, 2.7777374413262779, 4098.1213524403065, 9.7508510938949264, 3636.149296581149, 1.5380727919807398
2100-Apr-13 02:00:00, 7743.2145871315352, 2.7809496267912923, 4107.1170039605586, 9.7722548667271578, 3636.097583170977, 1.5380509174693602
2100-Apr-13 03:00:00, 7752.1344105847584, 2.7841531515579323, 4116.0887537919434, 9.7936017691573198, 3636.045656792815, 1.5380289528735962
2100-Apr-13 04:00:00, 7760.9542928395786, 2.7873207827773552, 4124.9607717472391, 9.8147113748875014, 3635.99352109234, 1.5380068997355507
2100-Apr-13 05:00:00, 7769.6156842106229, 2.7904314925258396, 4133.6745044937006, 9.8354443652446921, 3635.9411797169219, 1.5379847595980427
2100-Apr-13 06:00:00, 7777.9550352773767, 2.7934265425758942, 4142.0663990267585, 9.8554115909440458, 3635.8886362506178, 1.5379625339771106
2100-Apr-13 07:00:00, 7785.5045842393929, 2.7961379378410149, 4149.6686900346995, 9.8735000761829586, 3635.8358942046934, 1.5379402243580018
2100-Apr-13 08:00:00, 7791.3365072608904, 2.798232453493088, 4155.5535502607327, 9.8875021983354081, 3635.7829570001581, 1.537917832187786
2100-Apr-13 09:00:00, 7794.429144708849, 2.7993431638911952, 4158.6993167543333, 9.8949870671368156, 3635.7298279545162, 1.5378953588697506
2100-Apr-13 10:00:00, 7794.6408989641604, 2.799419214723915, 4158.9643887002358, 9.8956177651692521, 3635.6765102639251, 1.5378728057558544
2100-Apr-13 11:00:00, 7792.2567204783536, 2.7985629449930816, 4156.6337134491469, 9.8900722809419328, 3635.6230070292063, 1.5378501741577291
2100-Apr-13 12:00:00, 7787.2732116578691, 2.796773134464329, 4151.7038904152159, 9.8783425232824893, 3635.5693212426531, 1.5378274653410997
2100-Apr-13 13:00:00, 7780.3906629888206, 2.7943012901240762, 4144.8752071561048, 9.8620947190081445, 3635.5154558327154, 1.5378046805446854
2100-Apr-13 14:00:00, 7771.9905514706061, 2.7912844181610539, 4136.5291378297125, 9.8422365273583257, 3635.4614136408932, 1.5377818209704268
2100-Apr-13 15:00:00, 7762.935941296364, 2.7880324851942668, 4127.5287438187615, 9.8208214704969894, 3635.4071974776029, 1.5377588878071156
2100-Apr-13 16:00:00, 7754.2305496934023, 2.7849059729096193, 4118.8777396007781, 9.8002377330505652, 3635.3528100926237, 1.5377358822178946
2100-Apr-13 17:00:00, 7746.6487682229654, 2.7821830014468802, 4111.350514002982, 9.7823278544398313, 3635.2982542199838, 1.5377128053592439
2100-Apr-13 18:00:00, 7740.7833769460995, 2.7800764657828045, 4105.5398443715012, 9.7685022574260572, 3635.2435325745982, 1.5376896583795587
2100-Apr-13 19:00:00, 7736.8556386972896, 2.7786658317245263, 4101.6669908547483, 9.7592873965904108, 3635.1886478425413, 1.537666442415035
2100-Apr-13 20:00:00, 7734.7841191442058, 2.7779218524038947, 4099.6505164597884, 9.7544895051008869, 3635.1336026844178, 1.5376431585910955
2100-Apr-13 21:00:00, 7734.2114413232048, 2.7777161770794332, 4099.1330416137826, 9.7532582530870275, 3635.0783997094227, 1.5376198080114158
2100-Apr-13 22:00:00, 7734.8784749578281, 2.7779557399788453, 4099.8554334944811, 9.7549770737500445, 3635.023041463347, 1.5375963917528535
2100-Apr-13 23:00:00, 7736.635458873483, 2.7785867548770553, 4101.6679284813881, 9.7592896275291654, 3634.9675303920953, 1.5375729108500131
2100-Apr-14 00:00:00, 7739.4095970626513, 2.7795830773313828, 4104.4977282534992, 9.7660227019870423, 3634.9118688091521, 1.5375493662814872
2100-Apr-14 01:00:00, 7743.0180212545583, 2.7808790308138636, 4108.1619623968218, 9.7747411850264534, 3634.8560588577366, 1.5375257589538467
2100-Apr-14 02:00:00, 7747.3539259726604, 2.7824362564947389, 4112.5538234953783, 9.7851909447856649, 3634.8001024772825, 1.5375020896874625
2100-Apr-14 03:00:00, 7752.2619294685483, 2.784198949538641, 4117.51792808965, 9.7970022701590445, 3634.7440013788982, 1.5374783592061243
2100-Apr-14 04:00:00, 7757.5641375371124, 2.7861032198366575, 4122.8763805497538, 9.8097518857850119, 3634.6877569873582, 1.5374545681125049
2100-Apr-14 05:00:00, 7763.0991524264509, 2.7880911019258834, 4128.4677819817516, 9.8230557677545232, 3634.6313704446993, 1.5374307168896799
2100-Apr-14 06:00:00, 7768.6859758835035, 2.7900975908889634, 4134.1111332940163, 9.8364832564948621, 3634.5748425894876, 1.5374068058923587
2100-Apr-14 07:00:00, 7773.7345654675901, 2.7919107749563428, 4139.2163915272395, 9.8486304352987286, 3634.5181739403511, 1.5373828353399182
2100-Apr-14 08:00:00, 7777.4716360010743, 2.7932529313422267, 4143.0102712731359, 9.857657390161437, 3634.4613647279384, 1.5373588053299216
2100-Apr-14 09:00:00, 7778.8096316201554, 2.7937334679947581, 4144.4052167462942, 9.8609764489259533, 3634.4044148738617, 1.5373347158292114
2100-Apr-14 10:00:00, 7776.8403725286225, 2.793026215176948, 4142.4930484706565, 9.8564267378464834, 3634.3473240579656, 1.5373105667023632
2100-Apr-14 11:00:00, 7771.1873011576545, 2.7909959334971091, 4136.8972094320179, 9.8431122972727128, 3634.2900917256366, 1.5372863577147786
2100-Apr-14 12:00:00, 7762.6039004852555, 2.7879132338472532, 4128.3711833426469, 9.8228259261112978, 3634.2327171426082, 1.5372620885558663
2100-Apr-14 13:00:00, 7752.3165723684024, 2.7842185743534058, 4118.1413729199803, 9.7984856614944889, 3634.1751994484221, 1.537237758861657
2100-Apr-14 14:00:00, 7741.2390503767756, 2.7802401193717263, 4107.1215126871093, 9.7722655945503316, 3634.1175376896663, 1.5372133682288622
2100-Apr-14 15:00:00, 7729.651894391056, 2.7760786310452099, 4095.5921634980236, 9.7448332767920132, 3634.0597308930319, 1.5371889162457772
2100-Apr-14 16:00:00, 7718.346535675013, 2.7720183492658093, 4084.3447575708315, 9.7180717997744193, 3634.0017781041815, 1.5371644025087219
2100-Apr-14 17:00:00, 7708.2776040705494, 2.7684021261491005, 4074.3339256431659, 9.6942525608944994, 3633.9436784273835, 1.5371398266388066
2100-Apr-14 18:00:00, 7700.0194862015851, 2.7654362507304002, 4066.1340551187463, 9.6747422268666359, 3633.8854310828392, 1.53711518830618
2100-Apr-14 19:00:00, 7693.6264528101401, 2.7631402141652313, 4059.7994174031137, 9.6596699281749139, 3633.8270354070269, 1.5370904872301761
2100-Apr-14 20:00:00, 7689.2965073941396, 2.7615851287477788, 4055.5280165024819, 9.6495067849777048, 3633.7684908916576, 1.5370657231957912
2100-Apr-14 21:00:00, 7686.998590221393, 2.760759839479086, 4053.2887930384882, 9.644178896248798, 3633.7097971829048, 1.5370408960533584
2100-Apr-14 22:00:00, 7686.3837678737227, 2.7605390280887963, 4052.7328138078819, 9.6428560289584695, 3633.6509540658408, 1.5370160057119644
2100-Apr-14 23:00:00, 7687.1469590635124, 2.7608131256526094, 4053.554997600294, 9.644812289167028, 3633.5919614632185, 1.5369910521389341
2100-Apr-15 00:00:00, 7688.6905854825854, 2.7613675139193585, 4055.1577660849448, 9.6486258309067114, 3633.5328193976411, 1.5369660353438284
2100-Apr-15 01:00:00, 7690.8397008409338, 2.7621393615139818, 4057.366172885439, 9.6538803961121911, 3633.4735279554943, 1.5369409553631881
2100-Apr-15 02:00:00, 7693.6296799311294, 2.7631413731749435, 4060.2155926672062, 9.660660153373275, 3633.4140872639232, 1.5369158122507951
2100-Apr-15 03:00:00, 7697.294287779705, 2.764457504829847, 4063.9397903322392, 9.6695213104140105, 3633.3544974474662, 1.5368906060593281
2100-Apr-15 04:00:00, 7701.8380538596966, 2.7660893832237869, 4068.5432952753017, 9.6804746442344172, 3633.2947585843949, 1.5368653368218961
2100-Apr-15 05:00:00, 7707.3824687739216, 2.7680806413005183, 4074.1475980849682, 9.6938092230529804, 3633.2348706889538, 1.5368400045445241
2100-Apr-15 06:00:00, 7713.0058907847379, 2.770100274511802, 4079.8310570986364, 9.7073321419161651, 3633.174833686101, 1.53681460919547
2100-Apr-15 07:00:00, 7717.413366265534, 2.7716832045927768, 4084.298718876204, 9.7179622577630287, 3633.11464738933, 1.5367891506958422
2100-Apr-15 08:00:00, 7719.5366493002412, 2.7724457745947437, 4086.4823377817447, 9.7231578439750042, 3633.0543115184964, 1.5367636289271411
2100-Apr-15 09:00:00, 7719.0694843141919, 2.7722779938521356, 4086.0756586256198, 9.7221902133088207, 3632.9938256885721, 1.5367380437265019
2100-Apr-15 10:00:00, 7715.4264607763689, 2.7709696141302644, 4082.4932713448197, 9.713666472323224, 3632.9331894315487, 1.5367123948959596
2100-Apr-15 11:00:00, 7706.8973546161596, 2.7679064141729088, 4074.0249523941807, 9.6935174064459719, 3632.8724022219794, 1.5366866822132523
2100-Apr-15 12:00:00, 7694.7404753270584, 2.7635403116270543, 4061.9290118015056, 9.6647369713596518, 3632.8114635255524, 1.5366609054523692
2100-Apr-15 13:00:00, 7680.7759134229236, 2.7585249859146366, 4048.0255406073525, 9.6316557944877861, 3632.7503728155716, 1.5366350643905204
2100-Apr-15 14:00:00, 7667.2282851186728, 2.7536594005104522, 4034.5391554824082, 9.5995670099353365, 3632.6891296362646, 1.5366091588349167
2100-Apr-15 15:00:00, 7654.8331158779201, 2.7492077169252691, 4022.2053822528155, 9.570220688573718, 3632.6277336251042, 1.5365831886322106
2100-Apr-15 16:00:00, 7644.3977896137794, 2.7454599043917076, 4011.8316050342164, 9.5455378770509292, 3632.566184579563, 1.536557153696734
2100-Apr-15 17:00:00, 7636.2212956432231, 2.7425233439231822, 4003.7168131805606, 9.526229974668821, 3632.5044824626621, 1.5365310540128454
2100-Apr-15 18:00:00, 7630.2745855663752, 2.7403876028840108, 3997.8319581154701, 9.5122278647960421, 3632.4426274509051, 1.5365048896552045
2100-Apr-15 19:00:00, 7626.4431667197186, 2.7390115616169384, 3994.0625467730424, 9.5032591287458601, 3632.3806199466762, 1.5364786607940182
2100-Apr-15 20:00:00, 7624.7135759160201, 2.7383903848632887, 3992.3951153342964, 9.4992917314264016, 3632.3184605817237, 1.5364523676965125
2100-Apr-15 21:00:00, 7624.9159497734408, 2.7384630667574728, 3992.6597995595425, 9.499921506937012, 3632.2561502138983, 1.5364260107255541
2100-Apr-15 22:00:00, 7626.8165289738499, 2.7391456534220411, 3994.6228390624842, 9.504592258298052, 3632.1936899113657, 1.5363995903329715
2100-Apr-15 23:00:00, 7630.0343314824713, 2.7403013164331513, 3997.9032505566374, 9.5123974942233236, 3632.1310809258334, 1.5363731070482309
2100-Apr-16 00:00:00, 7634.2892629212474, 2.7418294608315192, 4002.2209382748583, 9.5226707698024473, 3632.0683246463891, 1.5363465614589091
2100-Apr-16 01:00:00, 7639.4591451055421, 2.7436862067306791, 4007.45372253185, 9.5351213772169938, 3632.0054225736922, 1.5363199541997778
2100-Apr-16 02:00:00, 7645.6453612198975, 2.7459079655623477, 4013.702984952371, 9.5499905384908264, 3631.9423762675265, 1.5362932859306175
2100-Apr-16 03:00:00, 7652.762549940785, 2.7484640800926168, 4020.8833626385308, 9.5670751457033436, 3631.8791873022542, 1.5362665573173755
2100-Apr-16 04:00:00, 7660.413914643088, 2.7512120421404043, 4028.5980574059122, 9.5854310784447669, 3631.8158572371763, 1.5362397690196281
2100-Apr-16 05:00:00, 7668.4129802976568, 2.7540848798225372, 4036.6605927120031, 9.6046146443882563, 3631.7523875856537, 1.5362129216775195
2100-Apr-16 06:00:00, 7676.7044929771464, 2.7570627488757702, 4045.0157131967326, 9.6244943718808642, 3631.6887797804138, 1.5361860158970861
2100-Apr-16 07:00:00, 7685.1096801399908, 2.7600814437395891, 4053.4846449640754, 9.6446448958614539, 3631.6250351759149, 1.5361590522512567
2100-Apr-16 08:00:00, 7693.2224410092385, 2.7629951146778939, 4061.661285968612, 9.664099958810235, 3631.561155040627, 1.536132031276588
2100-Apr-16 09:00:00, 7700.3134378209406, 2.7655418224715604, 4068.8162972512064, 9.6811242105567512, 3631.4971405697343, 1.5361049534786368
2100-Apr-16 10:00:00, 7705.8306618802162, 2.7675233150436593, 4074.3976689799115, 9.6944042283858654, 3631.4329929003047, 1.5360778193383773
2100-Apr-16 11:00:00, 7709.5916083625125, 2.768874046396721, 4078.2228952164387, 9.7035057674143825, 3631.3687131460742, 1.5360506293269138
2100-Apr-16 12:00:00, 7711.4856989537511, 2.7695543026990022, 4080.1813965246856, 9.7081657208373198, 3631.3043024290655, 1.5360233839188564
2100-Apr-16 13:00:00, 7711.1805898139173, 2.7694447237716715, 4079.9408278856999, 9.7075933246648116, 3631.2397619282174, 1.5359960836128901
2100-Apr-16 14:00:00, 7708.5697779530274, 2.7685070594220056, 4077.3946850470484, 9.7015351683662683, 3631.1750929059785, 1.5359687289430246
2100-Apr-16 15:00:00, 7704.107689113951, 2.7669045151360239, 4072.9973923446919, 9.6910724849390402, 3631.1102967692586, 1.5359413205043755
2100-Apr-16 16:00:00, 7699.1964978720262, 2.7651406772237919, 4068.1511227724227, 9.6795415299242666, 3631.0453750996035, 1.5359138589659287
2100-Apr-16 17:00:00, 7695.0913682968803, 2.763666333663831, 4064.1110385983411, 9.6699287693931968, 3630.9803296985388, 1.5358863450897204
2100-Apr-16 18:00:00, 7692.9763527670384, 2.7629067329085908, 4062.0611901573534, 9.6650514694808312, 3630.9151626096855, 1.5358587797401919
2100-Apr-16 19:00:00, 7693.4718018507492, 2.7630846717902964, 4062.6219257091266, 9.6663856537077422, 3630.8498761416226, 1.5358311638938607
2100-Apr-16 20:00:00, 7696.6617015672164, 2.7642303136069075, 4065.8772286847352, 9.6741311477648591, 3630.7844728824807, 1.5358034986454927
2100-Apr-16 21:00:00, 7702.0979028563306, 2.7661827071220308, 4071.3789471520395, 9.6872216428775211, 3630.7189557042911, 1.5357757852099427
2100-Apr-16 22:00:00, 7709.1312542364294, 2.7687087117516951, 4078.4779264793083, 9.7041125751818118, 3630.6533277571211, 1.5357480249196733
2100-Apr-16 23:00:00, 7717.1684201002026, 2.7715952329965621, 4086.5808276661733, 9.7233921855463556, 3630.5875924340289, 1.5357202192099311
2100-Apr-17 00:00:00, 7725.6958169919317, 2.7746578190758586, 4095.1740636348504, 9.743838472305379, 3630.5217533570813, 1.535692369612832
2100-Apr-17 01:00:00, 7734.6160013542139, 2.7778614734617806, 4104.1601870078621, 9.7652195743728978, 3630.4558143463523, 1.5356644777442479
2100-Apr-17 02:00:00, 7743.8576052319677, 2.7811805645919043, 4113.4678258762042, 9.7873656732401049, 3630.3897793557635, 1.5356365452766678
2100-Apr-17 03:00:00, 7753.4328176989929, 2.7846194701313265, 4123.1091652484392, 9.8103057612656563, 3630.3236524505533, 1.5356085739296668
2100-Apr-17 04:00:00, 7763.1218287471547, 2.788099246050638, 4132.8643910121709, 9.833516824489255, 3630.2574377349833, 1.5355805654393271
2100-Apr-17 05:00:00, 7772.7540759904805, 2.7915586354392525, 4142.5629366427584, 9.8565930260309429, 3630.1911393477226, 1.5355525215562849
2100-Apr-17 06:00:00, 7782.0505047462739, 2.7948974167409975, 4151.9257433499843, 9.8788703883078579, 3630.1247613962892, 1.5355244440179991
2100-Apr-17 07:00:00, 7790.2656343279086, 2.7978478530600501, 4160.2073264010269, 9.8985751447578725, 3630.0583079268818, 1.5354963345359918
2100-Apr-17 08:00:00, 7796.1691686388203, 2.7999680876672586, 4166.1773857274775, 9.9127799850999665, 3629.9917829113433, 1.5354681947903324
2100-Apr-17 09:00:00, 7798.5152567462683, 2.8008106773660733, 4168.5900665128365, 9.9185205889161825, 3629.9251902334313, 1.5354400264238304
2100-Apr-17 10:00:00, 7796.6677479335158, 2.8001471507537725, 4166.8092142546166, 9.9142833241558836, 3629.8585336788997, 1.5354118310378411
2100-Apr-17 11:00:00, 7790.2242108040627, 2.7978329759399752, 4160.43239387217, 9.8991106582794259, 3629.7918169318932, 1.5353836101907385
2100-Apr-17 12:00:00, 7780.0204076972932, 2.794168314174204, 4150.2953640958031, 9.8749911509776531, 3629.7250436014906, 1.5353553654091454
2100-Apr-17 13:00:00, 7767.189560537041, 2.7895601583210756, 4137.5313433087176, 9.8446211215542601, 3629.6582172283233, 1.5353270981907305
2100-Apr-17 14:00:00, 7752.2755112284776, 2.7842038273823042, 4122.6841699346805, 9.8092945501121367, 3629.5913412937971, 1.5352988100081113
2100-Apr-17 15:00:00, 7736.9661739870644, 2.7787055301042352, 4107.4417547425146, 9.7730275613950663, 3629.5244192445493, 1.5352705023191975
2100-Apr-17 16:00:00, 7722.690887087304, 2.7735786085486578, 4093.2334325694405, 9.7392210383839242, 3629.4574545178634, 1.5352421765779429
2100-Apr-17 17:00:00, 7710.7753393030816, 2.7692991794058033, 4081.384888760369, 9.711029245992771, 3629.3904505427122, 1.5352138342347856
2100-Apr-17 18:00:00, 7702.2871738370395, 2.7662506831618581, 4072.9637630963521, 9.6909924693014435, 3629.3234107406875, 1.5351854767370419
2100-Apr-17 19:00:00, 7697.5400278641237, 2.7645457615594471, 4068.2836893245717, 9.6798569516989943, 3629.256338539552, 1.5351571055346378
2100-Apr-17 20:00:00, 7696.1414318669085, 2.7640434604837476, 4066.9521945179599, 9.676688864062001, 3629.1892373489486, 1.5351287220698351
2100-Apr-17 21:00:00, 7697.5720574181278, 2.7645572648666654, 4068.449946894415, 9.6802525360820209, 3629.1221105237128, 1.5351003277617123
2100-Apr-17 22:00:00, 7701.596276084787, 2.7660025495443974, 4072.5413147280265, 9.6899873182138734, 3629.05496135676, 1.5350719240031563
2100-Apr-17 23:00:00, 7707.8918794373931, 2.7682635944369092, 4078.9040864244976, 9.705126557397163, 3628.9877930128951, 1.5350435121328632
2100-Apr-18 00:00:00, 7715.9326212180531, 2.771151399960369, 4087.0120127248456, 9.7244181242483716, 3628.9206084932071, 1.5350150934202784
2100-Apr-18 01:00:00, 7725.2974860455361, 2.774514759848421, 4096.4440754698498, 9.7468602706430953, 3628.8534105756858, 1.5349866690404779
2100-Apr-18 02:00:00, 7735.4392434055444, 2.7781571380917147, 4106.6530416424484, 9.7711509395644391, 3628.7862017630964, 1.5349582400521187
2100-Apr-18 03:00:00, 7746.2072322373806, 2.7820244252740891, 4117.48824800683, 9.7969316509549884, 3628.7189842305506, 1.534929807375262
2100-Apr-18 04:00:00, 7757.4235757078959, 2.7860527375257127, 4128.7718159160349, 9.8237791698614245, 3628.651759791861, 1.5349013717771411
2100-Apr-18 05:00:00, 7769.0531676647206, 2.7902294665893521, 4140.4686377844901, 9.8516099631694853, 3628.584529880231, 1.5348729338639941
2100-Apr-18 06:00:00, 7779.0633209514499, 2.7938245796697925, 4150.5460254340032, 9.8755875611796924, 3628.5172955174467, 1.5348444940680315
2100-Apr-18 07:00:00, 7783.7680540174115, 2.7955142688184931, 4155.317996696901, 9.8869417347649016, 3628.4500573205105, 1.5348160526502419
2100-Apr-18 08:00:00, 7783.594810638343, 2.7954520490382011, 4155.2119951173263, 9.886689520267268, 3628.3828155210167, 1.5347876097085886
2100-Apr-18 09:00:00, 7779.1401038419517, 2.7938521559881653, 4150.8245338391198, 9.8762502292056329, 3628.3155700028319, 1.5347591651939478
2100-Apr-18 10:00:00, 7769.9961356009289, 2.7905681303704943, 4141.7478152548929, 9.8546535697306084, 3628.2483203460361, 1.5347307189286956
2100-Apr-18 11:00:00, 7756.3277333638034, 2.7856591694121686, 4128.1466674720177, 9.8222917250385517, 3628.1810658917857, 1.5347022706341442
2100-Apr-18 12:00:00, 7739.2585584850749, 2.7795288323312972, 4111.1447526865968, 9.7818382769519019, 3628.1138057984786, 1.5346738199543002
2100-Apr-18 13:00:00, 7720.1916565345791, 2.7726810182527082, 4092.1451173873438, 9.7366315593589725, 3628.0465391472353, 1.5346453665004824
2100-Apr-18 14:00:00, 7699.5740626799216, 2.7652762783620259, 4071.5947976970242, 9.6877352261371854, 3627.9792649828969, 1.5346169098686633
2100-Apr-18 15:00:00, 7678.6095958008727, 2.7577469601845261, 4050.6976133867761, 9.6380135817623618, 3627.9119824140967, 1.5345884496817992
2100-Apr-18 16:00:00, 7659.0506705918533, 2.7507224375978923, 4031.2059799371573, 9.5916362300446441, 3627.844690654696, 1.5345599856073577
2100-Apr-18 17:00:00, 7642.5751166759374, 2.7448052975008332, 4014.7977275698554, 9.5525953106122952, 3627.777389106082, 1.5345315173921281
2100-Apr-18 18:00:00, 7629.7733235203386, 2.7402075762963238, 4002.0632461604778, 9.5222955656067274, 3627.7100773598609, 1.5345030448633625
2100-Apr-18 19:00:00, 7620.7237422606286, 2.7369574494473752, 3993.0809870176336, 9.5009236578821064, 3627.6427552429946, 1.5344745679478662
2100-Apr-18 20:00:00, 7615.2264813446582, 2.7349831265714406, 3987.651058540358, 9.4880039760379162, 3627.5754228043006, 1.534446086666289
2100-Apr-18 21:00:00, 7612.778695295302, 2.7341040123968527, 3985.2706149899441, 9.4823400757769623, 3627.5080803053579, 1.5344176011292772
2100-Apr-18 22:00:00, 7613.2172654680408, 2.7342615234078775, 3985.7765372972608, 9.483543840297207, 3627.4407281707799, 1.5343891115164405
2100-Apr-18 23:00:00, 7616.2138869444107, 2.735337749990852, 3988.8405199991521, 9.490834117112124, 3627.3733669452586, 1.5343606180581806
2100-Apr-19 00:00:00, 7621.2059289351855, 2.7371306251791805, 3993.8999317124212, 9.5028722111547559, 3627.3059972227647, 1.5343321210057443
2100-Apr-19 01:00:00, 7627.5918237808874, 2.7394240979595161, 4000.3532042025304, 9.5182267830934109, 3627.238619578357, 1.5343036206023783
2100-Apr-19 02:00:00, 7635.0763530078293, 2.7421121416042014, 4007.905118517092, 9.5361954047183648, 3627.1712344907369, 1.5342751170505711
2100-Apr-19 03:00:00, 7643.4892840831935, 2.7451336176683072, 4016.385441796514, 9.5563730330544541, 3627.1038422866795, 1.534246610488547
2100-Apr-19 04:00:00, 7652.6042304683933, 2.7484072201835041, 4025.5677874066146, 9.5782210158340408, 3627.0364430617788, 1.5342181009567415
2100-Apr-19 05:00:00, 7662.0871662439968, 2.7518129848577622, 4035.1181296007271, 9.6009445900334924, 3626.9690366432696, 1.534189588382076
2100-Apr-19 06:00:00, 7671.8488601298704, 2.7553188645751971, 4044.9472375714404, 9.6243314446348496, 3626.9016225584305, 1.5341610725645916
2100-Apr-19 07:00:00, 7681.4703317966041, 2.7587743839515104, 4054.6361317822189, 9.6473846821036577, 3626.8342000143853, 1.5341325531689056
2100-Apr-19 08:00:00, 7690.5430869442862, 2.7620328336248345, 4063.7763190258015, 9.6691323555173359, 3626.7667679184851, 1.5341040297328334
2100-Apr-19 09:00:00, 7698.6292510871954, 2.76493695243781, 4071.9299262047434, 9.6885326130115743, 3626.6993248824524, 1.5340755016691403
2100-Apr-19 10:00:00, 7705.1437355991775, 2.7672766077668052, 4078.5118663070575, 9.7041933297954692, 3626.63186929212, 1.5340469682950417
2100-Apr-19 11:00:00, 7709.3182439264201, 2.7687758684735888, 4082.7538445891055, 9.7142864663852766, 3626.5643993373142, 1.5340184288448435
2100-Apr-19 12:00:00, 7710.3233422253852, 2.7691368461667607, 4083.8264291249334, 9.7168385167505598, 3626.4969131004523, 1.5339898825074179
2100-Apr-19 13:00:00, 7708.2234656920064, 2.7683826825314775, 4081.7940570600585, 9.7120027991942255, 3626.4294086319474, 1.5339613284580993
2100-Apr-19 14:00:00, 7703.1680869263564, 2.7665670601522416, 4076.8062028863073, 9.700134965339732, 3626.3618840400491, 1.5339327658966868
2100-Apr-19 15:00:00, 7695.1309502571694, 2.7636805493925123, 4068.8366126986657, 9.6811725480475292, 3626.2943375585041, 1.5339041940760645
2100-Apr-19 16:00:00, 7684.9631215533882, 2.7600288077132813, 4058.7363539168828, 9.6571405316865881, 3626.2267676365059, 1.5338756123402486
2100-Apr-19 17:00:00, 7674.102592472349, 2.7561282850098467, 4047.9434194477503, 9.6314603997861479, 3626.1591730245987, 1.5338470201607259
2100-Apr-19 18:00:00, 7663.8044689632243, 2.7524297483869633, 4037.7129161508706, 9.6071184865814363, 3626.0915528123533, 1.5338184171523894
2100-Apr-19 19:00:00, 7654.8679400742822, 2.7492202239189454, 4028.844033573147, 9.586016341001212, 3626.0239065011347, 1.5337898031043191
2100-Apr-19 20:00:00, 7647.8316250911585, 2.7466931549211648, 4021.8753910653113, 9.5694355251646996, 3625.9562340258472, 1.5337611779889799
2100-Apr-19 21:00:00, 7642.9368167305111, 2.7449352008659615, 4017.0482809581945, 9.5579501571581371, 3625.8885357723166, 1.5337325419695738
2100-Apr-19 22:00:00, 7640.1204561910135, 2.7439237143956987, 4014.299643599129, 9.5514101962115419, 3625.8208125918845, 1.5337038954062143
2100-Apr-19 23:00:00, 7638.8697372887846, 2.7434745228841839, 4013.1166715302647, 9.5485954956451806, 3625.7530657585198, 1.5336752388377839
2100-Apr-20 00:00:00, 7639.0665949757094, 2.7435452236641797, 4013.3812980284833, 9.5492251338031853, 3625.6852969472261, 1.5336465729728004
2100-Apr-20 01:00:00, 7640.4027039387092, 2.7440250827304884, 4014.7851957599496, 9.5525654930930415, 3625.6175081787596, 1.5336178986660336
2100-Apr-20 02:00:00, 7642.813293688283, 2.7448908379783883, 4017.2635919229201, 9.5584624565693463, 3625.5497017653634, 1.5335892168955505
2100-Apr-20 03:00:00, 7646.4319275583466, 2.7461904582326393, 4020.9500473343546, 9.5672338117074212, 3625.481880223992, 1.5335605287260103
2100-Apr-20 04:00:00, 7651.319048232288, 2.7479456512808684, 4025.9050020265599, 9.5790233662924553, 3625.414046205728, 1.5335318352788077
2100-Apr-20 05:00:00, 7657.1422869370226, 2.7500370479896152, 4031.7960845042944, 9.5930402933383174, 3625.3462024327282, 1.5335031377054009
2100-Apr-20 06:00:00, 7662.7545650121629, 2.7520526788936652, 4037.4762134257294, 9.6065552887578782, 3625.2783515864335, 1.5334744371400262
2100-Apr-20 07:00:00, 7664.4990127050423, 2.7526791914493849, 4039.288516416897, 9.6108673857125897, 3625.2104962881458, 1.5334457346914809
2100-Apr-20 08:00:00, 7662.5944660524574, 2.7519951798876345, 4037.4518270538074, 9.6064972651268334, 3625.14263899865, 1.5334170314006648
2100-Apr-20 09:00:00, 7656.9816575207333, 2.7499793584718764, 4031.9068755126527, 9.5933039035470298, 3625.0747820080805, 1.5333883282362928
2100-Apr-20 10:00:00, 7647.2306558560431, 2.7464773188299261, 4022.2237284823, 9.5702643406124093, 3625.0069273737431, 1.5333596260685951
2100-Apr-20 11:00:00, 7632.8209786106599, 2.7413021314310999, 4007.881901685023, 9.536140163827989, 3624.939076925637, 1.5333309256716523
2100-Apr-20 12:00:00, 7614.407809863158, 2.7346891034463776, 3989.536577616982, 9.4924902794364012, 3624.8712322461756, 1.5333022277148169
2100-Apr-20 13:00:00, 7593.6600740651529, 2.7272376235119178, 3968.8566793648774, 9.4432856339045905, 3624.8033947002755, 1.5332735327754419
2100-Apr-20 14:00:00, 7571.7764700662856, 2.7193782003112954, 3947.0409046420191, 9.3913783445575145, 3624.7355654242665, 1.533244841334189
2100-Apr-20 15:00:00, 7549.9607361398121, 2.711543152420226, 3925.29299076385, 9.3396325196803183, 3624.6677453759617, 1.5332161537962086
2100-Apr-20 16:00:00, 7529.3379299815433, 2.7041365405481312, 3904.7379946253818, 9.2907250595675421, 3624.5999353561615, 1.5331874705002349
2100-Apr-20 17:00:00, 7511.0145600968717, 2.6975557635247198, 3886.4824240667153, 9.2472887298830511, 3624.5321360301559, 1.5331587917276823
2100-Apr-20 18:00:00, 7496.227495609055, 2.6922450387597014, 3871.7631476455927, 9.2122664696206069, 3624.4643479634624, 1.5331301177177619
2100-Apr-20 19:00:00, 7485.2160289842468, 2.6882903073421351, 3860.8194573462447, 9.186227637348571, 3624.3965716380026, 1.5331014486743242
2100-Apr-20 20:00:00, 7477.8330233397946, 2.6856387255526215, 3853.5042158870428, 9.1688221424766123, 3624.3288074527518, 1.5330727847661334
2100-Apr-20 21:00:00, 7473.5855877892936, 2.684113273277462, 3849.3245320555816, 9.158877225975818, 3624.2610557337121, 1.533044126131087
2100-Apr-20 22:00:00, 7471.9066863759326, 2.6835103014488544, 3847.7133696723808, 9.1550437122421844, 3624.1933167035522, 1.5330154728633727
2100-Apr-20 23:00:00, 7472.3079063609375, 2.683654398264848, 3848.1823158826041, 9.1561594978116414, 3624.1255904783334, 1.5329868250120837
2100-Apr-21 00:00:00, 7474.3898077156209, 2.6844021061748089, 3850.3319306999492, 9.1612741765120855, 3624.0578770156717, 1.5329581825592922
2100-Apr-21 01:00:00, 7477.7257504420131, 2.6856001988500879, 3853.7355743567509, 9.1693726244641915, 3623.9901760852622, 1.53292954540758
2100-Apr-21 02:00:00, 7481.9060038838834, 2.6871015228955795, 3857.9835166614785, 9.1794799515310661, 3623.9224872224049, 1.5329009133603813
2100-Apr-21 03:00:00, 7486.7629304832535, 2.6888458718428914, 3862.9081207695758, 9.1911972915570868, 3623.8548097136777, 1.5328722861159223
2100-Apr-21 04:00:00, 7492.1553563301013, 2.6907825435543034, 3868.3682137933483, 9.2041887453123348, 3623.787142536753, 1.5328436632417637
2100-Apr-21 05:00:00, 7497.9204575079111, 2.6928530603646585, 3874.2009731646858, 9.2180669014734651, 3623.7194843432258, 1.5328150441675368
2100-Apr-21 06:00:00, 7503.3646565019726, 2.6948083262287708, 3879.7128230276735, 9.2311815026879689, 3623.6518334742991, 1.5327864281915791
2100-Apr-21 07:00:00, 7508.4037805260232, 2.6966181107719147, 3884.8195925864989, 9.243332277459265, 3623.5841879395243, 1.5327578144719405
2100-Apr-21 08:00:00, 7512.63092826919, 2.6981362767489094, 3889.114382817324, 9.2535510719796754, 3623.516545451866, 1.5327292020412169
2100-Apr-21 09:00:00, 7514.5899705191841, 2.6988398602222441, 3891.1410670565101, 9.2583732562273138, 3623.448903462674, 1.5327005898213422
2100-Apr-21 10:00:00, 7513.4924447113899, 2.6984456874983405, 3890.1111854999399, 9.2559228110504073, 3623.38125921145, 1.5326719766446391
2100-Apr-21 11:00:00, 7508.3859878256308, 2.6966117205830651, 3885.0723780432509, 9.2439337416755514, 3623.3136097823799, 1.5326433612777333
2100-Apr-21 12:00:00, 7498.614892728292, 2.6931024644519685, 3875.3689405455989, 9.2208459006866121, 3623.2459521826927, 1.5326147424546979
2100-Apr-21 13:00:00, 7486.2055928246846, 2.6886457058864717, 3863.0273094091172, 9.1914808826409775, 3623.1782834155674, 1.5325861189078924
2100-Apr-21 14:00:00, 7472.0551514414883, 2.6835636221807033, 3848.944550885391, 9.1579731190716132, 3623.1106005560973, 1.5325574894000962
2100-Apr-21 15:00:00, 7457.7917817323851, 2.6784409806443006, 3834.7488808947719, 9.1241966999877384, 3623.0429008376127, 1.5325288527610221
2100-Apr-21 16:00:00, 7443.6580540918458, 2.6733648996233188, 3820.6828723840272, 9.0907287905047607, 3622.975181707819, 1.5325002079110621
2100-Apr-21 17:00:00, 7430.4649832269952, 2.668626652337907, 3807.5575423276978, 9.0594990811011371, 3622.9074408992979, 1.53247155389111
2100-Apr-21 18:00:00, 7419.7927022014446, 2.6647937382941276, 3796.953025713412, 9.0342672605824355, 3622.8396764880322, 1.5324428898873161
2100-Apr-21 19:00:00, 7412.8525139758731, 2.6623011928998879, 3790.0806270632229, 9.0179154422410939, 3622.7718869126506, 1.5324142152392284
2100-Apr-21 20:00:00, 7409.8624174975803, 2.661227309748154, 3787.1583464878786, 9.0109623238987595, 3622.7040710097017, 1.5323855294547124
2100-Apr-21 21:00:00, 7410.6323991402496, 2.661503846080413, 3787.9961711423816, 9.0129557991393074, 3622.636227997868, 1.5323568322032752
2100-Apr-21 22:00:00, 7414.464833256, 2.6628802519779855, 3791.8964757751692, 9.022235975694473, 3622.5683574808309, 1.5323281233172756
2100-Apr-21 23:00:00, 7420.4938720722985, 2.6650455611086352, 3797.993412665247, 9.0367427017358146, 3622.5004594070519, 1.5322994027749137
2100-Apr-22 00:00:00, 7428.0774241387126, 2.6677691684749987, 3805.6448901106737, 9.0549482185573762, 3622.4325340280388, 1.5322706706825755
2100-Apr-22 01:00:00, 7436.8627968261289, 2.6709244056986829, 3814.4982149864118, 9.0760133469723243, 3622.3645818397172, 1.5322419272500349
2100-Apr-22 02:00:00, 7446.2309601991601, 2.6742889502483393, 3823.9343566794114, 9.0984651985980811, 3622.2966035197492, 1.5322131727639401
2100-Apr-22 03:00:00, 7455.7188651793213, 2.6776964995957977, 3833.4902653075592, 9.1212020172734114, 3622.2285998717621, 1.532184407564221
2100-Apr-22 04:00:00, 7465.1013076046656, 2.681066172419345, 3842.9407358506865, 9.1436879621999569, 3622.1605717539792, 1.532155632013902
2100-Apr-22 05:00:00, 7474.3915994209074, 2.6844027496597711, 3852.2990793917934, 9.1659547050577572, 3622.092520029114, 1.5321268464779063
2100-Apr-22 06:00:00, 7483.4047604034495, 2.687639796287959, 3861.3803148868769, 9.1875621118292585, 3622.024445516573, 1.5320980513028388
2100-Apr-22 07:00:00, 7491.6657930624951, 2.6906067185437705, 3869.7094441019831, 9.2073799970829366, 3621.9563489605116, 1.5320692468034736
2100-Apr-22 08:00:00, 7498.4527631078681, 2.6930442361409312, 3876.5645320980884, 9.2236906273783923, 3621.8882310097797, 1.5320404332542705
2100-Apr-22 09:00:00, 7503.1835687996445, 2.6947432891860101, 3881.3634765874881, 9.235108979618289, 3621.8200922121569, 1.5320116108869379
2100-Apr-22 10:00:00, 7505.1500872853921, 2.6954495577244164, 3883.3981542561764, 9.2399501830052113, 3621.7519330292162, 1.5319827798967189
2100-Apr-22 11:00:00, 7503.1482614147171, 2.6947306086567764, 3881.4645075508865, 9.2353493672972391, 3621.683753863831, 1.5319539404540268
2100-Apr-22 12:00:00, 7497.0778963608209, 2.6925504573460826, 3875.4623412821061, 9.2210681334111744, 3621.6155550787153, 1.5319250927122876
2100-Apr-22 13:00:00, 7487.9022585035045, 2.6892550576916183, 3866.3549214497702, 9.1993984250259384, 3621.5473370537343, 1.5318962368321827
2100-Apr-22 14:00:00, 7476.3117671576365, 2.6850923714816575, 3854.8326669421781, 9.1719829879738874, 3621.4791002154584, 1.531867372994149
2100-Apr-22 15:00:00, 7464.2353297750769, 2.6807551593775512, 3842.824484678416, 9.1434113603688214, 3621.410845096661, 1.5318385014235469
2100-Apr-22 16:00:00, 7452.5544504899444, 2.676560010641448, 3831.2118781208574, 9.1157809444741549, 3621.3425723690866, 1.5318096224045212
2100-Apr-22 17:00:00, 7442.0380563001791, 2.6727830828334773, 3820.7637734258383, 9.0909212821232845, 3621.2742828743408, 1.5317807362930667
2100-Apr-22 18:00:00, 7433.5928149508673, 2.669750002642524, 3812.3868372787538, 9.0709896476086929, 3621.2059776721135, 1.5317518435374267
2100-Apr-22 19:00:00, 7427.8163521288134, 2.66767540533563, 3806.6786940937664, 9.0574079965464804, 3621.1376580350466, 1.5317229446759224
2100-Apr-22 20:00:00, 7424.967584777788, 2.6666522800673707, 3803.8982593201945, 9.0507923785298878, 3621.0693254575935, 1.5316940403407002
2100-Apr-22 21:00:00, 7424.8245382362875, 2.6666009053803177, 3803.8235565956634, 9.0506146348564904, 3621.0009816406241, 1.5316651312512193
2100-Apr-22 22:00:00, 7426.9584107588162, 2.667367278561426, 3806.0257822963144, 9.0558544930830926, 3620.9326284625017, 1.531636218202018
2100-Apr-22 23:00:00, 7430.9595729623907, 2.6688042825875389, 3810.0953050157527, 9.065537298116876, 3620.8642679466384, 1.5316073020489893
2100-Apr-23 00:00:00, 7436.4683513542768, 2.6707827419264354, 3815.6724491474424, 9.0788072570274174, 3620.7959022068339, 1.5315783836862598
2100-Apr-23 01:00:00, 7443.0838077535373, 2.6731586609711111, 3822.3562743722568, 9.094710393830816, 3620.72753338128, 1.5315494640182739
2100-Apr-23 02:00:00, 7450.5616302711751, 2.675844295923576, 3829.9024667000003, 9.1126654008659056, 3620.6591635711743, 1.5315205439338277
2100-Apr-23 03:00:00, 7458.948591913113, 2.6788564451525052, 3838.3577971241357, 9.1327835625368206, 3620.5907947889777, 1.5314916242841818
2100-Apr-23 04:00:00, 7468.1355840264941, 2.6821559226500682, 3847.6131551527556, 9.1548052671659477, 3620.5224288737386, 1.5314627058472443
2100-Apr-23 05:00:00, 7478.0124391085983, 2.685703162126047, 3857.5583716440901, 9.1784683841807251, 3620.4540674645082, 1.5314337893163259
2100-Apr-23 06:00:00, 7488.0443791959242, 2.68930609986307, 3867.6586672628991, 9.2025004881897186, 3620.3857119330255, 1.5314048752716649
2100-Apr-23 07:00:00, 7497.1579829404945, 2.6925792201733745, 3876.8406195749012, 9.2243475351768129, 3620.3173633655938, 1.5313759641727624
2100-Apr-23 08:00:00, 7503.8686283986244, 2.6949893260502451, 3883.6196058535347, 9.2404770931097797, 3620.2490225450892, 1.5313470563507712
2100-Apr-23 09:00:00, 7506.400505244017, 2.6958986411530419, 3886.2198152930782, 9.2466638925911635, 3620.1806899509384, 1.5313181520084858
2100-Apr-23 10:00:00, 7502.7293242845299, 2.6945801487873342, 3882.6169585167827, 9.2380914475811178, 3620.1123657677476, 1.5312892512239942
2100-Apr-23 11:00:00, 7495.2034490926944, 2.6918772558776123, 3875.1593991732166, 9.2203473291353095, 3620.0440499194783, 1.5312603539651322
2100-Apr-23 12:00:00, 7485.5613612164825, 2.6884143322586023, 3865.5856191199855, 9.1975679881455239, 3619.975742096497, 1.5312314601009265
2100-Apr-23 13:00:00, 7473.87880098803, 2.6842185798173261, 3853.9713591743548, 9.1699336382675742, 3619.9074418136752, 1.5312025694261702
2100-Apr-23 14:00:00, 7459.4938973743328, 2.6790522897854805, 3839.6547489180748, 9.1358694603741633, 3619.839148456258, 1.5311736816808252
2100-Apr-23 15:00:00, 7442.9019062169127, 2.6730933316424847, 3823.1310448786112, 9.0965538413985421, 3619.7708613383015, 1.5311447965747405
2100-Apr-23 16:00:00, 7426.0122760210161, 2.6670274774340812, 3806.3096962561231, 9.0565300227971957, 3619.702579764893, 1.5311159138139714
2100-Apr-23 17:00:00, 7410.3145791193219, 2.6613897020826403, 3790.6802760615856, 9.0193422150447233, 3619.6343030577364, 1.5310870331116024
2100-Apr-23 18:00:00, 7397.0434304502542, 2.6566234134149247, 3777.4773998376954, 8.9879279964312069, 3619.5660306125587, 1.5310581542120292
2100-Apr-23 19:00:00, 7386.7490670192437, 2.6529262272115228, 3767.2513050945336, 8.9635965727037821, 3619.4977619247106, 1.5310292769017873
2100-Apr-23 20:00:00, 7379.671114449493, 2.6503842042137351, 3760.2416178545027, 8.9469180972233975, 3619.4294965949903, 1.5310004010120164
2100-Apr-23 21:00:00, 7375.7248773633273, 2.6489669263598783, 3756.3636430272209, 8.9376910510149727, 3619.3612343361069, 1.5309715264211941
2100-Apr-23 22:00:00, 7374.5287781177531, 2.6485373513154111, 3755.2358031616477, 8.9350075290688959, 3619.2929749561054, 1.5309426530481243
2100-Apr-23 23:00:00, 7375.6057056199979, 2.6489241262267544, 3756.3809872952238, 8.9377323190400233, 3619.2247183247741, 1.530913780837728
2100-Apr-24 00:00:00, 7378.663782718766, 2.6500224243910142, 3759.5073183935365, 8.9451709442997913, 3619.1564643252295, 1.5308849097405643
2100-Apr-24 01:00:00, 7383.6470235993556, 2.6518121386900493, 3764.5588107877006, 8.9571901955374607, 3619.088212811655, 1.5308560396949533
2100-Apr-24 02:00:00, 7390.6987281513248, 2.6543447348000204, 3771.6787646038597, 8.974131033420516, 3619.0199635474655, 1.530827170600821
2100-Apr-24 03:00:00, 7399.5398752086166, 2.6575200032021442, 3780.5881590631411, 8.995329570808261, 3618.9517161454755, 1.5307983022943894
2100-Apr-24 04:00:00, 7409.7949847456894, 2.6612030915007976, 3790.9115147255984, 9.0198924119730304, 3618.8834700200914, 1.5307694345279559
2100-Apr-24 05:00:00, 7421.3441628278806, 2.6653509401902546, 3802.5289384935109, 9.04753428968076, 3618.8152243343698, 1.5307405669474972
2100-Apr-24 06:00:00, 7431.5596727112288, 2.669019806405688, 3812.8126947570395, 9.0720029101504451, 3618.7469779541893, 1.5307116990732861
2100-Apr-24 07:00:00, 7438.5162095626201, 2.6715182233542234, 3819.8374801231257, 9.0887173093056806, 3618.678729439494, 1.5306828302961859
2100-Apr-24 08:00:00, 7441.1440512124755, 2.6724620038956513, 3822.5335741845524, 9.0951322515358441, 3618.6104770279235, 1.5306539598707272
2100-Apr-24 09:00:00, 7439.729693310288, 2.6719540419844865, 3821.1874746515659, 9.0919294141928511, 3618.542218658722, 1.5306250869252207
2100-Apr-24 10:00:00, 7434.1573970577338, 2.669952770418325, 3815.6834450887332, 9.0788334201829084, 3618.4739519690011, 1.5305962104601765
2100-Apr-24 11:00:00, 7424.2050237554868, 2.6663784088261036, 3805.7993493923163, 9.0553157307235228, 3618.4056743631704, 1.5305673293776729
2100-Apr-24 12:00:00, 7409.5472308952521, 2.6611141115338657, 3791.2098478384173, 9.0206022498497784, 3618.3373830568344, 1.5305384424999249
2100-Apr-24 13:00:00, 7391.4201218797352, 2.654603820945344, 3773.1510467459434, 8.9776341029250606, 3618.2690751337914, 1.5305095485933935
2100-Apr-24 14:00:00, 7371.196366247892, 2.6473405267354484, 3752.9956186194968, 8.9296773536019458, 3618.2007476283948, 1.5304806464036256
2100-Apr-24 15:00:00, 7351.2883466224575, 2.6401906280564793, 3733.1559490405639, 8.8824719033043227, 3618.1323975818937, 1.5304517346790842
2100-Apr-24 16:00:00, 7334.1133980230788, 2.6340223026975282, 3716.0493758834009, 8.8417694366770245, 3618.0640221396775, 1.5304228122122836
2100-Apr-24 17:00:00, 7320.4559045052438, 2.6291172595692585, 3702.4602859222919, 8.8094362817221548, 3617.9956185829519, 1.5303938778531876
2100-Apr-24 18:00:00, 7310.2296975331747, 2.6254445515301805, 3692.3025131449904, 8.7852674196316975, 3617.9271843881843, 1.5303649305343543
2100-Apr-24 19:00:00, 7303.2638381039378, 2.6229427864089851, 3685.4051208301325, 8.7688561326993799, 3617.8587172738048, 1.5303359692906915
2100-Apr-24 20:00:00, 7298.9859864624486, 2.6214064102964545, 3681.1957712495096, 8.7588406310992717, 3617.7902152129395, 1.5303069932648417
2100-Apr-24 21:00:00, 7296.9482137462601, 2.6206745510394489, 3679.226537317491, 8.7541551410444871, 3617.7216764287691, 1.5302780017052193
2100-Apr-24 22:00:00, 7296.6481323421049, 2.6205667778065749, 3678.9950329627686, 8.7536043119458959, 3617.6530993793367, 1.5302489939595842
2100-Apr-24 23:00:00, 7297.5868745785701, 2.6209039239417851, 3680.0023918608695, 8.756001167912018, 3617.5844827177002, 1.5302199694581868
2100-Apr-25 00:00:00, 7299.4995905421156, 2.6215908694842498, 3681.9837652886972, 8.7607155420348448, 3617.5158252534184, 1.5301909276974766
2100-Apr-25 01:00:00, 7302.2821164362904, 2.6225902043547831, 3684.834990557134, 8.7674995951744918, 3617.4471258791568, 1.5301618682090565
2100-Apr-25 02:00:00, 7305.7528764346534, 2.6238367162024816, 3688.3744929171585, 8.7759212980697807, 3617.3783835174954, 1.5301327905371833
2100-Apr-25 03:00:00, 7309.8392506860737, 2.6253043238506413, 3692.5296536349124, 8.7858078655834273, 3617.3095970511613, 1.5301036942092563
2100-Apr-25 04:00:00, 7314.5750565167273, 2.6270051726788783, 3697.3342912389458, 8.797239763716254, 3617.240765277782, 1.5300745787166778
2100-Apr-25 05:00:00, 7320.1493110209913, 2.6290071475445931, 3702.9774241848186, 8.8106667328872597, 3617.1718868361727, 1.5300454434836739
2100-Apr-25 06:00:00, 7326.4184538900299, 2.6312586892429115, 3709.3154937049117, 8.8257471970312462, 3617.1029601851178, 1.5300162878583177
2100-Apr-25 07:00:00, 7333.1136721044131, 2.6336632544767768, 3716.0796885130035, 8.8418415609291152, 3617.0339835914092, 1.5299871111074714
2100-Apr-25 08:00:00, 7339.4342175447082, 2.6359332572366792, 3722.4692624529939, 8.8570445719393138, 3616.9649550917143, 1.5299579124006548
2100-Apr-25 09:00:00, 7344.4686418865249, 2.6377413539046644, 3727.5727693613239, 8.8691875837342558, 3616.895872525201, 1.5299286908238472
2100-Apr-25 10:00:00, 7347.6554448730285, 2.638885883541064, 3730.8287113189854, 8.8769345981511467, 3616.8267335540431, 1.5298994453881596
2100-Apr-25 11:00:00, 7348.6853298602964, 2.6392557632904565, 3731.9277941684963, 8.8795496971889172, 3616.7575356918001, 1.5298701750418404
2100-Apr-25 12:00:00, 7348.3506101694911, 2.6391355498327576, 3731.6623338218292, 8.8789180750164451, 3616.6882763476615, 1.5298408786889899
2100-Apr-25 13:00:00, 7346.9823210163158, 2.6386441333587531, 3730.3633681169254, 8.8758273853869021, 3616.61895289939, 1.5298115552204148
2100-Apr-25 14:00:00, 7344.7277911997135, 2.6378344265139386, 3728.1782284844744, 8.8706281808385281, 3616.5495627152391, 1.5297822035228996
2100-Apr-25 15:00:00, 7341.9277877274653, 2.6368288146296828, 3725.4476844667188, 8.864131270222007, 3616.480103260747, 1.5297528225243799
2100-Apr-25 16:00:00, 7339.5523646323963, 2.6359756893681561, 3723.1417925102696, 8.8586447540424516, 3616.4105721221272, 1.5297234112038363
2100-Apr-25 17:00:00, 7337.852168950847, 2.6353650697743332, 3721.5112018766358, 8.8547650137672651, 3616.3409670742112, 1.5296939686200335
2100-Apr-25 18:00:00, 7336.939559452202, 2.6350373091245274, 3720.6682733218345, 8.8527593945789107, 3616.2712861303676, 1.5296644939326365
2100-Apr-25 19:00:00, 7336.7861568946028, 2.6349822151089213, 3720.5846293221962, 8.852560376513015, 3616.2015275724061, 1.5296349864148595
2100-Apr-25 20:00:00, 7337.6117927168361, 2.6352787394536712, 3721.4801027143189, 8.8546910180812386, 3616.1316900025172, 1.5296054454754362
2100-Apr-25 21:00:00, 7339.4361722579233, 2.6359339592653943, 3723.3743999291719, 8.859198207713046, 3616.061772328751, 1.5295758706524774
2100-Apr-25 22:00:00, 7342.2286323544431, 2.6369368619714812, 3726.2368585607264, 8.8660089889170006, 3615.9917737937167, 1.5295462616256104
2100-Apr-25 23:00:00, 7345.8014587804428, 2.6382200306353703, 3729.8797648061382, 8.8746767254950978, 3615.9216939743046, 1.5295166182158622
2100-Apr-26 00:00:00, 7350.0358194740811, 2.6397407871194076, 3734.184286726786, 8.8849186750785698, 3615.8515327472951, 1.5294869403711111
2100-Apr-26 01:00:00, 7354.6545475358607, 2.6413995878584444, 3738.8732572537574, 8.8960753611452077, 3615.7812902821033, 1.5294572281630192
2100-Apr-26 02:00:00, 7359.6990226433591, 2.6432112942253156, 3743.9880556413732, 8.9082452392829641, 3615.7109670019863, 1.5294274817706222
2100-Apr-26 03:00:00, 7365.1818547421553, 2.6451804350398098, 3749.5412911803987, 8.921458311364912, 3615.6405635617562, 1.5293977014709019
2100-Apr-26 04:00:00, 7370.8619397621951, 2.6472204185813837, 3755.2918589709025, 8.9351409052678861, 3615.5700807912922, 1.5293678876148933
2100-Apr-26 05:00:00, 7376.6522415538129, 2.6492999861079207, 3761.1527218860565, 8.9490859295003595, 3615.499519667756, 1.5293380406159307
2100-Apr-26 06:00:00, 7382.3349504230928, 2.6513409119961753, 3766.9060691366049, 8.9627751367021329, 3615.4288812864879, 1.5293081609373378
2100-Apr-26 07:00:00, 7387.4155591212584, 2.6531655956213092, 3772.0573923035886, 8.9750319199493838, 3615.3581668176694, 1.529278249074095
2100-Apr-26 08:00:00, 7391.4240504773024, 2.6546052318880236, 3776.136673004894, 8.9847379426041165, 3615.2873774724089, 1.5292483055384956
2100-Apr-26 09:00:00, 7393.8629776462449, 2.6554811644253338, 3778.6464631496774, 8.9907096032442126, 3615.2165144965675, 1.5292183308575322
2100-Apr-26 10:00:00, 7393.7588150435313, 2.6554437547748737, 3778.6132359093895, 8.9906305441231069, 3615.1455791341414, 1.5291883255574088
2100-Apr-26 11:00:00, 7389.0267221740651, 2.6537442394442312, 3773.9521495439203, 8.9795402041412498, 3615.0745726301443, 1.5291582901647602
2100-Apr-26 12:00:00, 7380.1073016752807, 2.6505408593973305, 3765.1038054580936, 8.9584869267518261, 3615.0034962171871, 1.5291282252009746
2100-Apr-26 13:00:00, 7368.3318902807869, 2.646311759770251, 3753.3995391732869, 8.9306384205970524, 3614.9323511074999, 1.529098131178819
2100-Apr-26 14:00:00, 7355.0180832685073, 2.6415301505012141, 3740.1569447680363, 8.899129698663879, 3614.8611385004715, 1.529068008605629
2100-Apr-26 15:00:00, 7341.1103354528059, 2.6365352293786795, 3726.3204758709276, 8.8662079434794752, 3614.7898595818779, 1.5290378579829815
2100-Apr-26 16:00:00, 7327.6561093349073, 2.6317031890574003, 3712.9375937956852, 8.8343654285561097, 3614.7185155392222, 1.5290076798131849
2100-Apr-26 17:00:00, 7315.3845787313958, 2.6272959098753526, 3700.7374711841153, 8.8053371083376657, 3614.6471075472805, 1.528977474593163
2100-Apr-26 18:00:00, 7305.2965227506429, 2.623672818302849, 3690.7208859711113, 8.7815041803978549, 3614.5756367795316, 1.5289472428192916
2100-Apr-26 19:00:00, 7298.0711183781723, 2.6210778384831714, 3683.5670139756021, 8.764482639410188, 3614.5041044025702, 1.5289169849850346
2100-Apr-26 20:00:00, 7293.9071845131475, 2.6195823755591339, 3679.4746729486919, 8.754745541714172, 3614.4325115644551, 1.5288867015760148
2100-Apr-26 21:00:00, 7292.6661845846002, 2.6191366745845182, 3678.3053252166164, 8.7519632581671853, 3614.3608593679837, 1.52885639305871
2100-Apr-26 22:00:00, 7294.5136927187095, 2.6198002009530867, 3680.2245438604555, 8.7565297445162429, 3614.2891488582541, 1.5288260598751913
2100-Apr-26 23:00:00, 7299.4171098453307, 2.6215612468178029, 3685.1997288567445, 8.7683674340064552, 3614.2173809885862, 1.5287957024287084
2100-Apr-27 00:00:00, 7306.6817755693683, 2.6241703272206114, 3692.5362189852804, 8.7858234868274838, 3614.1455565840884, 1.5287653210682781
2100-Apr-27 01:00:00, 7315.7725534503079, 2.6274352496983191, 3701.6988771648803, 8.8076246263863052, 3614.0736762854281, 1.5287349160648991
2100-Apr-27 02:00:00, 7326.1718805299515, 2.6311701332451447, 3712.1701399960866, 8.8325393899697033, 3614.0017405338644, 1.528704487605222
2100-Apr-27 03:00:00, 7337.0042117767134, 2.6350605287906879, 3723.0744622540979, 8.8584845520265567, 3613.9297495226156, 1.5286740357709772
2100-Apr-27 04:00:00, 7348.6995990153209, 2.6392608880097694, 3734.8418958667708, 8.886483355147929, 3613.8577031485502, 1.5286435605185404
2100-Apr-27 05:00:00, 7361.5238046078584, 2.6438666585660617, 3747.7382035987616, 8.917168141063506, 3613.7856010090968, 1.5286130616776263
2100-Apr-27 06:00:00, 7372.635376681048, 2.6478573425206759, 3758.9219343014238, 8.9437781126523035, 3613.7134423796247, 1.5285825389417194
2100-Apr-27 07:00:00, 7377.7368176645268, 2.64968950799142, 3764.0955914552796, 8.9560880361952151, 3613.6412262092467, 1.5285519918662998
2100-Apr-27 08:00:00, 7376.5842783610142, 2.6492755773544863, 3763.0153272157409, 8.9535177131530403, 3613.5689511452733, 1.5285214198791868
2100-Apr-27 09:00:00, 7369.0741215177204, 2.6465783296370833, 3755.5775059674174, 8.9358205584769781, 3613.4966155503025, 1.5284908222877676
2100-Apr-27 10:00:00, 7355.9653174808009, 2.6418703465011468, 3742.5410999233454, 8.9048024301193092, 3613.4242175574554, 1.5284601983023616
2100-Apr-27 11:00:00, 7337.6927753441796, 2.6353078240934877, 3724.3410202252239, 8.8614981324250195, 3613.3517551189552, 1.5284295470567699
2100-Apr-27 12:00:00, 7315.9588930502614, 2.6275021729425503, 3702.679666981875, 8.8099582652997128, 3613.2792260683868, 1.5283988676346096
2100-Apr-27 13:00:00, 7292.6897048860137, 2.6191451218221222, 3679.4830766925679, 8.7547655371335651, 3613.2066281934462, 1.5283681591000875
2100-Apr-27 14:00:00, 7270.0496636481221, 2.6110140267165201, 3656.9157043405471, 8.7010699365252524, 3613.133959307575, 1.5283374205283002
2100-Apr-27 15:00:00, 7249.4724172832521, 2.6036237774918791, 3636.411199965296, 8.6522826138174622, 3613.0612173179557, 1.5283066510339967
2100-Apr-27 16:00:00, 7231.8018265365517, 2.5972774439130726, 3618.8134262425597, 8.6104114107960381, 3612.9884002939921, 1.5282758498005444
2100-Apr-27 17:00:00, 7217.595932320286, 2.592175444507733, 3604.6804258103793, 8.5767841043127682, 3612.9155065099071, 1.5282450160979484
2100-Apr-27 18:00:00, 7206.813817762215, 2.5883030841180159, 3593.9712832915807, 8.5513033425042089, 3612.8425344706343, 1.5282141492938031
2100-Apr-27 19:00:00, 7199.236857173737, 2.585581844058912, 3586.4673742280715, 8.5334489420099828, 3612.7694829456655, 1.5281832488676095
2100-Apr-27 20:00:00, 7194.4780111023956, 2.5838727204052749, 3581.7816601602594, 8.5223000041883648, 3612.6963509421366, 1.5281523143993916
2100-Apr-27 21:00:00, 7192.1561847014882, 2.5830388442172367, 3579.5330470068679, 8.5169497741339431, 3612.6231376946203, 1.5281213455653773
2100-Apr-27 22:00:00, 7191.8675723859533, 2.5829351900691897, 3579.3177297746324, 8.5164374598101542, 3612.5498426113209, 1.5280903421152399
2100-Apr-27 23:00:00, 7193.5884869494212, 2.5835532507801728, 3581.1120217322368, 8.5207067022734488, 3612.4764652171843, 1.5280593038480339
2100-Apr-28 00:00:00, 7197.0848320019168, 2.5848089514145101, 3584.681826920661, 8.5292005061003682, 3612.4030050812557, 1.5280282305814676
2100-Apr-28 01:00:00, 7202.0640289544863, 2.586597213350319, 3589.7345672105303, 8.5412227265144374, 3612.329461743956, 1.5279971221211417
2100-Apr-28 02:00:00, 7208.6746030256618, 2.5889713789231887, 3596.4187683870268, 8.5571267578371906, 3612.255834638635, 1.5279659782273656
2100-Apr-28 03:00:00, 7217.2424444799944, 2.5920484905319037, 3605.0603214574658, 8.5776880077278665, 3612.1821230225287, 1.5279347985859542
2100-Apr-28 04:00:00, 7227.6452634416473, 2.5957846281764767, 3615.5369375278333, 8.6026155085226463, 3612.1083259138136, 1.5279035827816008
2100-Apr-28 05:00:00, 7239.1843142119233, 2.599928839675723, 3627.1498721634116, 8.6302467050286342, 3612.0344420485117, 1.5278723302796493
2100-Apr-28 06:00:00, 7251.3908483540072, 2.6043127755959876, 3639.4303784953549, 8.6594662859785991, 3611.9604698586527, 1.5278410404168563
2100-Apr-28 07:00:00, 7262.7098354933278, 2.6083779519780372, 3650.8234280498391, 8.6865742996651605, 3611.8864074434891, 1.5278097123892149
2100-Apr-28 08:00:00, 7270.8007660018839, 2.6112837826152973, 3658.9885133897374, 8.706001867682609, 3611.8122526121465, 1.5277783452699965
2100-Apr-28 09:00:00, 7274.2639877381425, 2.6125275871213676, 3662.5259848556793, 8.714418738376974, 3611.7380028824632, 1.527746938009259
2100-Apr-28 10:00:00, 7271.3797717285179, 2.6114917305859073, 3659.7161161790018, 8.7077330869031915, 3611.6636555495156, 1.5277154894628338
2100-Apr-28 11:00:00, 7261.3785537968679, 2.6078998266083651, 3649.7893460645764, 8.6841138602125394, 3611.5892077322915, 1.5276839984120667
2100-Apr-28 12:00:00, 7246.161590907197, 2.6024347052698378, 3634.6469344463953, 8.6480848146589153, 3611.5146564608017, 1.5276524636006679
2100-Apr-28 13:00:00, 7225.7276886076479, 2.5950959375869354, 3614.2876898555014, 8.5996431153247119, 3611.4399987521465, 1.5276208837668854
2100-Apr-28 14:00:00, 7204.4953767854868, 2.5874704237937514, 3593.1301450907449, 8.5493019831884691, 3611.3652316947419, 1.5275892576791341
2100-Apr-28 15:00:00, 7185.597263685203, 2.5806832296663105, 3574.3069111453506, 8.5045149855565434, 3611.2903525398524, 1.5275575841747127
2100-Apr-28 16:00:00, 7170.0208451832414, 2.5750890110465963, 3558.8054864073792, 8.46763172335808, 3611.2153587758621, 1.5275258621912204
2100-Apr-28 17:00:00, 7157.4740920274126, 2.5705828866051874, 3546.3338438222045, 8.43795736301443, 3611.1402482052076, 1.527494090799099
2100-Apr-28 18:00:00, 7147.5682106213826, 2.5670252224220302, 3536.5031916397229, 8.4145668341980571, 3611.0650189816602, 1.5274622692174029
2100-Apr-28 19:00:00, 7140.1832686202015, 2.5643729451964719, 3529.1935989459334, 8.3971747796968597, 3610.9896696742676, 1.5274303968408467
2100-Apr-28 20:00:00, 7135.2733904670949, 2.5626095788756982, 3524.3591912047937, 8.3856720480896172, 3610.9141992623013, 1.5273984732376673
2100-Apr-28 21:00:00, 7132.6338470535411, 2.5616615956849675, 3521.7952399213682, 8.3795715193286053, 3610.8386071321725, 1.5273664981483199
2100-Apr-28 22:00:00, 7131.9768087521925, 2.5614256225760781, 3521.2139156974577, 8.3781883475147083, 3610.7628930547348, 1.5273344714758765
2100-Apr-28 23:00:00, 7133.0084160842507, 2.5617961208998428, 3522.3213589398247, 8.3808233388247704, 3610.687057144426, 1.527302393268744
2100-Apr-29 00:00:00, 7135.4728908249417, 2.562681228762119, 3524.861791046319, 8.3868679073121886, 3610.6110997786222, 1.5272702636865501
2100-Apr-29 01:00:00, 7139.190839903611, 2.5640165177414449, 3528.6558183611587, 8.3958952132925599, 3610.5350215424523, 1.5272380829768017
2100-Apr-29 02:00:00, 7144.0398408893143, 2.5657580202311103, 3533.5810177696062, 8.4076139697444425, 3610.4588231197085, 1.5272058514287397
2100-Apr-29 03:00:00, 7149.944053393634, 2.5678784984092138, 3539.5615481427867, 8.4218437243359396, 3610.3825052508473, 1.5271735693555728
2100-Apr-29 04:00:00, 7156.5528145773105, 2.5702520128896005, 3546.246745962957, 8.4377501270194273, 3610.3060686143535, 1.5271412370442972
2100-Apr-29 05:00:00, 7163.6101879233083, 2.5727866449279913, 3553.3806741328872, 8.4547242147335719, 3610.2295137904207, 1.5271088547403318
2100-Apr-29 06:00:00, 7170.6674518032687, 2.5753212376520209, 3560.514610614227, 8.4716983222234408, 3610.1528411890422, 1.5270764226171014
2100-Apr-29 07:00:00, 7177.2763066046427, 2.5776947857548906, 3567.2002555933482, 8.4876057888530561, 3610.076051011295, 1.5270439407596608
2100-Apr-29 08:00:00, 7181.5145247829805, 2.5792169276416588, 3571.5153815423268, 8.4978729690952512, 3609.9991432406537, 1.5270114091610196
2100-Apr-29 09:00:00, 7182.4803861829223, 2.5795638135337486, 3572.558268560203, 8.5003543587722579, 3609.9221176227197, 1.526978827713569
2100-Apr-29 10:00:00, 7180.3194757193014, 2.5787877297665078, 3570.4745020331075, 8.4953963559771353, 3609.8449736861944, 1.5269461962179514
2100-Apr-29 11:00:00, 7171.549831400318, 2.5756381413337528, 3561.7821206268854, 8.4747141678586839, 3609.7677107734321, 1.5269135143959864
2100-Apr-29 12:00:00, 7157.2375579120235, 2.5704979361685809, 3547.5472298395212, 8.4408444289055424, 3609.6903280725023, 1.5268807819042316
2100-Apr-29 13:00:00, 7139.6999813252987, 2.5641993741805496, 3530.0871566456103, 8.3993008631687811, 3609.6128246796884, 1.5268479983604191
2100-Apr-29 14:00:00, 7121.7028067832371, 2.5577357491236876, 3512.1676071301158, 8.3566640440098716, 3609.5351996531213, 1.5268151633661431
2100-Apr-29 15:00:00, 7106.258583351474, 2.552189007921394, 3496.801131298751, 8.3201018720331064, 3609.4574520527231, 1.5267822765237555
2100-Apr-29 16:00:00, 7094.9301251337747, 2.5481204300332148, 3485.5505441015621, 8.2933328256715715, 3609.3795810322126, 1.5267493374752836
2100-Apr-29 17:00:00, 7087.5813768808512, 2.5454811516713165, 3478.2797910230261, 8.2760331840767556, 3609.3015858578251, 1.5267163459103488
2100-Apr-29 18:00:00, 7083.3240934941568, 2.543952162578718, 3474.1006275210179, 8.2660895056200747, 3609.2234659731389, 1.5266833015935872
2100-Apr-29 19:00:00, 7081.6111891925721, 2.5433369787265052, 3472.4659681850612, 8.2622000844918624, 3609.1452210075104, 1.5266502043682186
2100-Apr-29 20:00:00, 7082.1356282707266, 2.5435253292677769, 3473.068777467498, 8.2636343767066496, 3609.0668508032286, 1.5266170541675321
2100-Apr-29 21:00:00, 7084.4664706718431, 2.5443624435221421, 3475.4781152646665, 8.2693670263952921, 3608.9883554071762, 1.5265838510113587
2100-Apr-29 22:00:00, 7088.3762163150113, 2.5457666155962682, 3479.4664812515525, 8.2788567314336561, 3608.9097350634584, 1.5265505950029539
2100-Apr-29 23:00:00, 7093.5577768828134, 2.5476275557478139, 3484.7267867169508, 8.2913728213417688, 3608.8309901658627, 1.5265172863088876
2100-Apr-30 00:00:00, 7099.7910129092852, 2.5498662016236913, 3491.0388916736351, 8.3063915067901668, 3608.7521212356501, 1.5264839251496507
2100-Apr-30 01:00:00, 7106.6828023994576, 2.5523413647739508, 3498.0096735449811, 8.3229774129139678, 3608.6731288544765, 1.5264505117712805
2100-Apr-30 02:00:00, 7114.2216973939194, 2.5550489337022495, 3505.6276837646383, 8.3411032996057841, 3608.5940136292807, 1.5264170464305093
2100-Apr-30 03:00:00, 7122.3251017032999, 2.557959244263365, 3513.8103255733586, 8.3605726405475789, 3608.5147761299413, 1.5263835293683927
2100-Apr-30 04:00:00, 7131.1168102459524, 2.5611167569882713, 3522.6813933907242, 8.3816799855703099, 3608.4354168552277, 1.5263499607959079
2100-Apr-30 05:00:00, 7140.4729370866471, 2.5644769786575869, 3532.1170008998724, 8.4041305661875363, 3608.3559361867747, 1.5263163408744842
2100-Apr-30 06:00:00, 7149.9975869106875, 2.5678977247928554, 3541.7212525363493, 8.4269824096352224, 3608.2763343743386, 1.5262826697097673
2100-Apr-30 07:00:00, 7158.9811260713122, 2.5711241328427525, 3550.7845145440356, 8.4485470512506495, 3608.1966115272771, 1.526248947348015
2100-Apr-30 08:00:00, 7166.1991380280651, 2.5737164577010443, 3558.0823704236072, 8.4659111798028786, 3608.1167676044574, 1.5262151737718284
2100-Apr-30 09:00:00, 7170.2887040918195, 2.575185211677931, 3562.2519016409979, 8.475831939715933, 3608.0368024508216, 1.5261813489156186
2100-Apr-30 10:00:00, 7169.5295566184832, 2.5749125664013603, 3561.5728408252303, 8.4742162186748011, 3607.9567157932529, 1.5261474726638589
2100-Apr-30 11:00:00, 7163.8213108173541, 2.5728624690094239, 3555.9448035023051, 8.4608251672228842, 3607.8765073150489, 1.5261135448825855
2100-Apr-30 12:00:00, 7155.4560744615392, 2.5698581223443595, 3547.6598977929912, 8.4411125050172195, 3607.7961766685485, 1.5260795654247397
2100-Apr-30 13:00:00, 7145.7422858769696, 2.5663694476556995, 3538.0265623362211, 8.4181914610806921, 3607.715723540749, 1.5260455341579227
2100-Apr-30 14:00:00, 7135.4845277260738, 2.5626854081162485, 3527.8493800219931, 8.393976416974601, 3607.6351477040803, 1.5260114509858738
2100-Apr-30 15:00:00, 7124.4954809836509, 2.5587387287244723, 3516.9410319297153, 8.3680216760626855, 3607.5544490539351, 1.5259773158643444
2100-Apr-30 16:00:00, 7112.937097431527, 2.5545875739212707, 3505.4634697756878, 8.3407125776100006, 3607.4736276558392, 1.5259431288210517
2100-Apr-30 17:00:00, 7101.2517878260069, 2.5503908340504142, 3493.8591040246083, 8.313101769450185, 3607.3926838013986, 1.5259088899793434
2100-Apr-30 18:00:00, 7090.4414806466757, 2.5465083483750437, 3483.1298626520243, 8.2875731855022678, 3607.3116179946514, 1.5258745995524252
2100-Apr-30 19:00:00, 7081.9155883752646, 2.5434463026751031, 3474.6851573740587, 8.2674803047367345, 3607.2304310012064, 1.5258402578641459
2100-Apr-30 20:00:00, 7076.3058874945982, 2.5414315973618309, 3469.1567636662871, 8.2543263399814428, 3607.1491238283115, 1.5258058653405659
2100-Apr-30 21:00:00, 7073.6340005308757, 2.5404719980932091, 3466.5663028109125, 8.2481627357606264, 3607.0676977199637, 1.5257714225078902
2100-Apr-30 22:00:00, 7073.5376171220305, 2.5404373823142143, 3466.5514630132257, 8.2481274267385007, 3606.9861541088044, 1.5257369299721184
2100-Apr-30 23:00:00, 7075.542110052007, 2.5411572892472845, 3468.6376154480295, 8.2530911064350096, 3606.904494603978, 1.5257023884139105
2100-May-01 00:00:00, 7079.2505909345036, 2.5424891777556153, 3472.4278700305072, 8.2621094357774734, 3606.8227209039965, 1.5256677985517286
2100-May-01 01:00:00, 7084.3619597630623, 2.5443249087787225, 3477.6211249954167, 8.2744659893054244, 3606.740834767646, 1.5256331611295306
2100-May-01 02:00:00, 7090.6832884537998, 2.5465951928404023, 3484.024450529665, 8.2897017201246221, 3606.6588379241343, 1.5255984768787623
2100-May-01 03:00:00, 7098.0721660709005, 2.5492488835292582, 3491.4954340423837, 8.307477779321621, 3606.5767320285167, 1.5255637464995038
2100-May-01 04:00:00, 7106.4424902200899, 2.5522550574582996, 3499.9479716420415, 8.3275892958951196, 3606.494518578048, 1.5255289706250865
2100-May-01 05:00:00, 7115.5214649238751, 2.5555157408644007, 3509.1092660475369, 8.3493871905626662, 3606.4121988763377, 1.5254941498069303
2100-May-01 06:00:00, 7124.5089327176665, 2.5587435598697632, 3518.1791587345715, 8.3709676088624363, 3606.3297739830955, 1.5254592844932875
2100-May-01 07:00:00, 7132.5366933124405, 2.5616267032437192, 3526.2894486440259, 8.3902647995589295, 3606.2472446684142, 1.525424375009903
2100-May-01 08:00:00, 7138.6068578441373, 2.5638067825375357, 3532.4422464303834, 8.4049044380337374, 3606.1646114137534, 1.5253894215604322
2100-May-01 09:00:00, 7142.257270106451, 2.5651178158951011, 3536.1753957111332, 8.4137868940708671, 3606.0818743953173, 1.5253544242194084
2100-May-01 10:00:00, 7141.1633184208749, 2.5647249268052406, 3535.1642849078985, 8.4113811110220311, 3605.9990335129764, 1.5253193829444771
2100-May-01 11:00:00, 7127.409570738937, 2.5597853143157931, 3521.4934823465669, 8.3788535334698917, 3605.9160883923705, 1.5252842975772862
2100-May-01 12:00:00, 7103.2359686601521, 2.5511034459621871, 3497.4029302121344, 8.321533760229725, 3605.8330384480173, 1.5252491678701796
2100-May-01 13:00:00, 7075.2976600497022, 2.5410694958463615, 3469.5477771298551, 8.2552566965353531, 3605.7498829198471, 1.5252139935016513
2100-May-01 14:00:00, 7048.1557474353713, 2.5313215686895103, 3442.4891265038864, 8.1908747882498805, 3605.6666209314849, 1.5251787741009997
2100-May-01 15:00:00, 7023.5281248015217, 2.5224766403717314, 3417.9448732614833, 8.1324755028224232, 3605.5832515400384, 1.5251435092693855
2100-May-01 16:00:00, 7001.9244661290804, 2.5147177585989988, 3396.4246923170213, 8.0812715335260599, 3605.4997738120592, 1.525108198611965
2100-May-01 17:00:00, 6983.8261933147169, 2.5082178244356972, 3378.4100064574186, 8.0384083520305474, 3605.4161868572978, 1.5250728417521673
2100-May-01 18:00:00, 6969.425902488987, 2.5030460081381025, 3364.0934126146731, 8.0043442131906239, 3605.3324898743144, 1.525037438350987
2100-May-01 19:00:00, 6958.7505903780266, 2.4992120054901332, 3353.5019081928108, 7.9791433531876832, 3605.2486821852158, 1.5250019881216792
2100-May-01 20:00:00, 6951.5180313527335, 2.4966144561008186, 3346.3532681134411, 7.9621342607418786, 3605.1647632392924, 1.5249664908312963
2100-May-01 21:00:00, 6947.4159965173512, 2.4951412240062956, 3342.3352639163863, 7.9525740361290094, 3605.0807326009644, 1.5249309462955902
2100-May-01 22:00:00, 6946.1161073325547, 2.4946743731522152, 3341.1195173944452, 7.9496813537792512, 3604.9965899381095, 1.5248953543740749
2100-May-01 23:00:00, 6947.0539473867375, 2.4950111952716751, 3342.1416124280586, 7.9521132721192584, 3604.9123349586794, 1.5248597149432153
2100-May-02 00:00:00, 6949.6986088137955, 2.4959610165798418, 3344.870641439828, 7.9586065780114419, 3604.8279673739676, 1.5248240278808902
2100-May-02 01:00:00, 6953.7077518132064, 2.4974008868820925, 3348.9642649937005, 7.9683467272836204, 3604.7434868195064, 1.5247882930329317
2100-May-02 02:00:00, 6959.0244594378419, 2.4993103646471879, 3354.3655666492259, 7.9811982959968981, 3604.6588927886155, 1.5247525101850163
2100-May-02 03:00:00, 6965.3030624469984, 2.5015653039231962, 3360.7288778821785, 7.9963388189244791, 3604.5741845648199, 1.5247166790340787
2100-May-02 04:00:00, 6972.4398935351182, 2.5041284729439752, 3367.9505323802809, 8.0135216379790251, 3604.4893611548368, 1.5246807991599656
2100-May-02 05:00:00, 6980.109030769745, 2.5068828179373184, 3375.704609512868, 8.0319712750170815, 3604.4044212568765, 1.5246448700120263
2100-May-02 06:00:00, 6987.7754526721228, 2.5096361877281637, 3383.4560894697697, 8.0504147324740085, 3604.3193632023531, 1.5246088908844573
2100-May-02 07:00:00, 6994.227034707088, 2.5119532518428751, 3389.9928497483556, 8.0659679507980648, 3604.2341849587328, 1.5245728609175073
2100-May-02 08:00:00, 6998.4550608691488, 2.5134717333010781, 3394.3061767250106, 8.0762308506615827, 3604.1488841441383, 1.5245367791036541
2100-May-02 09:00:00, 6999.6400971098792, 2.5138973351043483, 3395.5766390889166, 8.0792537209637203, 3604.0634580209621, 1.5245006442849036
2100-May-02 10:00:00, 6997.3383658777193, 2.5130706760289709, 3393.3604623031556, 8.073980668270238, 3603.9779035745637, 1.5244644551860782
2100-May-02 11:00:00, 6990.6994238234729, 2.5106863221898394, 3386.8072062651991, 8.0583882008172587, 3603.8922175582734, 1.5244282104338527
2100-May-02 12:00:00, 6980.7299538816696, 2.5071058203966898, 3376.9235573218452, 8.0348715743382542, 3603.8063965598244, 1.5243919085848556
2100-May-02 13:00:00, 6968.7521384687216, 2.5028040280431925, 3365.0317013711588, 8.0065767273503425, 3603.7204370975628, 1.5243555481663651
2100-May-02 14:00:00, 6955.7965343632222, 2.4981510661503474, 3352.162198657581, 7.9759557198641078, 3603.6343357056412, 1.5243191277123451
2100-May-02 15:00:00, 6942.5939854916287, 2.493409414870507, 3339.0458964800482, 7.9447474909131772, 3603.5480890115809, 1.5242826457962539
2100-May-02 16:00:00, 6929.8039273830482, 2.4888159082688937, 3326.3422335489722, 7.9145210737490803, 3603.461693834076, 1.5242461010724155
2100-May-02 17:00:00, 6918.0667172554367, 2.484600528499076, 3314.6915700241229, 7.8868001071387992, 3603.3751472313138, 1.524209492296458
2100-May-02 18:00:00, 6907.5596130205731, 2.4808269371473446, 3304.2711664305061, 7.8620063553092834, 3603.288446590067, 1.5241728183629992
2100-May-02 19:00:00, 6898.8744505821041, 2.4777076900994812, 3295.6728609316747, 7.8415480063809389, 3603.2015896504295, 1.5241360783161104
2100-May-02 20:00:00, 6892.2332745352614, 2.4753225339293792, 3289.1186999937499, 7.8259533858573, 3603.114574541511, 1.5240992713644144
2100-May-02 21:00:00, 6887.6802727534232, 2.4736873385640039, 3284.6528729749734, 7.8153276355375221, 3603.0273997784502, 1.5240623968798224
2100-May-02 22:00:00, 6885.0763845333513, 2.4727521608167864, 3282.1363202631719, 7.8093398844066035, 3602.9400642701798, 1.5240254544008183
2100-May-02 23:00:00, 6884.2132082028511, 2.4724421539240224, 3281.3606409321928, 7.8074942744300992, 3602.8525672706578, 1.5239884436118303
2100-May-03 00:00:00, 6884.7244608032115, 2.4726257685858881, 3281.9595524538986, 7.8089192925211552, 3602.7649083493129, 1.5239513643307288
2100-May-03 01:00:00, 6886.3311044338043, 2.4732027892734343, 3283.654017105514, 7.8129510112236611, 3602.6770873282903, 1.5239142164822821
2100-May-03 02:00:00, 6888.9106080165602, 2.4741292093596985, 3286.3215037919381, 7.8192978865934641, 3602.5891042246221, 1.5238770000736948
2100-May-03 03:00:00, 6892.4129727075197, 2.4753870719270612, 3289.9120135245876, 7.827840953707228, 3602.5009591829321, 1.523839715166142
2100-May-03 04:00:00, 6896.8328379335635, 2.4769744517436121, 3294.4201855162655, 7.8385674573941779, 3602.4126524172975, 1.5238023618501773
2100-May-03 05:00:00, 6901.9811811782056, 2.4788234620046183, 3299.656997050939, 7.8510276470981717, 3602.324184127267, 1.5237649402102085
2100-May-03 06:00:00, 6907.3863651884403, 2.4807647157677493, 3305.1508107125492, 7.8640993339383058, 3602.2355544758911, 1.5237274503152056
2100-May-03 07:00:00, 6912.0684823149049, 2.4824462824774045, 3309.9217187946542, 7.8754509778479145, 3602.1467635202507, 1.5236898921893132
2100-May-03 08:00:00, 6914.8785826572966, 2.48345552061881, 3312.8207714570131, 7.8823488289345311, 3602.0578112002836, 1.5236522658071254
2100-May-03 09:00:00, 6915.1396554347275, 2.4835492840338351, 3313.170958119616, 7.8831820443784997, 3601.9686973151115, 1.5236145710836717
2100-May-03 10:00:00, 6912.116684425524, 2.4824635941042525, 3310.2372629176089, 7.8762017666830602, 3601.8794215079151, 1.5235768078680194
2100-May-03 11:00:00, 6905.1276380248946, 2.4799535014598151, 3303.3376547292783, 7.8597852074197361, 3601.7899832956159, 1.5235389759558287
2100-May-03 12:00:00, 6894.5453570529662, 2.4761529106343469, 3292.8449749751521, 7.8348194855536697, 3601.7003820778136, 1.523501075093133
2100-May-03 13:00:00, 6881.4564949274027, 2.4714520895691914, 3279.8458777623537, 7.8038901278367288, 3601.610617165049, 1.5234631049882952
2100-May-03 14:00:00, 6867.6999900769169, 2.4665114868518794, 3266.179302259739, 7.7713726079223617, 3601.5206878171775, 1.5234250653282373
2100-May-03 15:00:00, 6853.6310319744553, 2.4614586675939183, 3252.20043868121, 7.738112046437295, 3601.4305932932452, 1.5233869557995396
2100-May-03 16:00:00, 6840.219520253002, 2.4566419680052918, 3238.8791873721225, 7.7064161724676481, 3601.340332880879, 1.5233487761008722
2100-May-03 17:00:00, 6828.670006182876, 2.4524939986468919, 3227.420100250818, 7.6791510325212009, 3601.2499059320585, 1.5233105259581254
2100-May-03 18:00:00, 6819.6822509041349, 2.4492660763922709, 3218.5229389880037, 7.6579816021478395, 3601.1593119161312, 1.5232722051468361
2100-May-03 19:00:00, 6813.4106800488717, 2.4470136626908188, 3212.3421296283641, 7.6432753144314667, 3601.0685504205071, 1.5232338134924808
2100-May-03 20:00:00, 6809.7868079333939, 2.4457121611382435, 3208.8091867592047, 7.6348692188384462, 3600.9776211741892, 1.5231953508804288
2100-May-03 21:00:00, 6808.7175066867803, 2.445328125171109, 3207.8309826372265, 7.6325417321896758, 3600.8865240495534, 1.5231568172566963
2100-May-03 22:00:00, 6810.3706949830739, 2.445921862219703, 3209.5754359267971, 7.6366923911877871, 3600.7952590562772, 1.5231182126253764
2100-May-03 23:00:00, 6814.2084510710156, 2.4473001794857923, 3213.5046247615433, 7.6460412932705895, 3600.7038263094719, 1.5230795370351609
2100-May-04 00:00:00, 6819.6443586066189, 2.4492524675003247, 3219.0321326095445, 7.6591931502584512, 3600.6122259970743, 1.5230407905655459
2100-May-04 01:00:00, 6826.2887295303299, 2.4516387710997707, 3225.7682711733391, 7.675220758626927, 3600.5204583569912, 1.5230019733171647
2100-May-04 02:00:00, 6833.8072726014107, 2.4543390307028412, 3233.3787489818783, 7.6933287231019829, 3600.4285236195328, 1.5229630853874376
2100-May-04 03:00:00, 6841.9006589807559, 2.4572457433578827, 3241.5642370093979, 7.7128048361847927, 3600.3364219713585, 1.5229241268553206
2100-May-04 04:00:00, 6850.4718302322472, 2.4603240508521127, 3250.2276767254234, 7.7334181619911639, 3600.2441535068233, 1.5228850977607251
2100-May-04 05:00:00, 6859.1602725343164, 2.4634444758520209, 3259.0085543275391, 7.7543109132321595, 3600.1517182067773, 1.5228459980955511
2100-May-04 06:00:00, 6867.4218070043462, 2.4664115783315692, 3267.3626910903722, 7.7741883001094205, 3600.0591159139744, 1.522806827793284
2100-May-04 07:00:00, 6874.0350739660007, 2.4687867110470498, 3274.0687276562976, 7.7901442853917047, 3599.9663463097036, 1.5227675867191108
2100-May-04 08:00:00, 6877.3178904968272, 2.4699657236268378, 3277.4444815738548, 7.7981763739876495, 3599.8734089229724, 1.5227282746738042
2100-May-04 09:00:00, 6876.3242488140822, 2.4696088605390725, 3276.5439456667837, 7.7960336869417111, 3599.780303147299, 1.5226888914008252
2100-May-04 10:00:00, 6871.617084130743, 2.4679182980831214, 3271.9300558815389, 7.7850556439823988, 3599.6870282492041, 1.5226494365899159
2100-May-04 11:00:00, 6863.9919362935671, 2.4651797517347789, 3264.3983528724648, 7.7671351120583774, 3599.5935834211027, 1.5226099098994719
2100-May-04 12:00:00, 6853.3556215553162, 2.4613597548628166, 3253.8556537333966, 7.742050376738967, 3599.4999678219192, 1.5225703109737225
2100-May-04 13:00:00, 6841.477777867769, 2.4570938670202063, 3242.0715972417224, 7.7140120220270116, 3599.4061806260461, 1.5225306394634399
2100-May-04 14:00:00, 6829.7853735953577, 2.4528945791234591, 3230.4731525248699, 7.6864153020598351, 3599.3122210704873, 1.5224908950458804
2100-May-04 15:00:00, 6819.0730633311796, 2.4490472887124781, 3219.8549748215082, 7.6611509770753292, 3599.2180885096714, 1.5224510774479709
2100-May-04 16:00:00, 6809.5429682248923, 2.4456245869222992, 3210.4191857649698, 7.6386999644939371, 3599.1237824599229, 1.5224111864651189
2100-May-04 17:00:00, 6801.3314179228728, 2.442675436089552, 3202.3021152737938, 7.6193866404433992, 3599.0293026490785, 1.5223712219822008
2100-May-04 18:00:00, 6794.6916874729068, 2.4402907991007341, 3195.7570384517944, 7.6038136341800744, 3598.9346490211128, 1.5223311839755178
2100-May-04 19:00:00, 6789.9376685787938, 2.4385834091116574, 3191.0978468090329, 7.5927278024002431, 3598.8398217697604, 1.5222910725270191
2100-May-04 20:00:00, 6787.3408438649622, 2.4376507681990867, 3188.5960225446729, 7.5867750953506237, 3598.7448213202888, 1.5222508878165906
2100-May-04 21:00:00, 6786.9483479496157, 2.4375098046035393, 3188.2986996187419, 7.5860676610586095, 3598.6496483308738, 1.522210630122637
2100-May-04 22:00:00, 6788.5643948286261, 2.4380902024363111, 3190.0100911735594, 7.5901396547306454, 3598.5543036550666, 1.5221702998062068
2100-May-04 23:00:00, 6791.7573758906401, 2.4392369509078722, 3193.298587593707, 7.5979641274970682, 3598.4587882969327, 1.5221298972920139
2100-May-05 00:00:00, 6796.1791127763408, 2.44082500292473, 3197.8160094178947, 7.6087126397415235, 3598.3631033584461, 1.5220894230461883
2100-May-05 01:00:00, 6801.4911928148949, 2.4427328187077579, 3203.22394281483, 7.6215799876661565, 3598.2672500000649, 1.5220488775595977
2100-May-05 02:00:00, 6807.5346236606083, 2.4449032966876474, 3209.3633942991069, 7.6361878706625266, 3598.1712293615014, 1.5220082613143346
2100-May-05 03:00:00, 6814.1307240843516, 2.4472722640984395, 3216.0556815619743, 7.6521111415873699, 3598.0750425223773, 1.5219675747670736
2100-May-05 04:00:00, 6821.2423356476511, 2.4498263756112095, 3223.2636452135534, 7.6692613853728311, 3597.9786904340976, 1.5219268183202541
2100-May-05 05:00:00, 6828.8315072687765, 2.4525520012218571, 3230.9493333787086, 7.6875483013539583, 3597.8821738900683, 1.5218859923094832
2100-May-05 06:00:00, 6836.628440795268, 2.4553522438260913, 3238.842947303418, 7.7063299447835023, 3597.78549349185, 1.5218450969892174
2100-May-05 07:00:00, 6843.9348759643153, 2.4579763255854039, 3246.2462263470211, 7.7239449115823113, 3597.6886496172942, 1.5218041325192866
2100-May-05 08:00:00, 6849.9319093860868, 2.4601301400856306, 3252.3402669597094, 7.7384447463759027, 3597.5916424263773, 1.5217630989673594
2100-May-05 09:00:00, 6853.0354301702127, 2.4612447591975299, 3255.5409583149462, 7.7460603004599333, 3597.4944718552665, 1.5217219963064355
2100-May-05 10:00:00, 6852.9592116578297, 2.4612173855736712, 3255.5620740090221, 7.7461105420147751, 3597.3971376488075, 1.5216808244285853
2100-May-05 11:00:00, 6839.0120802793217, 2.4562083199762474, 3241.7124409060357, 7.713157464621915, 3597.299639373286, 1.5216395831503502
2100-May-05 12:00:00, 6815.9317241619856, 2.4479190872540411, 3218.7297476862341, 7.6584736717201976, 3597.2019764757515, 1.5215982722378347
2100-May-05 13:00:00, 6791.8700528850732, 2.4392774184736474, 3194.7659045842629, 7.6014553831852227, 3597.1041483008107, 1.5215568914138111
2100-May-05 14:00:00, 6771.1707500227076, 2.4318433330660696, 3174.1645958592244, 7.5524377293771945, 3597.0061541634827, 1.5215154403885358
2100-May-05 15:00:00, 6754.5089847153504, 2.4258593157704387, 3157.6009913275047, 7.513027173301106, 3596.9079933878461, 1.5214739188760971
2100-May-05 16:00:00, 6741.9533526043851, 2.4213500024819825, 3145.1436872493928, 7.4833869292354418, 3596.8096653549924, 1.5214323266147003
2100-May-05 17:00:00, 6733.2876347130505, 2.418237738878203, 3136.5764651800782, 7.4630025385593406, 3596.7111695329722, 1.5213906633793333
2100-May-05 18:00:00, 6727.8274747453752, 2.4162767406837888, 3131.2149692228118, 7.4502456813987559, 3596.6125055225634, 1.5213489290011273
2100-May-05 19:00:00, 6724.9241615918418, 2.4152340254729516, 3128.4104885287302, 7.4435728498030276, 3596.513673063112, 1.5213071233698265
2100-May-05 20:00:00, 6724.4571616496742, 2.4150663040053018, 3128.0424896125451, 7.4426972528341135, 3596.4146720371286, 1.5212652464357341
2100-May-05 21:00:00, 6726.4495137732265, 2.4157818506083415, 3130.1340113212309, 7.4476737078941628, 3596.3155024519961, 1.5212232982019727
2100-May-05 22:00:00, 6730.7069495377709, 2.4173108944269353, 3134.4907851105427, 7.4580399827835251, 3596.2161644272287, 1.5211812787190964
2100-May-05 23:00:00, 6736.8752338918521, 2.4195262131268627, 3140.75857576829, 7.4729532291555509, 3596.116658123562, 1.5211391880550953
2100-May-06 00:00:00, 6744.6241850398037, 2.4223092230202901, 3148.6072013081111, 7.4916278296246084, 3596.0169837316926, 1.5210970262906331
2100-May-06 01:00:00, 6753.3938030182562, 2.4254588019929315, 3157.4766616352608, 7.5127313498709638, 3595.9171413829959, 1.521054793481281
2100-May-06 02:00:00, 6762.9772119599666, 2.4289006512688291, 3167.1600808476628, 7.5357715604210167, 3595.8171311123037, 1.5210124896417729
2100-May-06 03:00:00, 6773.7942100287319, 2.4327855399547667, 3178.0772572219098, 7.561747306875592, 3595.7169528068221, 1.5209701147243972
2100-May-06 04:00:00, 6785.8489155986917, 2.4371149471510458, 3190.2323094499725, 7.5906683890304132, 3595.6166061487193, 1.5209276685947131
2100-May-06 05:00:00, 6798.4231413031857, 2.4416309382664432, 3202.9070507025481, 7.6208259914971919, 3595.5160906006377, 1.5208851510254204
2100-May-06 06:00:00, 6810.7916968377212, 2.446073063628031, 3215.3762914621184, 7.6504946370652629, 3595.4154053756033, 1.5208425616836339
2100-May-06 07:00:00, 6822.0423809123304, 2.4501137091927849, 3226.7278314564751, 7.677503885121193, 3595.3145494558553, 1.520799900138845
2100-May-06 08:00:00, 6831.532715088113, 2.4535221309777278, 3236.3191935062123, 7.7003250597745332, 3595.2135215819007, 1.5207571658582952
2100-May-06 09:00:00, 6838.6670405851692, 2.4560844001238546, 3243.554720277973, 7.7175408857762005, 3595.1123203071957, 1.5207143582301035
2100-May-06 10:00:00, 6842.9875717024206, 2.4576361044273916, 3247.976627660712, 7.7280621360594326, 3595.0109440417082, 1.5206714765816944
2100-May-06 11:00:00, 6844.666848185062, 2.4582392109608771, 3249.7574570935453, 7.732299346510227, 3594.9093910915167, 1.5206285201965477
2100-May-06 12:00:00, 6844.3648291336131, 2.458130741828457, 3249.5571693902561, 7.7318227926449907, 3594.8076597433569, 1.5205854883499612
2100-May-06 13:00:00, 6842.1542137640899, 2.4573368067104671, 3247.4484654300177, 7.7268054550531824, 3594.7057483340723, 1.5205423803384281
2100-May-06 14:00:00, 6838.6011541022253, 2.4560607372138201, 3243.9974987883588, 7.718594409318098, 3594.6036553138665, 1.5204991955063925
2100-May-06 15:00:00, 6833.9455944510137, 2.4543887085325982, 3239.4442151142644, 7.7077605693031064, 3594.5013793367493, 1.5204559332845069
2100-May-06 16:00:00, 6828.7864448075561, 2.4525358171895921, 3234.3875255157991, 7.6957289521150702, 3594.398919291757, 1.5204125932028398
2100-May-06 17:00:00, 6824.0590120768265, 2.4508379755321941, 3229.7627376865571, 7.6847249789318592, 3594.296274390269, 1.5203691749278083
2100-May-06 18:00:00, 6818.104390233746, 2.4486993930086363, 3223.9109460281652, 7.6708015383632926, 3594.1934442055804, 1.5203256782789187
2100-May-06 19:00:00, 6812.0480015908615, 2.446524261279222, 3217.9575729031963, 7.656636400277911, 3594.0904286876648, 1.5202821032350098
2100-May-06 20:00:00, 6808.2194658524395, 2.4451492554708314, 3214.2322376635602, 7.6477725365529139, 3593.9872281888793, 1.5202384499451269
2100-May-06 21:00:00, 6808.0237052221564, 2.4450789486950599, 3214.1398617583154, 7.6475527422571279, 3593.883843463841, 1.5201947187284695
2100-May-06 22:00:00, 6811.3665720981098, 2.4462795281555008, 3217.5862964581547, 7.6557530049318663, 3593.7802756399547, 1.5201509100619237
2100-May-06 23:00:00, 6817.2771072487058, 2.4484022770908722, 3223.6005810479032, 7.6700630725036882, 3593.6765262008025, 1.5201070245730377
2100-May-07 00:00:00, 6824.9258869908199, 2.451149310758852, 3231.3532900579912, 7.6885094543041319, 3593.5725969328287, 1.5200630630174681
2100-May-07 01:00:00, 6833.7003271489066, 2.4543006216011842, 3240.2318372835889, 7.7096345954313863, 3593.4684898653181, 1.5200190262535922
2100-May-07 02:00:00, 6842.8597254432643, 2.4575901888709146, 3249.4955182222875, 7.7316761031482857, 3593.3642072209768, 1.5199749152216036
2100-May-07 03:00:00, 6851.948082575529, 2.4608542419448307, 3258.688331246331, 7.7535489915336164, 3593.2597513291976, 1.5199307309068235
2100-May-07 04:00:00, 6860.9167208594408, 2.464075298394683, 3267.7615962836749, 7.7751374338236179, 3593.1551245757655, 1.5198864743184268
2100-May-07 05:00:00, 6869.2213205666012, 2.4670578676101429, 3276.1709912315828, 7.7951462990754914, 3593.0503293350189, 1.519842146460747
2100-May-07 06:00:00, 6876.671613103752, 2.4697336152621721, 3283.7262451943748, 7.8131228668810975, 3592.9453679093767, 1.5197977483076957
2100-May-07 07:00:00, 6882.7929110006789, 2.4719320589331284, 3289.9526685157493, 7.8279376860220982, 3592.8402424849301, 1.519753280783978
2100-May-07 08:00:00, 6881.3406005087654, 2.4714104664762715, 3288.6056454116233, 7.8247326511832576, 3592.7349550971421, 1.5197087447505846
2100-May-07 09:00:00, 6875.2142796098888, 2.4692102188109613, 3282.5847720041261, 7.8104069065303481, 3592.6295076057627, 1.5196641409941807
2100-May-07 10:00:00, 6867.4236097047487, 2.4664122257653909, 3274.8997080134632, 7.7921214756766748, 3592.523901691286, 1.5196194702256065
2100-May-07 11:00:00, 6859.0905472626928, 2.4634194342538684, 3266.6724084123994, 7.7725458783686392, 3592.4181388502939, 1.5195747330779086
2100-May-07 12:00:00, 6849.8230159829709, 2.4600910313840254, 3257.5107955626622, 7.7507472260118693, 3592.3122204203082, 1.5195299301168521
2100-May-07 13:00:00, 6839.9559417873115, 2.4565473046807069, 3247.7497941926522, 7.7275224206191258, 3592.2061475946593, 1.5194850618472098
2100-May-07 14:00:00, 6829.5365681686053, 2.4528052214864102, 3237.4366467176969, 7.7029838682705511, 3592.0999214509084, 1.5194401287247843
2100-May-07 15:00:00, 6819.6562342232537, 2.4492567325883288, 3227.6626912363399, 7.6797282405570577, 3591.9935429869142, 1.5193951311716651
2100-May-07 16:00:00, 6811.2101698687075, 2.4462233568177969, 3219.3231567237017, 7.6598855974941067, 3591.8870131450053, 1.5193500695864524
2100-May-07 17:00:00, 6804.7189911390542, 2.4438920716825945, 3212.9386582900224, 7.6446946628725776, 3591.7803328490318, 1.51930494435993
2100-May-07 18:00:00, 6800.2053057455814, 2.4422709966666325, 3208.5318027528697, 7.6342092261469192, 3591.6735029927122, 1.5192597558701364
2100-May-07 19:00:00, 6797.6701667991656, 2.4413605099911608, 3206.1036423018791, 7.6284317908409598, 3591.5665244972861, 1.5192145045067513
2100-May-07 20:00:00, 6797.2019624206951, 2.4411923559542403, 3205.7425641564409, 7.6275726607843719, 3591.4593982642537, 1.5191691906511049
2100-May-07 21:00:00, 6798.4769107021129, 2.4416502493662708, 3207.12478551508, 7.630861444470308, 3591.3521251870334, 1.5191238146811084
2100-May-07 22:00:00, 6801.1105859728068, 2.4425961250331159, 3209.8658798417423, 7.637383457928423, 3591.2447061310645, 1.5190783769628382
2100-May-07 23:00:00, 6804.7161785558892, 2.4438910615527556, 3213.5790366540082, 7.6462183449536996, 3591.1371419018815, 1.5190328778370317
2100-May-08 00:00:00, 6809.1276113694985, 2.445475412896577, 3218.0981781593659, 7.6569709489156939, 3591.0294332101325, 1.5189873176042892
2100-May-08 01:00:00, 6814.1683505005485, 2.4472857774999994, 3223.2467698572891, 7.6692212330513305, 3590.9215806432594, 1.5189416965130955
2100-May-08 02:00:00, 6819.6359497655485, 2.4492494474931719, 3228.8223651392486, 7.6824875067115377, 3590.8135846263003, 1.51889601474324
2100-May-08 03:00:00, 6825.7882432582664, 2.4514590231287121, 3235.0827978627904, 7.69738324600785, 3590.7054453954761, 1.5188502723946424
2100-May-08 04:00:00, 6832.5601078271011, 2.4538911156444843, 3241.9629448633714, 7.7137535003603288, 3590.5971629637302, 1.5188044694727783
2100-May-08 05:00:00, 6840.0187304308238, 2.4565698550120683, 3249.5299933070592, 7.7317581313239172, 3590.4887371237646, 1.5187586058899614
2100-May-08 06:00:00, 6847.1803730599677, 2.45914193501484, 3256.800205632594, 7.7490564862799207, 3590.3801674273736, 1.5187126814566028
2100-May-08 07:00:00, 6852.6724324177485, 2.4611143897685439, 3262.4009792232082, 7.7623826678631431, 3590.2714531945398, 1.5186666958850588
2100-May-08 08:00:00, 6855.3264333670968, 2.4620675653349111, 3265.1638398302484, 7.7689564708464038, 3590.1625935368484, 1.5186206487995342
2100-May-08 09:00:00, 6854.9457776354302, 2.4619308541017402, 3264.8921902567677, 7.7683101223581739, 3590.0535873786621, 1.5185745397450401
2100-May-08 10:00:00, 6852.2657469177548, 2.4609683300311178, 3262.3213134220937, 7.7621931153103665, 3589.9444334956611, 1.5185283682036954
2100-May-08 11:00:00, 6847.3839987962128, 2.459215066517118, 3257.5488682393466, 7.7508378141055756, 3589.8351305568667, 1.5184821336125025
2100-May-08 12:00:00, 6841.1020987367301, 2.4569589431165095, 3251.3764215579131, 7.736151424099134, 3589.7256771788175, 1.5184358353862646
2100-May-08 13:00:00, 6834.2573669044687, 2.4545006805667349, 3244.6412949282703, 7.7201262234727386, 3589.6160719761983, 1.5183894729390004
2100-May-08 14:00:00, 6827.034764257156, 2.4519067069772795, 3237.5284506405192, 7.7032023016219071, 3589.5063136166364, 1.5183430457071225
2100-May-08 15:00:00, 6819.6301159261802, 2.4492473522892704, 3230.2337150599028, 7.6858455973423787, 3589.3964008662774, 1.5182965531687171
2100-May-08 16:00:00, 6812.2352826633323, 2.4465915226501593, 3222.9489500145005, 7.6685126164218822, 3589.2863326488314, 1.5182499948685191
2100-May-08 17:00:00, 6805.2015736564063, 2.444065389580016, 3216.0254655918975, 7.6520392473217935, 3589.1761080645083, 1.5182033704259215
2100-May-08 18:00:00, 6799.401320165156, 2.4419822479338329, 3210.3355937270899, 7.6385010700630733, 3589.0657264380666, 1.5181566795553005
2100-May-08 19:00:00, 6795.3759479567216, 2.4405365489654294, 3206.4207606356849, 7.6291863252693375, 3588.9551873210371, 1.5181099220669565
2100-May-08 20:00:00, 6793.3807319601274, 2.439819973811963, 3204.536241452603, 7.6247024009641482, 3588.8444905075239, 1.5180630978737959
2100-May-08 21:00:00, 6793.3440727664029, 2.43980680778512, 3204.6104367291214, 7.624878937242844, 3588.7336360372815, 1.5180162069926351
2100-May-08 22:00:00, 6794.8989269939102, 2.4403652284817241, 3206.276302836884, 7.6288426100973545, 3588.6226241570257, 1.5179692495278332
2100-May-08 23:00:00, 6797.6090585652546, 2.4413385631732889, 3209.0976032519438, 7.6355554616389547, 3588.5114553133108, 1.5179222256682809
2100-May-09 00:00:00, 6801.8389531614912, 2.4428577156733784, 3213.4388230609657, 7.6458847282182454, 3588.4001301005255, 1.5178751356654014
2100-May-09 01:00:00, 6807.2292348058845, 2.4447936173016487, 3218.9405855673826, 7.6589753281152202, 3588.2886492385019, 1.51782797982368
2100-May-09 02:00:00, 6813.5479760122316, 2.4470629720769619, 3225.3709624818498, 7.6742754235438859, 3588.1770135303818, 1.5177807584828416
2100-May-09 03:00:00, 6820.4258061997034, 2.4495331217903344, 3232.3605824022611, 7.6909061519156232, 3588.0652237974423, 1.5177334719902824
2100-May-09 04:00:00, 6827.3985771624612, 2.4520373691656827, 3239.445296291156, 7.7077631417976642, 3587.9532808713047, 1.5176861206977739
2100-May-09 05:00:00, 6834.2928562083198, 2.454513426431542, 3246.4516706845288, 7.7244337348676275, 3587.8411855237914, 1.517638704931793
2100-May-09 06:00:00, 6840.9506805705259, 2.4569045617884373, 3253.2217420947304, 7.7405420812387273, 3587.728938475796, 1.5175912249972743
2100-May-09 07:00:00, 6843.4142333468226, 2.4577893385302843, 3255.7976929989263, 7.7466711612565851, 3587.6165403478958, 1.5175436811567189
2100-May-09 08:00:00, 6842.795254423565, 2.4575670343197715, 3255.2912627419319, 7.7454661881480034, 3587.5039916816336, 1.5174960736391963
2100-May-09 09:00:00, 6841.0485608431118, 2.4569397151610395, 3253.6572679259193, 7.7415783481430589, 3587.391292917192, 1.5174484026309016
2100-May-09 10:00:00, 6838.6439762569607, 2.4560761166475022, 3251.3655318309793, 7.7361255136644127, 3587.2784444259814, 1.51740066828894
2100-May-09 11:00:00, 6834.6100536445283, 2.4546273468300943, 3247.4446071261755, 7.7267962748110657, 3587.1654465183533, 1.517352870744588
2100-May-09 12:00:00, 6828.9844595837767, 2.452606933534339, 3241.9321601126226, 7.7136802527683965, 3587.0522994711537, 1.5173050101149503
2100-May-09 13:00:00, 6821.5483955779891, 2.4499362960117712, 3234.6093920055232, 7.696256849392376, 3586.9390035724664, 1.5172570865218851
2100-May-09 14:00:00, 6812.4759630101271, 2.4466779621919108, 3225.6504038642679, 7.6749403114461945, 3586.8255591458596, 1.5172091001022598
2100-May-09 15:00:00, 6802.642825554447, 2.4431464237552767, 3215.9308589594102, 7.6518141453527342, 3586.7119665950363, 1.517161051026839
2100-May-09 16:00:00, 6793.4235500319683, 2.4398353517792875, 3206.8253236033697, 7.6301489207897584, 3586.598226428599, 1.5171129395107588
2100-May-09 17:00:00, 6785.7250668360848, 2.4370704672820875, 3199.2407275352739, 7.6121025379457494, 3586.4843393008114, 1.5170647658307694
2100-May-09 18:00:00, 6779.5989666294408, 2.4348702988776543, 3193.2286606178727, 7.5977977469850808, 3586.3703060115681, 1.5170165303252223
2100-May-09 19:00:00, 6775.2359991020076, 2.4333033536793018, 3188.9798715663051, 7.5876884052139939, 3586.2561275357029, 1.5169682334064674
2100-May-09 20:00:00, 6772.9616974451801, 2.4324865458441844, 3186.8198924261583, 7.5825490661973616, 3586.1418050190214, 1.5169198755591744
2100-May-09 21:00:00, 6772.8628718226264, 2.4324510529523029, 3186.8355320572196, 7.5825862783003055, 3586.0273397654073, 1.5168714573348796
2100-May-09 22:00:00, 6774.7607780079015, 2.4331326796124237, 3188.8480447782567, 7.5873747435944621, 3585.9127332296453, 1.5168229793489498
2100-May-09 23:00:00, 6778.5320373919612, 2.4344871148096692, 3192.7340504087388, 7.5966208978671519, 3585.7979869832225, 1.5167744422661158
2100-May-10 00:00:00, 6784.2335518394175, 2.4365347946584426, 3198.5504491711818, 7.6104601264691851, 3585.6831026682353, 1.5167258467809763
2100-May-10 01:00:00, 6791.5782735905505, 2.4391726269156866, 3206.0101915970577, 7.6282094392244586, 3585.5680819934933, 1.516677193616349
2100-May-10 02:00:00, 6800.0814954686784, 2.4422265306196862, 3214.6285688143539, 7.6487155457278284, 3585.4529266543245, 1.5166284834893491
2100-May-10 03:00:00, 6809.0887752674626, 2.4454614650403932, 3223.751136951284, 7.6704212971800505, 3585.337638316179, 1.5165797171044537
2100-May-10 04:00:00, 6818.6163357359646, 2.4488832565238869, 3233.3941171540073, 7.6933652893100399, 3585.2222185819573, 1.5165308951396816
2100-May-10 05:00:00, 6827.367417462654, 2.4520261782636905, 3242.2607485300659, 7.7144620785012439, 3585.1066689325885, 1.5164820182214582
2100-May-10 06:00:00, 6833.3140667114458, 2.4541618974566686, 3248.3230759766657, 7.7288864566810229, 3584.9909907347806, 1.5164330869278941
2100-May-10 07:00:00, 6833.6421505114649, 2.4542797276563815, 3248.7669652947347, 7.7299426232194017, 3584.8751852167302, 1.5163841017785105
2100-May-10 08:00:00, 6829.4984770898482, 2.4527915412028456, 3244.7392236207529, 7.7203592297739423, 3584.7592534690957, 1.5163350632346499
2100-May-10 09:00:00, 6821.8609674170712, 2.4500485551425828, 3237.2177709694297, 7.7024630870037525, 3584.6431964476415, 1.5162859717005963
2100-May-10 10:00:00, 6812.4111821431179, 2.4466546963601421, 3227.8841671418886, 7.6802552084992355, 3584.5270150012298, 1.5162368275354141
2100-May-10 11:00:00, 6801.3277869264857, 2.4426741320293415, 3216.9170770232945, 7.6541606999469067, 3584.4107099031917, 1.5161876310662181
2100-May-10 12:00:00, 6787.3141949023156, 2.4376411973132628, 3203.0199130317515, 7.6210945300961077, 3584.2942818705637, 1.5161383825963115
2100-May-10 13:00:00, 6770.2395889607706, 2.4315089096843416, 3186.0618573276461, 7.5807454379653336, 3584.1777316331249, 1.5160890824343869
2100-May-10 14:00:00, 6752.209417070595, 2.4250334337402424, 3168.1483571264048, 7.5381230122217069, 3584.0610599441902, 1.5160397308990927
2100-May-10 15:00:00, 6735.1476043677048, 2.4189057407602057, 3151.2033367175968, 7.4978049355764389, 3583.9442676501076, 1.5159903283484299
2100-May-10 16:00:00, 6719.9776618142205, 2.4134575066181907, 3136.1503061107624, 7.4619885584279961, 3583.8273557034581, 1.5159408751853356
2100-May-10 17:00:00, 6706.8917359287279, 2.4087577400938383, 3123.1814107311898, 7.4311310613401629, 3583.7103251975382, 1.5158913718722686
2100-May-10 18:00:00, 6696.0472143447178, 2.4048629664294348, 3112.4540369683073, 7.4056069210830344, 3583.5931773764105, 1.515841818935461
2100-May-10 19:00:00, 6687.5062774293601, 2.4017955174959278, 3104.0303637823417, 7.3855640829540281, 3583.4759136470179, 1.5157922169700428
2100-May-10 20:00:00, 6681.2505190548982, 2.3995487827940809, 3097.8919835022289, 7.3709587487236394, 3583.3585355526689, 1.5157425666288253
2100-May-10 21:00:00, 6677.1392929000413, 2.3980722496679032, 3093.8982481542962, 7.361456268114341, 3583.2410447457451, 1.5156928686107578
2100-May-10 22:00:00, 6675.0689863959396, 2.3973287060097572, 3091.9455434314773, 7.3568101067772167, 3583.1234429644619, 1.5156431236510968
2100-May-10 23:00:00, 6674.5689478265786, 2.3971491188296268, 3091.5632158626277, 7.355900416977347, 3583.0057319639509, 1.5155933324922539
2100-May-11 00:00:00, 6675.2793293225795, 2.397404249968504, 3092.391415858091, 7.357870991818162, 3582.8879134644885, 1.5155434958618972
2100-May-11 01:00:00, 6676.8780388042433, 2.3979784211329926, 3094.1080497061012, 7.361955458722667, 3582.7699890981421, 1.5154936144503832
2100-May-11 02:00:00, 6679.5659828797061, 2.3989437872596033, 3096.9140225448832, 7.3686318406478106, 3582.6519603348229, 1.5154436888794769
2100-May-11 03:00:00, 6683.6174606991408, 2.400398861970904, 3101.083632271549, 7.3785527873616417, 3582.5338284275917, 1.5153937196792167
2100-May-11 04:00:00, 6689.212021927613, 2.4024081299287152, 3106.7964275528425, 7.3921455073733684, 3582.4155943747705, 1.5153437072718876
2100-May-11 05:00:00, 6696.0716655505057, 2.4048717479982322, 3113.7744066856922, 7.4087485382768348, 3582.2972588648136, 1.5152936519487024
2100-May-11 06:00:00, 6703.5300049981124, 2.4075503856712439, 3121.3511827386401, 7.426776314594413, 3582.1788222594728, 1.5152435538626803
2100-May-11 07:00:00, 6710.2185122730971, 2.409952540693665, 3128.1582276793602, 7.4429726338095303, 3582.0602845937365, 1.5151934130286213
2100-May-11 08:00:00, 6714.5808123724983, 2.4115192461874715, 3132.6391668142483, 7.4536343410913517, 3581.94164555825, 1.5151432293156697
2100-May-11 09:00:00, 6714.7179112951271, 2.4115684848070948, 3132.8950067516571, 7.4542430729757942, 3581.8229045434705, 1.5150930024659921
2100-May-11 10:00:00, 6707.5164244870721, 2.4089820949007001, 3125.8123638261281, 7.43739101063339, 3581.7040606609435, 1.5150427321037769
2100-May-11 11:00:00, 6694.6512277859911, 2.4043616025248431, 3113.066114987947, 7.4070632668361434, 3581.5851127980445, 1.5149924177583893
2100-May-11 12:00:00, 6678.2775066561389, 2.3984810353323853, 3096.8114469769712, 7.3683877778193665, 3581.4660596791682, 1.5149420588902547
2100-May-11 13:00:00, 6660.1203732185941, 2.3919599615730895, 3078.7734732945441, 7.3254691865218673, 3581.3468999240499, 1.5148916549155282
2100-May-11 14:00:00, 6641.3604117527084, 2.3852223841431837, 3060.1327796278638, 7.2811165154809094, 3581.2276321248446, 1.5148412052386986
2100-May-11 15:00:00, 6622.8764581691121, 2.3785839340212722, 3041.7682032621387, 7.2374208232003436, 3581.1082549069729, 1.5147907092783255
2100-May-11 16:00:00, 6605.5404400662283, 2.3723577610887303, 3024.5516730487388, 7.1964567306254761, 3580.9887670174894, 1.5147401665044193
2100-May-11 17:00:00, 6590.0520142600171, 2.3667951447514599, 3009.1828469036636, 7.1598889664377836, 3580.8691673563535, 1.5146895764516688
2100-May-11 18:00:00, 6577.0125233503268, 2.362112055193395, 2996.2630683018556, 7.1291483351879776, 3580.7494550484712, 1.5146389387499131
2100-May-11 19:00:00, 6566.7467492294982, 2.3584251367451468, 2986.1171197671179, 7.1050076070688268, 3580.6296294623803, 1.5145882531320474
2100-May-11 20:00:00, 6559.4733725314891, 2.3558129278251645, 2978.9636823025166, 7.087987099980797, 3580.509690228972, 1.5145375194419401
2100-May-11 21:00:00, 6555.7255023441121, 2.3544668927796977, 2975.3358650920127, 7.0793552654465595, 3580.389637252099, 1.5144867376389217
2100-May-11 22:00:00, 6555.8021866247182, 2.3544944336826563, 2975.5327159509116, 7.0798236418677902, 3580.2694706738071, 1.5144359077830767
2100-May-11 23:00:00, 6559.0352575791912, 2.3556555803050392, 2978.8860667222048, 7.0878024256139103, 3580.1491908569869, 1.514385030027906
2100-May-12 00:00:00, 6564.2248537283049, 2.3575194064087426, 2984.1960554107563, 7.1004367291299602, 3580.0287983175485, 1.514334104591637
2100-May-12 01:00:00, 6570.7390925597156, 2.3598589735023823, 2990.8307988759116, 7.1162230834155391, 3579.9082936838045, 1.5142831317400427
2100-May-12 02:00:00, 6578.3499859997455, 2.3625924004316543, 2998.5623083687947, 7.1346190242168648, 3579.7876776309508, 1.5142321117587276
2100-May-12 03:00:00, 6586.8332903594492, 2.3656391508255132, 3007.1663395579799, 7.1550909965470675, 3579.6669508014688, 1.5141810449194582
2100-May-12 04:00:00, 6596.2740255167264, 2.3690297592888117, 3016.7279117419334, 7.177841290784631, 3579.5461137747925, 1.5141299314673318
2100-May-12 05:00:00, 6605.9986003006097, 2.3725223078048878, 3026.5734333098248, 7.2012671990225785, 3579.4251669907849, 1.5140787715884088
2100-May-12 06:00:00, 6613.5896582302912, 2.3752486108769455, 3034.2855475003671, 7.2196169916772819, 3579.3041107299241, 1.5140275654013293
2100-May-12 07:00:00, 6615.6340170550939, 2.3759828355128363, 3036.4510719787249, 7.2247695249755157, 3579.1829450763694, 1.513976312941693
2100-May-12 08:00:00, 6612.7802324360873, 2.3749579083095584, 3033.7185625014099, 7.2182679378494807, 3579.061669934677, 1.5139250141691272
2100-May-12 09:00:00, 6607.3671351076919, 2.3730138125046709, 3028.4268500964217, 7.2056771199465333, 3578.9402850112697, 1.5138736689594503
2100-May-12 10:00:00, 6599.9018009539395, 2.3703326627063364, 3021.083011087504, 7.188203581591976, 3578.8187898664351, 1.5138222771266661
2100-May-12 11:00:00, 6591.6464192972498, 2.3673677699891251, 3012.9492353522865, 7.1688505099758775, 3578.6971839449634, 1.5137708384359239
2100-May-12 12:00:00, 6582.8925227073778, 2.3642238373006221, 3004.3170560741378, 7.1483115635859882, 3578.57546663324, 1.5137193526276678
2100-May-12 13:00:00, 6573.700528064307, 2.3609225631612492, 2995.2468907370408, 7.1267304965572196, 3578.4536373272663, 1.513667819446409
2100-May-12 14:00:00, 6564.2868371169561, 2.3575416675355134, 2985.9551416292265, 7.1046222049376517, 3578.3316954877296, 1.5136162386640215
2100-May-12 15:00:00, 6555.1384272871564, 2.3542560467360851, 2976.9287865772835, 7.0831453777617774, 3578.2096407098725, 1.5135646101092948
2100-May-12 16:00:00, 6546.8977449678423, 2.3512964332367399, 2968.8102721936702, 7.0638286181906826, 3578.0874727741716, 1.5135129336893716
2100-May-12 17:00:00, 6540.294251832107, 2.348924810758156, 2962.3290601126496, 7.0484075682814717, 3577.9651917194569, 1.5134612094206765
2100-May-12 18:00:00, 6535.6041169820292, 2.3472403645098754, 2957.7613191300411, 7.0375393293186663, 3577.8427978519881, 1.5134094374327562
2100-May-12 19:00:00, 6532.7143757023459, 2.3462025235921491, 2954.9940839254145, 7.0309551176515255, 3577.7202917769318, 1.5133576179815931
2100-May-12 20:00:00, 6531.5529846946229, 2.3457854138952472, 2953.9553102779755, 7.0284835151084701, 3577.5976744166474, 1.5133057514573403
2100-May-12 21:00:00, 6531.2097912824183, 2.3456621571288423, 2953.734844295454, 7.0279589501232103, 3577.4749469869644, 1.5132538383742875
2100-May-12 22:00:00, 6531.9239404946238, 2.3459186414303956, 2954.5718295275033, 7.0299504280868002, 3577.352110967121, 1.5132018793581454
2100-May-12 23:00:00, 6534.0541964050608, 2.3466837157173646, 2956.8250283222992, 7.0353115689714922, 3577.2291680827616, 1.5131498751388526
2100-May-13 00:00:00, 6537.4022549283363, 2.3478861597405811, 2960.2961346808283, 7.0435705340733765, 3577.1061202475084, 1.5130978265258617
2100-May-13 01:00:00, 6541.7166111378192, 2.3494356463466408, 2964.7336416334483, 7.0541289011401185, 3576.9829695043704, 1.513045734383355
2100-May-13 02:00:00, 6546.7585246156159, 2.3512464327127702, 2969.8988066327533, 7.0664186189039988, 3576.859717982863, 1.5129935996121071
2100-May-13 03:00:00, 6552.8393892441882, 2.3534303549106004, 2976.1030214242796, 7.0811805962550816, 3576.7363678199085, 1.512941423116025
2100-May-13 04:00:00, 6559.6352291515705, 2.3558710580890421, 2983.0223080117503, 7.0976439772504332, 3576.6129211398206, 1.5128892057936829
2100-May-13 05:00:00, 6566.4077087368123, 2.3583033714859005, 2989.9183287603346, 7.1140520007512054, 3576.4893799764777, 1.5128369485054012
2100-May-13 06:00:00, 6571.6871841744905, 2.360199477435549, 2995.3214379036654, 7.1269078701044419, 3576.3657462708256, 1.5127846520721897
2100-May-13 07:00:00, 6575.3403448288354, 2.3615114978689218, 2999.0983230194361, 7.1358943888517938, 3576.2420218093994, 1.5127323172497442
2100-May-13 08:00:00, 6574.7220855788801, 2.3612894521266687, 2998.6038773452915, 7.1347179312196314, 3576.118208233589, 1.512679944732364
2100-May-13 09:00:00, 6567.7506505941128, 2.3587856845633488, 2991.7563435598267, 7.1184252750095558, 3575.9943070342856, 1.5126275351506888
2100-May-13 10:00:00, 6557.713106870031, 2.3551807342989228, 2981.8427873189385, 7.0948374887039369, 3575.8703195510921, 1.5125750890713638
2100-May-13 11:00:00, 6546.4525044328684, 2.3511365265874233, 2970.7062574473753, 7.0683398242519893, 3575.7462469854931, 1.512522607002611
2100-May-13 12:00:00, 6534.7376244422212, 2.3469291666116274, 2959.1155339991078, 7.040761475858945, 3575.6220904431129, 1.5124700894121037
2100-May-13 13:00:00, 6521.1208877532445, 2.3420387611621574, 2945.6230368116658, 7.0086581485913912, 3575.4978509415791, 1.5124175367302932
2100-May-13 14:00:00, 6506.0003105023097, 2.3366082564034829, 2930.6267810437553, 6.9729768584627356, 3575.3735294585549, 1.5123649493707263
2100-May-13 15:00:00, 6490.4866972339951, 2.3310365940734212, 2915.2375702782547, 6.9363605921978033, 3575.2491269557408, 1.5123123277401973
2100-May-13 16:00:00, 6475.3966587104351, 2.3256170571965664, 2900.2720142915036, 6.9007523474889778, 3575.1246444189319, 1.5122596722556927
2100-May-13 17:00:00, 6461.5660356252247, 2.3206498351630938, 2886.5659527613238, 6.8681408766292966, 3575.0000828639013, 1.5122069833468794
2100-May-13 18:00:00, 6449.9764253721842, 2.3164874653946756, 2875.1009820121408, 6.8408617374928786, 3574.8754433600434, 1.5121542614661057
2100-May-13 19:00:00, 6441.3871308784328, 2.3134026489985891, 2866.6364038336706, 6.8207215722091572, 3574.7507270447627, 1.5121015070944879
2100-May-13 20:00:00, 6435.9479671310946, 2.3114491915265005, 2861.3220320367318, 6.8080768397590825, 3574.6259350943628, 1.5120487207295967
2100-May-13 21:00:00, 6433.6173656875344, 2.3106121638112365, 2859.1162969517572, 6.8028286314908328, 3574.5010687357767, 1.5119959028904184
2100-May-13 22:00:00, 6434.0599495247652, 2.3107711163164422, 2859.6838203376005, 6.8041789663276395, 3574.3761291871647, 1.5119430540922287
2100-May-13 23:00:00, 6437.0871189459504, 2.3118583140916491, 2862.8360013066613, 6.8116790973894048, 3574.2511176392895, 1.5118901748387144
2100-May-14 00:00:00, 6442.4192429447503, 2.3137733285959752, 2868.2932077392184, 6.8246636829436671, 3574.1260352055324, 1.5118372656008299
2100-May-14 01:00:00, 6449.6728651541362, 2.3163784427574248, 2875.6719822888786, 6.8422203450582026, 3574.0008828652581, 1.5117843267928415
2100-May-14 02:00:00, 6458.5076594071461, 2.3195514295711335, 2884.6319979817185, 6.8635393279057508, 3573.8756614254276, 1.5117313587560899
2100-May-14 03:00:00, 6468.4994727665162, 2.3231399559279886, 2894.7491013033705, 6.887611423265307, 3573.7503714631457, 1.5116783617346872
2100-May-14 04:00:00, 6479.3505698135959, 2.3270370911479663, 2905.7255565194214, 6.9137282146304004, 3573.625013294175, 1.5116253358621996
2100-May-14 05:00:00, 6491.0947175591773, 2.3312549625400796, 2917.5951306348443, 6.9419700454094038, 3573.4995869243335, 1.5115722811410881
2100-May-14 06:00:00, 6500.7988899401471, 2.3347401836013715, 2927.4247978814296, 6.965358230721904, 3573.3740920587175, 1.5115191974466098
2100-May-14 07:00:00, 6507.4425508296663, 2.3371262321944122, 2934.1940227617829, 6.9814645629050904, 3573.2485280678834, 1.5114660845125132
2100-May-14 08:00:00, 6510.8841665881928, 2.3383622769858272, 2937.7612725601002, 6.9899522865732555, 3573.1228940280926, 1.5114129419480617
2100-May-14 09:00:00, 6510.4881841707484, 2.3382200612247095, 2937.4909954540276, 6.9893092036606834, 3572.9971887167212, 1.5113597692360914
2100-May-14 10:00:00, 6506.3953190550656, 2.3367501224043541, 2933.523908363507, 6.9798701284919735, 3572.871410691559, 1.511306565766555
2100-May-14 11:00:00, 6498.9543579838682, 2.3340777261171191, 2926.2087996751811, 6.9624649495279467, 3572.7455583086876, 1.5112533308440828
2100-May-14 12:00:00, 6488.1349001249464, 2.3301919540057718, 2915.5152703093518, 6.9370213368217719, 3572.6196298155946, 1.5112000637273713
2100-May-14 13:00:00, 6471.851318882801, 2.3243437602525692, 2899.357695470922, 6.8985768661146816, 3572.4936234118791, 1.5111467636548599
2100-May-14 14:00:00, 6451.96680622649, 2.317202304022957, 2879.5992689073551, 6.851564721109197, 3572.3675373191345, 1.5110934298742915
2100-May-14 15:00:00, 6431.7401006806786, 2.3099379503613235, 2859.4987308017485, 6.8037385741703753, 3572.2413698789301, 1.5110400616841584
2100-May-14 16:00:00, 6413.6476300010027, 2.3034401000152935, 2841.53251041557, 6.7609907088341261, 3572.1151195854327, 1.5109866584475007
2100-May-14 17:00:00, 6398.9143626215682, 2.2981486963018609, 2826.9255774413959, 6.7262357525698704, 3571.9887851801723, 1.510933219631992
2100-May-14 18:00:00, 6387.7581066311141, 2.2941419642677778, 2815.8957409647624, 6.699991948684068, 3571.8623656663517, 1.5108797448159921
2100-May-14 19:00:00, 6379.8550935659259, 2.2913036235519351, 2808.1192332164601, 6.6814889414368412, 3571.7358603494654, 1.5108262337057288
2100-May-14 20:00:00, 6374.9032621224305, 2.2895251898472035, 2803.2939932586823, 6.670008023163744, 3571.6092688637477, 1.5107726861464847
2100-May-14 21:00:00, 6373.2191610294767, 2.2889203505710571, 2801.7365699077018, 6.666302373213548, 3571.4825911217749, 1.5107191021012802
2100-May-14 22:00:00, 6375.0341287149804, 2.2895721901463193, 2803.6783013977265, 6.670922425426566, 3571.3558273172534, 1.5106654816520524
2100-May-14 23:00:00, 6380.0531993026871, 2.2913747725648563, 2808.8242214433967, 6.6831663527755065, 3571.2289778592899, 1.510611824971851
2100-May-15 00:00:00, 6387.7118319673373, 2.2941253448770178, 2816.6097886522402, 6.7016909156193423, 3571.102043315097, 1.5105581323006041
2100-May-15 01:00:00, 6397.5044364597707, 2.2976423260354384, 2826.529412126617, 6.7252931379763146, 3570.9750243331541, 1.5105044039126154
2100-May-15 02:00:00, 6408.9482098212384, 2.3017523189719049, 2838.1002882382318, 6.7528242626764348, 3570.8479215830066, 1.5104506400910993
2100-May-15 03:00:00, 6421.539754063253, 2.3062745299821423, 2850.8190184209784, 6.7830865300545202, 3570.720735642275, 1.5103968410803861
2100-May-15 04:00:00, 6434.9940525105631, 2.3111065962802879, 2864.4005855483779, 6.8154017855806046, 3570.5934669621847, 1.5103430070713417
2100-May-15 05:00:00, 6448.9469686989896, 2.3161177394728503, 2878.4808529176803, 6.8489036218301687, 3570.4661157813093, 1.5102891381648822
2100-May-15 06:00:00, 6462.7379470018241, 2.3210707232152989, 2892.399264903117, 6.8820203480229303, 3570.3386820987071, 1.5102352343606085
2100-May-15 07:00:00, 6470.247788366707, 2.3237678576296856, 2900.0366227445929, 6.9001922694128801, 3570.2111656221141, 1.510181295534895
2100-May-15 08:00:00, 6467.6567354386298, 2.3228372896346685, 2897.5731696577723, 6.8943308606939606, 3570.083565780858, 1.5101273214463498
2100-May-15 09:00:00, 6458.2468533256142, 2.3194577619390486, 2888.2909715958808, 6.8722452943230072, 3569.9558817297329, 1.5100733117374552
2100-May-15 10:00:00, 6446.7554406806203, 2.3153306595132022, 2876.9273283025796, 6.8452072483239208, 3569.8281123780407, 1.5100192659468517
2100-May-15 11:00:00, 6434.5401989757484, 2.3109435963008789, 2864.8399425314637, 6.8164471681231644, 3569.7002564442846, 1.5099651835324721
2100-May-15 12:00:00, 6422.6622704019574, 2.3066776779716576, 2853.0899578826188, 6.7884898821344972, 3569.572312519339, 1.5099110638982636
2100-May-15 13:00:00, 6411.9525245978311, 2.3028313085779293, 2842.5082454704448, 6.7633123207164862, 3569.4442791273864, 1.509856906419963
2100-May-15 14:00:00, 6402.7389286498274, 2.2995222764021208, 2833.4227738284221, 6.7416948346831811, 3569.3161548214057, 1.5098027104854876
2100-May-15 15:00:00, 6395.1869012617917, 2.2968099910185829, 2825.9989630150535, 6.7240310156878502, 3569.1879382467382, 1.5097484755218236
2100-May-15 16:00:00, 6389.3872681207104, 2.2947270721690884, 2820.3276399033552, 6.7105369723417194, 3569.0596282173547, 1.5096942010272867
2100-May-15 17:00:00, 6385.4595826465156, 2.2933164570646372, 2816.5283588817147, 6.7014971659719498, 3568.931223764801, 1.5096398865922254
2100-May-15 18:00:00, 6383.4451384130662, 2.2925929761542005, 2814.6424142183891, 6.6970098499551947, 3568.802724194677, 1.5095855319229123
2100-May-15 19:00:00, 6383.3332398948751, 2.2925527881755645, 2814.6591107984973, 6.6970495769062559, 3568.6741290963782, 1.5095311368456634
2100-May-15 20:00:00, 6384.9041271700944, 2.2931169670876423, 2816.3586888036907, 6.7010934620491964, 3568.5454383664037, 1.5094767013166988
2100-May-15 21:00:00, 6387.9283092272381, 2.2942030919610428, 2819.5116570500436, 6.708595466316507, 3568.416652177194, 1.5094222254089598
2100-May-15 22:00:00, 6392.2304854136619, 2.2957482041525492, 2823.9427144577157, 6.7191384876804259, 3568.2877709559461, 1.5093677093031483
2100-May-15 23:00:00, 6397.5389246340983, 2.2976547123479247, 2829.380129292927, 6.7320759821648952, 3568.1587953411718, 1.5093131532693518
2100-May-16 00:00:00, 6403.6887809871296, 2.2998634126928956, 2835.659054859892, 6.7470157223452754, 3568.0297261272376, 1.5092585576435833
2100-May-16 01:00:00, 6410.7924821613924, 2.3024146832158947, 2842.8919179611489, 6.7642252105515936, 3567.900564200243, 1.5092039228006584
2100-May-16 02:00:00, 6418.7585592591749, 2.3052756731681665, 2850.9872487759453, 6.783486808377118, 3567.7713104832292, 1.5091492491310188
2100-May-16 03:00:00, 6427.6502325492802, 2.3084690878978527, 2860.0082666705134, 6.8049509366057555, 3567.6419658787663, 1.5090945370164472
2100-May-16 04:00:00, 6437.1775343119843, 2.3118907864680245, 2869.6650031003328, 6.8279276595678722, 3567.512531211652, 1.509039786805829
2100-May-16 05:00:00, 6447.0701133031907, 2.315443673133379, 2879.6871061014826, 6.8517737162381316, 3567.3830072017081, 1.5089849988036448
2100-May-16 06:00:00, 6456.8989033057933, 2.3189736501967775, 2889.645508884329, 6.8754682080107434, 3567.2533944214642, 1.5089301732520719
2100-May-16 07:00:00, 6466.0981825125782, 2.3222775405628502, 2898.9744892333474, 6.8976650856573718, 3567.1236932792308, 1.5088753103238237
2100-May-16 08:00:00, 6473.311326416032, 2.3248681170760777, 2906.3174223749975, 6.9151364686397274, 3566.9939040410345, 1.5088204101314282
2100-May-16 09:00:00, 6478.2320704976228, 2.3266353858587325, 2911.3680436883324, 6.9271536472741904, 3566.8640268092904, 1.508765472718206
2100-May-16 10:00:00, 6480.7880776715438, 2.3275533672883322, 2914.0540161125937, 6.9335445066214092, 3566.7340615589501, 1.5087104980735622
2100-May-16 11:00:00, 6481.1395832597573, 2.3276796093449557, 2914.5355750814583, 6.9346903023152171, 3566.6040081782994, 1.5086554861502421
2100-May-16 12:00:00, 6479.3965049027247, 2.3270535885816264, 2912.9226384142353, 6.9308525669449335, 3566.4738664884894, 1.5086004368725936
2100-May-16 13:00:00, 6476.2755468607147, 2.3259327069368658, 2909.9319105637055, 6.9237365888113152, 3566.3436362970092, 1.5085453501591854
2100-May-16 14:00:00, 6472.4288412543283, 2.3245511754811532, 2906.2155238060441, 6.9148940166264525, 3566.2133174482842, 1.5084902259442103
2100-May-16 15:00:00, 6468.7325077956993, 2.3232236496794849, 2902.6495979355814, 6.9064094430415235, 3566.082909860118, 1.5084350641928996
2100-May-16 16:00:00, 6465.8898148369244, 2.3222027060088903, 2899.9374012701969, 6.8999561871354302, 3565.952413566727, 1.5083798649197269
2100-May-16 17:00:00, 6464.4124793061001, 2.3216721258929889, 2898.5906505424805, 6.8967518003744726, 3565.82182876362, 1.5083246282073912
2100-May-16 18:00:00, 6464.4726877168587, 2.3216937495423844, 2898.7815318867788, 6.8972059732514532, 3565.6911558300799, 1.5082693542163272
2100-May-16 19:00:00, 6465.9829010298035, 2.3222361376037961, 2900.4225056919868, 6.9011104186905898, 3565.5603953378172, 1.5082140431883657
2100-May-16 20:00:00, 6468.8191373584059, 2.3232547623972541, 2903.3895892819082, 6.9081701389331922, 3565.4295480764977, 1.5081586954575315
2100-May-16 21:00:00, 6472.9288903615943, 2.3247307664459367, 2907.6302753256423, 6.918260200840165, 3565.2986150359525, 1.5081033114425177
2100-May-16 22:00:00, 6478.3771557504406, 2.3266874927421379, 2913.2095583508312, 6.9315352489196753, 3565.1675973996093, 1.5080478916439086
2100-May-16 23:00:00, 6485.1401373713024, 2.3291163949768494, 2920.1036408527993, 6.9479386606599567, 3565.0364965185031, 1.5079924366331852
2100-May-17 00:00:00, 6492.6964311744796, 2.3318302126291193, 2927.7911173109405, 6.9662298316099145, 3564.9053138635395, 1.5079369470325328
2100-May-17 01:00:00, 6500.7095627799272, 2.3347081020504756, 2935.9355117610357, 6.9856081688291223, 3564.7740510188914, 1.507881423512049
2100-May-17 02:00:00, 6508.9672667026571, 2.33767382880177, 2944.3245570956042, 7.0055686152977463, 3564.6427096070533, 1.5078258667580404
2100-May-17 03:00:00, 6517.3234312323293, 2.3406749173508099, 2952.81213996526, 7.0257635167151546, 3564.5112912670693, 1.5077702774638146
2100-May-17 04:00:00, 6525.670308984214, 2.3436726705846609, 2961.2905113719548, 7.0459365008695132, 3564.3797976122596, 1.5077146563117978
2100-May-17 05:00:00, 6533.6807303273745, 2.3465495866243797, 2969.4325001348079, 7.0653091141249682, 3564.2482301925661, 1.5076590039576077
2100-May-17 06:00:00, 6541.0841152194862, 2.3492084875525454, 2976.9675247599462, 7.0832375493248687, 3564.11659045954, 1.5076033210152429
2100-May-17 07:00:00, 6547.4065010076347, 2.3514791512672257, 2983.421621246106, 7.0985940818357225, 3563.9848797615286, 1.5075476080550478
2100-May-17 08:00:00, 6550.4526646420827, 2.3525731707506119, 2986.5995653199766, 7.1061555122532445, 3563.8530993221061, 1.5074918655945879
2100-May-17 09:00:00, 6550.6595892106543, 2.3526474870174892, 2986.9383389663603, 7.1069615721759103, 3563.7212502442935, 1.5074360941004354
2100-May-17 10:00:00, 6547.9290724235834, 2.3516668310438611, 2984.3397389182405, 7.1007786019945325, 3563.5893335053429, 1.5073802939859635
2100-May-17 11:00:00, 6542.6621865549641, 2.3497752465958426, 2979.2048365678743, 7.0885608895614203, 3563.4573499870899, 1.5073244656241835
2100-May-17 12:00:00, 6535.7164834081641, 2.3472807205360846, 2972.3911829261842, 7.0723488459561397, 3563.3253004819799, 1.5072686093502965
2100-May-17 13:00:00, 6528.8034441753989, 2.3447979256118292, 2965.6102584513656, 7.0562146763826759, 3563.1931857240338, 1.5072127254747893
2100-May-17 14:00:00, 6522.7948079761518, 2.3426399440128702, 2959.7338015690411, 7.0422325486974824, 3563.0610064071102, 1.5071568142911604
2100-May-17 15:00:00, 6517.6822042536996, 2.3408037694817505, 2954.7534410391445, 7.0303825448189938, 3562.9287632145551, 1.5071008760884621
2100-May-17 16:00:00, 6513.3558744839202, 2.3392499826115483, 2950.5594176320992, 7.0204035094978323, 3562.7964568518209, 1.507044911165097
2100-May-17 17:00:00, 6510.1213616612358, 2.3380883181470189, 2947.457273619661, 7.0130224336985298, 3562.6640880415748, 1.5069889198267497
2100-May-17 18:00:00, 6508.2371041644255, 2.3374115933677206, 2945.7054466183858, 7.0088542300845669, 3562.5316575460397, 1.5069329023958364
2100-May-17 19:00:00, 6507.9447245493739, 2.3373065862066498, 2945.5455583789726, 7.0084738005462235, 3562.3991661704017, 1.5068768592129473
2100-May-17 20:00:00, 6509.4217015037611, 2.3378370375410231, 2947.1550867477258, 7.0123034263931423, 3562.2666147560353, 1.506820790633979
2100-May-17 21:00:00, 6512.5283849879088, 2.3389527925260594, 2950.3943808202621, 7.0200108297212127, 3562.1340041676472, 1.5067646970246984
2100-May-17 22:00:00, 6517.0628726486902, 2.3405813386067655, 2955.0615373835085, 7.0311156128074952, 3562.0013352651818, 1.5067085787488577
2100-May-17 23:00:00, 6522.7181970588554, 2.3426124294580988, 2960.8495881671947, 7.0448873917427424, 3561.8686088916611, 1.5066524361630507
2100-May-18 00:00:00, 6529.1505233203061, 2.3449225779261407, 2967.4146975011749, 7.0605080622952778, 3561.7358258191307, 1.5065962695938488
2100-May-18 01:00:00, 6536.0622693127698, 2.3474049083874662, 2974.4592825769369, 7.0772695718223506, 3561.6029867358334, 1.5065400793323753
2100-May-18 02:00:00, 6543.6656884020831, 2.3501356509286717, 2982.1955961904368, 7.0956769432917168, 3561.4700922116463, 1.5064838656196855
2100-May-18 03:00:00, 6552.4523823630061, 2.3532913626833181, 2991.1152397012338, 7.1168998667253085, 3561.3371426617728, 1.5064276286314082
2100-May-18 04:00:00, 6562.5922386191978, 2.3569330581515331, 3001.3881002856547, 7.1413425625979876, 3561.2041383335436, 1.5063713684721629
2100-May-18 05:00:00, 6573.6686962479271, 2.360911130870837, 3012.5976169483297, 7.1680138879229913, 3561.0710792995978, 1.5063150851726759
2100-May-18 06:00:00, 6584.2786873978494, 2.3647216737140733, 3023.3407219685932, 7.1935754582938358, 3560.9379654292557, 1.50625877867767
2100-May-18 07:00:00, 6589.4741207033903, 2.3665875962129892, 3028.66932428071, 7.206254050071772, 3560.8047964226803, 1.5062024488603158
2100-May-18 08:00:00, 6586.7097865542128, 2.365594794846841, 3026.0382147543146, 7.1999937285738902, 3560.6715717998977, 1.5061460955175869
2100-May-18 09:00:00, 6579.0717765823947, 2.3628516291058506, 3018.5334856345039, 7.1821373768814949, 3560.5382909478908, 1.50608971839018
2100-May-18 10:00:00, 6569.4398758201351, 2.3593923641547523, 3009.0349226922344, 7.15953700346871, 3560.4049531279006, 1.506033317165604
2100-May-18 11:00:00, 6558.8047433440988, 2.3555727918883114, 2998.5331858031741, 7.1345497315394599, 3560.2715575409243, 1.5059768915058842
2100-May-18 12:00:00, 6546.9334679064232, 2.3513092630106791, 2986.7953645642228, 7.1066213865187304, 3560.1381033422003, 1.5059204410536915
2100-May-18 13:00:00, 6533.9649020255256, 2.3466516459395419, 2973.9603123127495, 7.0760823486222684, 3560.0045897127761, 1.5058639654626125
2100-May-18 14:00:00, 6518.9601637594014, 2.3412627443649137, 2959.0891478663561, 7.0406986941037752, 3559.8710158930453, 1.5058074644113375
2100-May-18 15:00:00, 6504.2595420467524, 2.3359830652335445, 2944.5221608183278, 7.0060387830429569, 3559.7373812284245, 1.5057509376229816
2100-May-18 16:00:00, 6491.4338734485609, 2.331376769243664, 2931.8301882467172, 6.9758401812958715, 3559.6036852018442, 1.5056943848788265
2100-May-18 17:00:00, 6481.1002060353312, 2.3276654671464749, 2921.630278575999, 6.9515710609314567, 3559.4699274593322, 1.505637806029144
2100-May-18 18:00:00, 6473.5473944986497, 2.3249529001385727, 2914.2112866740958, 6.9339187077967228, 3559.3361078245539, 1.5055812009993454
2100-May-18 19:00:00, 6468.9080818496423, 2.3232867065138647, 2909.7058555436211, 6.9231987255685494, 3559.2022263060217, 1.5055245697930313
2100-May-18 20:00:00, 6466.8829621991972, 2.3225593915631109, 2907.8146791197696, 6.9186989613801906, 3559.0682830794271, 1.5054679124845185
2100-May-18 21:00:00, 6467.1791613705245, 2.3226657705050466, 2908.2448829070399, 6.9197225652974348, 3558.9342784634841, 1.5054112292086212
2100-May-18 22:00:00, 6469.5016156144429, 2.3234998721808027, 2910.701402736056, 6.9255674773929909, 3558.8002128783864, 1.5053545201430794
2100-May-18 23:00:00, 6473.5417058152998, 2.3249508570669697, 2914.8756190077888, 6.9354993846741513, 3558.666086807511, 1.5052977854923588
2100-May-19 00:00:00, 6478.8813308365516, 2.3268685655384269, 2920.3494301021701, 6.9485234784740193, 3558.5319007343819, 1.5052410254609883
2100-May-19 01:00:00, 6485.250234711737, 2.329155936068517, 2926.8525796267627, 6.9639967251649386, 3558.3976550849748, 1.5051842402291526
2100-May-19 02:00:00, 6492.232837178648, 2.3316637143957069, 2933.9694869898367, 6.9809303144802133, 3558.2633501888108, 1.5051274299362383
2100-May-19 03:00:00, 6499.6282778538025, 2.3343197621849168, 2941.4992916533029, 6.9988463295820722, 3558.1289862004992, 1.5050705946476437
2100-May-19 04:00:00, 6507.2905971777, 2.3370716585484193, 2949.2960340911568, 7.0173974821690246, 3557.9945630865436, 1.5050137343492003
2100-May-19 05:00:00, 6515.0368106668393, 2.3398536852208389, 2957.1767300918395, 7.0361483893799965, 3557.8600805749998, 1.5049568489258769
2100-May-19 06:00:00, 6522.1011829822974, 2.3423908309157078, 2964.3756448398972, 7.0532771026876571, 3557.7255381424002, 1.5048999381562496
2100-May-19 07:00:00, 6527.1867330468522, 2.3442172892160573, 2969.5957980225821, 7.0656976563985356, 3557.5909350242696, 1.504843001716949
2100-May-19 08:00:00, 6523.339781634113, 2.3428356694798147, 2965.8835114257349, 7.0568648399173535, 3557.4562702083776, 1.5047860391798069
2100-May-19 09:00:00, 6513.8985907079368, 2.3394448973286401, 2956.5770482305588, 7.034721538384094, 3557.3215424773784, 1.5047290500298922
2100-May-19 10:00:00, 6502.9354135057602, 2.3355075088957391, 2945.7486630532057, 7.0089570569616892, 3557.186750452554, 1.504672033684014
2100-May-19 11:00:00, 6491.8062039815231, 2.3315104905095585, 2934.7543113480592, 6.9827976836461678, 3557.0518926334635, 1.5046149895074936
2100-May-19 12:00:00, 6480.4451593385147, 2.3274302093156933, 2923.5281918783016, 6.9560868544886327, 3556.9169674602131, 1.5045579168405037
2100-May-19 13:00:00, 6468.7815096097947, 2.3232412485171623, 2911.999536225253, 6.9286561868929235, 3556.7819733845413, 1.5045008150281374
2100-May-19 14:00:00, 6456.6832211500741, 2.3188961886717605, 2900.0363122222761, 6.9001915305726627, 3556.646908927798, 1.5044436834449331
2100-May-19 15:00:00, 6444.9565668988234, 2.3146846000096404, 2888.4447941573781, 6.8726112915112427, 3556.5117727414458, 1.5043865215204666
2100-May-19 16:00:00, 6434.2991415101451, 2.3108570213181685, 2877.9225778603127, 6.8475752919722481, 3556.3765636498324, 1.5043293287574426
2100-May-19 17:00:00, 6425.3431743890978, 2.3076405156740885, 2869.101893678896, 6.826587827082256, 3556.2412807102014, 1.5042721047570802
2100-May-19 18:00:00, 6418.623468191101, 2.3052271556627923, 2862.517544961182, 6.8109213793675059, 3556.1059232299194, 1.5042148492263987
2100-May-19 19:00:00, 6414.5246284868008, 2.3037550710889136, 2858.5541377225031, 6.8014910598417524, 3555.9704907642977, 1.5041575619772971
2100-May-19 20:00:00, 6413.148199044731, 2.3032607310573727, 2857.3132158885201, 6.7985384766989601, 3555.8349831562109, 1.5041002429433123
2100-May-19 21:00:00, 6414.4639276980342, 2.3037332706036024, 2858.7645272261411, 6.8019916493912715, 3555.6994004718931, 1.5040428921524609
2100-May-19 22:00:00, 6418.3639921492213, 2.3051339657100014, 2862.8002491454749, 6.8115940306063516, 3555.5637430037464, 1.5039855097284274
2100-May-19 23:00:00, 6424.3570795229407, 2.3072863630002649, 2868.9290683000104, 6.8261766156051342, 3555.4280112229303, 1.5039280958705099
2100-May-20 00:00:00, 6431.96458186359, 2.3100185720275341, 2876.6723761462408, 6.8446006287783465, 3555.2922057173491, 1.5038706508273891
2100-May-20 01:00:00, 6441.2044732586774, 2.3133370481252347, 2886.0481461023624, 6.8669088351174086, 3555.156327156315, 1.5038131748821808
2100-May-20 02:00:00, 6452.2251439827496, 2.317295085164274, 2897.204767742377, 6.8934543048502483, 3555.0203762403726, 1.5037556683312114
2100-May-20 03:00:00, 6464.79033398703, 2.321807831138154, 2909.9059803482837, 6.9236748918414923, 3554.8843536387462, 1.5036981314575597
2100-May-20 04:00:00, 6479.0755842276249, 2.3269383309942762, 2924.3273242612477, 6.9579882674045228, 3554.7482599663767, 1.5036405645213426
2100-May-20 05:00:00, 6494.3995906926693, 2.3324418966749607, 2939.7874949520015, 6.9947733719261285, 3554.6120957406679, 1.5035829677414192
2100-May-20 06:00:00, 6506.9785934072816, 2.3369596034375686, 2952.5027320391787, 7.0250273280191573, 3554.4758613681029, 1.5035253412897298
2100-May-20 07:00:00, 6515.1351128436563, 2.3398889901189346, 2960.7955557072232, 7.0447588297929835, 3554.3395571364331, 1.5034676852879918
2100-May-20 08:00:00, 6511.6339826471467, 2.3386315709161254, 2957.430799413235, 7.0367529083552531, 3554.2031832339121, 1.5034099998158357
2100-May-20 09:00:00, 6494.2110737770199, 2.3323741914550782, 2940.1443340153742, 6.9956224157372295, 3554.0667397616457, 1.5033522849160283
2100-May-20 10:00:00, 6469.7588779879097, 2.3235922671019855, 2915.8286512154723, 6.937766978614305, 3553.9302267724374, 1.5032945406109057
2100-May-20 11:00:00, 6444.2365822859501, 2.3144260199434505, 2890.4429379556291, 6.8773655681578658, 3553.7936443303211, 1.5032367669275537
2100-May-20 12:00:00, 6419.9033264274831, 2.3056868124687302, 2866.2463338937773, 6.8197934606250916, 3553.6569925337058, 1.5031789639075988
2100-May-20 13:00:00, 6396.9945003298617, 2.2974591841795333, 2843.4742287202757, 6.7656107296746999, 3553.5202716095864, 1.5031211316470587
2100-May-20 14:00:00, 6375.8451956880235, 2.2898634821375983, 2822.4617137359141, 6.7156146736528992, 3553.3834819521094, 1.5030632703126554
2100-May-20 15:00:00, 6356.6452010758021, 2.2829678682745929, 2803.3985769018145, 6.6702568638991293, 3553.246624173988, 1.5030053801635637
2100-May-20 16:00:00, 6339.8014447520636, 2.2769184895139793, 2786.6917456022834, 6.6305055217004547, 3553.1096991497802, 1.5029474615697167
2100-May-20 17:00:00, 6325.7905582142093, 2.2718865264642645, 2772.8178501601342, 6.5974947157934727, 3552.9727080540752, 1.5028895150279602
2100-May-20 18:00:00, 6314.9961259826196, 2.2680097422232914, 2762.1604736400695, 6.5721371232378392, 3552.8356523425505, 1.5028315411540381
2100-May-20 19:00:00, 6307.5700960620015, 2.2653427084088591, 2754.8715622849681, 6.5547942768094698, 3552.6985337770338, 1.5027735406931948
2100-May-20 20:00:00, 6303.3692015697543, 2.2638339711991455, 2750.8078472198117, 6.545125290198138, 3552.561354349943, 1.5027155144882129
2100-May-20 21:00:00, 6302.008755599757, 2.2633453715781533, 2749.584639343489, 6.5422148547002239, 3552.424116256268, 1.5026574634675622
2100-May-20 22:00:00, 6303.424609519042, 2.2638538707788558, 2751.1377876992128, 6.5459103329550032, 3552.2868218198291, 1.5025993886142071
2100-May-20 23:00:00, 6307.5135312022012, 2.2653223933286064, 2755.3640578034824, 6.555966094345469, 3552.1494733987188, 1.5025412909256082
2100-May-21 00:00:00, 6313.5457487573349, 2.2674888440926795, 2761.5336754532486, 6.5706457531050404, 3552.0120733040858, 1.5024831713793703
2100-May-21 01:00:00, 6320.9247842802706, 2.2701390000263264, 2769.0501605835498, 6.5885300764209909, 3551.8746236967213, 1.5024250308894971
2100-May-21 02:00:00, 6329.8893676543976, 2.2733586001688888, 2778.1522411462615, 6.6101870808332173, 3551.7371265081356, 1.5023668702730073
2100-May-21 03:00:00, 6341.1729682937312, 2.2774110676077952, 2789.5733849295943, 6.6373619404275841, 3551.5995833641364, 1.5023086902176099
2100-May-21 04:00:00, 6354.7378678042332, 2.2822828559079524, 2803.2758722853546, 6.6699649070875227, 3551.4619955188787, 1.5022504912538057
2100-May-21 05:00:00, 6369.0185805294332, 2.2874117261305931, 2817.694216721055, 6.7042711458545341, 3551.3243638083786, 1.5021922737352256
2100-May-21 06:00:00, 6382.234693899667, 2.2921582490547627, 2831.0480052674884, 6.7360444371891344, 3551.1866886321786, 1.5021340378308738
2100-May-21 07:00:00, 6392.4615518488572, 2.2958311908900972, 2841.412581890841, 6.7607053573069331, 3551.0489699580157, 1.5020757835271035
2100-May-21 08:00:00, 6397.769920202416, 2.2977376736338706, 2846.858712850606, 6.7736635904726974, 3550.9112073518099, 1.5020175106403006
2100-May-21 09:00:00, 6395.7264573158809, 2.2970037707712123, 2844.9530573194929, 6.7691293754697481, 3550.7733999963875, 1.5019592188248054
2100-May-21 10:00:00, 6387.1489598820535, 2.2939231912497502, 2836.5134130952028, 6.7490485367050548, 3550.6355467868502, 1.5019009076132508
2100-May-21 11:00:00, 6372.9632248127946, 2.288828431934649, 2822.465578421135, 6.7156238690785273, 3550.4976463916596, 1.5018425764424033
2100-May-21 12:00:00, 6355.3827478049079, 2.2825144624038103, 2805.0230504489832, 6.674122049505451, 3550.3596973559247, 1.5017842246968511
2100-May-21 13:00:00, 6335.7975114709016, 2.2754804902646173, 2785.575813279223, 6.6278503319251332, 3550.2216981916786, 1.5017258517471919
2100-May-21 14:00:00, 6315.7214258587319, 2.2682702312485006, 2765.6377783732532, 6.5804108364213638, 3550.0836474854782, 1.5016674569955462
2100-May-21 15:00:00, 6296.1823404462393, 2.2612528340584475, 2746.2367964558953, 6.5342491761184407, 3549.945543990344, 1.5016090399144479
2100-May-21 16:00:00, 6278.0526157607801, 2.2547416040608121, 2728.2452290487349, 6.4914410014340751, 3549.8073867120447, 1.5015506000833425
2100-May-21 17:00:00, 6262.1981206476612, 2.2490475151560485, 2712.5289456634264, 6.4540465160442402, 3549.6691749842344, 1.5014921372203689
2100-May-21 18:00:00, 6248.8594909396334, 2.2442569908988368, 2699.328582415716, 6.4226382766720462, 3549.5309085239173, 1.5014336512058213
2100-May-21 19:00:00, 6237.9635074323078, 2.2403437348567561, 2688.5709199695925, 6.3970420691395207, 3549.3925874627153, 1.5013751420953751
2100-May-21 20:00:00, 6230.0293771928009, 2.2374942185118081, 2680.7751648617086, 6.3784932657527733, 3549.2542123310927, 1.5013166101134139
2100-May-21 21:00:00, 6225.5373769216967, 2.235880931635033, 2676.4215928357617, 6.3681346089681767, 3549.115784085935, 1.5012580556646957
2100-May-21 22:00:00, 6224.7331720915899, 2.2355921041594433, 2675.7558680756965, 6.3665506190257979, 3548.9773040158939, 1.5011994792943133
2100-May-21 23:00:00, 6227.7621759653184, 2.2366799607721473, 2678.9234022488558, 6.3740872806814872, 3548.8387737164626, 1.5011408816771528
2100-May-22 00:00:00, 6233.6305866126058, 2.2387875808330135, 2684.9303916256627, 6.3883799904132221, 3548.7001949869436, 1.5010822635743095
2100-May-22 01:00:00, 6241.3368513082833, 2.2415552600298438, 2692.7752815527988, 6.4070457025649494, 3548.5615697554845, 1.5010236258013803
2100-May-22 02:00:00, 6250.3216556416701, 2.2447821224623086, 2701.8987556730176, 6.428753609665427, 3548.4228999686529, 1.5009649691817537
2100-May-22 03:00:00, 6260.0728781430598, 2.248284241417021, 2711.788690633668, 6.4522851927582954, 3548.2841875093918, 1.5009062945119047
2100-May-22 04:00:00, 6270.7206770231314, 2.2521083627801164, 2722.5752429200602, 6.4779501392339514, 3548.1454341030708, 1.5008476025216562
2100-May-22 05:00:00, 6280.6020797250148, 2.2556572355185325, 2732.5954384841252, 6.5017916574502737, 3548.0066412408901, 1.5007888938417784
2100-May-22 06:00:00, 6289.3500863686595, 2.258799052852543, 2741.4822762385033, 6.5229365246189692, 3547.8678101301562, 1.5007301689829555
2100-May-22 07:00:00, 6297.1429962587345, 2.2615978503812126, 2749.4140546152771, 6.5418089745076582, 3547.7289416434573, 1.5006714283142883
2100-May-22 08:00:00, 6303.8533098744629, 2.2640078370779944, 2756.2632735661005, 6.5581056403101954, 3547.5900363083624, 1.5006126720589357
2100-May-22 09:00:00, 6309.0617320218571, 2.2658784244760288, 2761.6106377033366, 6.5708288729728821, 3547.4510943185201, 1.5005539002988098
2100-May-22 10:00:00, 6312.3660003209334, 2.2670651413866523, 2765.0538847666007, 6.5790215511553836, 3547.3121155543331, 1.5004951129833219
2100-May-22 11:00:00, 6314.2851548877352, 2.2677543993319471, 2767.1120552528141, 6.5839186520977373, 3547.1730996349211, 1.5004363099513616
2100-May-22 12:00:00, 6315.1260137961272, 2.2680563909971867, 2768.0919678321379, 6.586250203758679, 3547.0340459639892, 1.5003774909506988
2100-May-22 13:00:00, 6314.4329744587194, 2.2678074882365791, 2767.5380206229056, 6.5849321713514914, 3546.8949538358133, 1.5003186556828161
2100-May-22 14:00:00, 6312.5399867931483, 2.2671276280463628, 2765.7841642990638, 6.580759139275786, 3546.7558224940844, 1.5002598038277983
2100-May-22 15:00:00, 6309.7605929484798, 2.2661294180409368, 2763.143941737012, 6.5744771347075268, 3546.6166512114678, 1.5002009350779868
2100-May-22 16:00:00, 6306.9491395292735, 2.2651196939465179, 2760.4717001340487, 6.5681189457432367, 3546.4774393952248, 1.500142049182656
2100-May-22 17:00:00, 6304.3377298319065, 2.2641818148858803, 2757.9995431921134, 6.5622368275362701, 3546.3381866397926, 1.500083145970255
2100-May-22 18:00:00, 6302.852711723739, 2.2636484755980155, 2756.6538189109488, 6.5590348830474223, 3546.1988928127903, 1.5000242253847871
2100-May-22 19:00:00, 6302.9820877150751, 2.2636949405526896, 2756.9225296292698, 6.5596742389806284, 3546.0595580858053, 1.4999652874988332
2100-May-22 20:00:00, 6304.9514848195322, 2.2644022429373796, 2759.0313018303837, 6.5646917389411321, 3545.920182989149, 1.4999063325367119
2100-May-22 21:00:00, 6308.8882627584553, 2.2658161235701342, 2763.1074943299932, 6.5743904136936679, 3545.7807684284617, 1.4998473608815051
2100-May-22 22:00:00, 6314.9860955782806, 2.2680061398371132, 2769.3447798929114, 6.5892310778721219, 3545.6413156853696, 1.4997883730753336
2100-May-22 23:00:00, 6322.6133776367333, 2.2707454526838911, 2777.1115512338702, 6.6077109188316685, 3545.5018264028627, 1.4997293698131742
2100-May-23 00:00:00, 6331.0844034352285, 2.2737877932735491, 2785.7221008505462, 6.62819840076014, 3545.3623025846828, 1.4996703519425996
2100-May-23 01:00:00, 6340.2951304822118, 2.2770957950931492, 2795.0723839634352, 6.6504459650654892, 3545.2227465187766, 1.4996113204313994
2100-May-23 02:00:00, 6350.2222555897279, 2.2806610888806595, 2805.1390948203034, 6.6743981592854498, 3545.0831607694245, 1.4995522763642517
2100-May-23 03:00:00, 6360.4450830575952, 2.284332583182104, 2815.5015349509003, 6.6990539959464801, 3544.9435481066948, 1.4994932209128811
2100-May-23 04:00:00, 6370.8385412903681, 2.2880653589522004, 2826.0346298336012, 6.7241158794111868, 3544.8039114567664, 1.4994341553150465
2100-May-23 05:00:00, 6381.2031079662138, 2.2917877584162354, 2836.5388541187822, 6.7491090697179317, 3544.6642538474316, 1.499375080851489
2100-May-23 06:00:00, 6390.6435430461015, 2.2951782591077432, 2846.118964671949, 6.7719034731611956, 3544.5245783741525, 1.4993159988315732
2100-May-23 07:00:00, 6398.1571068800531, 2.2978767304344481, 2853.7722187336658, 6.7901132171686811, 3544.3848881463869, 1.499256910570584
2100-May-23 08:00:00, 6403.1934956186624, 2.2996855326089727, 2858.9483093674858, 6.8024289308038641, 3544.2451862511766, 1.4991978173743246
2100-May-23 09:00:00, 6406.0375003015251, 2.300706947380887, 2861.9320245690278, 6.8095282234149774, 3544.1054757324973, 1.4991387205303814
2100-May-23 10:00:00, 6407.3737995648244, 2.3011868747929118, 2863.4080399838235, 6.8130401756692454, 3543.9657595810008, 1.4990796213037851
2100-May-23 11:00:00, 6407.3548587223295, 2.3011800722526652, 2863.5288179999125, 6.8133275484308156, 3543.826040722417, 1.4990205209321044
2100-May-23 12:00:00, 6405.830703805017, 2.3006326771106633, 2862.1443817852282, 6.8100334948346859, 3543.6863220197888, 1.4989614206263921
2100-May-23 13:00:00, 6402.3484862675523, 2.2993820503261091, 2858.8018799832366, 6.8020805245467546, 3543.5466062843152, 1.4989023215757713
2100-May-23 14:00:00, 6396.8431775521494, 2.2974048371099194, 2853.4362812733984, 6.7893139055157992, 3543.4068962787505, 1.498843224948873
2100-May-23 15:00:00, 6390.722114447326, 2.2952064777637617, 2847.4549197055726, 6.7750821732241517, 3543.267194741753, 1.498784131904136
2100-May-23 16:00:00, 6385.2082016090772, 2.2932261744056226, 2842.0806972111823, 6.7622950352207694, 3543.1275043978953, 1.4987250435940405
2100-May-23 17:00:00, 6380.7754242012725, 2.2916341572221688, 2837.7875962400062, 6.7520802600345577, 3542.9878279612667, 1.4986659611666326
2100-May-23 18:00:00, 6377.8727233212376, 2.2905916619073112, 2835.0245551712933, 6.7455060276704302, 3542.8481681499443, 1.4986068857716452
2100-May-23 19:00:00, 6376.3610208940418, 2.290048739035496, 2833.6524932043667, 6.742241416698592, 3542.7085276896751, 1.4985478185620558
2100-May-23 20:00:00, 6375.9864663488224, 2.2899142190230357, 2833.4175570615903, 6.7416824221867726, 3542.5689092872317, 1.4984887606828152
2100-May-23 21:00:00, 6376.710230647388, 2.2901741565507039, 2834.280915016961, 6.7437366499998497, 3542.4293156304266, 1.4984297132708548
2100-May-23 22:00:00, 6378.4270679051078, 2.290790752910961, 2836.1373185430075, 6.7481536774121498, 3542.2897493620999, 1.4983706774440824
2100-May-23 23:00:00, 6381.1806309072945, 2.2917796858556847, 2839.0304178586093, 6.75503736342342, 3542.1502130486851, 1.4983116542880865
2100-May-24 00:00:00, 6384.7175936667982, 2.2930499742036741, 2842.7068845349081, 6.7637849518985416, 3542.0107091318901, 1.4982526448356972
2100-May-24 01:00:00, 6388.7237603811373, 2.2944887755830936, 2846.8525204546413, 6.7736488566164317, 3541.8712399264964, 1.4981936500660553
2100-May-24 02:00:00, 6393.104379028453, 2.2960620601221291, 2851.3725714989537, 6.7844036246868429, 3541.7318075294988, 1.4981346708661791
2100-May-24 03:00:00, 6397.9558924824441, 2.2978044649563785, 2856.3634786483772, 6.7962787226286121, 3541.592413834067, 1.4980757080368698
2100-May-24 04:00:00, 6403.4838485799719, 2.2997898119041289, 2862.0307881311019, 6.8097632161603032, 3541.4530604488696, 1.4980167622585863
2100-May-24 05:00:00, 6409.448981919888, 2.3019321695966264, 2868.1352332011247, 6.8242878067640458, 3541.3137487187637, 1.497957834100196
2100-May-24 06:00:00, 6415.2643174896384, 2.3040207279208706, 2874.0898378329357, 6.8384558750310411, 3541.1744796567023, 1.497898923990173
2100-May-24 07:00:00, 6419.976002299727, 2.3057129137652295, 2878.9407483185773, 6.8499978723872541, 3541.0352539811493, 1.4978400322324241
2100-May-24 08:00:00, 6422.432091278346, 2.3065950099090982, 2881.5360192078906, 6.856172921345955, 3540.8960720704549, 1.4977811589869894
2100-May-24 09:00:00, 6422.2879043995654, 2.3065432256737237, 2881.5309703951916, 6.856160908470641, 3540.7569340043738, 1.4977223042876047
2100-May-24 10:00:00, 6419.1835430125457, 2.3054283046621062, 2878.5657034382912, 6.8491055106276351, 3540.6178395742545, 1.4976634680460115
2100-May-24 11:00:00, 6413.824946878427, 2.3035037827788991, 2873.3461585729474, 6.8366864043145519, 3540.4787883054792, 1.4976046500614488
2100-May-24 12:00:00, 6406.6968183783538, 2.3009437392635168, 2866.3570388847238, 6.8200568661685681, 3540.3397794936304, 1.4975458500359518
2100-May-24 13:00:00, 6398.6065960945307, 2.2980381629828015, 2858.4057838500553, 6.801138074560197, 3540.2008122444749, 1.4974870675912642
2100-May-24 14:00:00, 6389.5091935574164, 2.2947708612819806, 2849.4473080370176, 6.7798227556204163, 3540.0618855203984, 1.4974283022884802
2100-May-24 15:00:00, 6380.252096929873, 2.2914462059825755, 2840.3290987558134, 6.7581273753967315, 3539.9229981740596, 1.4973695536422804
2100-May-24 16:00:00, 6371.4623513479437, 2.2882893982484491, 2831.6782023437472, 6.73754389445795, 3539.7841490041969, 1.4973108211445374
2100-May-24 17:00:00, 6363.4694136234157, 2.2854187613918997, 2823.8240768533951, 6.7188562077003136, 3539.6453367700205, 1.4972521042704032
2100-May-24 18:00:00, 6356.9818649087774, 2.283088779964451, 2817.4753046526885, 6.7037502781696308, 3539.5065602560885, 1.4971934025057518
2100-May-24 19:00:00, 6352.4175627423429, 2.2814495261037351, 2813.0497444769112, 6.6932203366257133, 3539.3678182654312, 1.4971347153442716
2100-May-24 20:00:00, 6349.7878562408823, 2.2805050758070893, 2810.5587465888034, 6.6872933892775865, 3539.2291096520794, 1.4970760423012228
2100-May-24 21:00:00, 6349.0461333474177, 2.2802386885101145, 2809.9557000311306, 6.685858532502774, 3539.0904333162871, 1.4970173829114188
2100-May-24 22:00:00, 6350.0950469159452, 2.2806154023108376, 2811.1432587019303, 6.6886841461848423, 3538.9517882140144, 1.4969587367332358
2100-May-24 23:00:00, 6352.7291418687855, 2.281561428705122, 2813.9159685455006, 6.6952813839155239, 3538.8131733232854, 1.4969001033343834
2100-May-25 00:00:00, 6356.7828677740054, 2.2830173108089151, 2818.1082801166472, 6.7052563461857657, 3538.6745876573577, 1.4968414822974743
2100-May-25 01:00:00, 6362.5241193241145, 2.2850792621052314, 2823.9880891220878, 6.7192464497336886, 3538.5360302020272, 1.4967828731935053
2100-May-25 02:00:00, 6369.6195347664325, 2.2876275568353086, 2831.2220348427163, 6.736458513866725, 3538.3974999237157, 1.4967242755852781
2100-May-25 03:00:00, 6377.8542396498888, 2.290585023558553, 2839.5952439298262, 6.7563812804138497, 3538.2589957200626, 1.4966656890064998
2100-May-25 04:00:00, 6386.6459782224438, 2.2937425470685984, 2848.525461823368, 6.7776293639690399, 3538.1205163990758, 1.4966071129529637
2100-May-25 05:00:00, 6394.4165735365659, 2.2965333303919313, 2856.434512860038, 6.7964477376383954, 3537.9820606765275, 1.4965485468814479
2100-May-25 06:00:00, 6401.1561938051673, 2.298953842475095, 2863.312566661737, 6.8128130115452379, 3537.8436271434302, 1.4964899901959581
2100-May-25 07:00:00, 6406.5530206995772, 2.3008920948080225, 2868.8478064266492, 6.8259832654432886, 3537.7052142729276, 1.4964314422506411
2100-May-25 08:00:00, 6409.0195740535746, 2.3017779491973172, 2871.4527536242067, 6.8321813376930818, 3537.5668204293675, 1.496372902353625
2100-May-25 09:00:00, 6407.2418549876038, 2.3011394873392064, 2869.8134111083541, 6.8282807736567213, 3537.4284438792502, 1.4963143697716477
2100-May-25 10:00:00, 6400.3405076993458, 2.2986608915377245, 2863.0504248932498, 6.8121892854204642, 3537.2900828060961, 1.4962558437363478
2100-May-25 11:00:00, 6389.319814810242, 2.2947028465381876, 2852.1680794385152, 6.7862964137957, 3537.1517353717263, 1.4961973234701846
2100-May-25 12:00:00, 6376.9014594243545, 2.2902428357265103, 2839.888059695737, 6.757077990610008, 3537.013399728618, 1.4961388081916658
2100-May-25 13:00:00, 6364.7670614170329, 2.2858848072578328, 2827.8919873340305, 6.7285351766591877, 3536.8750740830028, 1.4960802971420359
2100-May-25 14:00:00, 6353.5007994566495, 2.281838566947493, 2816.7640427224442, 6.70205793951635, 3536.7367567342053, 1.4960217896019179
2100-May-25 15:00:00, 6342.9621069088898, 2.2780536307588117, 2806.3636607930216, 6.6773118261654005, 3536.5984461158687, 1.495963284908751
2100-May-25 16:00:00, 6332.3394325781865, 2.2742385327936088, 2795.8792917364344, 6.6523658783292428, 3536.4601408417525, 1.4959047824761624
2100-May-25 17:00:00, 6321.6375364761616, 2.2703949825941416, 2785.3156967298896, 6.6272314244986612, 3536.321839746272, 1.4958462818111156
2100-May-25 18:00:00, 6311.5832092407618, 2.2667840045877474, 2775.3996673509018, 6.6036377537403217, 3536.1835418898595, 1.4957877825161781
2100-May-25 19:00:00, 6303.4511156397057, 2.26386339036346, 2767.4058690568536, 6.584617736972521, 3536.0452465828521, 1.4957292842996261
2100-May-25 20:00:00, 6298.128651863417, 2.2619518452957461, 2762.221698488358, 6.5722827983722647, 3535.9069533750594, 1.4956707869710313
2100-May-25 21:00:00, 6295.5957280761595, 2.2610421541872792, 2759.8270660277708, 6.5665851377761744, 3535.7686620483887, 1.4956122904381417
2100-May-25 22:00:00, 6295.2950442265901, 2.2609341645881491, 2759.6646716503737, 6.5661987452669477, 3535.6303725762164, 1.4955537946896955
2100-May-25 23:00:00, 6296.5782962471412, 2.2613950402603229, 2761.0862111683396, 6.5695810804814769, 3535.4920850788017, 1.4954952997765618
2100-May-26 00:00:00, 6298.9014414265621, 2.2622293900832542, 2763.5476416276915, 6.5754376766686118, 3535.3537997988701, 1.4954368058014123
2100-May-26 01:00:00, 6302.0378421935311, 2.2633558179310458, 2766.8223251735271, 6.5832292838195468, 3535.2155170200044, 1.4953783128842011
2100-May-26 02:00:00, 6305.9392622205305, 2.2647569998879646, 2770.8620252033188, 6.5928411303382068, 3535.0772370172122, 1.4953198211412548
2100-May-26 03:00:00, 6310.6098147827261, 2.2664344132230325, 2775.6708547668431, 6.6042830025955821, 3534.9389600158829, 1.4952613306679121
2100-May-26 04:00:00, 6316.1960334773148, 2.2684406849876959, 2781.3953473536149, 6.6179035545512921, 3534.8006861237, 1.4952028415097229
2100-May-26 05:00:00, 6322.245521367402, 2.2706133383348184, 2787.5831060725409, 6.6326263772020342, 3534.6624152948611, 1.4951443536473126
2100-May-26 06:00:00, 6328.5523349302584, 2.2728784093368559, 2794.0281876168228, 6.6479614600416097, 3534.5241473134352, 1.4950858669893436
2100-May-26 07:00:00, 6335.0649170884735, 2.2752173814418568, 2800.6790353432793, 6.6637861319465124, 3534.3858817451946, 1.4950273813521398
2100-May-26 08:00:00, 6341.5346246898152, 2.2775409552931229, 2807.2870067312178, 6.6795087861812732, 3534.2476179585969, 1.4949688964685619
2100-May-26 09:00:00, 6346.4113435106638, 2.2792924125505962, 2812.3019883839738, 6.6914411657106196, 3534.1093551266899, 1.4949104119888135
2100-May-26 10:00:00, 6349.641074945368, 2.2804523597956208, 2815.6699827084426, 6.6994547915451559, 3533.9710922369259, 1.4948519274845917
2100-May-26 11:00:00, 6351.030303798274, 2.2809512966927636, 2817.1974756686232, 6.7030892267218558, 3533.8328281296513, 1.4947934424653693
2100-May-26 12:00:00, 6350.9474674365501, 2.2809215462904433, 2817.2529058817304, 6.7032211144107814, 3533.6945615548202, 1.4947349564023829
2100-May-26 13:00:00, 6349.5103381267872, 2.2804054061043919, 2815.9540469306567, 6.7001306787856016, 3533.5562911961301, 1.494676468738843
2100-May-26 14:00:00, 6346.7723447935405, 2.2794220649542059, 2813.3543290465404, 6.6939450488849497, 3533.4180157470005, 1.494617978922073
2100-May-26 15:00:00, 6343.0525470152188, 2.2780861120205813, 2809.7728130644082, 6.6854233810208736, 3533.2797339508102, 1.4945594864205285
2100-May-26 16:00:00, 6338.8321016456521, 2.2765703531786534, 2805.6906569783851, 6.6757105168292981, 3533.1414446672666, 1.4945009907518714
2100-May-26 17:00:00, 6334.4265020585208, 2.2749880968186158, 2801.4233551331417, 6.6655571267055782, 3533.0031469253786, 1.4944424915053771
2100-May-26 18:00:00, 6330.7206991642324, 2.2736571701007948, 2797.8558592134996, 6.6570688174294768, 3532.8648399507333, 1.4943839883534733
2100-May-26 19:00:00, 6328.3796068126121, 2.2728163746109811, 2795.6530835779126, 6.6518276507170571, 3532.7265232346995, 1.4943254810810112
2100-May-26 20:00:00, 6327.7264894162035, 2.2725818096819896, 2795.138292883064, 6.6506027852291174, 3532.5881965331396, 1.4942669695847222
2100-May-26 21:00:00, 6328.7195684354456, 2.2729384706910394, 2796.2697085271461, 6.6532948151916216, 3532.4498599082995, 1.4942084538909355
2100-May-26 22:00:00, 6331.1598317828721, 2.2738148831123839, 2798.8483180639787, 6.6594302210179963, 3532.3115137188938, 1.494149934151386
2100-May-26 23:00:00, 6334.873768167583, 2.2751487309460932, 2802.7006095493753, 6.6685961576543074, 3532.1731586182077, 1.4940914106424099
2100-May-27 00:00:00, 6339.5955391653461, 2.2768445392110279, 2807.5607436253636, 6.6801601011288234, 3532.034795539982, 1.4940328837589747
2100-May-27 01:00:00, 6345.1504675917558, 2.2788395731805049, 2813.2540419118018, 6.6937064310321901, 3531.8964256799541, 1.4939743540068715
2100-May-27 02:00:00, 6351.3373121624309, 2.2810615577201596, 2819.579261719482, 6.7087563212566748, 3531.7580504429488, 1.4939158219803341
2100-May-27 03:00:00, 6358.1051029651999, 2.2834921871564715, 2826.4854315343505, 6.7251884929037722, 3531.6196714308494, 1.4938572883569508
2100-May-27 04:00:00, 6365.6334146335294, 2.2861959551185791, 2834.1521242573272, 6.7434302121441938, 3531.4812903762022, 1.4937987538695803
2100-May-27 05:00:00, 6373.8325062942149, 2.2891406314719509, 2842.4895971723695, 6.7632679499519215, 3531.3429091218459, 1.4937402192977336
2100-May-27 06:00:00, 6382.2624265289378, 2.2921682091358315, 2851.0578969613985, 6.7836549048967578, 3531.2045295675398, 1.4936816854449997
2100-May-27 07:00:00, 6389.9716947722345, 2.2949369670467461, 2858.9055411289378, 6.802327170341016, 3531.0661536432967, 1.4936231531277642
2100-May-27 08:00:00, 6395.5642451198983, 2.2969455128034393, 2864.6364618461935, 6.8159630170471175, 3530.9277832737052, 1.4935646231601181
2100-May-27 09:00:00, 6397.2911241504071, 2.2975657156328153, 2866.5017037769003, 6.820401074087469, 3530.7894203735068, 1.4935060963519877
2100-May-27 10:00:00, 6395.1459673574263, 2.2967952897437072, 2864.49490054732, 6.8156261936523803, 3530.6510668101064, 1.4934475734932755
2100-May-27 11:00:00, 6389.9969755458496, 2.2949460465520546, 2859.4842511260013, 6.8037041220031611, 3530.5127244198479, 1.4933890553607461
2100-May-27 12:00:00, 6381.8247606971963, 2.2920110229158519, 2851.4503657066689, 6.7845887240702334, 3530.3743949905274, 1.493330542710628
2100-May-27 13:00:00, 6371.5293211943608, 2.2883134502448526, 2841.2932409009827, 6.7604214037288344, 3530.2360802933777, 1.4932720362921437
2100-May-27 14:00:00, 6360.1618235265223, 2.2842308514686978, 2830.0640414453424, 6.7337032462173703, 3530.09778208118, 1.493213536846711
2100-May-27 15:00:00, 6348.4824525155254, 2.2800362444242066, 2818.5229504118429, 6.7062429905415035, 3529.9595021036826, 1.4931550451144644
2100-May-27 16:00:00, 6337.4898669611775, 2.2760882940799609, 2807.6686248220708, 6.6804167878870855, 3529.8212421391063, 1.4930965618475822
2100-May-27 17:00:00, 6327.7086832305313, 2.2725754146499471, 2798.0256792415039, 6.6574728781352066, 3529.6830039890274, 1.4930380878081224
2100-May-27 18:00:00, 6319.6294767245017, 2.2696737946489911, 2790.0846872212951, 6.6385785057953646, 3529.5447895032066, 1.4929796237785242
2100-May-27 19:00:00, 6313.5712444195997, 2.2674980007745282, 2784.1646438438888, 6.6244926707314242, 3529.4066005757109, 1.4929211705599685
2100-May-27 20:00:00, 6309.9291931019534, 2.2661899702222827, 2780.6607539519382, 6.6161557022408566, 3529.2684391500152, 1.4928627289745355
2100-May-27 21:00:00, 6308.5588406240959, 2.2656978127121183, 2779.4285334294177, 6.6132238225338824, 3529.1303071946782, 1.4928042998549151
2100-May-27 22:00:00, 6309.1828709626589, 2.2659219311215471, 2780.1906642790468, 6.6150371959773926, 3528.9922066836116, 1.4927458840360626
2100-May-27 23:00:00, 6311.5001553795519, 2.2667541760712138, 2782.6460158074378, 6.6208793282808323, 3528.8541395721145, 1.4926874823450593
2100-May-28 00:00:00, 6315.2796992460871, 2.2681115866126382, 2786.5635915057833, 6.6302005986870594, 3528.7161077403039, 1.492629095577185
2100-May-28 01:00:00, 6320.4988614817375, 2.2699860312774569, 2791.920748506735, 6.6429471319667019, 3528.5781129750021, 1.4925707244882571
2100-May-28 02:00:00, 6326.9668739630761, 2.272308996332042, 2798.5267170645757, 6.6586650207744853, 3528.4401568985004, 1.492512369764496
2100-May-28 03:00:00, 6334.7758343383812, 2.2751135583388113, 2806.473593394217, 6.6775733939259512, 3528.3022409441646, 1.4924540320122086
2100-May-28 04:00:00, 6343.879292629148, 2.2783830349433076, 2815.7149263211541, 6.699561727977116, 3528.1643663079944, 1.4923957117372968
2100-May-28 05:00:00, 6353.4986896001019, 2.281837809199569, 2825.4721556823765, 6.7227775584535872, 3528.0265339177254, 1.4923374093321875
2100-May-28 06:00:00, 6360.1521804849781, 2.2842273882025719, 2832.2634360686761, 6.7389363683297914, 3527.888744416302, 1.4922791250688436
2100-May-28 07:00:00, 6360.111288963677, 2.2842127021494321, 2832.3602908309458, 6.7391668193787977, 3527.7509981327312, 1.492220859086433
2100-May-28 08:00:00, 6355.3746412341316, 2.282511550956023, 2827.761346127555, 6.7282243359491369, 3527.613295106577, 1.4921626114016913
2100-May-28 09:00:00, 6348.5971234463577, 2.2800774281055722, 2821.1214883569164, 6.7124258129582088, 3527.4756350894413, 1.4921043819095472
2100-May-28 10:00:00, 6339.6761944903355, 2.2768735063012984, 2812.3381769169036, 6.691527270773296, 3527.3380175734324, 1.4920461703951651
2100-May-28 11:00:00, 6329.0066630589699, 2.273041579765076, 2801.8062212300488, 6.6664680978503492, 3527.2004418289207, 1.4919879765499156
2100-May-28 12:00:00, 6315.1851461724336, 2.2680776281924073, 2788.1222392050463, 6.6339091617861738, 3527.0629069673873, 1.4919297999979593
2100-May-28 13:00:00, 6299.7086716526319, 2.2625193041196874, 2772.7832596797884, 6.5974124130517744, 3526.925411972843, 1.491871640309538
2100-May-28 14:00:00, 6284.1216110518417, 2.2569212634257645, 2757.3336552769988, 6.5606524493914797, 3526.7879557748424, 1.4918134970318588
2100-May-28 15:00:00, 6269.863184943144, 2.251800397366917, 2743.2126476476706, 6.5270536779428632, 3526.6505372954739, 1.4917553697089707
2100-May-28 16:00:00, 6257.4148940224986, 2.2473296353080312, 2730.9017385110096, 6.4977617581829543, 3526.513155511489, 1.4916972579080445
2100-May-28 17:00:00, 6247.1848746938331, 2.2436555580738293, 2720.8090652080105, 6.4737477903051435, 3526.3758094858226, 1.4916391612327065
2100-May-28 18:00:00, 6239.5658199354557, 2.2409192000343627, 2713.3273215274162, 6.4559461289393267, 3526.2384984080395, 1.4915810793401465
2100-May-28 19:00:00, 6234.7625567165796, 2.2391941241107132, 2708.6613351075653, 6.4448441300297512, 3526.1012216090148, 1.4915230119473284
2100-May-28 20:00:00, 6232.5678228682718, 2.2384058927879624, 2706.6038442889562, 6.4399486462521986, 3525.9639785793156, 1.4914649588387643
2100-May-28 21:00:00, 6232.6282719664378, 2.2384276028794359, 2706.8015030360707, 6.4404189449195064, 3525.8267689303666, 1.4914069198500892
2100-May-28 22:00:00, 6234.744277125862, 2.2391875590568313, 2709.054684731288, 6.4457800451183749, 3525.689592394574, 1.491348894868112
2100-May-28 23:00:00, 6238.5459385594922, 2.24055291304852, 2712.9934897683852, 6.4551518274795168, 3525.5524487911071, 1.4912908838163421
2100-May-29 00:00:00, 6243.5659111634213, 2.242355819423167, 2718.1505731949615, 6.4674223163808255, 3525.4153379684603, 1.4912328866306936
2100-May-29 01:00:00, 6249.6548628476121, 2.2445426460599802, 2724.3766030785059, 6.4822361993968647, 3525.2782597691057, 1.4911749032445332
2100-May-29 02:00:00, 6256.6265396173694, 2.2470465004595712, 2731.4853256425572, 6.4991503142384373, 3525.1412139748127, 1.4911169335655501
2100-May-29 03:00:00, 6264.3480943116974, 2.2498196710082894, 2739.3438940468377, 6.5178485722282105, 3525.0042002648602, 1.4910589774580809
2100-May-29 04:00:00, 6272.5957087627812, 2.2527817741595797, 2747.7284905858323, 6.5377984334702255, 3524.8672181769489, 1.4910010347265756
2100-May-29 05:00:00, 6281.1365783697311, 2.2558491989194973, 2756.40631128937, 6.5584459766302947, 3524.7302670803615, 1.4909431051042439
2100-May-29 06:00:00, 6289.1689215578263, 2.2587339881165209, 2764.5755753983708, 6.5778834873877869, 3524.593346159455, 1.4908851882460727
2100-May-29 07:00:00, 6295.1284579998883, 2.2608743357018692, 2770.6720035919188, 6.5923890030637722, 3524.4564544079694, 1.4908272837264194
2100-May-29 08:00:00, 6298.2108705643641, 2.2619813738672638, 2773.8912799112918, 6.6000487772189746, 3524.3195906530727, 1.4907693910491817
2100-May-29 09:00:00, 6297.8933534839807, 2.2618673386695751, 2773.7105999228011, 6.5996188769032189, 3524.1827535611797, 1.4907115096502599
2100-May-29 10:00:00, 6293.8309356430582, 2.2604083348861388, 2769.7849939489979, 6.5902784996884094, 3524.0459416940607, 1.4906536389212901
2100-May-29 11:00:00, 6285.0277716928304, 2.257246707989907, 2761.1186181451567, 6.569658187911485, 3523.9091535476737, 1.4905957782260704
2100-May-29 12:00:00, 6272.0266723826207, 2.2525774066464197, 2748.2542847854966, 6.5390494801099024, 3523.7723875971242, 1.4905379269195778
2100-May-29 13:00:00, 6257.2793969140048, 2.2472809719745985, 2733.6437545300455, 6.504285964666682, 3523.6356423839593, 1.490480084384894
2100-May-29 14:00:00, 6242.9386126254494, 2.2421305272508487, 2719.4396960857562, 6.4704895865441134, 3523.4989165396933, 1.4904222500431568
2100-May-29 15:00:00, 6230.5435664283941, 2.237678887856398, 2707.1813575520987, 6.4413227504695607, 3523.362208876295, 1.4903644233918347
2100-May-29 16:00:00, 6220.6231220939644, 2.2341159934462023, 2697.3976036788335, 6.4180438089856251, 3523.2255184151313, 1.490306604016971
2100-May-29 17:00:00, 6212.7753812959982, 2.23129750358031, 2689.6865368615636, 6.3996965083949533, 3523.0888444344346, 1.4902487916132618
2100-May-29 18:00:00, 6206.9816298418418, 2.2292166971190071, 2684.0294433494928, 6.3862363221982719, 3522.952186492349, 1.4901909859938041
2100-May-29 19:00:00, 6203.2751399870031, 2.2278855236816018, 2680.4595955307404, 6.377742416939026, 3522.8155444562622, 1.4901331871025034
2100-May-29 20:00:00, 6201.6963580720512, 2.2273185094360626, 2679.017439596556, 6.3743110281247262, 3522.6789184754948, 1.4900753950025218
2100-May-29 21:00:00, 6202.1285601214158, 2.2274737333568715, 2679.5862511321729, 6.3756644279163126, 3522.5423089892429, 1.4900176098796369
2100-May-29 22:00:00, 6204.3451692053059, 2.2282698210973342, 2681.9394525346879, 6.3812635096653691, 3522.4057166706184, 1.4899598320185719
2100-May-29 23:00:00, 6207.9711208323715, 2.2295720694995427, 2685.701978441507, 6.390215862877767, 3522.269142390865, 1.489902061787858
2100-May-30 00:00:00, 6212.7708919656188, 2.2312958912523158, 2690.6383048019725, 6.4019610942050695, 3522.1325871636463, 1.4898442996162704
2100-May-30 01:00:00, 6218.5179851135881, 2.2333599405389704, 2696.5219330162181, 6.4159602849744655, 3521.99605209737, 1.4897865459726594
2100-May-30 02:00:00, 6225.3499334484695, 2.2358136119384069, 2703.4903951481101, 6.43254067163409, 3521.8595383003599, 1.4897288013258407
2100-May-30 03:00:00, 6233.2031471839337, 2.2386340673915006, 2711.4801003256266, 6.4515509494589995, 3521.723046858307, 1.4896710661350561
2100-May-30 04:00:00, 6241.4617138886078, 2.2416001040080453, 2719.8751351323135, 6.4715256469577271, 3521.5865787562943, 1.4896133408169905
2100-May-30 05:00:00, 6249.718052354141, 2.2445653403599537, 2728.2679175129788, 6.4914949851542643, 3521.4501348411618, 1.489555625729853
2100-May-30 06:00:00, 6257.2631261057404, 2.2472751283682175, 2735.9494103097259, 6.5097719188998466, 3521.3137157960145, 1.4894979211625938
2100-May-30 07:00:00, 6263.5241266608837, 2.249523745781727, 2742.3468045431737, 6.5249935370986698, 3521.17732211771, 1.4894402273253811
2100-May-30 08:00:00, 6267.9622720958396, 2.2511176908741821, 2746.9213179812032, 6.5358778900802346, 3521.0409541146369, 1.4893825443486615
2100-May-30 09:00:00, 6270.0250579075318, 2.2518585335007977, 2749.1204459938654, 6.5411103778334612, 3520.9046119136665, 1.4893248722861012
2100-May-30 10:00:00, 6268.9628250108099, 2.2514770361078913, 2748.1945295252121, 6.5389073016346941, 3520.7682954855977, 1.489267211125348
2100-May-30 11:00:00, 6263.8964212977135, 2.2496574541556456, 2743.2644166211339, 6.5271768542737023, 3520.6320046765791, 1.4892095608013236
2100-May-30 12:00:00, 6256.8019556402942, 2.2471095005376389, 2736.3062163797431, 6.5106208842083202, 3520.4957392605515, 1.4891519212184063
2100-May-30 13:00:00, 6248.9877425638206, 2.2443030520408089, 2728.6282436011461, 6.4923523258059443, 3520.359498962674, 1.4890942922603398
2100-May-30 14:00:00, 6241.3054573729769, 2.2415439850029557, 2721.0821738266841, 6.4743976103675873, 3520.2232835462928, 1.4890366738270204
2100-May-30 15:00:00, 6234.3648892377532, 2.2390513031654344, 2714.277796410729, 6.4582076381184415, 3520.0870928270247, 1.4889790658404551
2100-May-30 16:00:00, 6228.7566692030869, 2.2370371296930518, 2708.8057424530698, 6.4451877251558543, 3519.9509267500175, 1.4889214682774419
2100-May-30 17:00:00, 6224.5557188183084, 2.2355283724097221, 2704.7409334138042, 6.4355161356009489, 3519.8147854045046, 1.4888638811757258
2100-May-30 18:00:00, 6221.7263091250279, 2.2345121993795125, 2702.0476400489465, 6.4291078571986358, 3519.678669076081, 1.4888063046561122
2100-May-30 19:00:00, 6220.3803065065122, 2.2340287870399087, 2700.8377282628849, 6.4262290577078369, 3519.5425782436273, 1.4887487389211651
2100-May-30 20:00:00, 6220.4166953002641, 2.2340418559535058, 2701.0101816952329, 6.4266393841952301, 3519.4065136050317, 1.4886911842660877
2100-May-30 21:00:00, 6222.3131033647296, 2.2347229445685475, 2703.0426272938748, 6.4314752767138836, 3519.2704760708552, 1.4886336410760428
2100-May-30 22:00:00, 6226.0555286945546, 2.2360670241116312, 2706.9210619725977, 6.4407034170682698, 3519.1344667219564, 1.488576109808228
2100-May-30 23:00:00, 6231.9110646469353, 2.238170020268873, 2712.9125778353759, 6.454959309947057, 3518.9984868115594, 1.4885185909927507
2100-May-31 00:00:00, 6239.603342285026, 2.240932676060742, 2720.7408045747848, 6.4735853745997707, 3518.8625377102412, 1.4884610852093583
2100-May-31 01:00:00, 6249.0413824696589, 2.2443223166336268, 2730.3147616103897, 6.4963651366919652, 3518.7266208592691, 1.4884035930676995
2100-May-31 02:00:00, 6259.6835956105597, 2.2481444318971771, 2741.0928578654421, 6.5220099633382285, 3518.5907377451176, 1.4883461151965454
2100-May-31 03:00:00, 6271.2497775202191, 2.2522983874544109, 2752.7948876802257, 6.5498531481556634, 3518.4548898399935, 1.488288652218632
2100-May-31 04:00:00, 6282.9205137195513, 2.256489893335166, 2764.6014351589647, 6.5779450167211548, 3518.3190785605861, 1.488231204733212
2100-May-31 05:00:00, 6293.0886590079399, 2.2601417487147004, 2774.905353779784, 6.6024616104270466, 3518.1833052281559, 1.4881737732991716
2100-May-31 06:00:00, 6299.5382373772536, 2.2624580932195926, 2781.4906663143788, 6.6181303513962124, 3518.0475710628748, 1.4881163584326376
2100-May-31 07:00:00, 6302.7724551803249, 2.2636196517288143, 2784.8605780321104, 6.626148539373883, 3517.9118771482144, 1.4880589605919128
2100-May-31 08:00:00, 6299.426845863225, 2.2624180873298063, 2781.6506214336437, 6.6185109400649029, 3517.7762244295814, 1.4880015801768995
2100-May-31 09:00:00, 6290.2013692640121, 2.2591047882578432, 2772.560755532545, 6.596882998566219, 3517.6406137314666, 1.4879442175363535
2100-May-31 10:00:00, 6279.2020291383014, 2.2551544120318789, 2761.6969833830271, 6.5710343192720169, 3517.5050457552738, 1.4878868729669648
2100-May-31 11:00:00, 6268.8443662828613, 2.2514344920518572, 2751.4748451600199, 6.5467123094773578, 3517.369521122841, 1.4878295467317675
2100-May-31 12:00:00, 6259.9147691157123, 2.2482274570885425, 2742.6807287108531, 6.5257880584306838, 3517.2340404048596, 1.4877722390721613
2100-May-31 13:00:00, 6252.8130121359645, 2.2456768848165027, 2735.7144079921823, 6.5092127669353195, 3517.0986041437827, 1.4877149502176015
2100-May-31 14:00:00, 6247.211840922213, 2.2436652429045809, 2730.2486280070198, 6.4962077819278417, 3516.9632129151928, 1.4876576804115562
2100-May-31 15:00:00, 6242.2623581324597, 2.2418876527109877, 2725.434490790185, 6.4847532809236235, 3516.8278673422747, 1.4876004299176295
2100-May-31 16:00:00, 6238.0800879663384, 2.2403856043657249, 2721.387519820938, 6.4751241343199135, 3516.6925681453999, 1.487543199040535
2100-May-31 17:00:00, 6235.0930050069492, 2.2393128035092289, 2718.5356888617325, 6.4683386400319973, 3516.5573161452166, 1.4874859881274027
2100-May-31 18:00:00, 6233.4358799634028, 2.2387176525910228, 2717.0137676808577, 6.4647174620494274, 3516.4221122825452, 1.4874287975761948
2100-May-31 19:00:00, 6233.1508055775375, 2.2386152690785863, 2716.8638479677602, 6.4643607510902505, 3516.2869576097769, 1.4873716278320674
2100-May-31 20:00:00, 6234.1545222156674, 2.2389757505528891, 2718.0026689272586, 6.4670704008647899, 3516.1518532884083, 1.4873144793863282
2100-May-31 21:00:00, 6236.3619126882913, 2.2397685274599408, 2720.3451121434978, 6.4726438851599415, 3516.0168005447936, 1.4872573527577182
2100-May-31 22:00:00, 6239.8088075022715, 2.2410064682064701, 2723.9270068393052, 6.4811664541151126, 3515.8818006629667, 1.4872002484893776
2100-May-31 23:00:00, 6244.5525778956071, 2.2427101774807618, 2728.8057229776482, 6.4927746107564568, 3515.7468549179584, 1.4871431671206379
2100-Jun-01 00:00:00, 6250.6505047812816, 2.2449002275311765, 2735.0385402276024, 6.5076046432696648, 3515.6119645536792, 1.4870861091776668
2100-Jun-01 01:00:00, 6258.1427942426089, 2.247591058238092, 2742.6656635230538, 6.5257522131273609, 3515.4771307195547, 1.4870290751466659
2100-Jun-01 02:00:00, 6267.0544393285545, 2.2507916457714718, 2751.7120848894338, 6.5472767850202045, 3515.3423544391212, 1.4869720654605856
2100-Jun-01 03:00:00, 6277.413648987148, 2.2545121212806736, 2762.2060124022255, 6.5722454757366053, 3515.2076365849225, 1.4869150804885076
2100-Jun-01 04:00:00, 6289.3052478656627, 2.2587829492541251, 2774.2322700353393, 6.6008601109102276, 3515.0729778303235, 1.4868581205152618
2100-Jun-01 05:00:00, 6302.3125795686246, 2.2634544889406292, 2787.3742009236712, 6.6321293194469817, 3514.938378644953, 1.4868011857394989
2100-Jun-01 06:00:00, 6314.2819102745143, 2.2677532340399584, 2799.4780710045261, 6.6609286215340191, 3514.8038392699887, 1.4867442762632359
2100-Jun-01 07:00:00, 6323.0457361684676, 2.2709007328048196, 2808.3763764206474, 6.6821007742446579, 3514.6693597478197, 1.486687392104403
2100-Jun-01 08:00:00, 6327.1561376468453, 2.2723769697511975, 2812.6211977361527, 6.6922006753964478, 3514.5349399106922, 1.4866305331920415
2100-Jun-01 09:00:00, 6324.6700335046007, 2.2714840937616794, 2810.2694540839516, 6.6866050621406394, 3514.4005794206491, 1.4865736993831968
2100-Jun-01 10:00:00, 6314.1997510800002, 2.2677237268399768, 2799.9334732940501, 6.6620121814218498, 3514.26627778595, 1.4865168904698656
2100-Jun-01 11:00:00, 6296.4961028459056, 2.261365520775112, 2782.3640684225188, 6.6202084777300012, 3514.1320344233864, 1.4864601062053533
2100-Jun-01 12:00:00, 6274.5229910940416, 2.2534739511643016, 2760.5251424045523, 6.5682461034276942, 3513.9978486894888, 1.4864033463174757
2100-Jun-01 13:00:00, 6250.9664645439843, 2.2450137034234281, 2737.102744607128, 6.5125161009355379, 3513.8637199368563, 1.4863466105323857
2100-Jun-01 14:00:00, 6227.5246241792611, 2.2365946448425231, 2713.7949766164129, 6.4570588424838862, 3513.7296475628486, 1.4862898985951691
2100-Jun-01 15:00:00, 6205.576565194473, 2.2287120728492353, 2691.9809341375485, 6.4051556747456626, 3513.595631056925, 1.4862332102898701
2100-Jun-01 16:00:00, 6185.7533495451644, 2.2215926312347198, 2672.2916794967209, 6.3583081137191533, 3513.4616700484435, 1.4861765454597089
2100-Jun-01 17:00:00, 6167.8933976733333, 2.2151782892410186, 2654.5656333465454, 6.3161317061340174, 3513.3277643267884, 1.4861199040155959
2100-Jun-01 18:00:00, 6152.0090354822187, 2.2094734736750632, 2638.8151216283613, 6.2786557796768356, 3513.1939138538569, 1.4860632859414142
2100-Jun-01 19:00:00, 6138.1612910395143, 2.2045001025632978, 2625.1011722546018, 6.2460255409033749, 3513.0601187849129, 1.4860066913028396
2100-Jun-01 20:00:00, 6126.7534932472809, 2.2004030301322244, 2613.8271138317332, 6.2192006483608928, 3512.9263794155481, 1.4859501202249055
2100-Jun-01 21:00:00, 6118.0584107834202, 2.1972802203404131, 2605.2657146066758, 6.1988301122494596, 3512.7926961767444, 1.4858935728899154
2100-Jun-01 22:00:00, 6111.9575429872966, 2.1950891140718447, 2599.2984734331003, 6.1846319772698193, 3512.6590695541959, 1.4858370495033153
2100-Jun-01 23:00:00, 6108.12352914239, 2.1937121408198279, 2595.5980291064238, 6.1758273376538684, 3512.5255000359662, 1.4857805502715538
2100-Jun-02 00:00:00, 6106.1858312632485, 2.1930162231059125, 2593.7938432516394, 6.1715345541799866, 3512.3919880116096, 1.4857240753594103
2100-Jun-02 01:00:00, 6105.7030289888771, 2.1928428262834925, 2593.4444952719896, 6.1707033342534494, 3512.2585337168871, 1.4856676248666105
2100-Jun-02 02:00:00, 6106.5303942088976, 2.1931399717356745, 2594.4052570909553, 6.1729893196179031, 3512.1251371179428, 1.4856111987788334
2100-Jun-02 03:00:00, 6108.4796929677759, 2.1938400558667555, 2596.4878951253318, 6.1779446373377152, 3511.9917978424437, 1.4855547969385845
2100-Jun-02 04:00:00, 6111.3878843594448, 2.194884523080507, 2599.5293692439818, 6.1851813584316941, 3511.8585151154634, 1.4854984190180733
2100-Jun-02 05:00:00, 6115.0550501312009, 2.1962015734049674, 2603.3297624474853, 6.1942238110675945, 3511.7252876837151, 1.485442064487166
2100-Jun-02 06:00:00, 6119.2231376464033, 2.1976985280985772, 2607.6310238472643, 6.2044580027418332, 3511.592113799139, 1.4853857326064421
2100-Jun-02 07:00:00, 6123.3768935164289, 2.1991903356297446, 2611.917902332093, 6.2146579724763296, 3511.4589911843359, 1.4853294224125735
2100-Jun-02 08:00:00, 6126.5122367849654, 2.2003163836805104, 2615.186319736275, 6.2224346703044446, 3511.3259170486904, 1.4852731327251436
2100-Jun-02 09:00:00, 6128.4580674444533, 2.2010152222552923, 2617.2651793600812, 6.2273809978759243, 3511.1928880843716, 1.4852168621449571
2100-Jun-02 10:00:00, 6129.2199781758472, 2.2012888599467542, 2618.1600776268406, 6.2295102710215717, 3511.0599005490067, 1.4851606090890086
2100-Jun-02 11:00:00, 6127.5455839989881, 2.2006875068770646, 2616.6186336904211, 6.2258426416370334, 3510.9269503085666, 1.485104371808625
2100-Jun-02 12:00:00, 6123.1141819867344, 2.1990959836623238, 2612.3201490869142, 6.2156150569235553, 3510.7940328998202, 1.4850481484158822
2100-Jun-02 13:00:00, 6116.1331202879137, 2.1965887586968416, 2605.471976637783, 6.1993208811112579, 3510.6611436501312, 1.4849919369342783
2100-Jun-02 14:00:00, 6107.0065121332773, 2.1933109678961467, 2596.4782343947136, 6.1779216511111947, 3510.5282777385637, 1.4849357353245822
2100-Jun-02 15:00:00, 6094.9106389093022, 2.188966775474587, 2584.5152085889681, 6.1494574663708415, 3510.3954303203341, 1.4848795415374745
2100-Jun-02 16:00:00, 6080.5958381169867, 2.183825662636627, 2570.3332414929264, 6.1157136512225474, 3510.2625966240603, 1.4848233535546849
2100-Jun-02 17:00:00, 6066.4630243529373, 2.1787499098313305, 2556.3332523369818, 6.0824028246667474, 3510.129772015955, 1.4847671694161446
2100-Jun-02 18:00:00, 6054.4959987673064, 2.1744519926082342, 2544.499046645496, 6.0542451476268795, 3509.99695212181, 1.4847109872715856
2100-Jun-02 19:00:00, 6045.5083265306985, 2.171224100177918, 2535.6441936649121, 6.0331763833208667, 3509.8641328657859, 1.4846548053969486
2100-Jun-02 20:00:00, 6039.5902529246214, 2.1690986438314681, 2529.8589423729613, 6.0194112653467524, 3509.7313105516605, 1.4845986222287504
2100-Jun-02 21:00:00, 6036.6745958148349, 2.168051495330019, 2527.076113921441, 6.0127899519406789, 3509.5984818933935, 1.4845424363770121
2100-Jun-02 22:00:00, 6036.4286635123626, 2.1679631695659478, 2526.9630194708748, 6.0125208610445879, 3509.4656440414883, 1.4844862466364113
2100-Jun-02 23:00:00, 6038.4114735944277, 2.1686752891766945, 2529.0786790103366, 6.0175547483701521, 3509.3327945840911, 1.4844300519867459
2100-Jun-03 00:00:00, 6042.2026483133668, 2.1700368768998679, 2533.0027167731464, 6.0268913942674711, 3509.1999315402209, 1.4843738515900713
2100-Jun-03 01:00:00, 6047.4891693591817, 2.1719355132561189, 2538.4221160305392, 6.0397860234481655, 3509.0670533286425, 1.4843176447775326
2100-Jun-03 02:00:00, 6053.9138334208546, 2.1742429098707321, 2544.9796746876109, 6.0553887283232939, 3508.9341587332433, 1.4842614310347204
2100-Jun-03 03:00:00, 6061.1098672712069, 2.1768273413656014, 2552.3086204276187, 6.0728268304291522, 3508.8012468435877, 1.4842052099765251
2100-Jun-03 04:00:00, 6068.7167003878785, 2.1795593100433166, 2560.048383361499, 6.0912424090272266, 3508.66831702638, 1.4841489813350657
2100-Jun-03 05:00:00, 6076.3495359534118, 2.1823006174135924, 2567.8141671117769, 6.1097199001662483, 3508.5353688416344, 1.4840927449242305
2100-Jun-03 06:00:00, 6083.681455209442, 2.1849338516975298, 2575.2790531958913, 6.1274814514672471, 3508.4024020135507, 1.4840365006273575
2100-Jun-03 07:00:00, 6089.5022697745499, 2.1870243777846361, 2581.2328534015078, 6.141647605725514, 3508.2694163730425, 1.4839802483729239
2100-Jun-03 08:00:00, 6091.4092557755866, 2.1877092654302261, 2583.2728439520115, 6.146501450299704, 3508.1364118235747, 1.4839239881200958
2100-Jun-03 09:00:00, 6088.9993451652808, 2.1868437540929233, 2580.9959568346476, 6.1410839466853213, 3508.0033883306332, 1.4838677198542742
2100-Jun-03 10:00:00, 6080.346012702681, 2.1837359386744586, 2572.4756668130799, 6.1208112236173156, 3507.8703458896011, 1.4838114435735057
2100-Jun-03 11:00:00, 6066.6059827160134, 2.1788012528493974, 2558.8686981668407, 6.0884355290738217, 3507.7372845491732, 1.4837551592983884
2100-Jun-03 12:00:00, 6050.3194260334385, 2.1729519904767138, 2542.7152216477675, 6.0500008096889459, 3507.6042043856705, 1.4836988670612055
2100-Jun-03 13:00:00, 6032.0433453558999, 2.1663881972139167, 2524.5722397942, 6.0068323675567896, 3507.4711055617004, 1.4836425669307389
2100-Jun-03 14:00:00, 6013.1750358021072, 2.1596117069305394, 2505.8370474875805, 5.9622548514984741, 3507.3379883145267, 1.4835862590073503
2100-Jun-03 15:00:00, 5995.408906310864, 2.1532310609310978, 2488.2040532968026, 5.9202998467762722, 3507.2048530140619, 1.4835299434475109
2100-Jun-03 16:00:00, 5979.2057341378249, 2.1474117458261883, 2472.1340339715716, 5.8820637009815577, 3507.0717001662533, 1.4834736204652335
2100-Jun-03 17:00:00, 5964.4667333929719, 2.1421182829937373, 2457.5282029565674, 5.8473113666601026, 3506.9385304364041, 1.4834172903419383
2100-Jun-03 18:00:00, 5951.5589195380817, 2.137482484809595, 2444.753574874348, 5.8169160988051294, 3506.8053446637341, 1.4833609534326107
2100-Jun-03 19:00:00, 5940.8390401811384, 2.1336324759842573, 2434.1668963165271, 5.7917267212053734, 3506.6721438646114, 1.4833046101671696
2100-Jun-03 20:00:00, 5932.705268824946, 2.1307112591998227, 2426.1663396167078, 5.7726906238478, 3506.5389292082377, 1.4832482610401814
2100-Jun-03 21:00:00, 5927.3088411615954, 2.128773150249395, 2420.9031391596945, 5.7601676457512401, 3506.4057020019013, 1.4831919066046222
2100-Jun-03 22:00:00, 5925.4250904654455, 2.1280966074858596, 2419.1526268406292, 5.7560025702219191, 3506.2724636248167, 1.483135547443893
2100-Jun-03 23:00:00, 5927.3763878002146, 2.1287974093987891, 2421.2371722912299, 5.7609624263460333, 3506.1392155089848, 1.4830791841637228
2100-Jun-04 00:00:00, 5932.9472576301523, 2.130798168670037, 2426.9412985906265, 5.7745345198451847, 3506.0059590395263, 1.4830228173500108
2100-Jun-04 01:00:00, 5941.6970869104225, 2.1339406405978969, 2435.8243913863994, 5.7956704764593665, 3505.8726955240236, 1.4829664475558577
2100-Jun-04 02:00:00, 5952.6611373306332, 2.1378783426441346, 2446.921711236716, 5.8220748466806942, 3505.7394260939168, 1.4829100752598567
2100-Jun-04 03:00:00, 5965.0360985772386, 2.1423227685957928, 2459.429946919287, 5.8518362746861063, 3505.6061516579512, 1.4828537008464029
2100-Jun-04 04:00:00, 5978.1783653266803, 2.1470427697530368, 2472.7054924914119, 5.8834233988660483, 3505.4728728352684, 1.48279732457739
2100-Jun-04 05:00:00, 5991.4378053157707, 2.1518048532874907, 2486.0982153995319, 5.9152893285416326, 3505.3395899162383, 1.4827409465756427
2100-Jun-04 06:00:00, 6003.7316090548966, 2.1562201317917165, 2498.5253062327197, 5.944857684825803, 3505.2063028221769, 1.4826845668078783
2100-Jun-04 07:00:00, 6013.9227676041501, 2.1598802523069374, 2508.8497565026187, 5.9694231304410632, 3505.0730111015318, 1.4826281850830922
2100-Jun-04 08:00:00, 6020.2017062460391, 2.1621353121243194, 2515.2619923070561, 5.9846800618813143, 3504.939713938983, 1.4825718010564086
2100-Jun-04 09:00:00, 6021.8006170112385, 2.1627095555791169, 2516.9942068449418, 5.9888016006472533, 3504.8064101662972, 1.4825154142336703
2100-Jun-04 10:00:00, 6018.9173883128442, 2.1616740536331838, 2514.2442899938801, 5.9822585953457317, 3504.6730983189636, 1.4824590239953968
2100-Jun-04 11:00:00, 6012.2971073769158, 2.1592964018722962, 2507.7573306825038, 5.9668238707835322, 3504.539776694412, 1.4824026296214092
2100-Jun-04 12:00:00, 6002.2975669280095, 2.1557051003570722, 2497.8911234989409, 5.9433487442963306, 3504.406443429069, 1.4823462303234258
2100-Jun-04 13:00:00, 5989.7938068776157, 2.1512144167457179, 2485.5207103071834, 5.9139152437654214, 3504.2730965704322, 1.4822898252755479
2100-Jun-04 14:00:00, 5975.8087345101649, 2.1461917247689843, 2471.6690003241761, 5.8809572247551509, 3504.1397341859883, 1.4822334136603317
2100-Jun-04 15:00:00, 5961.3589671596874, 2.1410021391429686, 2457.3526127182399, 5.846893576624077, 3504.0063544414479, 1.4821769947018826
2100-Jun-04 16:00:00, 5947.6403165880765, 2.1360751316633357, 2443.7673609017188, 5.8145695539454705, 3503.8729556863582, 1.482120567702067
2100-Jun-04 17:00:00, 5935.2428236142841, 2.1316226135172012, 2431.5032870832783, 5.7853890716405871, 3503.7395365310058, 1.4820641320730432
2100-Jun-04 18:00:00, 5924.8633233431701, 2.1278948507023614, 2421.2572274337781, 5.7610101444812072, 3503.6060959093925, 1.4820076873638997
2100-Jun-04 19:00:00, 5917.0327587915945, 2.1250825296279254, 2413.5601256876089, 5.7426960716349349, 3503.4726331039851, 1.4819512332711231
2100-Jun-04 20:00:00, 5911.8674580817933, 2.1232274291500106, 2408.5283102913172, 5.7307236387951921, 3503.3391477904761, 1.4818947696575333
2100-Jun-04 21:00:00, 5909.4417423658133, 2.1223562414618549, 2406.2361023564408, 5.7252696816457993, 3503.2056400093725, 1.4818382965402643
2100-Jun-04 22:00:00, 5909.8702972388546, 2.1225101555114829, 2406.7981870804101, 5.7266070760209837, 3503.0721101584445, 1.4817818140875711
2100-Jun-04 23:00:00, 5913.0435448630315, 2.1236498167848299, 2410.1049859135223, 5.7344750965714102, 3502.9385589495091, 1.4817253226005487
2100-Jun-05 00:00:00, 5918.3278155142634, 2.1255476449193917, 2415.5228281787313, 5.74736602112805, 3502.8049873355317, 1.4816688224822963
2100-Jun-05 01:00:00, 5925.3541082545389, 2.1280711144621667, 2422.6827118061592, 5.7644018658716645, 3502.6713964483797, 1.4816123142115887
2100-Jun-05 02:00:00, 5933.6808109407921, 2.1310616218886587, 2431.143023425012, 5.7845318795312792, 3502.5377875157801, 1.4815557983077476
2100-Jun-05 03:00:00, 5942.8730134420257, 2.1343629706795961, 2440.4688516718825, 5.8067212572343889, 3502.4041617701428, 1.4814992752920766
2100-Jun-05 04:00:00, 5952.5037731240345, 2.1378218258155375, 2450.2332527449312, 5.8299541516989875, 3502.2705203791033, 1.4814427456584793
2100-Jun-05 05:00:00, 5962.1813574633688, 2.1412974978705832, 2460.0444930918015, 5.8532984930303584, 3502.1368643715673, 1.4813862098421779
2100-Jun-05 06:00:00, 5971.5330985665996, 2.1446561444169538, 2469.5299040025398, 5.8758675732016767, 3502.0031945640599, 1.4813296681885584
2100-Jun-05 07:00:00, 5980.3603727703812, 2.1478264304301282, 2478.4908612356157, 5.8971887962997807, 3501.869511534765, 1.4812731209421894
2100-Jun-05 08:00:00, 5988.5012989537372, 2.1507502168468142, 2486.7654833720903, 5.9168769903214065, 3501.7358155816473, 1.4812165682291087
2100-Jun-05 09:00:00, 5995.7101991588606, 2.1533392692499764, 2494.1080924353191, 5.9343476022088737, 3501.6021067235411, 1.481160010057283
2100-Jun-05 10:00:00, 6001.2248735008716, 2.1553198460996454, 2499.7564888067873, 5.9477870948936582, 3501.4683846940843, 1.4811034463140424
2100-Jun-05 11:00:00, 6003.6481302049824, 2.156190150641911, 2502.3134812299272, 5.9538710661141323, 3501.3346489750552, 1.4810468767801821
2100-Jun-05 12:00:00, 6002.0792177363746, 2.1556266809750242, 2500.8783188931416, 5.9504563174920033, 3501.2008988432335, 1.4809903011497831
2100-Jun-05 13:00:00, 5996.6246784213545, 2.1536677014192165, 2495.5575450030342, 5.9377963522433346, 3501.0671334183198, 1.4809337190504834
2100-Jun-05 14:00:00, 5988.4737736231045, 2.1507403312163582, 2487.5404219153002, 5.9187208377070526, 3500.9333517078044, 1.4808771300624566
2100-Jun-05 15:00:00, 5977.6556339790386, 2.1468550325374687, 2476.8560812774081, 5.8932990881694263, 3500.799552701631, 1.4808205337584537
2100-Jun-05 16:00:00, 5965.5426066378323, 2.1425046792720659, 2464.8768712309652, 5.8647963955110454, 3500.665735406867, 1.4807639297184692
2100-Jun-05 17:00:00, 5953.6185907253403, 2.1382222088292595, 2453.086691800107, 5.8367434722045788, 3500.5318989252332, 1.4807073175625358
2100-Jun-05 18:00:00, 5943.6156909400488, 2.1346297008196058, 2443.2176484271022, 5.8132615974396797, 3500.3980425129462, 1.4806506969760367
2100-Jun-05 19:00:00, 5936.1978498323806, 2.1319656079899625, 2435.9336842349176, 5.7959305220265618, 3500.2641655974635, 1.4805940677167893
2100-Jun-05 20:00:00, 5931.446226109394, 2.1302590782185868, 2431.3159582624044, 5.7849433514481268, 3500.1302678469901, 1.480537429644446
2100-Jun-05 21:00:00, 5929.0972687549693, 2.1294154580393148, 2429.1009196020382, 5.7796730067494293, 3499.9963491529306, 1.4804807827130717
2100-Jun-05 22:00:00, 5928.8586372174395, 2.12932975432056, 2428.9962275709686, 5.7794239081215739, 3499.8624096464714, 1.4804241269781573
2100-Jun-05 23:00:00, 5930.2881729353376, 2.129843167293485, 2430.559723261862, 5.7831440062730772, 3499.7284496734756, 1.4803674625860013
2100-Jun-06 00:00:00, 5933.2177046604047, 2.130895298816617, 2433.6232348924714, 5.7904331622461429, 3499.5944697679333, 1.4803107897624788
2100-Jun-06 01:00:00, 5937.8087155355934, 2.1325441450207721, 2438.3482449303729, 5.8016755988004682, 3499.4604706052201, 1.4802541087932701
2100-Jun-06 02:00:00, 5944.1012001169793, 2.134804069817029, 2444.7747471682665, 5.8169664750306138, 3499.3264529487128, 1.48019742000128
2100-Jun-06 03:00:00, 5952.2099014698579, 2.1377162827936038, 2453.0174838807907, 5.8365788025772698, 3499.1924175890672, 1.4801407237209516
2100-Jun-06 04:00:00, 5961.3061779659556, 2.1409831800805592, 2462.2478126883825, 5.8585409540145186, 3499.0583652775731, 1.4800840202700771
2100-Jun-06 05:00:00, 5970.3342365316976, 2.1442255771259382, 2471.4099398558565, 5.8803408301114457, 3498.9242966758411, 1.4800273099285142
2100-Jun-06 06:00:00, 5978.5583959476426, 2.1471792564797889, 2479.768183657789, 5.9002279890582114, 3498.790212289854, 1.4799705929102911
2100-Jun-06 07:00:00, 5984.783308036046, 2.1494149128411433, 2486.1271956008113, 5.9153582824849265, 3498.6561124352347, 1.4799138693489147
2100-Jun-06 08:00:00, 5988.3468996818774, 2.1506947648646144, 2489.8249024945167, 5.9241564087990533, 3498.5219971873607, 1.4798571392762692
2100-Jun-06 09:00:00, 5988.0640690012024, 2.1505931871713946, 2489.6762026151337, 5.9238026002470736, 3498.3878663860687, 1.4798004026246065
2100-Jun-06 10:00:00, 5983.8558622887631, 2.1490818238022498, 2485.6021426705611, 5.9141089995821075, 3498.2537196182016, 1.4797436592191631
2100-Jun-06 11:00:00, 5976.7408317604031, 2.1465264843796104, 2478.6212755367633, 5.8974990971234122, 3498.1195562236398, 1.4796869087807119
2100-Jun-06 12:00:00, 5967.7270285338418, 2.1432892070916307, 2469.7416532086513, 5.8763713979546486, 3497.9853753251905, 1.4796301509382046
2100-Jun-06 13:00:00, 5957.9567106042523, 2.1397802300777324, 2460.1055347392521, 5.8534437322664941, 3497.8511758650006, 1.4795733852441748
2100-Jun-06 14:00:00, 5948.221439735411, 2.13628384009851, 2450.5044830881889, 5.8305995026932127, 3497.7169566472217, 1.4795166111927844
2100-Jun-06 15:00:00, 5938.5176587579572, 2.1327987596084816, 2440.9349423814247, 5.8078302485780169, 3497.5827163765321, 1.4794598282361193
2100-Jun-06 16:00:00, 5929.1507874245726, 2.1294346790905445, 2431.7023337072305, 5.7858626725479265, 3497.4484537173421, 1.4794030358092316
2100-Jun-06 17:00:00, 5920.4916696322953, 2.1263247858902714, 2423.1775022983861, 5.7655791439455575, 3497.3141673339092, 1.4793462333471088
2100-Jun-06 18:00:00, 5912.7695294623518, 2.1235514050699433, 2415.5896735265569, 5.7475250693789217, 3497.1798559357953, 1.4792894203039024
2100-Jun-06 19:00:00, 5906.0783081252976, 2.1211482753012056, 2409.0327898270139, 5.7319239704616924, 3497.0455182982837, 1.4792325961615631
2100-Jun-06 20:00:00, 5901.0562312849142, 2.1193446131970726, 2404.1450779913271, 5.7202944099384858, 3496.9111532935872, 1.4791757604430429
2100-Jun-06 21:00:00, 5898.1630640773246, 2.1183055418687946, 2401.3863041917848, 5.7137303308867375, 3496.7767598855398, 1.4791189127100486
2100-Jun-06 22:00:00, 5897.6059163763784, 2.1181054441350202, 2400.9635792419404, 5.712724521715872, 3496.6423371344381, 1.4790620525650906
2100-Jun-06 23:00:00, 5899.3773938493714, 2.1187416643458841, 2402.8695096898459, 5.7172593908411553, 3496.5078841595255, 1.4790051796356132
2100-Jun-07 00:00:00, 5903.1115176408239, 2.1200827624192202, 2406.7381175002506, 5.7264641496698498, 3496.3734001405728, 1.4789482935746634
2100-Jun-07 01:00:00, 5908.3986322635828, 2.1219816119566461, 2412.1597479943803, 5.7393640877360808, 3496.238884269203, 1.4788913940403021
2100-Jun-07 02:00:00, 5914.9556138128191, 2.1243365299544674, 2418.8512781173899, 5.7552855571627788, 3496.1043356954292, 1.4788344806729892
2100-Jun-07 03:00:00, 5922.4868744226605, 2.1270413570190581, 2426.5171209121208, 5.7735252541293214, 3495.9697535105392, 1.4787775530883438
2100-Jun-07 04:00:00, 5930.8318023290858, 2.1300384099724323, 2434.9966656248712, 5.793701029985451, 3495.8351367042146, 1.4787206108590063
2100-Jun-07 05:00:00, 5939.5906313500691, 2.1331841141270753, 2443.8901472334969, 5.8148617051861411, 3495.7004841165726, 1.4786636534943522
2100-Jun-07 06:00:00, 5948.0775281317374, 2.1362321547272698, 2452.5117337009474, 5.8353754476079436, 3495.56579443079, 1.4786066804373721
2100-Jun-07 07:00:00, 5955.3911239430508, 2.1388588082073086, 2459.9600577844171, 5.8530975921690693, 3495.4310661586333, 1.4785496910585503
2100-Jun-07 08:00:00, 5960.6654740565045, 2.1407530734139, 2465.3691764433174, 5.865967760242726, 3495.2962976131871, 1.4784926846443307
2100-Jun-07 09:00:00, 5963.3930553254531, 2.1417326751060104, 2468.2315683704537, 5.872778382733749, 3495.1614869549994, 1.478435660416634
2100-Jun-07 10:00:00, 5963.6928630169614, 2.1418403500359022, 2468.6662308368741, 5.8738125953940568, 3495.0266321800873, 1.4783786175277855
2100-Jun-07 11:00:00, 5961.7879094331738, 2.141156192326171, 2466.8961782553297, 5.869601026807703, 3494.8917311778441, 1.4783215550850095
2100-Jun-07 12:00:00, 5958.2149833702479, 2.1398729878780136, 2463.4582016222876, 5.8614208888054149, 3494.7567817479603, 1.4782644721575862
2100-Jun-07 13:00:00, 5953.283810221501, 2.1381019735307629, 2458.6620285472045, 5.8500091307207418, 3494.621781674296, 1.4782073678080991
2100-Jun-07 14:00:00, 5947.8415712825336, 2.1361474116138837, 2453.3548425269346, 5.8373814957239309, 3494.486728755599, 1.4781502411054304
2100-Jun-07 15:00:00, 5942.2854187565781, 2.1341519380131482, 2447.9337978795957, 5.8244829515902676, 3494.3516208769825, 1.478093091154993
2100-Jun-07 16:00:00, 5936.9455407295463, 2.1322341386755106, 2442.7290846709329, 5.8120991349290367, 3494.2164560586139, 1.478035917119328
2100-Jun-07 17:00:00, 5932.0576361888034, 2.1304786641041407, 2437.9764036899019, 5.8007908596103404, 3494.081232498902, 1.4779787182363715
2100-Jun-07 18:00:00, 5927.9908123385976, 2.1290180779172032, 2434.0448637166432, 5.7914363633541202, 3493.9459486219548, 1.4779214938395291
2100-Jun-07 19:00:00, 5925.1263239974833, 2.1279893065079221, 2431.3157208987786, 5.7849427866777914, 3493.8106030987046, 1.4778642433666116
2100-Jun-07 20:00:00, 5923.6620471660117, 2.1274634163802268, 2429.9868522874704, 5.781780947669656, 3493.6751948785418, 1.4778069663732167
2100-Jun-07 21:00:00, 5923.6850516466002, 2.1274716783625065, 2430.1453284686449, 5.7821580174320344, 3493.5397231779557, 1.4777496625279234
2100-Jun-07 22:00:00, 5925.2069711936047, 2.1280182706787367, 2431.8027837068526, 5.7861016779126926, 3493.4041874867521, 1.477692331614922
2100-Jun-07 23:00:00, 5927.9934362157328, 2.1290190202739026, 2434.7248486579847, 5.7930542832102914, 3493.2685875577481, 1.4776349735296554
2100-Jun-08 00:00:00, 5931.7037085151587, 2.1303515521636336, 2438.5707851721522, 5.8022050991674341, 3493.1329233430065, 1.4775775882518463
2100-Jun-08 01:00:00, 5936.1745478296598, 2.1319572391536039, 2443.1773528298918, 5.8131657202475848, 3492.9971949997685, 1.477520175848007
2100-Jun-08 02:00:00, 5941.3603458714488, 2.1338197011797622, 2448.4989430552696, 5.825827627840801, 3492.8614028161792, 1.4774627364400217
2100-Jun-08 03:00:00, 5947.1441957258639, 2.1358969515146278, 2454.4186485466844, 5.839912658956858, 3492.7255471791796, 1.4774052701915641
2100-Jun-08 04:00:00, 5953.2432450274573, 2.1380874046769662, 2460.6536164842378, 5.8547478087012861, 3492.5896285432195, 1.4773477772948642
2100-Jun-08 05:00:00, 5959.229757482427, 2.1402374406071463, 2466.7761101202645, 5.8693153430991307, 3492.4536473621624, 1.4772902579419043
2100-Jun-08 06:00:00, 5964.2279002108862, 2.1420325068550143, 2471.9102961419067, 5.881531351137931, 3492.31760406898, 1.4772327123158289
2100-Jun-08 07:00:00, 5968.2409305656129, 2.1434737732879281, 2476.0594315173312, 5.8914035822738109, 3492.1814990482817, 1.4771751405793259
2100-Jun-08 08:00:00, 5970.3158230533709, 2.144218963986769, 2478.2704904481366, 5.896664457816521, 3492.0453326052343, 1.4771175428614796
2100-Jun-08 09:00:00, 5969.9275584103034, 2.1440795200385119, 2478.0184534353111, 5.8960647744077441, 3491.9091049749927, 1.4770599192617588
2100-Jun-08 10:00:00, 5967.2853235809043, 2.1431305702347796, 2475.5125072909377, 5.8901022599769419, 3491.7728162899666, 1.4770022698361727
2100-Jun-08 11:00:00, 5961.1153647822994, 2.1409146501637006, 2469.4788981659117, 5.8757462126378703, 3491.6364666163881, 1.4769445946127369
2100-Jun-08 12:00:00, 5950.5646697281863, 2.1371254033149971, 2459.0646137852691, 5.8509670205369204, 3491.5000559429177, 1.4768868935866546
2100-Jun-08 13:00:00, 5938.3198269310433, 2.1327277089693664, 2446.9562427048381, 5.8221570090118586, 3491.3635842262051, 1.4768291667395894
2100-Jun-08 14:00:00, 5926.4615253512984, 2.1284688396094271, 2435.234473967635, 5.7942668584565373, 3491.2270513836629, 1.4767714140366066
2100-Jun-08 15:00:00, 5915.9017767212863, 2.1246763411992129, 2424.8113193659556, 5.7694665610253493, 3491.0904573553303, 1.4767136354523436
2100-Jun-08 16:00:00, 5907.2538503626074, 2.1215704673648941, 2416.3000482721559, 5.7492152971124355, 3490.9538020904515, 1.4766558309653308
2100-Jun-08 17:00:00, 5900.6982950815745, 2.1192160616065294, 2409.881209482161, 5.7339426548809689, 3490.8170855994135, 1.4765980005799617
2100-Jun-08 18:00:00, 5896.393486583298, 2.1176700040290233, 2405.7131786398236, 5.7240254648801914, 3490.6803079434749, 1.4765401443221486
2100-Jun-08 19:00:00, 5894.1464963735034, 2.1168630050087822, 2403.6030271112036, 5.7190046830214802, 3490.5434692622994, 1.4764822622509683
2100-Jun-08 20:00:00, 5893.6667020227869, 2.1166906884720844, 2403.2601322690807, 5.7181888173457569, 3490.4065697537062, 1.4764243544500977
2100-Jun-08 21:00:00, 5894.7101776934305, 2.1170654492699659, 2404.4405680049517, 5.7209974830968422, 3490.2696096884792, 1.4763664210340766
2100-Jun-08 22:00:00, 5897.1525931302649, 2.1179426346070249, 2407.0200037676227, 5.7271348548008536, 3490.1325893626422, 1.4763084621281217
2100-Jun-08 23:00:00, 5900.7391530284767, 2.1192307356015361, 2410.7436439381927, 5.7359946853690369, 3489.9955090902836, 1.4762504778650911
2100-Jun-09 00:00:00, 5905.3054586337494, 2.120870708990612, 2415.447089467315, 5.7471858124827824, 3489.8583691664339, 1.4761924683697807
2100-Jun-09 01:00:00, 5910.5034416060807, 2.1227375471938297, 2420.7822717812983, 5.7598800603657683, 3489.7211698247829, 1.4761344337410405
2100-Jun-09 02:00:00, 5916.1962353574381, 2.1247820950337601, 2426.6123241393393, 5.7737517756040244, 3489.5839112180993, 1.4760763740434908
2100-Jun-09 03:00:00, 5922.5652586193046, 2.1270695084411773, 2433.1186652472529, 5.7892326161778582, 3489.4465933720517, 1.4760182892879892
2100-Jun-09 04:00:00, 5929.8166381051378, 2.1296738171359619, 2440.5074219337907, 5.806813029255804, 3489.3092161713475, 1.4759601794257675
2100-Jun-09 05:00:00, 5937.0763742372928, 2.1322811270923299, 2447.9045949066117, 5.8244134675958765, 3489.1717793306811, 1.475902044336143
2100-Jun-09 06:00:00, 5943.4664891003831, 2.1345761154777994, 2454.4322067154299, 5.8399449185395236, 3489.0342823849533, 1.4758438838223811
2100-Jun-09 07:00:00, 5947.7247034642787, 2.1361054389277463, 2458.827978755794, 5.8504039837848154, 3488.8967247084843, 1.4757856976198223
2100-Jun-09 08:00:00, 5947.8602876788746, 2.1361541335450447, 2459.1011821751576, 5.8510540294109585, 3488.7591055037169, 1.475727485391104
2100-Jun-09 09:00:00, 5943.306972282624, 2.1345188255461021, 2454.6855484347184, 5.8405477062971825, 3488.621423847906, 1.4756692467459094
2100-Jun-09 10:00:00, 5934.1700564335661, 2.1312373327714229, 2445.6863777399294, 5.8191355601289931, 3488.4836786936366, 1.4756109812411877
2100-Jun-09 11:00:00, 5921.9777580754235, 2.1268585095853583, 2433.6318891318442, 5.7904537536811436, 3488.3458689435797, 1.4755526884127741
2100-Jun-09 12:00:00, 5906.6172517642426, 2.1213418351069842, 2418.4092583080769, 5.7542338388336978, 3488.2079934561652, 1.4754943677777901
2100-Jun-09 13:00:00, 5887.2691888749669, 2.1143930430173929, 2399.1991377498871, 5.7085263038562042, 3488.0700511250802, 1.4754360188682709
2100-Jun-09 14:00:00, 5865.5353505347412, 2.1065874076522775, 2377.60330962633, 5.6571423437016906, 3487.9320409084112, 1.4753776412434925
2100-Jun-09 15:00:00, 5844.4949583634498, 2.099030821159952, 2356.7009964922418, 5.6074084960773165, 3487.7939618712076, 1.4753192345079755
2100-Jun-09 16:00:00, 5826.1987297816177, 2.0924597918446994, 2338.542916555929, 5.5642041303733594, 3487.6558132256887, 1.4752607983284927
2100-Jun-09 17:00:00, 5811.1663730336559, 2.087060971184671, 2323.6487786730786, 5.528765814087012, 3487.5175943605773, 1.4752023324464767
2100-Jun-09 18:00:00, 5799.3300566230737, 2.0828099977247212, 2311.9507517748234, 5.5009321535953966, 3487.3793048482498, 1.475143836681045
2100-Jun-09 19:00:00, 5790.4588697296831, 2.0796239406159116, 2303.2179252689602, 5.48015373256675, 3487.2409444607229, 1.4750853109357618
2100-Jun-09 20:00:00, 5784.267723594895, 2.0774004111838895, 2297.1652104631867, 5.4657522261912082, 3487.1025131317083, 1.4750267551825877
2100-Jun-09 21:00:00, 5780.5001900824755, 2.0760473141209848, 2293.5361791286796, 5.4571175028351551, 3486.9640109537954, 1.4749681694606873
2100-Jun-09 22:00:00, 5778.7547621870281, 2.0754204495287905, 2291.9293240741622, 5.4532942377293665, 3486.8254381128659, 1.4749095538486876
2100-Jun-09 23:00:00, 5778.6828055708847, 2.0753946065507152, 2291.996010715553, 5.4534529083626229, 3486.6867948553313, 1.4748509084508197
2100-Jun-10 00:00:00, 5780.0419944453361, 2.0758827546900456, 2293.4939130480666, 5.4570169371800814, 3486.5480813972695, 1.4747922333584831
2100-Jun-10 01:00:00, 5782.5596975245699, 2.0767869793321214, 2296.1503996368006, 5.4633376395048794, 3486.4092978877693, 1.4747335286347418
2100-Jun-10 02:00:00, 5786.0389841867463, 2.0780365535026166, 2299.768539858635, 5.4719464491290584, 3486.2704443281114, 1.4746747942801375
2100-Jun-10 03:00:00, 5790.3776672607773, 2.0795947770207333, 2304.2461467577223, 5.4826002278669659, 3486.1315205030551, 1.4746160302036244
2100-Jun-10 04:00:00, 5795.2772509654606, 2.0813544461247786, 2309.2847250311165, 5.4945887519353294, 3485.9925259343445, 1.4745572362029029
2100-Jun-10 05:00:00, 5800.4415268413813, 2.0832091785370328, 2314.5880670013339, 5.5072072406047283, 3485.853459840047, 1.4744984119472193
2100-Jun-10 06:00:00, 5805.3640780092283, 2.0849770963286738, 2319.6497568932759, 5.5192507552240331, 3485.7143211159528, 1.4744395569694984
2100-Jun-10 07:00:00, 5809.4295696139488, 2.0864372040440999, 2323.8544612941646, 5.5292552043315482, 3485.5751083197838, 1.4743806706596638
2100-Jun-10 08:00:00, 5810.8736276188902, 2.0869558326478557, 2325.4378079450116, 5.5330225347970634, 3485.4358196738785, 1.4743217522657739
2100-Jun-10 09:00:00, 5808.8905802690469, 2.0862436278231797, 2323.5941271510965, 5.5286357791741647, 3485.2964531179505, 1.4742628009163377
2100-Jun-10 10:00:00, 5801.8725611128848, 2.0837231297104739, 2316.7155547933307, 5.5122692714427091, 3485.1570063195541, 1.4742038156247426
2100-Jun-10 11:00:00, 5790.7411034581219, 2.079725303915732, 2305.7236267094381, 5.4861156647621714, 3485.0174767486833, 1.4741447953208087
2100-Jun-10 12:00:00, 5778.6058929363053, 2.0753669836351905, 2293.7280311875033, 5.4575739853784393, 3484.8778617488019, 1.4740857388808346
2100-Jun-10 13:00:00, 5767.0561037101497, 2.0712189154554226, 2282.3179451068818, 5.4304254358913884, 3484.7381586032679, 1.4740266451556947
2100-Jun-10 14:00:00, 5754.5908527462343, 2.066742062253708, 2269.9924881559541, 5.4010989018391102, 3484.5983645902797, 1.4739675129940806
2100-Jun-10 15:00:00, 5741.3804123000082, 2.0619975767412266, 2256.9219351893857, 5.3699995261176028, 3484.4584771106229, 1.4739083412965375
2100-Jun-10 16:00:00, 5728.892575933336, 2.0575126120676348, 2244.5740822334651, 5.3406197042070591, 3484.3184936998714, 1.4738491290206257
2100-Jun-10 17:00:00, 5718.4266044795331, 2.053753793416679, 2234.2481923467894, 5.3160508332445202, 3484.1784121327437, 1.4737898752250624
2100-Jun-10 18:00:00, 5710.5021215389406, 2.0509077418668773, 2226.4638911002562, 5.2975292825637998, 3484.0382304386849, 1.4737305790763129
2100-Jun-10 19:00:00, 5705.0614679074115, 2.0489537493078633, 2221.1635209459114, 5.2849178648743838, 3483.8979469614997, 1.4736712398738148
2100-Jun-10 20:00:00, 5701.8209130517589, 2.0477899148673973, 2218.0633526802335, 5.2775414900614113, 3483.7575603715259, 1.4736118570551278
2100-Jun-10 21:00:00, 5700.6300290116551, 2.0473622128465361, 2217.0129593595852, 5.2750422402884478, 3483.6170696520699, 1.4735524301901957
2100-Jun-10 22:00:00, 5701.5141826247454, 2.0476797536601969, 2218.0377085158016, 5.2774804737060386, 3483.4764741089434, 1.4734929589853802
2100-Jun-10 23:00:00, 5705.1574040945097, 2.0489882044686629, 2221.8216307662633, 5.2864837362358701, 3483.3357733282464, 1.4734334432656038
2100-Jun-11 00:00:00, 5711.7385089244835, 2.0513517862620962, 2228.5435417873905, 5.3024774923491176, 3483.1949671370926, 1.4733738829577363
2100-Jun-11 01:00:00, 5720.8962755062403, 2.0546407675077023, 2237.842219943192, 5.3246022705754337, 3483.0540555630478, 1.4733142780734383
2100-Jun-11 02:00:00, 5732.1291541377668, 2.0586750183071119, 2249.2161153561929, 5.3516647099206391, 3482.913038781574, 1.4732546286869288
2100-Jun-11 03:00:00, 5744.7282951127254, 2.0631999576585835, 2261.9563780580306, 5.381978210624748, 3482.7719170546943, 1.4731949349090427
2100-Jun-11 04:00:00, 5758.0509656463255, 2.0679847502316644, 2275.4202749536803, 5.4140134878853541, 3482.6306906926447, 1.473135196871008
2100-Jun-11 05:00:00, 5771.5081277372228, 2.0728178449978287, 2289.0187677237573, 5.4463690153817446, 3482.489360013466, 1.4730754147073546
2100-Jun-11 06:00:00, 5784.058298436823, 2.0773251968386548, 2301.7103731433276, 5.4765667435468721, 3482.3479252934949, 1.4730155885349712
2100-Jun-11 07:00:00, 5794.7307464827118, 2.0811581708672304, 2312.5243597205535, 5.5022969657090641, 3482.2063867621578, 1.4729557184509041
2100-Jun-11 08:00:00, 5802.153919511381, 2.0838241786384724, 2320.0891749106049, 5.5202962829882116, 3482.0647446007761, 1.4728958045318514
2100-Jun-11 09:00:00, 5804.959917342494, 2.0848319433766704, 2323.0369184083347, 5.5273099864482731, 3481.9229989341598, 1.4728358468306073
2100-Jun-11 10:00:00, 5802.1024006397765, 2.0838056758080072, 2320.3212507776666, 5.5208484719127435, 3481.7811498621095, 1.4727758453893867
2100-Jun-11 11:00:00, 5792.5035469089071, 2.0803582795877285, 2310.8643494262674, 5.4983472258644204, 3481.6391974826397, 1.4727158002496492
2100-Jun-11 12:00:00, 5777.3392703998979, 2.0749120803866403, 2295.8421284498586, 5.4626041555052858, 3481.4971419500398, 1.4726557114766585
2100-Jun-11 13:00:00, 5757.5334233207113, 2.0677988766360063, 2276.1784398038239, 5.4158174248414843, 3481.3549835168874, 1.4725955791772538
2100-Jun-11 14:00:00, 5734.9499451035408, 2.0596880959501571, 2253.7372225102422, 5.3624219908421589, 3481.2127225932982, 1.4725354035249119
2100-Jun-11 15:00:00, 5712.3456980287192, 2.0515698561985309, 2231.2753382297874, 5.3089773829179467, 3481.0703597989323, 1.4724751847817457
2100-Jun-11 16:00:00, 5691.6188165391395, 2.0441258660192085, 2210.6909205369016, 5.2599999187297897, 3480.9278960022384, 1.4724149233151049
2100-Jun-11 17:00:00, 5673.7692634574032, 2.0377152587161977, 2192.9839310730649, 5.2178688536064435, 3480.7853323843378, 1.4723546196245976
2100-Jun-11 18:00:00, 5659.3576573165537, 2.0325393785610144, 2178.7149868732331, 5.1839180897822326, 3480.6426704433202, 1.4722942743439082
2100-Jun-11 19:00:00, 5648.0927209143083, 2.0284936143204475, 2167.5928089010508, 5.1574545734732373, 3480.4999120132579, 1.4722338882488404
2100-Jun-11 20:00:00, 5639.5537233552759, 2.02542686190028, 2159.1966641090521, 5.1374772349347362, 3480.3570592462238, 1.4721734622497096
2100-Jun-11 21:00:00, 5633.6976736784927, 2.0233236812406368, 2153.4835590869452, 5.1238837779422592, 3480.214114591548, 1.4721129973825704
2100-Jun-11 22:00:00, 5630.2685605236275, 2.0220921267175198, 2150.1974798000983, 5.1160650563737295, 3480.0710807235287, 1.4720524947786375
2100-Jun-11 23:00:00, 5629.3595609738641, 2.0217656625687841, 2149.4316004880911, 5.114242764039016, 3479.9279604857729, 1.4719919556407421
2100-Jun-12 00:00:00, 5630.8094501929318, 2.0222863854335946, 2151.0246933908447, 5.1180332842158389, 3479.784756802087, 1.4719313812056396
2100-Jun-12 01:00:00, 5634.1427777084509, 2.0234835388646335, 2154.5013051342212, 5.1263053485364241, 3479.6414725742297, 1.4718707727007594
2100-Jun-12 02:00:00, 5638.8077140246442, 2.0251589351437298, 2159.3096034488403, 5.1377459567685246, 3479.4981105758034, 1.471810131299321
2100-Jun-12 03:00:00, 5644.3509912831196, 2.0271497846352027, 2164.9963179122929, 5.1512766214750751, 3479.3546733708272, 1.4717494580858919
2100-Jun-12 04:00:00, 5650.529950826698, 2.029368937293742, 2171.3187876311572, 5.1663199682850944, 3479.2111631955404, 1.4716887540063899
2100-Jun-12 05:00:00, 5657.0976186007192, 2.0317276932134614, 2178.0300367110112, 5.1822883559446566, 3479.0675818897084, 1.4716280198390264
2100-Jun-12 06:00:00, 5663.8207111310094, 2.0341422694146769, 2184.8967802915254, 5.1986267189152118, 3478.9239308394845, 1.4715672561701372
2100-Jun-12 07:00:00, 5669.9719982569704, 2.0363514836169614, 2191.1917873336306, 5.213604722498741, 3478.7802109233398, 1.4715064633713113
2100-Jun-12 08:00:00, 5674.1517630171147, 2.0378526321540456, 2195.5153405172446, 5.2238919540529878, 3478.6364224998702, 1.471445641594233
2100-Jun-12 09:00:00, 5676.5457339780005, 2.0387124188195589, 2198.0531685862475, 5.2299303266326618, 3478.4925653917535, 1.4713847907638957
2100-Jun-12 10:00:00, 5676.4318405397353, 2.0386715143720489, 2198.0832015908177, 5.2300017855598835, 3478.3486389489181, 1.4713239106053224
2100-Jun-12 11:00:00, 5673.284314537128, 2.0375410909330789, 2195.0796724807537, 5.2228553487929554, 3478.2046420563743, 1.4712630006468783
2100-Jun-12 12:00:00, 5666.7887269912317, 2.0352082223862649, 2188.7281537767335, 5.207742884378959, 3478.0605732144977, 1.4712020602542297
2100-Jun-12 13:00:00, 5657.5735556838172, 2.0318986244253918, 2179.6571250592892, 5.1861597630691003, 3477.9164306245275, 1.4711410886665099
2100-Jun-12 14:00:00, 5647.0610078187328, 2.0281230780120696, 2169.2887955699607, 5.1614899135824128, 3477.7722122487721, 1.4710800850217858
2100-Jun-12 15:00:00, 5636.5010045176223, 2.0243304881375819, 2158.8730885903251, 5.1367073366253901, 3477.6279159272976, 1.4710190484064158
2100-Jun-12 16:00:00, 5627.0508582991406, 2.0209364997231209, 2149.5673188461396, 5.1145656850523853, 3477.4835394530005, 1.4709579778868067
2100-Jun-12 17:00:00, 5619.8751789415946, 2.0183593784762808, 2142.5360982729899, 5.0978359743091231, 3477.3390806686048, 1.4708968725504414
2100-Jun-12 18:00:00, 5615.6624358904191, 2.0168463858962475, 2138.4678983557774, 5.0881563166803137, 3477.1945375346418, 1.4708357315346352
2100-Jun-12 19:00:00, 5614.629003662254, 2.016475232167148, 2137.5790954621607, 5.0860415465400104, 3477.0499082000933, 1.4707745540564168
2100-Jun-12 20:00:00, 5616.748717130301, 2.0172365201711853, 2139.8435260894948, 5.0914294118472307, 3476.9051910408061, 1.470713339428777
2100-Jun-12 21:00:00, 5621.7133004357911, 2.0190195336645118, 2144.9529157249208, 5.1035864206888704, 3476.7603847108703, 1.4706520870824034
2100-Jun-12 22:00:00, 5628.9716671768019, 2.0216263518086293, 2152.3561790356116, 5.121201350053628, 3476.6154881411908, 1.4705907965650735
2100-Jun-12 23:00:00, 5637.8951133369555, 2.0248311776583496, 2161.4246127926112, 5.1427782970531837, 3476.4705005443438, 1.4705294675437117
2100-Jun-13 00:00:00, 5648.033669735707, 2.0284724062871113, 2171.7082483324211, 5.1672466302793003, 3476.3254214032859, 1.4704680997996109
2100-Jun-13 01:00:00, 5659.007734618327, 2.0324137049940365, 2182.8274841834614, 5.1937031462623686, 3476.1802504348657, 1.4704066932129993
2100-Jun-13 02:00:00, 5670.49696185211, 2.0365400225367543, 2194.4619742906011, 5.2213856307062612, 3476.0349875615084, 1.4703452477510637
2100-Jun-13 03:00:00, 5682.3928728826777, 2.0408123992051963, 2206.503240017285, 5.250035975336246, 3475.8896328653927, 1.4702837634485648
2100-Jun-13 04:00:00, 5694.6177790633601, 2.0452029333816903, 2218.8735925012106, 5.2794693314221819, 3475.7441865621495, 1.4702222403967136
2100-Jun-13 05:00:00, 5707.1652402878135, 2.0497093121235777, 2231.5665913362459, 5.3096703750056555, 3475.5986489515676, 1.4701606787223189
2100-Jun-13 06:00:00, 5719.5080959653851, 2.0541422074674736, 2244.055075567273, 5.3393848074620509, 3475.4530203981121, 1.4700990785795482
2100-Jun-13 07:00:00, 5730.6419684683824, 2.0581409005468836, 2255.3346671564632, 5.3662228653249908, 3475.3073013119197, 1.4700374401418868
2100-Jun-13 08:00:00, 5739.4621167755649, 2.0613086273181227, 2264.3006246447349, 5.3875559857632789, 3475.1614921308296, 1.4699757635945385
2100-Jun-13 09:00:00, 5745.3865113690717, 2.0634363538260714, 2270.3709180212777, 5.4019993176513594, 3475.0155933477936, 1.4699140491460196
2100-Jun-13 10:00:00, 5745.7389861161828, 2.0635629439528724, 2270.8693806116607, 5.4031853329195041, 3474.869605504522, 1.4698522970254708
2100-Jun-13 11:00:00, 5738.6102737027086, 2.0610026907269448, 2263.8867444941152, 5.3865712214353492, 3474.7235292085934, 1.4697905074898947
2100-Jun-13 12:00:00, 5725.8492768722535, 2.0564196213861936, 2251.2719116648109, 5.3565561618716107, 3474.5773652074427, 1.4697286808554526
2100-Jun-13 13:00:00, 5709.8678699956963, 2.0506799525459654, 2235.4367556341003, 5.3188788372574658, 3474.4311143615955, 1.4696668174861423
2100-Jun-13 14:00:00, 5691.0622803127026, 2.0439259878944593, 2216.7775025780484, 5.274482006996565, 3474.2847777346542, 1.4696049178318624
2100-Jun-13 15:00:00, 5671.4251208632995, 2.036873367741995, 2197.2867642647457, 5.2281067851183947, 3474.1383565985534, 1.4695429824306347
2100-Jun-13 16:00:00, 5653.0941106511455, 2.030289846720517, 2179.1022581764432, 5.1848395424396294, 3473.9918524747018, 1.4694810119260073
2100-Jun-13 17:00:00, 5637.2961225941954, 2.0246160521360248, 2163.4508554418867, 5.1475994306053705, 3473.8452671523087, 1.4694190070748072
2100-Jun-13 18:00:00, 5624.3645241182039, 2.0199717117847462, 2150.665921422577, 5.1171796413540527, 3473.6986026956274, 1.4693569687502026
2100-Jun-13 19:00:00, 5614.255705051597, 2.0163411632193866, 2140.703843610368, 5.093476405412833, 3473.551861441229, 1.4692948979405513
2100-Jun-13 20:00:00, 5607.0634669983538, 2.0137580949723564, 2133.658421032691, 5.0767129031784286, 3473.4050459656632, 1.4692327957357212
2100-Jun-13 21:00:00, 5602.3910143994108, 2.0120799992454441, 2129.1328553324888, 5.0659450138302926, 3473.2581590669215, 1.4691706633192483
2100-Jun-13 22:00:00, 5600.2554093158942, 2.0113130038208502, 2127.1442056418459, 5.061213326956298, 3473.1112036740483, 1.4691085019301036
2100-Jun-13 23:00:00, 5600.7996477151191, 2.0115084652220783, 2127.8354649099742, 5.0628580723435421, 3472.9641828051444, 1.4690463128449285
2100-Jun-14 00:00:00, 5603.8054110135936, 2.0125879750598923, 2130.9883115503794, 5.0703597872681554, 3472.8170994632142, 1.4689840973339785
2100-Jun-14 01:00:00, 5609.1753620437667, 2.0145165750160485, 2136.5054054952079, 5.0834868659709418, 3472.6699565485587, 1.4689218566240669
2100-Jun-14 02:00:00, 5616.0099947535073, 2.0169712104997397, 2143.4872379734475, 5.1000990653186484, 3472.5227567800594, 1.4688595918652663
2100-Jun-14 03:00:00, 5623.6290235139913, 2.0197075592021498, 2151.2535209466905, 5.118577744282133, 3472.3755025673013, 1.468797304076819
2100-Jun-14 04:00:00, 5631.566199670885, 2.0225581694781418, 2159.3380037139086, 5.1378135308425685, 3472.2281959569764, 1.4687349941244656
2100-Jun-14 05:00:00, 5639.4774023683212, 2.0253994514730214, 2167.3965638280961, 5.1569876384267301, 3472.0808385402252, 1.4686726626812505
2100-Jun-14 06:00:00, 5646.8423319192261, 2.0280445412939816, 2174.9089005056749, 5.1748620911358127, 3471.9334314135508, 1.4686103102109889
2100-Jun-14 07:00:00, 5652.4075859316326, 2.0300432836631424, 2180.6216108088011, 5.1884546089550261, 3471.785975122832, 1.4685479369445849
2100-Jun-14 08:00:00, 5653.3930987358654, 2.0303972272913717, 2181.7546290726436, 5.1911504521054042, 3471.6384696632222, 1.4684855428799879
2100-Jun-14 09:00:00, 5649.1332345269529, 2.0288673113051034, 2177.6423200479044, 5.1813658436217054, 3471.4909144790486, 1.4684231277821518
2100-Jun-14 10:00:00, 5639.7137602648809, 2.0254843386212245, 2168.3704517661463, 5.1593048553779592, 3471.3433084987346, 1.4683606911978047
2100-Jun-14 11:00:00, 5625.2445560074193, 2.0202877722950601, 2154.0489058217408, 5.1252289337718029, 3471.195650185678, 1.4682982324769718
2100-Jun-14 12:00:00, 5607.1601659063454, 2.0137928240618148, 2136.1122283201667, 5.0825513611975017, 3471.0479375861792, 1.4682357507932478
2100-Jun-14 13:00:00, 5587.0067761683513, 2.0065548015274017, 2116.1066077301593, 5.0349510559264141, 3470.9001684381915, 1.4681732451897986
2100-Jun-14 14:00:00, 5565.8517937888637, 1.9989570603449753, 2095.0994535562818, 4.9849677551307954, 3470.7523402325819, 1.4681107146052736
2100-Jun-14 15:00:00, 5544.5977298837279, 1.9913237343639267, 2073.9932795689588, 4.9347488518790215, 3470.6044503147691, 1.4680481579167983
2100-Jun-14 16:00:00, 5524.3749737130247, 1.9840607991071575, 2053.9184777505179, 4.8869839404874869, 3470.4564959625068, 1.4679855739728762
2100-Jun-14 17:00:00, 5505.9644943264775, 1.9774487369974292, 2035.6560198530153, 4.8435312234367744, 3470.3084744734624, 1.4679229616304341
2100-Jun-14 18:00:00, 5489.391907506134, 1.9714967478572092, 2019.2315242769102, 4.8044516557808361, 3470.1603832292235, 1.4678603197818971
2100-Jun-14 19:00:00, 5474.6280846466598, 1.9661943702452931, 2004.6158649220279, 4.7696759364323382, 3470.0122197246314, 1.4677976473675955
2100-Jun-14 20:00:00, 5462.1676114145239, 1.9617192329499715, 1992.3036297984288, 4.7403808616899203, 3469.8639816160949, 1.4677349433962024
2100-Jun-14 21:00:00, 5452.5342498043055, 1.9582594433402136, 1982.8185830780612, 4.7178126480537212, 3469.7156667262443, 1.4676722069467008
2100-Jun-14 22:00:00, 5446.0588303051154, 1.9559338180799353, 1976.4915572833788, 4.7027584607602089, 3469.5672730217361, 1.4676094371589972
2100-Jun-14 23:00:00, 5442.8864169122789, 1.9547944564179844, 1973.4676183208583, 4.6955634618802931, 3469.4187985914205, 1.4675466332246845
2100-Jun-15 00:00:00, 5442.7034947195252, 1.9547287605241219, 1973.4332531296639, 4.6954816951795708, 3469.2702415898611, 1.4674837943631527
2100-Jun-15 01:00:00, 5445.5688779346965, 1.9557578533244284, 1976.4472777442375, 4.7026531043894373, 3469.121600190459, 1.4674209198017596
2100-Jun-15 02:00:00, 5450.6509406337764, 1.9575830591491286, 1981.678068123091, 4.7150989676768207, 3468.9728725106856, 1.4673580087442053
2100-Jun-15 03:00:00, 5457.5826958924554, 1.9600725758715074, 1988.7586393324909, 4.7319461006885035, 3468.8240565599649, 1.4672950603484858
2100-Jun-15 04:00:00, 5465.8428911106403, 1.963039197363234, 1997.1677409495226, 4.7519542680045541, 3468.6751501611179, 1.4672320736936655
2100-Jun-15 05:00:00, 5474.9382272434423, 1.9663057569218561, 2006.4120763336534, 4.7739497459420264, 3468.5261509097891, 1.4671690477627144
2100-Jun-15 06:00:00, 5483.592005931253, 1.9694137326006131, 2015.2149497980906, 4.794894832963184, 3468.3770561331626, 1.4671059814250447
2100-Jun-15 07:00:00, 5490.2781040840073, 1.9718150223948405, 2022.0502412194494, 4.8111583603458854, 3468.2278628645581, 1.4670428734257657
2100-Jun-15 08:00:00, 5493.7008956432855, 1.973044306538041, 2025.6223278005859, 4.8196575923967915, 3468.0785678426996, 1.466979722385374
2100-Jun-15 09:00:00, 5492.3933005202252, 1.9725746881220008, 2024.4641329968817, 4.8169018455319703, 3467.929167523343, 1.4669165268046722
2100-Jun-15 10:00:00, 5486.0237010844112, 1.970287067783637, 2018.2440429666337, 4.802102095485659, 3467.7796581177777, 1.4668532850810549
2100-Jun-15 11:00:00, 5475.896884339918, 1.9666500554124462, 2008.2668487028429, 4.7783628922668093, 3467.6300356370753, 1.4667899955272257
2100-Jun-15 12:00:00, 5463.5455745024283, 1.9622141237852853, 1996.0652785199381, 4.7493311277744361, 3467.4802959824897, 1.4667266564094357
2100-Jun-15 13:00:00, 5449.6292908680953, 1.9572161370520316, 1982.2988558636057, 4.7165760368746543, 3467.3304350044896, 1.4666632659724537
2100-Jun-15 14:00:00, 5434.7021236266937, 1.9518550948515461, 1967.5216750247084, 4.6814160019328286, 3467.1804486019855, 1.46659982248154
2100-Jun-15 15:00:00, 5419.4404133250282, 1.9463739026296298, 1952.4100805160574, 4.6454602809638939, 3467.0303328089713, 1.4665363242590939
2100-Jun-15 16:00:00, 5404.95825126829, 1.9411726825531841, 1938.0781673756271, 4.6113596922051556, 3466.8800838926632, 1.4664727697261666
2100-Jun-15 17:00:00, 5391.9432397068531, 1.936498384671189, 1925.2135412776654, 4.5807502878776916, 3466.7296984291879, 1.4664091574344771
2100-Jun-15 18:00:00, 5381.5248926661498, 1.9327566701689489, 1914.9457193019327, 4.556319580601448, 3466.5791733642172, 1.4663454860920599
2100-Jun-15 19:00:00, 5374.1323335961288, 1.9301016572985872, 1907.7038275189357, 4.5390886100319561, 3466.4285060771931, 1.4662817545904323
2100-Jun-15 20:00:00, 5370.7829096792884, 1.9288987228988377, 1904.5052152789692, 4.5314780028837687, 3466.277694400319, 1.4662179620126272
2100-Jun-15 21:00:00, 5371.491036453408, 1.9291530442618903, 1905.3642998235334, 4.5335220627713859, 3466.1267366298744, 1.4661541076379794
2100-Jun-15 22:00:00, 5376.0736765424135, 1.9307988841261785, 1910.0980450177426, 4.5447852832901461, 3465.9756315246705, 1.4660901909414725
2100-Jun-15 23:00:00, 5383.8853697557506, 1.933604427622589, 1918.0609914846348, 4.5637318928679926, 3465.8243782711156, 1.4660262115789613
2100-Jun-16 00:00:00, 5393.9623282991033, 1.9372235335875587, 1928.2893518701374, 4.5880687073438109, 3465.6729764289657, 1.4659621693642244
2100-Jun-16 01:00:00, 5406.1427665564061, 1.9415980972580651, 1940.6213406890163, 4.6174107829738702, 3465.5214258673896, 1.4658980642419213
2100-Jun-16 02:00:00, 5419.3584705937101, 1.9463444731716815, 1953.9887438756655, 4.6492164682563368, 3465.3697267180446, 1.4658338962677424
2100-Jun-16 03:00:00, 5432.173056737196, 1.9509467889350127, 1966.9551774527333, 4.6800681078627582, 3465.2178792844625, 1.4657696655700798
2100-Jun-16 04:00:00, 5444.5135608376677, 1.9553788397178564, 1979.4476768591833, 4.7097920938131326, 3465.0658839784842, 1.4657053723231401
2100-Jun-16 05:00:00, 5456.3223791449927, 1.9596199373259711, 1991.4086378803388, 4.738251365715298, 3464.9137412646537, 1.4656410167234235
2100-Jun-16 06:00:00, 5467.782170319133, 1.963735683006298, 2003.0207187079252, 4.7658805307161449, 3464.7614516112076, 1.4655765989689915
2100-Jun-16 07:00:00, 5478.1842393692541, 1.9674715513226517, 2013.575223920531, 4.7909933567764504, 3464.6090154487229, 1.4655121192419758
2100-Jun-16 08:00:00, 5487.1270003515147, 1.9706833140261457, 2022.6705671850805, 4.8126343308212212, 3464.4564331664337, 1.4654475777070206
2100-Jun-16 09:00:00, 5494.1644975099071, 1.9732108075982213, 2029.8607924042146, 4.8297423687278087, 3464.3037051056922, 1.4653829745085163
2100-Jun-16 10:00:00, 5498.6817354167433, 1.9748331584874788, 2034.5309038313981, 4.8408541824595437, 3464.1508315853457, 1.4653183097813336
2100-Jun-16 11:00:00, 5501.5542439974306, 1.975864810338984, 2037.5564310643047, 4.8480529603851972, 3463.9978129331262, 1.4652535836641014
2100-Jun-16 12:00:00, 5503.7437305664498, 1.9766511571189245, 2039.8990810325895, 4.8536269366151252, 3463.8446495338608, 1.4651887963195995
2100-Jun-16 13:00:00, 5505.4180611080437, 1.9772524873342214, 2041.7267192320514, 4.857975521345506, 3463.6913418759923, 1.4651239479544371
2100-Jun-16 14:00:00, 5506.12090891353, 1.9775049127733415, 2042.5830182892028, 4.8600129535931265, 3463.5378906243272, 1.4650590388498239
2100-Jun-16 15:00:00, 5502.7477963843794, 1.976293470687692, 2039.3634997129177, 4.8523526030247641, 3463.3842966714619, 1.4649940693833234
2100-Jun-16 16:00:00, 5495.9786551160041, 1.9738623562361735, 2032.7480939293062, 4.8366122597859587, 3463.2305611866982, 1.4649290400495445
2100-Jun-16 17:00:00, 5488.3171774986204, 1.9711107621687505, 2025.2404918326038, 4.8187490722857724, 3463.0766856660166, 1.4648639514812796
2100-Jun-16 18:00:00, 5481.5554015167891, 1.9686822929352656, 2018.6327295357237, 4.8030269155511105, 3462.9226719810658, 1.4647988044702263
2100-Jun-16 19:00:00, 5476.8763172663021, 1.9670018154728766, 2014.1077948978123, 4.7922605277188888, 3462.7685223684894, 1.4647335999624738
2100-Jun-16 20:00:00, 5474.4589889262606, 1.9661336400827432, 2011.8447494506465, 4.786875958235389, 3462.6142394756139, 1.4646683390778279
2100-Jun-16 21:00:00, 5474.4471404435699, 1.9661293847398043, 2011.987314130648, 4.7872151690215983, 3462.4598263129219, 1.4646030230897071
2100-Jun-16 22:00:00, 5476.891970794064, 1.9670074373850293, 2014.5866845383848, 4.7933999721555089, 3462.3052862556788, 1.4645376534258323
2100-Jun-16 23:00:00, 5481.7343929416447, 1.9687465771069814, 2019.5837699407939, 4.8052897703024948, 3462.1506230008508, 1.464472231650001
2100-Jun-17 00:00:00, 5488.5870334692563, 1.9712076800382454, 2026.5911929745721, 4.8219628584514371, 3461.9958404946842, 1.4644067594314556
2100-Jun-17 01:00:00, 5497.2766450187619, 1.9743285249694604, 2035.435702120837, 4.8430070111904637, 3461.8409428979248, 1.4643412385301706
2100-Jun-17 02:00:00, 5507.4702658627975, 1.9779895298096188, 2045.7843313709784, 4.8676299869800816, 3461.6859344918189, 1.4642756707570914
2100-Jun-17 03:00:00, 5518.5998674756111, 1.9819866890131008, 2057.0690478594624, 4.8944802387547162, 3461.5308196161486, 1.4642100579479242
2100-Jun-17 04:00:00, 5529.9739695371063, 1.9860716597351533, 2068.5983669568836, 4.9219124849145359, 3461.3756025802231, 1.464144401925485
2100-Jun-17 05:00:00, 5540.9128124115432, 1.9900003085756166, 2079.6925248148109, 4.948309331660032, 3461.2202875967328, 1.4640787044717203
2100-Jun-17 06:00:00, 5551.1466233336478, 1.9936757475479236, 2090.0817446130259, 4.9730288864320782, 3461.0648787206219, 1.4640129673018514
2100-Jun-17 07:00:00, 5559.4637812379005, 1.9966628269978766, 2098.5544014571483, 4.9931882736614268, 3460.9093797807527, 1.4639471920354674
2100-Jun-17 08:00:00, 5564.1182950990842, 1.998334480087107, 2103.3645007646141, 5.0046331670797288, 3460.7537943344705, 1.4638813801773074
2100-Jun-17 09:00:00, 5564.7191483620891, 1.9985502745273498, 2104.1210227113652, 5.0064331949992633, 3460.5981256507239, 1.4638155331101204
2100-Jun-17 10:00:00, 5561.3768322767337, 1.9973498928815105, 2100.9344555984712, 4.9988512473831861, 3460.4423766782629, 1.4637496520812125
2100-Jun-17 11:00:00, 5553.3083997449048, 1.9944521423173625, 2093.0218496908651, 4.9800244154437658, 3460.2865500540393, 1.4636837382060013
2100-Jun-17 12:00:00, 5539.8287204640783, 1.9896109605777295, 2079.6980723402794, 4.9483225311458767, 3460.1306481237984, 1.4636177924767249
2100-Jun-17 13:00:00, 5522.9133162439875, 1.9835358497147215, 2062.938643299794, 4.9084460406912545, 3459.9746729441936, 1.4635518157633374
2100-Jun-17 14:00:00, 5504.6209552961391, 1.9769662094472811, 2044.8023289565597, 4.8652934628771192, 3459.8186263395796, 1.4634858088375318
2100-Jun-17 15:00:00, 5486.8298754923908, 1.9705766026265334, 2027.1673655675165, 4.8233337727497263, 3459.6625099248745, 1.4634197723824101
2100-Jun-17 16:00:00, 5470.5855327134432, 1.9647425012361808, 2011.079207554347, 4.7850544687295917, 3459.5063251590964, 1.4633537070151297
2100-Jun-17 17:00:00, 5456.3395881489459, 1.9596261178821965, 1996.9895147745485, 4.7515302061616387, 3459.3500733743977, 1.4632876132991841
2100-Jun-17 18:00:00, 5444.3608306673195, 1.9553239871878834, 1985.1670748632685, 4.7234005239908639, 3459.1937558040509, 1.4632214917562418
2100-Jun-17 19:00:00, 5434.8435781993867, 1.9519058977883255, 1975.8062045953984, 4.7011277691743389, 3459.0373736039887, 1.4631553428752562
2100-Jun-17 20:00:00, 5427.7803600596562, 1.9493691666118096, 1968.8994321945586, 4.6846941637663608, 3458.8809278650974, 1.4630891671176665
2100-Jun-17 21:00:00, 5423.2364123973966, 1.9477372230032053, 1964.51199279554, 4.6742549247628986, 3458.7244196018569, 1.463022964912593
2100-Jun-17 22:00:00, 5421.2635660834803, 1.9470286818464717, 1962.6957163620477, 4.6699333736117135, 3458.5678497214326, 1.4629567366437617
2100-Jun-17 23:00:00, 5422.4623197498477, 1.9474592102172907, 1964.0511007369985, 4.6731583028118377, 3458.411219012849, 1.4628904826449263
2100-Jun-18 00:00:00, 5426.6790000423944, 1.9489736168443967, 1968.4244719711257, 4.6835640687750404, 3458.2545280712684, 1.4628242031678373
2100-Jun-18 01:00:00, 5432.7560992507124, 1.9511561867041332, 1974.6583219832094, 4.6983965585873069, 3458.0977772675028, 1.4627578983693463
2100-Jun-18 02:00:00, 5439.6733031731437, 1.9536404773627563, 1981.7323364869899, 4.7152280909237865, 3457.9409666861543, 1.4626915682852397
2100-Jun-18 03:00:00, 5446.8580636502929, 1.9562208600633364, 1989.0739675781003, 4.7326963758766221, 3457.7840960721924, 1.4626252128076405
2100-Jun-18 04:00:00, 5454.101011555741, 1.9588221405842197, 1996.4738467823452, 4.750303253279224, 3457.6271647733956, 1.4625588316606628
2100-Jun-18 05:00:00, 5461.0529056591149, 1.9613188901053293, 2003.5827339389277, 4.7672177597434757, 3457.4701717201874, 1.4624924243918809
2100-Jun-18 06:00:00, 5467.2342343507989, 1.9635388936354885, 2009.9211189588073, 4.7822989745708053, 3457.3131153919921, 1.4624259903580987
2100-Jun-18 07:00:00, 5471.9559644185065, 1.9652346872005311, 2014.799970600973, 4.7939074536227091, 3457.1559938175337, 1.4623595287254769
2100-Jun-18 08:00:00, 5474.2626023146167, 1.9660631084878593, 2017.2637977464517, 4.7997697523568235, 3456.9988045681648, 1.4622930384667097
2100-Jun-18 09:00:00, 5473.7719247433824, 1.9658868832789045, 2016.9303799251031, 4.7989764357982292, 3456.8415448182795, 1.4622265183865799
2100-Jun-18 10:00:00, 5470.6719885174207, 1.9647735515490836, 2013.9877771536749, 4.7919749639077995, 3456.6842113637458, 1.462159967129756
2100-Jun-18 11:00:00, 5465.5895210807803, 1.962948200364242, 2009.0627203752526, 4.7802565468221818, 3456.5268007055279, 1.4620933832161636
2100-Jun-18 12:00:00, 5458.9381715478548, 1.9605593904206318, 2002.5688624337356, 4.7648054080278328, 3456.3693091141195, 1.4620267650682401
2100-Jun-18 13:00:00, 5450.5546791451861, 1.9575484871573856, 1994.3429464304088, 4.7452331027783643, 3456.2117327147771, 1.4619601110469891
2100-Jun-18 14:00:00, 5441.1557902576269, 1.9541729076419285, 1985.1017226760434, 4.7232450284865859, 3456.0540675815832, 1.4618934194917668
2100-Jun-18 15:00:00, 5431.3605182362408, 1.9506549684494046, 1975.4642084135635, 4.7003140417229137, 3455.8963098226777, 1.461826688756336
2100-Jun-18 16:00:00, 5422.3418109562635, 1.9474159298870388, 1966.6033552921012, 4.6792310010021199, 3455.7384556641623, 1.4617599172443572
2100-Jun-18 17:00:00, 5414.4470374103093, 1.9445805483669774, 1958.866535885335, 4.6608224260752671, 3455.5805015249748, 1.461693103441059
2100-Jun-18 18:00:00, 5408.1370527345252, 1.9423143384703352, 1952.7146086530406, 4.6461848589503063, 3455.4224440814846, 1.4616262459405622
2100-Jun-18 19:00:00, 5403.8358254656387, 1.9407695670793894, 1948.5715451410422, 4.636327074882006, 3455.2642803245963, 1.4615593434700349
2100-Jun-18 20:00:00, 5401.6728875167009, 1.9399927551475766, 1946.5668799398097, 4.6315572815573915, 3455.1060075768914, 1.4614923948969425
2100-Jun-18 21:00:00, 5401.6613561782178, 1.9399886137059195, 1946.7137326616655, 4.631906695081395, 3454.9476235165521, 1.4614253992391679
2100-Jun-18 22:00:00, 5403.6695189416005, 1.9407098386473858, 1948.8803927712579, 4.6370619304399421, 3454.789126170343, 1.4613583556620424
2100-Jun-18 23:00:00, 5407.4430403049346, 1.9420650862269238, 1952.8125263950456, 4.6464178391965287, 3454.630513909889, 1.4612912634767714
2100-Jun-19 00:00:00, 5412.7297519001058, 1.9439637910183392, 1958.2579664980303, 4.659374428574564, 3454.4717854020751, 1.4612241221194542
2100-Jun-19 01:00:00, 5419.1889545348995, 1.9462835920459967, 1964.8760149506477, 4.675121059638875, 3454.312939584252, 1.4611569311405956
2100-Jun-19 02:00:00, 5426.4564408003444, 1.94889368543682, 1972.3024651872545, 4.6927911587369051, 3454.1539756130901, 1.4610896901834711
2100-Jun-19 03:00:00, 5434.2177030440271, 1.9516811168191128, 1980.222810228724, 4.7116364047581465, 3453.994892815303, 1.4610223989632845
2100-Jun-19 04:00:00, 5442.1772808114993, 1.9545397725586366, 1988.3415901759697, 4.7309537961971655, 3453.8356906355298, 1.4609550572451202
2100-Jun-19 05:00:00, 5450.0831459594829, 1.9573791375904783, 1996.4067773485745, 4.7501436718502212, 3453.676368610908, 1.4608876648331901
2100-Jun-19 06:00:00, 5457.6192825492017, 1.9600857158469374, 2004.102356240807, 4.7684541212991611, 3453.5169263083944, 1.4608202215443193
2100-Jun-19 07:00:00, 5464.5917429917799, 1.9625898517000016, 2011.2343796677283, 4.7854236769695095, 3453.3573633240517, 1.4607527272076442
2100-Jun-19 08:00:00, 5470.9955950136837, 1.9648897737401239, 2017.797915757558, 4.8010406042289295, 3453.1976792561259, 1.4606851816532247
2100-Jun-19 09:00:00, 5476.7509893589231, 1.9669568043740195, 2023.7131156525543, 4.8151149149694801, 3453.0378737063693, 1.4606175847126042
2100-Jun-19 10:00:00, 5481.8931521464929, 1.9688035949445351, 2029.0152058650351, 4.8277304252733693, 3452.8779462814582, 1.4605499362194088
2100-Jun-19 11:00:00, 5485.8263463092881, 1.9702161884760769, 2033.1084496829646, 4.8374696710221246, 3452.7178966263236, 1.460482236023446
2100-Jun-19 12:00:00, 5487.7940994362025, 1.9709229004317297, 2035.2363750107522, 4.8425327429094001, 3452.5577244254505, 1.4604144839912547
2100-Jun-19 13:00:00, 5488.0184254192009, 1.9710034663584102, 2035.6209959521809, 4.8434478894375115, 3452.3974294670197, 1.4603466800332363
2100-Jun-19 14:00:00, 5487.2580667990378, 1.9707303861025067, 2035.0210551383689, 4.8420204223037846, 3452.2370116606689, 1.4602788241111679
2100-Jun-19 15:00:00, 5486.4462055714375, 1.9704388088573592, 2034.3697344966783, 4.8404707047514428, 3452.0764710747594, 1.4602109162539663
2100-Jun-19 16:00:00, 5486.091537721335, 1.9703114310849523, 2034.1757297300483, 4.8400091001701657, 3451.9158079912868, 1.4601429565809141
2100-Jun-19 17:00:00, 5486.6046755304033, 1.9704957228132214, 2034.8496526185249, 4.8416125963014824, 3451.7550229118788, 1.460074945304197
2100-Jun-19 18:00:00, 5488.051100524468, 1.9710152015132061, 2036.4569839123728, 4.8454369945457012, 3451.5941166120956, 1.4600068827518735
2100-Jun-19 19:00:00, 5490.5471349789841, 1.9719116439411715, 2039.1140448396247, 4.8517590634208974, 3451.4330901393591, 1.4599387693669976
2100-Jun-19 20:00:00, 5494.1606764634271, 1.973209435282155, 2042.8887316208775, 4.860740351568495, 3451.2719448425501, 1.4598706057201389
2100-Jun-19 21:00:00, 5498.6667379541741, 1.9748277721989462, 2047.5560555961256, 4.8718455329859536, 3451.1106823580485, 1.459802392503478
2100-Jun-19 22:00:00, 5503.9545718844674, 1.976726880073268, 2053.0052672840129, 4.884811096271692, 3450.9493046004545, 1.4597341305268809
2100-Jun-19 23:00:00, 5510.0263855551393, 1.9789075516498329, 2059.2385717944662, 4.8996422881465103, 3450.7878137606731, 1.4596658207170898
2100-Jun-20 00:00:00, 5516.5971285084061, 1.9812674120098954, 2065.9709162484473, 4.9156608690127142, 3450.6262122599587, 1.4595974640982827
2100-Jun-20 01:00:00, 5523.3645466696908, 1.9836979076132641, 2072.9000439324664, 4.9321476653876486, 3450.4645027372248, 1.4595290617867069
2100-Jun-20 02:00:00, 5530.0094942700562, 1.9860844183242026, 2079.7068062754138, 4.9483433122047176, 3450.3026879946419, 1.4594606149676661
2100-Jun-20 03:00:00, 5536.3621348847064, 1.9883659479586533, 2086.2213639129473, 4.9638437027503413, 3450.1407709717591, 1.4593921248845749
2100-Jun-20 04:00:00, 5542.3444408803589, 1.9905144731530355, 2092.3656861825289, 4.9784631750331512, 3449.97875469783, 1.4593235928187924
2100-Jun-20 05:00:00, 5547.9253054034007, 1.9925188219848915, 2098.1086631428675, 4.9921277077202042, 3449.8166422605332, 1.459255020076391
2100-Jun-20 06:00:00, 5553.0698920045434, 1.9943664830599468, 2103.4154552370455, 5.004754405430309, 3449.6544367674983, 1.4591864079718821
2100-Jun-20 07:00:00, 5557.7382214223526, 1.996043097960142, 2108.2460801014258, 5.0162481362626057, 3449.4921413209267, 1.4591177578174814
2100-Jun-20 08:00:00, 5561.8152106923171, 1.9975073350235941, 2112.48545169918, 5.0263350706470096, 3449.3297589931371, 1.4590490709127644
2100-Jun-20 09:00:00, 5565.0682210541854, 1.9986756428174683, 2115.9009282433631, 5.0344616731394387, 3449.1672928108228, 1.4589803485380066
2100-Jun-20 10:00:00, 5567.3495748286241, 1.9994949833970446, 2118.3448290838555, 5.0402765602875945, 3449.004745744769, 1.4589115919498354
2100-Jun-20 11:00:00, 5568.614100380596, 1.9999491335206467, 2119.7719796753258, 5.0436722461907717, 3448.8421207052702, 1.4588428023792908
2100-Jun-20 12:00:00, 5568.8005441900368, 2.0000160941913667, 2120.1211236635772, 5.0445029807510702, 3448.6794205264591, 1.4587739810251965
2100-Jun-20 13:00:00, 5567.9919976765605, 1.9997257074147128, 2119.4753496771273, 5.0429664606139992, 3448.5166479994332, 1.4587051290681727
2100-Jun-20 14:00:00, 5566.4570291333421, 1.9991744285951263, 2118.1032232806165, 5.0397016963418499, 3448.3538058527261, 1.4586362476623753
2100-Jun-20 15:00:00, 5564.4312193153801, 1.998446865773017, 2116.2403225544886, 5.0352692098386465, 3448.1908967608911, 1.4585673379391266
2100-Jun-20 16:00:00, 5562.0649034597263, 1.997597011346073, 2114.0369800946146, 5.0300266944547873, 3448.0279233651113, 1.4584984010156343
2100-Jun-20 17:00:00, 5559.6416092620384, 1.9967266933381147, 2111.7767210015941, 5.0246487546735406, 3447.8648882604439, 1.4584294379895939
2100-Jun-20 18:00:00, 5557.3252878201329, 1.9958947942376946, 2109.6234938170437, 5.01952548089948, 3447.7017940030887, 1.4583604499422653
2100-Jun-20 19:00:00, 5555.3998127106643, 1.995203266290636, 2107.8611695909894, 5.0153323007494617, 3447.5386431196748, 1.4582914379423999
2100-Jun-20 20:00:00, 5554.0780006173482, 1.9947285418972678, 2106.7025625280785, 5.0125755729771004, 3447.3754380892692, 1.4582224030386304
2100-Jun-20 21:00:00, 5553.6655967502156, 1.9945804284274053, 2106.4534154050102, 5.0119827656176827, 3447.2121813452059, 1.4581533462602447
2100-Jun-20 22:00:00, 5554.3904778841743, 1.9948407670627701, 2107.3416026255222, 5.0140960708582796, 3447.0488752586521, 1.4580842686102347
2100-Jun-20 23:00:00, 5556.1763606486711, 1.9954821608859084, 2109.2908385306096, 5.0187339786757388, 3446.8855221180611, 1.4580151710566045
2100-Jun-21 00:00:00, 5558.7753401838027, 1.9964155756953434, 2112.0532160567195, 5.0253066322420326, 3446.7221241270831, 1.4579460545314873
2100-Jun-21 01:00:00, 5562.0476830436746, 1.9975908266912306, 2115.4889996753795, 5.0334815523030132, 3446.5586833682955, 1.4578769199158024
2100-Jun-21 02:00:00, 5565.7330976439498, 1.998914431021432, 2119.3378958426406, 5.0426394103006729, 3446.3952018013088, 1.4578077680384554
2100-Jun-21 03:00:00, 5569.5998954733695, 2.0003031785318619, 2123.3682142547086, 5.0522289346991283, 3446.2316812186609, 1.4577385996576806
2100-Jun-21 04:00:00, 5573.4645949774658, 2.001691172435768, 2127.3964717246586, 5.0618135554019688, 3446.0681232528073, 1.4576694154639986
2100-Jun-21 05:00:00, 5577.184811691257, 2.0030272758286656, 2131.2802823449911, 5.0710544869847292, 3445.9045293462659, 1.4576002160675874
2100-Jun-21 06:00:00, 5580.4960335411497, 2.0042164900838131, 2134.7551327988958, 5.079322360587204, 3445.7409007422539, 1.4575310019943211
2100-Jun-21 07:00:00, 5583.223412889387, 2.005196019256775, 2137.6461744026487, 5.0862011505887894, 3445.5772384867382, 1.4574617736866387
2100-Jun-21 08:00:00, 5585.2870998412855, 2.005937185524882, 2139.8735564175931, 5.0915008644061972, 3445.4135434236919, 1.4573925315015364
2100-Jun-21 09:00:00, 5587.0941174909731, 2.0065861698713645, 2141.8443012987418, 5.0961899495326524, 3445.2498161922308, 1.4573232757093573
2100-Jun-21 10:00:00, 5588.8223351911438, 2.0072068534794738, 2143.7362779378614, 5.1006916177104866, 3445.0860572532829, 1.4572540065050712
2100-Jun-21 11:00:00, 5590.2897348855258, 2.0077338651729408, 2145.3674679813294, 5.104572784189422, 3444.922266904196, 1.4571847240144549
2100-Jun-21 12:00:00, 5591.2636968294455, 2.0080836603483134, 2146.505251543274, 5.1072799656356214, 3444.7584452861715, 1.4571154282972361
2100-Jun-21 13:00:00, 5591.7939037525994, 2.0082740823918299, 2147.1993113262315, 5.1089313744182947, 3444.5945924263674, 1.457046119364902
2100-Jun-21 14:00:00, 5591.8351908746845, 2.0082889105236688, 2147.4044826144532, 5.1094195480247206, 3444.4307082602318, 1.4569767971901479
2100-Jun-21 15:00:00, 5591.537811406658, 2.0081821076821202, 2147.271018755278, 5.1091019912455735, 3444.26679265138, 1.4569074617152837
2100-Jun-21 16:00:00, 5591.2513166093904, 2.0080792140336783, 2147.1484711651888, 5.1088104080541283, 3444.1028454442021, 1.4568381128744869
2100-Jun-21 17:00:00, 5591.5117404399152, 2.008172744381592, 2147.572873968265, 5.1098202094193717, 3443.9388664716507, 1.4567687505970977
2100-Jun-21 18:00:00, 5592.4064612002594, 2.0084940803508542, 2148.6316056069136, 5.1123392989408938, 3443.7748555933458, 1.4566993748237358
2100-Jun-21 19:00:00, 5593.643564423277, 2.008938381836709, 2150.0327517213118, 5.115673111180044, 3443.6108127019652, 1.4566299855090046
2100-Jun-21 20:00:00, 5594.9979806049378, 2.0094248158793828, 2151.5512428523202, 5.119286127885136, 3443.446737752618, 1.4565605826339152
2100-Jun-21 21:00:00, 5596.4118523276065, 2.0099326031807991, 2153.1292215379344, 5.1230406861008424, 3443.2826307896717, 1.4564911662172353
2100-Jun-21 22:00:00, 5597.9079852198192, 2.0104699343061876, 2154.7894932912936, 5.1269910480472412, 3443.1184919285256, 1.4564217363077778
2100-Jun-21 23:00:00, 5599.4915104696365, 2.0110386521045829, 2156.5371890821975, 5.131149422079865, 3442.954321387439, 1.4563522929978654
2100-Jun-22 00:00:00, 5601.1422934295133, 2.0116315252846455, 2158.3521739591183, 5.1354679001703172, 3442.790119470395, 1.4562828364160816
2100-Jun-22 01:00:00, 5602.9832173272771, 2.0122926869467475, 2160.3573307518232, 5.1402388631614286, 3442.6258865754544, 1.4562133667308037
2100-Jun-22 02:00:00, 5605.0654007772482, 2.0130404961702877, 2162.6037775876848, 5.1455839387956077, 3442.4616231895639, 1.4561438841480081
2100-Jun-22 03:00:00, 5607.3515729381506, 2.0138615672572504, 2165.0542430545715, 5.1514144454652353, 3442.2973298835791, 1.4560743889091639
2100-Jun-22 04:00:00, 5609.8630660924646, 2.0147635616255566, 2167.7300587938066, 5.1577811385384997, 3442.1330072986575, 1.4560048812854769
2100-Jun-22 05:00:00, 5612.5169775598488, 2.0157167050547757, 2170.5483214152523, 5.1644867621162014, 3441.9686561445965, 1.4559353615771884
2100-Jun-22 06:00:00, 5615.1652477810048, 2.0166678224492758, 2173.3609705936569, 5.1711790293673063, 3441.8042771873479, 1.4558658301082918
2100-Jun-22 07:00:00, 5617.5043012242022, 2.0175078856719475, 2175.8644299796856, 5.1771356269381039, 3441.6398712445171, 1.4557962872246304
2100-Jun-22 08:00:00, 5618.5670321488878, 2.0178895619299313, 2177.0915929628927, 5.1800554730061243, 3441.4754391859951, 1.4557267332941635
2100-Jun-22 09:00:00, 5618.0899998170225, 2.0177182373630682, 2176.7790179142871, 5.179311748627927, 3441.310981902735, 1.4556571686937596
2100-Jun-22 10:00:00, 5616.2569786306003, 2.0170599139333194, 2175.1104782894186, 5.1753417145495879, 3441.1465003411818, 1.4555875938237604
2100-Jun-22 11:00:00, 5612.4953516588339, 2.0157089381847402, 2171.5133561862708, 5.1667829143145818, 3440.9819954725631, 1.45551800909499
2100-Jun-22 12:00:00, 5607.1637413785993, 2.0137941081807189, 2166.3462730740789, 5.1544886326953314, 3440.8174683045204, 1.4554484149336759
2100-Jun-22 13:00:00, 5600.1903221360744, 2.01128962797786, 2159.5374022689234, 5.1382879691158827, 3440.652919867151, 1.4553788117755442
2100-Jun-22 14:00:00, 5592.6328728611334, 2.00857539534177, 2152.1445216196776, 5.1206977437013022, 3440.4883512414558, 1.4553092000778525
2100-Jun-22 15:00:00, 5584.5755164190214, 2.0056816227182068, 2144.2517528931262, 5.1019181112911181, 3440.3237635258952, 1.4552395803052443
2100-Jun-22 16:00:00, 5576.3424219458448, 2.0027247343684289, 2136.1832640873017, 5.0827203799082969, 3440.1591578585426, 1.4551699529391184
2100-Jun-22 17:00:00, 5568.4758625930554, 1.9998994858814985, 2128.4813271676003, 5.0643948025083354, 3439.9945354254555, 1.4551003184811717
2100-Jun-22 18:00:00, 5561.31134956608, 1.9973263749849439, 2121.4814521422823, 5.0477396736876363, 3439.8298974237973, 1.4550306774377979
2100-Jun-22 19:00:00, 5555.6656345406554, 1.995298735312008, 2116.0003894515553, 5.0346983258266818, 3439.6652450890997, 1.4549610303316209
2100-Jun-22 20:00:00, 5552.1650823964119, 1.9940415237147373, 2112.6645027231248, 5.0267610950915165, 3439.5005796732871, 1.4548913776921983
2100-Jun-22 21:00:00, 5550.8192128980972, 1.9935581591848084, 2111.4833104687805, 5.0239506293207761, 3439.3359024293172, 1.4548217200495248
2100-Jun-22 22:00:00, 5551.959428452049, 1.9939676637882959, 2112.7882138509158, 5.0270554467424331, 3439.1712146011332, 1.4547520579297823
2100-Jun-22 23:00:00, 5555.0383414446051, 1.9950734450941379, 2116.0318240376969, 5.0347731196022449, 3439.0065174069082, 1.4546823918482517
2100-Jun-23 00:00:00, 5559.4030743147832, 1.9966410243094341, 2120.5612623097336, 5.0455502231409968, 3438.8418120050496, 1.4546127222949337
2100-Jun-23 01:00:00, 5564.6840610526688, 1.9985376730374984, 2126.0069615669395, 5.0585074291367462, 3438.6770994857297, 1.4545430497309653
2100-Jun-23 02:00:00, 5570.6134461828169, 2.0006671918799945, 2132.1010653467374, 5.073007414226784, 3438.5123808360795, 1.454473374573898
2100-Jun-23 03:00:00, 5577.1126175883837, 2.0030013475580253, 2138.7649606537461, 5.0888631308480736, 3438.3476569346371, 1.4544036971953493
2100-Jun-23 04:00:00, 5584.0123748512542, 2.0054793723072062, 2145.8294463361176, 5.1056719908157602, 3438.1829285151371, 1.4543340179056852
2100-Jun-23 05:00:00, 5591.0707699190043, 2.0080143712935481, 2153.0525737563503, 5.1228583144625643, 3438.018196162654, 1.4542643369523889
2100-Jun-23 06:00:00, 5598.0433234079928, 2.0105185405639192, 2160.189863087232, 5.1398403995435809, 3437.8534603207609, 1.4541946545230899
2100-Jun-23 07:00:00, 5604.5088815302543, 2.0128406241436485, 2166.82016026575, 5.1556161745721818, 3437.6887212645042, 1.4541249707341313
2100-Jun-23 08:00:00, 5610.1709498765849, 2.0148741370571051, 2172.6469707272909, 5.169480176215032, 3437.5239791492936, 1.4540552856512505
2100-Jun-23 09:00:00, 5614.7755685432821, 2.0165278704540781, 2177.4163345415791, 5.1808281457762657, 3437.359234001703, 1.4539855992856885
2100-Jun-23 10:00:00, 5618.1496024327316, 2.017739643443198, 2180.9551166750789, 5.189248135003024, 3437.1944857576523, 1.4539159116103393
2100-Jun-23 11:00:00, 5620.0408793874994, 2.0184188892373491, 2183.0111450837821, 5.1941401392005435, 3437.0297343037169, 1.4538462225772253
2100-Jun-23 12:00:00, 5619.5573264692721, 2.018245222823698, 2182.6923469548437, 5.1933816079573338, 3436.8649795144288, 1.4537765321332738
2100-Jun-23 13:00:00, 5617.1431365297085, 2.0173781745796018, 2180.4429152388971, 5.1880294302588821, 3436.7002212908119, 1.4537068402366187
2100-Jun-23 14:00:00, 5612.974740340871, 2.0158811090268882, 2176.4392807247359, 5.178503396102105, 3436.5354596161351, 1.4536371468801825
2100-Jun-23 15:00:00, 5606.9396382105824, 2.0137136222772938, 2170.5689436002358, 5.1645358294418644, 3436.3706946103466, 1.4535674521147028
2100-Jun-23 16:00:00, 5599.6835208690609, 2.0111076119974811, 2163.4775943161681, 5.1476630516548987, 3436.2059265528928, 1.4534977560583844
2100-Jun-23 17:00:00, 5592.578506838764, 2.0085558699666279, 2156.5373508920497, 5.1311498070815862, 3436.0411559467143, 1.4534280589239681
2100-Jun-23 18:00:00, 5586.7148764059129, 2.0064499667037921, 2150.8384928782689, 5.1175902486598872, 3435.8763835276436, 1.4533583610227077
2100-Jun-23 19:00:00, 5582.728776847297, 2.0050183723762487, 2147.0171665427442, 5.1084979888475486, 3435.7116103045528, 1.4532886627813506
2100-Jun-23 20:00:00, 5580.9821449489991, 2.0043910753704566, 2145.4353073813199, 5.1047341976349294, 3435.5468375676792, 1.4532189647456613
2100-Jun-23 21:00:00, 5581.4965410340865, 2.0045758190043506, 2146.114474147269, 5.1063501707682653, 3435.3820668868179, 1.4531492675796545
2100-Jun-23 22:00:00, 5584.1368584823995, 2.0055240801870768, 2148.9195583709807, 5.1130244383701644, 3435.2173001114184, 1.4530795720656384
2100-Jun-23 23:00:00, 5588.6216902307297, 2.0071347925128684, 2153.5691508913551, 5.1240874305108104, 3435.0525393393746, 1.4530098790910115
2100-Jun-24 00:00:00, 5594.5204012716595, 2.0092532948587913, 2159.6326143667507, 5.1385145116968385, 3434.8877869049088, 1.452940189643138
2100-Jun-24 01:00:00, 5601.5483186977863, 2.0117773479020569, 2166.8252733850059, 5.1556283404550829, 3434.7230453127804, 1.4528705047815185
2100-Jun-24 02:00:00, 5609.4406436476556, 2.014611850017022, 2174.8823264169364, 5.1747988621682053, 3434.5583172307192, 1.4528008256345892
2100-Jun-24 03:00:00, 5617.7482982281181, 2.0175955163800134, 2183.3546928203968, 5.1949575583385537, 3434.3936054077208, 1.4527311533651612
2100-Jun-24 04:00:00, 5626.0605538124892, 2.0205808351781736, 2191.8316411651113, 5.2151271565352326, 3434.2289126473784, 1.4526614891591405
2100-Jun-24 05:00:00, 5634.2173004163078, 2.0235103034459674, 2200.153058665896, 5.234926692947683, 3434.0642417504118, 1.4525918342012176
2100-Jun-24 06:00:00, 5642.1081280852031, 2.0263442678174775, 2208.2085325963512, 5.2540934574310842, 3433.8995954888519, 1.4525221896639471
2100-Jun-24 07:00:00, 5649.3344224981793, 2.0289395672922264, 2215.5994459482145, 5.2716790019633333, 3433.7349765499653, 1.4524525566840294
2100-Jun-24 08:00:00, 5655.0530527320179, 2.0309933942184464, 2221.4826651935264, 5.2856772196538886, 3433.5703875384916, 1.4523829363632563
2100-Jun-24 09:00:00, 5658.9942865573903, 2.0324088751679197, 2225.5884556151586, 5.295446318121467, 3433.4058309422312, 1.452313329753955
2100-Jun-24 10:00:00, 5661.1000941696257, 2.0331651689303412, 2227.8587850372051, 5.3008482187058119, 3433.2413091324206, 1.452243737859146
2100-Jun-24 11:00:00, 5661.4580355603221, 2.033293722383906, 2228.3812111652446, 5.3020912515357308, 3433.0768243950774, 1.4521741616458037
2100-Jun-24 12:00:00, 5659.9130346744469, 2.032738840482001, 2227.00065576931, 5.2988064317524861, 3432.9123789051368, 1.4521046020339143
2100-Jun-24 13:00:00, 5657.0800144134737, 2.0317213707284778, 2224.3320396227386, 5.2924568690055249, 3432.747974790735, 1.4520350599236691
2100-Jun-24 14:00:00, 5653.7806826517517, 2.0305364267587382, 2221.1970685177548, 5.2849976861752861, 3432.5836141339973, 1.4519655361957964
2100-Jun-24 15:00:00, 5650.965951814851, 2.0295255255907136, 2218.5466527996587, 5.2786914285558808, 3432.4192990151919, 1.451896031730239
2100-Jun-24 16:00:00, 5649.252822488811, 2.0289102609217204, 2216.9977909387198, 5.2750061493578801, 3432.2550315500912, 1.451826547421958
2100-Jun-24 17:00:00, 5649.0225253439658, 2.0288275504722293, 2216.9317114369337, 5.2748489233201763, 3432.0908139070325, 1.4517570841881493
2100-Jun-24 18:00:00, 5650.3190303571682, 2.0292931859123975, 2218.392382024821, 5.2783243649127591, 3431.9266483323472, 1.4516876429789998
2100-Jun-24 19:00:00, 5652.9899187011924, 2.0302524265300939, 2221.2273815301373, 5.2850698113381416, 3431.7625371710551, 1.4516182247864406
2100-Jun-24 20:00:00, 5656.8865705101216, 2.0316518959974372, 2225.2880876310942, 5.2947316385807452, 3431.598482879027, 1.451548830649293
2100-Jun-24 21:00:00, 5661.816148857617, 2.0334223375771514, 2230.3816608350839, 5.3068510146500705, 3431.4344880225326, 1.451479461653076
2100-Jun-24 22:00:00, 5667.4253009492531, 2.0354368457946781, 2236.1547456866697, 5.3205871844457047, 3431.2705552625839, 1.4514101189233843
2100-Jun-24 23:00:00, 5673.3905296353551, 2.0375792377304394, 2242.2838422831178, 5.3351704295749576, 3431.1066873522377, 1.451340803624747
2100-Jun-25 00:00:00, 5679.6431175049865, 2.0398248337560783, 2248.7002304102534, 5.3504372408300904, 3430.9428870947331, 1.4512715169429202
2100-Jun-25 01:00:00, 5686.2872130850928, 2.0422110384667898, 2255.5080557458245, 5.3666354168750408, 3430.7791573392683, 1.4512022600831
2100-Jun-25 02:00:00, 5693.3196886854575, 2.0447367285630911, 2262.7041877504907, 5.3837575090716836, 3430.6155009349668, 1.4511330342504518
2100-Jun-25 03:00:00, 5700.6365538469763, 2.0473645562193235, 2270.1846331315101, 5.4015560813328243, 3430.4519207154658, 1.4510638406435894
2100-Jun-25 04:00:00, 5708.3471033179021, 2.0501337742788568, 2278.0586838594022, 5.4202911771365958, 3430.2884194584999, 1.4509946804374805
2100-Jun-25 05:00:00, 5716.4464234273755, 2.0530426180132326, 2286.3214235525525, 5.4399510987071338, 3430.1249998748231, 1.4509255547787607
2100-Jun-25 06:00:00, 5724.7648747084686, 2.0560301619751526, 2294.8032101202007, 5.4601322087130848, 3429.9616645882679, 1.4508564647772975
2100-Jun-25 07:00:00, 5732.8809791635213, 2.0589450337511188, 2303.082563040105, 5.4798316589081653, 3429.7984161234158, 1.4507874115009765
2100-Jun-25 08:00:00, 5740.3440985433044, 2.0616253881207882, 2310.7088416383917, 5.4979772189385363, 3429.6352569049122, 1.4507183959754102
2100-Jun-25 09:00:00, 5746.7221238219354, 2.0639160345724248, 2317.249934562788, 5.5135407461286565, 3429.4721892591474, 1.45064941918465
2100-Jun-25 10:00:00, 5751.6900966598678, 2.0657002654049936, 2322.3808812379493, 5.5257490466394312, 3429.309215421918, 1.4505804820744264
2100-Jun-25 11:00:00, 5754.8965041245374, 2.0668518359241723, 2325.7501665626555, 5.5337657442109887, 3429.1463375618814, 1.4505115855620709
2100-Jun-25 12:00:00, 5756.2395786141915, 2.0673341966360868, 2327.2560208258742, 5.5373486934277096, 3428.9835577883177, 1.4504427305397982
2100-Jun-25 13:00:00, 5754.6542467214476, 2.066764829987926, 2325.833368538611, 5.5339637105493393, 3428.8208781828371, 1.4503739178881188
2100-Jun-25 14:00:00, 5749.1484982573602, 2.0647874588374666, 2320.4901974440854, 5.5212504545885563, 3428.6583008132752, 1.4503051484817169
2100-Jun-25 15:00:00, 5740.277896197972, 2.061601611769833, 2311.7820684302646, 5.5005307974535551, 3428.4958277677074, 1.4502364232038376
2100-Jun-25 16:00:00, 5729.9093132729067, 2.0578777698833206, 2301.5758521054672, 5.476246671373219, 3428.33346116744, 1.4501677429517827
2100-Jun-25 17:00:00, 5720.4396907426344, 2.0544767866166058, 2292.2684875501868, 5.4541012251918621, 3428.171203192448, 1.4500991086476711
2100-Jun-25 18:00:00, 5712.9410713019215, 2.0517836825187605, 2284.9320152066189, 5.4366452146874362, 3428.0090560953026, 1.4500305212443287
2100-Jun-25 19:00:00, 5707.5086922479222, 2.0498326617465974, 2279.6616700404866, 5.4241052368515472, 3427.8470222074352, 1.4499619817279392
2100-Jun-25 20:00:00, 5703.9294017413667, 2.0485471715297923, 2276.2442977944661, 5.415974123827402, 3427.6851039469007, 1.4498934911213277
2100-Jun-25 21:00:00, 5702.174607834062, 2.0479169431657578, 2274.651304032574, 5.4121838395410515, 3427.5233038014876, 1.449825050476816
2100-Jun-25 22:00:00, 5702.2125319775132, 2.0479305634950653, 2274.8509076529358, 5.4126587657359018, 3427.3616243245774, 1.4497566608744719
2100-Jun-25 23:00:00, 5703.8808351654507, 2.0485297290064515, 2276.6807670554995, 5.4170126354783239, 3427.2000681099512, 1.4496883234114515
2100-Jun-26 00:00:00, 5706.8424363008453, 2.0495933781510671, 2279.8037985492206, 5.4244434098351357, 3427.0386377516243, 1.44962003918501
2100-Jun-26 01:00:00, 5711.0309284270725, 2.0510976610924967, 2284.1535926070883, 5.4347930775242395, 3426.8773358199842, 1.4495518092824087
2100-Jun-26 02:00:00, 5716.275350740354, 2.0529811778297309, 2289.5591859295105, 5.4476548576005435, 3426.716164810844, 1.4494836347593638
2100-Jun-26 03:00:00, 5722.4248838966087, 2.0551897620996602, 2295.86975679536, 5.4626698929151338, 3426.5551271012491, 1.4494155166213534
2100-Jun-26 04:00:00, 5729.2188085362668, 2.057629777416103, 2302.8245836289188, 5.4792178364740716, 3426.3942249073484, 1.4493474558057975
2100-Jun-26 05:00:00, 5736.4802318984348, 2.060237693335488, 2310.246771656165, 5.4968777942987641, 3426.2334602422698, 1.4492794531642388
2100-Jun-26 06:00:00, 5743.2827053513647, 2.0626807789296318, 2317.2098704711675, 5.5134454197685985, 3426.0728348801968, 1.449211509447148
2100-Jun-26 07:00:00, 5748.5027698232516, 2.0645555476295776, 2322.5904194833015, 5.5262476107504446, 3425.9123503399496, 1.4491436252969785
2100-Jun-26 08:00:00, 5751.4983952702351, 2.0656314164919287, 2325.7463874086266, 5.5337567522937103, 3425.7520078616089, 1.4490758012382783
2100-Jun-26 09:00:00, 5751.3765313701606, 2.0655876494797121, 2325.7847229702024, 5.533847965881689, 3425.5918083999586, 1.4490080376749157
2100-Jun-26 10:00:00, 5746.7478450592735, 2.0639252722688068, 2321.3160924223503, 5.523215544994545, 3425.4317526369232, 1.4489403348953418
2100-Jun-26 11:00:00, 5738.2363111450268, 2.0608683833248294, 2312.9644701446073, 5.5033441409488262, 3425.2718410004195, 1.4488726930805629
2100-Jun-26 12:00:00, 5726.8851062475378, 2.0567916360426652, 2301.7730325508369, 5.4767158319948974, 3425.1120736967009, 1.4488051123178234
2100-Jun-26 13:00:00, 5714.1218509028276, 2.0522077555640714, 2289.1694001687183, 5.4467274221770552, 3424.9524507341089, 1.4487375926106516
2100-Jun-26 14:00:00, 5700.2222009561428, 2.047215742764116, 2275.4292289635309, 5.4140347925782208, 3424.7929719926124, 1.448670133908275
2100-Jun-26 15:00:00, 5685.7052756751509, 2.0420020375919226, 2261.0716384355887, 5.3798731084148868, 3424.6336372395626, 1.4486027361122842
2100-Jun-26 16:00:00, 5671.6648649447488, 2.0369594710271786, 2247.1904187514688, 5.3468448755976974, 3424.4744461932805, 1.4485353991035306
2100-Jun-26 17:00:00, 5658.9652835907636, 2.0323984588494373, 2234.6498850144135, 5.317006599326259, 3424.3153985763506, 1.4484681227646687
2100-Jun-26 18:00:00, 5648.1715933362493, 2.0285219410870501, 2224.0150992172034, 5.2917027579301728, 3424.1564941190459, 1.4484009069816053
2100-Jun-26 19:00:00, 5639.8867830148365, 2.0255464791633084, 2215.8890503896505, 5.2723680713055305, 3423.997732625186, 1.4483337516713573
2100-Jun-26 20:00:00, 5634.4378186027789, 2.0235895018152581, 2210.5987046495516, 5.2597805051720368, 3423.8391139532278, 1.4482666567740525
2100-Jun-26 21:00:00, 5631.7492533080531, 2.0226239125798262, 2208.068615264996, 5.2537605456048668, 3423.6806380430571, 1.448199622264263
2100-Jun-26 22:00:00, 5631.3867545496723, 2.0224937223628965, 2207.8644496550387, 5.2532747648555969, 3423.5223048946341, 1.4481326481419718
2100-Jun-26 23:00:00, 5632.8734169216114, 2.0230276521825972, 2209.5093023677455, 5.2571884395600916, 3423.3641145538654, 1.4480657344265975
2100-Jun-27 00:00:00, 5635.8724708756272, 2.0241047523817839, 2212.6664037980081, 5.2647002781044723, 3423.2060670776186, 1.4479988811421942
2100-Jun-27 01:00:00, 5640.0203559501024, 2.0255944514363606, 2216.9721934514514, 5.2749452440636571, 3423.048162498651, 1.4479320883026188
2100-Jun-27 02:00:00, 5645.0999858213627, 2.0274187835190847, 2222.2095850419419, 5.2874068139214847, 3422.8904007794208, 1.4478653558919907
2100-Jun-27 03:00:00, 5651.0278529828474, 2.0295477571882112, 2228.2950711986809, 5.3018862946994245, 3422.7327817841665, 1.447798683852884
2100-Jun-27 04:00:00, 5657.5906594458465, 2.0319047671843324, 2235.0153542242151, 5.3178761772468981, 3422.5753052216314, 1.4477320720620981
2100-Jun-27 05:00:00, 5664.4733209135429, 2.0343766520358422, 2242.0553502821926, 5.3346267679101222, 3422.4179706313503, 1.4476655203248587
2100-Jun-27 06:00:00, 5671.0826507460788, 2.0367503707445653, 2248.8218734008037, 5.3507266716657016, 3422.2607773452755, 1.4475990283585853
2100-Jun-27 07:00:00, 5676.9425534173697, 2.0388549351943022, 2254.8388289215345, 5.3650430943080663, 3422.1037244958356, 1.4475325957962992
2100-Jun-27 08:00:00, 5681.4748914231459, 2.0404827092336011, 2259.5280804148151, 5.376200448890935, 3421.9468110083303, 1.4474662221834078
2100-Jun-27 09:00:00, 5683.7027429603513, 2.041282834663579, 2261.9127073405871, 5.381874302851811, 3421.7900356197638, 1.4473999069856702
2100-Jun-27 10:00:00, 5683.0227524725624, 2.0410386183536784, 2261.3893555684385, 5.3806290675937323, 3421.6333969041239, 1.4473336495998903
2100-Jun-27 11:00:00, 5680.5005642074066, 2.0401327828720763, 2259.0236708847915, 5.3750002837921951, 3421.4768933226151, 1.4472674493751656
2100-Jun-27 12:00:00, 5677.4889626826935, 2.0390511762548305, 2256.168439407269, 5.3682066984925925, 3421.3205232754244, 1.4472013056347832
2100-Jun-27 13:00:00, 5674.6216548869033, 2.0380213922478303, 2253.4573697488377, 5.361756124126658, 3421.1642851380657, 1.4471352176915937
2100-Jun-27 14:00:00, 5672.1735060274041, 2.0371421477711928, 2251.1653286814376, 5.356302564012827, 3421.0081773459665, 1.4470691848837909
2100-Jun-27 15:00:00, 5670.322794488231, 2.0364774709104076, 2249.4705960385259, 5.3522702076661419, 3420.8521984497047, 1.4470032065982763
2100-Jun-27 16:00:00, 5669.1413503722197, 2.0360531592067184, 2248.4450032190912, 5.3498299668813445, 3420.696347153129, 1.4469372822867845
2100-Jun-27 17:00:00, 5668.648280422698, 2.0358760747831015, 2248.1076580225645, 5.3490273057359845, 3420.540622400134, 1.4468714115025885
2100-Jun-27 18:00:00, 5668.9041352351451, 2.0359679641834507, 2248.519111833939, 5.3500062969618885, 3420.3850234012066, 1.4468055939117281
2100-Jun-27 19:00:00, 5669.9251182740973, 2.0363346468278722, 2249.6955686123247, 5.3528054953940218, 3420.2295496617721, 1.4467398293050009
2100-Jun-27 20:00:00, 5671.8206867509243, 2.037015433907821, 2251.7464857360142, 5.3576853380729377, 3420.0742010149102, 1.4466741176117999
2100-Jun-27 21:00:00, 5674.6474965893258, 2.0380306732088442, 2254.7285189659947, 5.3647806286907409, 3419.9189776233311, 1.4466084589009514
2100-Jun-27 22:00:00, 5678.4391031490113, 2.0393924160261778, 2258.6752231570472, 5.3741712058769648, 3419.7638799919641, 1.4465428533860374
2100-Jun-27 23:00:00, 5683.0470048078978, 2.0410473284988178, 2263.4380958690581, 5.3855037308560849, 3419.6089089388397, 1.446477301413081
2100-Jun-28 00:00:00, 5688.4239988280251, 2.0429784579212646, 2268.9699332367727, 5.3986658892719426, 3419.4540655912524, 1.4464118034589217
2100-Jun-28 01:00:00, 5694.4334684291689, 2.0451367388337283, 2275.1341170947867, 5.4133326191575994, 3419.2993513343822, 1.4463463601094841
2100-Jun-28 02:00:00, 5701.0371748839443, 2.0475084379251323, 2281.8924070796179, 5.4294129334343371, 3419.1447678043264, 1.4462809720568288
2100-Jun-28 03:00:00, 5708.130863282775, 2.0500561123933161, 2289.1405464445293, 5.4466587691665964, 3418.9903168382452, 1.4462156400780655
2100-Jun-28 04:00:00, 5715.508156103856, 2.0527056424414192, 2296.6721556730622, 5.4645790779542063, 3418.8360004307938, 1.4461503650169232
2100-Jun-28 05:00:00, 5722.9535272311277, 2.0553796225855465, 2304.2717065050742, 5.4826610433648479, 3418.6818207260535, 1.4460851477803371
2100-Jun-28 06:00:00, 5729.8167322800437, 2.0578445197293109, 2311.2889523268814, 5.4993575033310593, 3418.5277799531618, 1.4460199893112218
2100-Jun-28 07:00:00, 5734.6512471353708, 2.0595808195736911, 2316.2773667136635, 5.5112266701265211, 3418.3738804217078, 1.4459548905865214
2100-Jun-28 08:00:00, 5736.6935547839457, 2.0603143075364989, 2318.4734302912489, 5.5164518665265758, 3418.2201244926964, 1.4458898526049289
2100-Jun-28 09:00:00, 5735.1582037907801, 2.0597628913612924, 2317.0916892184887, 5.5131642256072118, 3418.0665145722915, 1.4458248763842398
2100-Jun-28 10:00:00, 5728.9932297467731, 2.0575487615481589, 2311.0801766591308, 5.4988607536564675, 3417.9130530876419, 1.4457599629511257
2100-Jun-28 11:00:00, 5717.6290530118467, 2.0534673554739551, 2299.8693105213433, 5.4721862174624469, 3417.7597424905034, 1.445695113342667
2100-Jun-28 12:00:00, 5702.9028400983043, 2.048178485348358, 2285.2962548412484, 5.4375118670225735, 3417.6065852570564, 1.4456303286062753
2100-Jun-28 13:00:00, 5687.3872547707324, 2.0426061147598085, 2269.9336708719438, 5.4009589551345574, 3417.4535838987881, 1.445565609804297
2100-Jun-28 14:00:00, 5672.0027887077858, 2.0370808352167056, 2254.7020477576229, 5.3647176445111837, 3417.3007409501629, 1.4455009580087981
2100-Jun-28 15:00:00, 5657.1421906853066, 2.0317437011285984, 2239.9941316866302, 5.3297224144591615, 3417.1480589986759, 1.4454363743142755
2100-Jun-28 16:00:00, 5643.404326809984, 2.0268097932551838, 2226.4087861517378, 5.2973981687920668, 3416.9955406582462, 1.445371859826404
2100-Jun-28 17:00:00, 5631.467189435738, 2.0225226102832647, 2214.6240008426671, 5.2693580799709183, 3416.8431885930709, 1.4453074156721257
2100-Jun-28 18:00:00, 5621.7653939315951, 2.0190382428693368, 2205.0743884334324, 5.2466362421826327, 3416.6910054981631, 1.4452430429914171
2100-Jun-28 19:00:00, 5614.5591624441549, 2.0164501489272069, 2198.0201683677728, 5.2298518076751357, 3416.5389940763826, 1.4451787429275746
2100-Jun-28 20:00:00, 5609.5762953226131, 2.0146605688624839, 2193.1891382957083, 5.2183571127133135, 3416.3871570269052, 1.445114516622336
2100-Jun-28 21:00:00, 5606.9579319569903, 2.0137201924151444, 2190.7224349584244, 5.2124879705220151, 3416.2354969985658, 1.4450503651961448
2100-Jun-28 22:00:00, 5606.9303715261449, 2.0137102941785643, 2190.8463549822104, 5.2127828192089067, 3416.0840165439345, 1.4449862897287253
2100-Jun-28 23:00:00, 5609.3663119719549, 2.0145851540442483, 2193.4335938883505, 5.2189387572957768, 3415.9327180836049, 1.4449222912439765
2100-Jun-29 00:00:00, 5614.4996172692481, 2.0164287634767493, 2198.7180134361042, 5.2315122229636817, 3415.7816038331434, 1.4448583706790719
2100-Jun-29 01:00:00, 5621.8092576245981, 2.019053996368005, 2206.1785818653143, 5.2492635010671771, 3415.6306757592833, 1.4447945288659294
2100-Jun-29 02:00:00, 5630.8280861321618, 2.0222930784688531, 2215.3481506125709, 5.2710810832616355, 3415.4799355195905, 1.4447307665056914
2100-Jun-29 03:00:00, 5640.8520571375821, 2.0258931541367571, 2225.5226727212762, 5.2952897978167695, 3415.3293844163059, 1.4446670841491989
2100-Jun-29 04:00:00, 5650.9498224909003, 2.0295197327979508, 2235.7707991377611, 5.3196736425311411, 3415.1790233531392, 1.4446034821787166
2100-Jun-29 05:00:00, 5660.6521234621741, 2.0330042817487084, 2245.6232706451369, 5.34311608708395, 3415.0288528170377, 1.444539960800221
2100-Jun-29 06:00:00, 5669.4327066866063, 2.0361577988527775, 2254.553833835691, 5.3643649922204117, 3414.8788728509148, 1.4444765200318641
2100-Jun-29 07:00:00, 5676.170615285755, 2.0385776961955808, 2261.4415322110031, 5.3807532139106593, 3414.7290830747515, 1.4444131597128995
2100-Jun-29 08:00:00, 5678.5641150715801, 2.0394373136401467, 2263.9846323850188, 5.386804130655455, 3414.5794826865617, 1.4443498795040917
2100-Jun-29 09:00:00, 5674.4069520226631, 2.0379442824320733, 2259.9768815122716, 5.3772683022548842, 3414.4300705103915, 1.4442866789080175
2100-Jun-29 10:00:00, 5664.3730852165554, 2.0343406527204428, 2250.0922401702405, 5.3537493145154631, 3414.2808450463149, 1.4442235572902165
2100-Jun-29 11:00:00, 5648.4110687402317, 2.0286079478776196, 2234.2792642090349, 5.3161247639742157, 3414.1318045311964, 1.4441605139048905
2100-Jun-29 12:00:00, 5628.9602612564422, 2.0216222554104717, 2214.9773142406821, 5.2701987350021495, 3413.9829470157601, 1.4440975479275064
2100-Jun-29 13:00:00, 5608.2774663141809, 2.0141940987671996, 2194.4431958718988, 5.2213409503396253, 3413.8342704422826, 1.4440346584876569
2100-Jun-29 14:00:00, 5587.2132603488653, 2.0066289596303801, 2173.5274876185067, 5.17157523108372, 3413.6857727303586, 1.4439718447053416
2100-Jun-29 15:00:00, 5566.9378413332752, 1.9993471106889666, 2153.4003894750558, 5.1236858886092387, 3413.5374518582194, 1.4439091057253621
2100-Jun-29 16:00:00, 5548.7489785225371, 1.9928146414313868, 2135.3596725978791, 5.080760770300647, 3413.3893059246584, 1.4438464407435181
2100-Jun-29 17:00:00, 5533.0616557754656, 1.9871805919228889, 2119.8203225440607, 5.0437872706309834, 3413.2413332314054, 1.4437838490414494
2100-Jun-29 18:00:00, 5520.3334918448309, 1.9826093144083199, 2107.2399595351276, 5.0138542267170436, 3413.0935323097037, 1.4437213299978797
2100-Jun-29 19:00:00, 5510.8760317285623, 1.9792126992319252, 2097.9301297793618, 4.9917029149693013, 3412.9459019492006, 1.4436588831008357
2100-Jun-29 20:00:00, 5504.5869412910697, 1.9769539934310982, 2091.7885000829247, 4.9770898492512403, 3412.7984412081451, 1.4435965079519617
2100-Jun-29 21:00:00, 5501.1209533128085, 1.9757091954384627, 2088.4698039168579, 4.9691935208221345, 3412.6511493959506, 1.4435342042591428
2100-Jun-29 22:00:00, 5500.2474463481294, 1.9753954783329777, 2087.7434203133321, 4.9674652024669914, 3412.5040260347973, 1.4434719718202638
2100-Jun-29 23:00:00, 5502.3073233620371, 1.9761352762745952, 2089.950252555514, 4.9727160212525083, 3412.3570708065231, 1.4434098105007436
2100-Jun-30 00:00:00, 5507.3998464210308, 1.9779642389025804, 2095.1895629303635, 4.9851821565633712, 3412.2102834906673, 1.4433477202073284
2100-Jun-30 01:00:00, 5514.770970377398, 1.9806115534235496, 2102.7073064904034, 5.0030694741198385, 3412.0636638869946, 1.4432857008553199
2100-Jun-30 02:00:00, 5523.5772400542046, 1.9837742957310969, 2111.6600283157786, 5.0243711023286552, 3411.917211738426, 1.443223752335975
2100-Jun-30 03:00:00, 5533.042102992059, 1.9871735696061099, 2121.2711763408488, 5.0472393546750709, 3411.7709266512102, 1.4431618744827386
2100-Jun-30 04:00:00, 5542.749386600387, 1.9906599080543044, 2131.1245785596575, 5.0706840137129605, 3411.6248080407295, 1.4431000670483207
2100-Jun-30 05:00:00, 5552.3850245356025, 1.9941205151985733, 2140.9061694667021, 5.0939578087505799, 3411.4788550689, 1.4430383296782159
2100-Jun-30 06:00:00, 5561.0274411808487, 1.9972244102377361, 2149.6943745769295, 5.114867994673066, 3411.3330666039192, 1.4429766618936772
2100-Jun-30 07:00:00, 5567.4634201329482, 1.9995358705574104, 2156.2759789169672, 5.1305279125621306, 3411.1874412159814, 1.4429150630899044
2100-Jun-30 08:00:00, 5569.7365250594512, 2.0003522485908336, 2158.6945479001133, 5.1362825264417147, 3411.0419771593379, 1.4428535325284544
2100-Jun-30 09:00:00, 5566.4022834071957, 1.9991547668506424, 2155.5056109949905, 5.128694940268562, 3410.8966724122051, 1.4427920693541232
2100-Jun-30 10:00:00, 5557.822828342898, 1.9960734842527428, 2147.0713036320949, 5.1086267997468653, 3410.7515247108026, 1.4427306726093427
2100-Jun-30 11:00:00, 5543.7274133389128, 1.9910111630870677, 2133.1208817399838, 5.0754339108915882, 3410.6065315989285, 1.4426693412551521
2100-Jun-30 12:00:00, 5524.1481313563745, 1.9839793294332941, 2113.6864408354177, 5.0291926400613134, 3410.4616905209568, 1.4426080742105347
2100-Jun-30 13:00:00, 5500.4489285714981, 1.9754678399997734, 2090.1319296982365, 4.9731482941437921, 3410.3169988732616, 1.4425468703741697
2100-Jun-30 14:00:00, 5475.4214881346907, 1.9664793184549942, 2065.2490340263234, 4.913943261004091, 3410.1724541083677, 1.4424857286684878
2100-Jun-30 15:00:00, 5450.3488031784173, 1.9574745474923398, 2040.3207493648665, 4.8546302317265786, 3410.0280538135507, 1.4424246480729193
2100-Jun-30 16:00:00, 5426.9542991636799, 1.9490724896032465, 2017.0705033893198, 4.7993098380859687, 3409.8837957743604, 1.4423636276507621
2100-Jun-30 17:00:00, 5406.3539745061189, 1.9416739518869559, 1996.6142964592409, 4.7506374317399915, 3409.7396780468775, 1.4423026665797489
2100-Jun-30 18:00:00, 5388.9717009639589, 1.9354311664680695, 1979.3760019685046, 4.7096215544059081, 3409.5956989954548, 1.442241764168009
2100-Jun-30 19:00:00, 5374.8584864494378, 1.9303624526677041, 1965.4066291191082, 4.6763835746549054, 3409.4518573303299, 1.4421809198699793
2100-Jun-30 20:00:00, 5363.8962983993551, 1.9264254194854704, 1954.5881463058176, 4.6506426543887347, 3409.308152093538, 1.4421201332804454
2100-Jun-30 21:00:00, 5355.6320209289534, 1.9234573318665107, 1946.4674382779265, 4.6313206753775926, 3409.1645826510271, 1.4420594041312069
2100-Jun-30 22:00:00, 5349.7427223885097, 1.9213422099886632, 1940.7215737444335, 4.617649272153181, 3409.0211486440762, 1.4419987322705263
2100-Jun-30 23:00:00, 5346.0680602482862, 1.9200224673685347, 1937.1902103280436, 4.609246934625733, 3408.8778499202431, 1.4419381176339214
2100-Jul-01 00:00:00, 5344.5298984544843, 1.9194700417036787, 1935.7952119939118, 4.6059277500866393, 3408.734686460572, 1.4418775602133742
2100-Jul-01 01:00:00, 5345.103150439757, 1.9196759232373186, 1936.5114921513593, 4.6076320288417385, 3408.5916582883974, 1.4418170600187548
2100-Jul-01 02:00:00, 5347.737361500861, 1.9206219913314977, 1939.2885961284694, 4.6142397217391045, 3408.4487653723913, 1.4417566170368117
2100-Jul-01 03:00:00, 5352.4131920468244, 1.922301300236787, 1944.1071845178394, 4.6257048136255463, 3408.306007528985, 1.4416962311898962
2100-Jul-01 04:00:00, 5359.0872837088436, 1.924698277940015, 1950.9238993724928, 4.6419241409174736, 3408.1633843363511, 1.4416359022995775
2100-Jul-01 05:00:00, 5367.34529140007, 1.9276641137887489, 1959.3243963465986, 4.661911834805661, 3408.0208950534711, 1.4415756300524085
2100-Jul-01 06:00:00, 5375.6631261622042, 1.9306514363299467, 1967.7845875795563, 4.682041562025506, 3407.8785385826477, 1.4415154139840689
2100-Jul-01 07:00:00, 5381.9673640528172, 1.9329155822879109, 1974.2310506457416, 4.6973799319845204, 3407.7363134070756, 1.4414552534529577
2100-Jul-01 08:00:00, 5385.6053833566339, 1.9342221647558724, 1978.0111657683183, 4.7063741360375744, 3407.5942175883156, 1.4413951476391249
2100-Jul-01 09:00:00, 5384.4709201802389, 1.9338147260995489, 1977.0186714173226, 4.7040126479810223, 3407.452248762916, 1.4413350955428421
2100-Jul-01 10:00:00, 5378.371133950297, 1.9316240082718583, 1971.0607297614069, 4.689836639777079, 3407.3104041888901, 1.4412750960042631
2100-Jul-01 11:00:00, 5368.3830436806875, 1.928036819050241, 1961.2143628968543, 4.6664087202853972, 3407.1686807838337, 1.4412151477195463
2100-Jul-01 12:00:00, 5355.4780156834795, 1.9234020213975698, 1948.4509404918772, 4.6360401146204371, 3407.0270751916023, 1.4411552492690596
2100-Jul-01 13:00:00, 5340.5959622392111, 1.9180571816664707, 1933.7103783686453, 4.6009672082951143, 3406.8855838705663, 1.4410953991547115
2100-Jul-01 14:00:00, 5325.0520402223119, 1.9124746340507031, 1918.3078370550504, 4.5643192240359376, 3406.7442031672617, 1.4410355958311054
2100-Jul-01 15:00:00, 5310.8783034542857, 1.9073841838853689, 1904.2753740085086, 4.530931130839055, 3406.6029294457771, 1.4409758377602688
2100-Jul-01 16:00:00, 5299.5563674236473, 1.9033179484188634, 1893.0946082908004, 4.5043282139771179, 3406.4617591328465, 1.4409161234307286
2100-Jul-01 17:00:00, 5291.4161969672432, 1.9003944334189851, 1885.0955081240834, 4.4852955822166258, 3406.32068884316, 1.4408564514105153
2100-Jul-01 18:00:00, 5286.4179003414929, 1.8985993118994198, 1880.2381849149267, 4.4737383267685402, 3406.1797154265664, 1.4407968203671313
2100-Jul-01 19:00:00, 5284.1514793871156, 1.8977853343922353, 1878.1126433432551, 4.468680926663267, 3406.0388360438606, 1.440737229099607
2100-Jul-01 20:00:00, 5284.1776131361876, 1.897794720240827, 1878.279564943359, 4.4690780910044348, 3405.8980481928288, 1.4406776765495186
2100-Jul-01 21:00:00, 5286.1929881589076, 1.8985185354411176, 1880.4356384250889, 4.4742081371060038, 3405.7573497338185, 1.4406181618118041
2100-Jul-01 22:00:00, 5290.0776916903105, 1.8999137137245405, 1884.4609528110161, 4.4837857551918905, 3405.6167388792946, 1.4405586841303448
2100-Jul-01 23:00:00, 5295.5318832088878, 1.901872568370419, 1890.0556690246187, 4.4970975241757332, 3405.4762141842693, 1.4404992428939183
2100-Jul-02 00:00:00, 5302.6751401038782, 1.9044380451982486, 1897.3393655945658, 4.5144279628227917, 3405.3357745093126, 1.4404398376205516
2100-Jul-02 01:00:00, 5311.0781447024337, 1.9074559562014015, 1905.8827257325686, 4.5347555776938293, 3405.1954189698649, 1.4403804679360805
2100-Jul-02 02:00:00, 5319.8236719249462, 1.910596883059603, 1914.7685250397442, 4.5558979740367072, 3405.0551468852022, 1.4403211335525619
2100-Jul-02 03:00:00, 5328.4381269587793, 1.9136907357795265, 1923.5231692467096, 4.5767283069382252, 3404.9149577120702, 1.440261834240202
2100-Jul-02 04:00:00, 5336.606384611363, 1.9166243382019932, 1931.8315335913753, 4.5964967853680845, 3404.7748510199876, 1.4402025698169099
2100-Jul-02 05:00:00, 5344.1333999456483, 1.9193276405900634, 1939.4985735321372, 4.6147393307599618, 3404.6348264135108, 1.4401433401154142
2100-Jul-02 06:00:00, 5351.0294763903121, 1.9218043433856933, 1946.5345928654936, 4.6314804594169914, 3404.4948835248183, 1.4400841449801289
2100-Jul-02 07:00:00, 5357.4590972064716, 1.9241135202021056, 1953.1040752491333, 4.6471115349703522, 3404.3550219573381, 1.4400249842433055
2100-Jul-02 08:00:00, 5363.1641778347403, 1.9261624808327931, 1958.9489365209038, 4.6610184857470953, 3404.215241313836, 1.4399658577369165
2100-Jul-02 09:00:00, 5367.620515796998, 1.9277629597105956, 1963.5449746315469, 4.6719540533851944, 3404.0755411654513, 1.4399067652795556
2100-Jul-02 10:00:00, 5371.008436593781, 1.9289797201360486, 1967.0725155135972, 4.6803472957785699, 3403.9359210801836, 1.4398477066884887
2100-Jul-02 11:00:00, 5372.964381342701, 1.9296821911522302, 1969.1680006970278, 4.6853331813187644, 3403.7963806456733, 1.4397886817892902
2100-Jul-02 12:00:00, 5372.5518299999985, 1.9295340247170099, 1968.894910498477, 4.6846834050841766, 3403.6569195015213, 1.4397296904295129
2100-Jul-02 13:00:00, 5369.9537371284987, 1.9286009283498533, 1966.436199752761, 4.6788332800384262, 3403.5175373757379, 1.4396707324941065
2100-Jul-02 14:00:00, 5365.3680913722055, 1.9269540090102091, 1961.9898572457612, 4.6682538901254373, 3403.3782341264446, 1.4396118079230571
2100-Jul-02 15:00:00, 5359.9288808792362, 1.9250005347495835, 1956.6898711204549, 4.6556433861742068, 3403.2390097587813, 1.439552916718539
2100-Jul-02 16:00:00, 5354.5450520468457, 1.9230669506271667, 1951.4451875527893, 4.6431644661753024, 3403.0998644940564, 1.4394940589741643
2100-Jul-02 17:00:00, 5349.4377811788991, 1.9212326913729103, 1946.4769824199402, 4.6313433841994138, 3402.9607987589588, 1.4394352348704205
2100-Jul-02 18:00:00, 5345.1775104592634, 1.9197026293896753, 1942.3556972341248, 4.6215374183174056, 3402.8218132251391, 1.4393764446914121
2100-Jul-02 19:00:00, 5342.7350503682574, 1.9188254280152199, 1940.0521415517992, 4.6160564609437351, 3402.6829088164582, 1.4393176888279278
2100-Jul-02 20:00:00, 5342.2195743261354, 1.9186402965183682, 1939.6754876319285, 4.6151602707212556, 3402.5440866942067, 1.4392589677711878
2100-Jul-02 21:00:00, 5343.3470370014811, 1.9190452209681483, 1940.9416887562038, 4.6181730020573788, 3402.4053482452773, 1.4392002821078405
2100-Jul-02 22:00:00, 5346.1254133647117, 1.9200430655485186, 1943.8587182952213, 4.625113626364298, 3402.2666950694907, 1.4391416325146018
2100-Jul-02 23:00:00, 5350.5012748860927, 1.9216146415816815, 1948.3731459641399, 4.6358550144756023, 3402.1281289219528, 1.4390830197338731
2100-Jul-03 00:00:00, 5356.4585210758469, 1.923754166630572, 1954.4688693825133, 4.6503588532471731, 3401.9896516933336, 1.4390244445653979
2100-Jul-03 01:00:00, 5363.5932359207554, 1.9263165756096778, 1961.7419705831958, 4.6676640818384287, 3401.8512653375597, 1.4389659078356773
2100-Jul-03 02:00:00, 5371.5901525070221, 1.9291886414611161, 1969.8771806756226, 4.6870205662874724, 3401.7129718314, 1.438907410380875
2100-Jul-03 03:00:00, 5380.177233409313, 1.9322726628532314, 1978.6024603025719, 4.7077810306754575, 3401.5747731067408, 1.4388489530181685
2100-Jul-03 04:00:00, 5389.0622361886271, 1.9354636818912725, 1987.6255651815977, 4.7292501245634622, 3401.4366710070299, 1.4387905365273275
2100-Jul-03 05:00:00, 5398.0613955683584, 1.9386956998906302, 1996.7627283262, 4.7509906025975219, 3401.298667242158, 1.4387321616316266
2100-Jul-03 06:00:00, 5406.880019418466, 1.941862879158208, 2005.7192560909789, 4.7723012864553072, 3401.1607633274871, 1.4386738289720566
2100-Jul-03 07:00:00, 5415.2148164228247, 1.9448562936319815, 2014.1918558507407, 4.7924605378611771, 3401.0229605720842, 1.4386155391023463
2100-Jul-03 08:00:00, 5422.6270049419127, 1.9475183563533376, 2021.741744897311, 4.8104243406716281, 3400.8852600446021, 1.4385572924745302
2100-Jul-03 09:00:00, 5428.4993014556949, 1.949627372010162, 2027.7516388985719, 4.8247239615116726, 3400.747662557123, 1.4384990894321152
2100-Jul-03 10:00:00, 5431.9247389103748, 1.9508576064178484, 2031.3145702340203, 4.8332014100599059, 3400.6101686763541, 1.4384409302148153
2100-Jul-03 11:00:00, 5431.6287075871187, 1.9507512877579865, 2031.1559288504786, 4.8328239472238375, 3400.4727787366405, 1.4383828149640572
2100-Jul-03 12:00:00, 5427.5049119264686, 1.9492702403358335, 2027.1694190859373, 4.8233386587817924, 3400.3354928405315, 1.4383247437232183
2100-Jul-03 13:00:00, 5419.9755376500943, 1.9465660907415998, 2019.7772267400405, 4.8057500710794425, 3400.1983109100538, 1.4382667164593164
2100-Jul-03 14:00:00, 5410.6752381956721, 1.9432259192913852, 2010.6140054866471, 4.7839475917729066, 3400.0612327090248, 1.4382087330724476
2100-Jul-03 15:00:00, 5400.9429313779801, 1.9397305938412217, 2001.0186734963636, 4.7611169712550376, 3399.9242578816165, 1.4381507934120983
2100-Jul-03 16:00:00, 5392.2515737121248, 1.9366091217981585, 1992.464187717894, 4.7407628846292162, 3399.787385994231, 1.438092897294859
2100-Jul-03 17:00:00, 5385.9270013227433, 1.9343376727729571, 1986.276384754731, 4.7260399567060993, 3399.6506165680125, 1.438035044518176
2100-Jul-03 18:00:00, 5382.5600739719239, 1.9331284520734229, 1983.0461248673707, 4.7183540488357831, 3399.5139491045529, 1.437977234871225
2100-Jul-03 19:00:00, 5382.0136108696806, 1.9329321916775448, 1982.6362277450737, 4.7173787615127383, 3399.3773831246067, 1.4379194681512877
2100-Jul-03 20:00:00, 5383.7799492370423, 1.9335665661958057, 1984.5390310732944, 4.7219061901364414, 3399.2409181637477, 1.4378617441619144
2100-Jul-03 21:00:00, 5387.5241385422869, 1.9349112792647629, 1988.4195847532221, 4.7311393723291335, 3399.1045537890645, 1.4378040627199855
2100-Jul-03 22:00:00, 5393.0249624913358, 1.9368868817921132, 1994.0566728994625, 4.7445519588267047, 3398.9682895918736, 1.4377464236526298
2100-Jul-03 23:00:00, 5399.9218081968193, 1.9393638608651942, 2001.089683029069, 4.7612859275450328, 3398.8321251677503, 1.4376888267887782
2100-Jul-04 00:00:00, 5407.9485368532878, 1.9422466336219584, 2009.2524767761502, 4.78070804306891, 3398.6960600771372, 1.4376312719424997
2100-Jul-04 01:00:00, 5417.0775796317303, 1.9455252988096521, 2018.517485789004, 4.8027527107345316, 3398.5600938427265, 1.4375737589118955
2100-Jul-04 02:00:00, 5427.1724686318939, 1.9491508444382286, 2028.7482427466455, 4.8270952274861125, 3398.4242258852487, 1.4375162874519378
2100-Jul-04 03:00:00, 5438.0020787018693, 1.9530402626822283, 2039.7136232014145, 4.8531856681556382, 3398.2884555004553, 1.4374588572647331
2100-Jul-04 04:00:00, 5449.2019467104747, 1.9570626578267984, 2051.0491648898301, 4.8801568506967703, 3398.1527818206446, 1.4374014679832476
2100-Jul-04 05:00:00, 5460.212400417674, 1.9610170254583923, 2062.1951966175707, 4.9066771233578788, 3398.0172038001033, 1.4373441191651499
2100-Jul-04 06:00:00, 5470.7062947718505, 1.9647858725256471, 2072.8245745899285, 4.9319680976643054, 3397.881720181922, 1.4372868102787741
2100-Jul-04 07:00:00, 5480.4935740727024, 1.9683009411593175, 2082.7472445737076, 4.955577568723057, 3397.7463294989948, 1.4372295407035414
2100-Jul-04 08:00:00, 5489.3118004929438, 1.971467977691288, 2091.7007704135785, 4.9768811099610284, 3397.6110300793648, 1.4371723097322224
2100-Jul-04 09:00:00, 5497.0920075588747, 1.9742622130431426, 2099.6161875036973, 4.9957146306779929, 3397.4758200551773, 1.4371151165747245
2100-Jul-04 10:00:00, 5503.8514589345505, 1.9766898474021, 2106.5107615304396, 5.0121192119260725, 3397.3406974041109, 1.4370579603756153
2100-Jul-04 11:00:00, 5509.4466611064254, 1.978699345552591, 2112.2410011369116, 5.0257534380335489, 3397.2056599695134, 1.4370008402226424
2100-Jul-04 12:00:00, 5513.718768681907, 1.9802336587030225, 2116.6480631724116, 5.0362393660903475, 3397.0707055094954, 1.4369437551674975
2100-Jul-04 13:00:00, 5516.7390971771074, 1.981318399582537, 2119.8032654081867, 5.0437466857927875, 3396.9358317689212, 1.4368867042562699
2100-Jul-04 14:00:00, 5518.9096109983057, 1.9820979323635395, 2122.1085745053297, 5.0492318151480369, 3396.801036492976, 1.4368296865351842
2100-Jul-04 15:00:00, 5520.5751326870995, 1.9826960989088089, 2123.908815160506, 5.0535152116246556, 3396.666317526593, 1.4367727010926579
2100-Jul-04 16:00:00, 5522.0031300332321, 1.9832089593806581, 2125.4714572034236, 5.0572332786517524, 3396.5316728298089, 1.4367157470657967
2100-Jul-04 17:00:00, 5523.3665342618224, 1.983698621450332, 2126.9694337249221, 5.0607974839905197, 3396.3971005369008, 1.4366588236654096
2100-Jul-04 18:00:00, 5524.6756037985233, 1.9841687693971011, 2128.4130047988192, 5.0642322399126796, 3396.2625989997036, 1.4366019301943311
2100-Jul-04 19:00:00, 5526.2556623791897, 1.9847362421528627, 2130.127495564625, 5.0683116076818342, 3396.1281668145643, 1.4365450660588228
2100-Jul-04 20:00:00, 5528.2519785289114, 1.9854532124226461, 2132.2581756967543, 5.0733812342034454, 3395.9938028321567, 1.4364882307727256
2100-Jul-04 21:00:00, 5530.7102571487048, 1.9863360949688207, 2134.8507509603878, 5.0795498693343584, 3395.859506188317, 1.4364314239705025
2100-Jul-04 22:00:00, 5533.9368438046695, 1.9874949127770767, 2138.2115675241043, 5.0875464167882738, 3395.7252762805656, 1.4363746453973079
2100-Jul-04 23:00:00, 5538.1279352472284, 1.9890001292542749, 2142.5368224792505, 5.0978376974468249, 3395.5911127679778, 1.4363178949089324
2100-Jul-05 00:00:00, 5543.2067881828107, 1.9908241823031478, 2147.7497726360866, 5.1102411126626617, 3395.4570155467241, 1.4362611724614562
2100-Jul-05 01:00:00, 5549.2207224912509, 1.9929840667003076, 2153.8977377672418, 5.1248692525757598, 3395.3229847240086, 1.4362044781002266
2100-Jul-05 02:00:00, 5555.9065150560273, 1.9953852467436346, 2160.7174944688231, 5.1410958174758239, 3395.1890205872037, 1.4361478119468003
2100-Jul-05 03:00:00, 5562.975129443128, 1.9979239159643492, 2167.9200058921815, 5.1582330885206229, 3395.055123550947, 1.436091174176567
2100-Jul-05 04:00:00, 5570.2941724673547, 2.000552525792691, 2175.3728783381557, 5.1759660552125952, 3394.9212941291994, 1.4360345650069297
2100-Jul-05 05:00:00, 5577.6826210928521, 2.0032060624106469, 2182.8950881971523, 5.1938639996422857, 3394.7875328956998, 1.4359779846805771
2100-Jul-05 06:00:00, 5584.6960820147433, 2.0057249234487564, 2190.0422415814287, 5.2108695547251793, 3394.6538404333141, 1.4359214334440584
2100-Jul-05 07:00:00, 5590.9267375282016, 2.0079626425420143, 2196.4065202142401, 5.2260123794323219, 3394.5202173139614, 1.4358649115392925
2100-Jul-05 08:00:00, 5596.0878896879476, 2.0098162530820494, 2201.7012256317007, 5.23861031874931, 3394.3866640562469, 1.4358084191856468
2100-Jul-05 09:00:00, 5599.9153870868395, 2.0111908859742695, 2205.6622059816855, 5.2480348638657075, 3394.2531811051545, 1.4357519565713472
2100-Jul-05 10:00:00, 5602.2531891003582, 2.012030499750157, 2208.1334202803496, 5.2539147391976151, 3394.1197688200082, 1.4356955238483859
2100-Jul-05 11:00:00, 5602.990542251735, 2.0122953176688729, 2209.0041147899087, 5.2559864232159343, 3393.9864274618267, 1.4356391211271728
2100-Jul-05 12:00:00, 5601.2721664667897, 2.0116781687517071, 2207.4190092716326, 5.252214907795187, 3393.8531571951567, 1.43558274847731
2100-Jul-05 13:00:00, 5596.4620328744295, 2.0099506253563941, 2202.7420748019622, 5.2410868596805296, 3393.7199580724669, 1.4355264059209916
2100-Jul-05 14:00:00, 5586.2894989716624, 2.0062971938206808, 2192.7026689041545, 5.2171996334219903, 3393.5868300675083, 1.4354700934471143
2100-Jul-05 15:00:00, 5571.1515996970702, 2.0008604679151318, 2177.6978266205542, 5.1814979129964494, 3393.453773076516, 1.4354138110117862
2100-Jul-05 16:00:00, 5554.6250735919966, 1.9949250213267808, 2161.3042866625601, 5.1424919994851201, 3393.3207869294361, 1.4353575585430753
2100-Jul-05 17:00:00, 5539.9577420675223, 1.989657298255177, 2146.7698706510814, 5.107909586209276, 3393.1878714164409, 1.4353013359522258
2100-Jul-05 18:00:00, 5528.5795071998073, 1.9855708432495904, 2135.5244809137539, 5.0811529064061762, 3393.0550262860534, 1.4352451431328637
2100-Jul-05 19:00:00, 5520.5768769325568, 1.9826967253487324, 2127.6546256639349, 5.0624277930988804, 3392.9222512686215, 1.4351889799709279
2100-Jul-05 20:00:00, 5515.5807965928088, 1.9809023998008739, 2122.791250523358, 5.0508561380083652, 3392.7895460694513, 1.4351328463417641
2100-Jul-05 21:00:00, 5513.334898112279, 1.9800957928715475, 2120.6779877287286, 5.0458279533694617, 3392.6569103835504, 1.4350767421163624
2100-Jul-05 22:00:00, 5513.5897467305967, 1.98018732090064, 2121.0654028694207, 5.0467497482660821, 3392.524343861176, 1.4350206671467831
2100-Jul-05 23:00:00, 5515.8633081985463, 1.9810038628993969, 2123.4714620797258, 5.0524745970602272, 3392.39184611882, 1.4349646212708043
2100-Jul-06 00:00:00, 5519.5866064477577, 1.9823410730154365, 2127.3271897580171, 5.0616487095904095, 3392.2594166897411, 1.4349086042909966
2100-Jul-06 01:00:00, 5524.4217387086819, 1.9840775945989724, 2132.2946837032814, 5.073468099404538, 3392.1270550054005, 1.4348526159668713
2100-Jul-06 02:00:00, 5529.9496729103648, 1.9860629336829034, 2137.9549125550056, 5.0869357456609539, 3391.9947603553592, 1.4347966559979162
2100-Jul-06 03:00:00, 5536.1144144131013, 1.9882769799796174, 2144.251882570356, 5.1019184198381939, 3391.8625318427448, 1.4347407240047587
2100-Jul-06 04:00:00, 5542.7772657308378, 1.9906699207507821, 2151.0468973671245, 5.1180861151712396, 3391.7303683637138, 1.4346848195204784
2100-Jul-06 05:00:00, 5549.6462580259576, 1.993136896364669, 2158.0479894571631, 5.1347441398107394, 3391.5982685687941, 1.4346289419742557
2100-Jul-06 06:00:00, 5556.3819712857503, 1.9955560052586836, 2164.9157404550724, 5.1510848997764453, 3391.4662308306779, 1.4345730906777476
2100-Jul-06 07:00:00, 5562.4137871237126, 1.9977223117473777, 2171.0795338611119, 5.1657507006415253, 3391.3342532626011, 1.4345172648328623
2100-Jul-06 08:00:00, 5567.2011617226062, 1.9994416813262901, 2175.9988280295665, 5.1774554064807274, 3391.2023336930397, 1.4344614635210562
2100-Jul-06 09:00:00, 5568.0276028901271, 1.9997384949081067, 2176.957133207371, 5.1797355466443946, 3391.0704696827561, 1.4344056857105441
2100-Jul-06 10:00:00, 5563.3694928473433, 1.9980655502622795, 2172.4308342789191, 5.1689659126921175, 3390.9386585684247, 1.4343499302747524
2100-Jul-06 11:00:00, 5554.2225253162906, 1.9947804474596236, 2163.4156278236724, 5.147515611891853, 3390.8068974926186, 1.4342941960050046
2100-Jul-06 12:00:00, 5541.2966765307483, 1.9901381720904436, 2150.6214930764295, 5.1170739309198376, 3390.6751834543184, 1.4342384816318841
2100-Jul-06 13:00:00, 5525.7861085332215, 1.9845676034592026, 2135.2425951711712, 5.0804822025238279, 3390.5435133620504, 1.4341827858477134
2100-Jul-06 14:00:00, 5507.9183293818433, 1.9781504503242251, 2117.5064452684674, 5.0382817546094971, 3390.4118841133759, 1.4341271073401765
2100-Jul-06 15:00:00, 5489.4878921030722, 1.971531220404241, 2099.2075994561847, 4.9947424580975808, 3390.2802926468871, 1.4340714448143133
2100-Jul-06 16:00:00, 5471.2850282514237, 1.9649937227196357, 2081.1362922518947, 4.9517445547982719, 3390.148735999529, 1.4340157970167666
2100-Jul-06 17:00:00, 5454.7568244615059, 1.9590576735963827, 2064.73961308251, 4.912731172015004, 3390.0172113789959, 1.4339601627664051
2100-Jul-06 18:00:00, 5441.06685594797, 1.9541409671819985, 2051.1811397468332, 4.8804708646236659, 3389.8857162011368, 1.4339045409701461
2100-Jul-06 19:00:00, 5430.8343359962109, 1.9504659918573743, 2041.080087884176, 4.8564369612484448, 3389.7542481120345, 1.4338489306322946
2100-Jul-06 20:00:00, 5423.6522828622037, 1.9478865814900308, 2034.029477828426, 4.8396611162057406, 3389.6228050337781, 1.4337933308739044
2100-Jul-06 21:00:00, 5419.3399636110662, 1.9463378264507496, 2029.8485784761765, 4.8297133075596959, 3389.4913851348902, 1.4337377409202701
2100-Jul-06 22:00:00, 5418.000953206436, 1.9458569253413815, 2028.6409663674397, 4.8268399797983141, 3389.3599868389965, 1.4336821601045933
2100-Jul-06 23:00:00, 5419.5579620393928, 1.9464161198573282, 2030.3293532616506, 4.8308572374094219, 3389.228608777742, 1.4336265878480665
2100-Jul-07 00:00:00, 5423.4136970737582, 1.9478008942019065, 2034.3164473020311, 4.840343916046197, 3389.0972497717275, 1.4335710236518102
2100-Jul-07 01:00:00, 5429.1171350895956, 1.9498492648938321, 2040.1512263426325, 4.8542268777005182, 3388.9659087469631, 1.433515467061532
2100-Jul-07 02:00:00, 5436.5001313244866, 1.9525008433039337, 2047.6655466244722, 4.8721060500916487, 3388.8345847000146, 1.433459917652784
2100-Jul-07 03:00:00, 5445.9482082122522, 1.9558940885251874, 2057.2449315925155, 4.894898727116419, 3388.7032766197372, 1.4334043749978573
2100-Jul-07 04:00:00, 5457.4050990299565, 1.960008792552199, 2068.8331155746437, 4.9224710332393462, 3388.5719834553124, 1.433348838652261
2100-Jul-07 05:00:00, 5469.5599326738047, 1.9643741604114011, 2081.1192286462006, 4.9517039545661312, 3388.4407040276042, 1.4332933081172263
2100-Jul-07 06:00:00, 5480.4743548938532, 1.9682940386555001, 2092.1649178472735, 4.9779854775778825, 3388.3094370465801, 1.4332377828470764
2100-Jul-07 07:00:00, 5488.7408353990577, 1.9712629174870426, 2100.5626543690037, 4.9979666033931034, 3388.1781810300536, 1.4331822622148533
2100-Jul-07 08:00:00, 5493.171569166132, 1.9728542007037617, 2105.1246348284935, 5.0088211360748298, 3388.0469343376385, 1.4331267455266825
2100-Jul-07 09:00:00, 5492.8364277782393, 1.9727338357949638, 2104.920732615079, 5.0083359820372273, 3387.9156951631603, 1.433071232018561
2100-Jul-07 10:00:00, 5487.0029225981416, 1.9706387519159196, 2099.218461023509, 4.994768301530832, 3387.7844615746321, 1.4330157208732681
2100-Jul-07 11:00:00, 5475.6662674009222, 1.9665672301099553, 2088.0130358489182, 4.9681067112740784, 3387.6532315520039, 1.4329602112363329
2100-Jul-07 12:00:00, 5459.8341249446803, 1.9608811690871646, 2072.3121219135783, 4.9307487951327236, 3387.522003031102, 1.4329047022346202
2100-Jul-07 13:00:00, 5441.2197577422085, 1.9541958813501181, 2053.8289837419084, 4.8867710032226528, 3387.3907740003001, 1.4328491930172225
2100-Jul-07 14:00:00, 5421.0377428380443, 1.9469475781829932, 2033.7782002923382, 4.8390632398553555, 3387.2595425457062, 1.4327936827745731
2100-Jul-07 15:00:00, 5400.5085693829351, 1.9395745941831442, 2013.3802624417081, 4.7905294758452728, 3387.1283069412266, 1.432738170776543
2100-Jul-07 16:00:00, 5380.458824165954, 1.9323737952318807, 1993.4617584610171, 4.7431364511821021, 3386.9970657049366, 1.4326826563962853
2100-Jul-07 17:00:00, 5361.8820362053611, 1.9257020039538957, 1975.0162185251017, 4.6992481185063255, 3386.8658176802596, 1.4326271391445744
2100-Jul-07 18:00:00, 5345.7461176921652, 1.9199068427760326, 1959.0115556347546, 4.6611674783225414, 3386.7345620574106, 1.4325716186788751
2100-Jul-07 19:00:00, 5332.4798482807164, 1.9151423064773754, 1945.8765498637804, 4.629914747040206, 3386.603298416936, 1.4325160948217606
2100-Jul-07 20:00:00, 5322.2629248492867, 1.9114729325908748, 1935.7908981064304, 4.6059174858531406, 3386.4720267428561, 1.4324605675664717
2100-Jul-07 21:00:00, 5315.3139423859766, 1.908977228775558, 1928.9731949932809, 4.5896958071517231, 3386.3407473926954, 1.4324050370642392
2100-Jul-07 22:00:00, 5311.9951047935865, 1.9077852793519585, 1925.7856437135219, 4.5821115178615646, 3386.209461080065, 1.4323495036169174
2100-Jul-07 23:00:00, 5311.9877362029447, 1.9077826329472691, 1925.9095673940715, 4.5824063752491639, 3386.0781688088732, 1.432293967649154
2100-Jul-08 00:00:00, 5314.8059774301437, 1.9087947948602311, 1928.8591056202299, 4.589424348990204, 3385.9468718099142, 1.4322384296815691
2100-Jul-08 01:00:00, 5319.8026501553268, 1.9105893331613379, 1933.9870786982212, 4.6016255742826715, 3385.8155714571053, 1.4321828902953226
2100-Jul-08 02:00:00, 5326.9087103882293, 1.9131414509323588, 1941.2244412166663, 4.6188457681619646, 3385.6842691715628, 1.4321273500915395
2100-Jul-08 03:00:00, 5335.8430664093203, 1.916350195022154, 1950.2901000662991, 4.6404161126951209, 3385.5529663430211, 1.4320718096580705
2100-Jul-08 04:00:00, 5346.0480285768099, 1.920015273060707, 1960.6263643452776, 4.6650096679326802, 3385.4216642315318, 1.4320162695279111
2100-Jul-08 05:00:00, 5356.7828562011082, 1.9238706505062801, 1971.4924923009114, 4.690863952506148, 3385.290363900197, 1.431960730150748
2100-Jul-08 06:00:00, 5367.0144996193994, 1.9275453110268406, 1981.8554334715204, 4.7155209813150263, 3385.1590661478795, 1.4319051918644961
2100-Jul-08 07:00:00, 5374.565836410824, 1.930257348384915, 1989.5380649400329, 4.7338006243553989, 3385.0277714707913, 1.4318496548790509
2100-Jul-08 08:00:00, 5377.8359125016013, 1.9314317852782614, 1992.93943246648, 4.7418936566044918, 3384.8964800351218, 1.4317941192647092
2100-Jul-08 09:00:00, 5375.8262590814238, 1.9307100249723919, 1991.0610674032716, 4.7374243750834815, 3384.7651916781524, 1.4317385849526423
2100-Jul-08 10:00:00, 5368.9090388089899, 1.9282257284417199, 1984.2751328729059, 4.721278284851401, 3384.6339059360835, 1.431683051746665
2100-Jul-08 11:00:00, 5357.8378137832169, 1.9242495349942708, 1973.3351917092803, 4.6952483730726868, 3384.5026220739369, 1.4316275193358854
2100-Jul-08 12:00:00, 5343.2247394583319, 1.9190012982144715, 1958.8534003076863, 4.6607911719832895, 3384.3713391506458, 1.4315719873222368
2100-Jul-08 13:00:00, 5325.8693097379828, 1.9127681536644265, 1941.629253641009, 4.6198089572262351, 3384.2400560969736, 1.4315164552534378
2100-Jul-08 14:00:00, 5307.381246256853, 1.9061282274865587, 1923.2724744777074, 4.5761318171927217, 3384.1087717791456, 1.4314609226499073
2100-Jul-08 15:00:00, 5290.031436846195, 1.8998971014519459, 1906.053951739711, 4.5351629837112366, 3383.9774851064835, 1.4314053890502938
2100-Jul-08 16:00:00, 5275.4279920612589, 1.8946523230892196, 1891.5817969682037, 4.5007287115048413, 3383.8461950930555, 1.4313498540375531
2100-Jul-08 17:00:00, 5263.9278553523145, 1.8905220874449771, 1880.212954413824, 4.4736782946616014, 3383.7149009384902, 1.4312943172731323
2100-Jul-08 18:00:00, 5254.9871490068863, 1.887311062657431, 1871.403546906932, 4.4527176608887649, 3383.5836020999545, 1.4312387785274157
2100-Jul-08 19:00:00, 5248.3197463050201, 1.8849164872718751, 1864.8674479871756, 4.4371660161665893, 3383.4522983178449, 1.4311832376905924
2100-Jul-08 20:00:00, 5243.7816685346797, 1.8832866518153257, 1860.4606788911221, 4.4266807851142662, 3383.3209896435578, 1.4311276947844025
2100-Jul-08 21:00:00, 5241.0490167833432, 1.8823052290764208, 1857.8593403320783, 4.4204912990662413, 3383.1896764512644, 1.4310721499671188
2100-Jul-08 22:00:00, 5239.8620600000922, 1.8818789375167262, 1856.803700593942, 4.4179795662476815, 3383.05835940615, 1.4310166035201115
2100-Jul-08 23:00:00, 5240.0015264797557, 1.8819290264365418, 1857.0744870377714, 4.4186238610513122, 3382.9270394419841, 1.4309610558383599
2100-Jul-09 00:00:00, 5241.3278698196682, 1.8824053782119732, 1858.5321521286305, 4.422092151524768, 3382.7957176910372, 1.430905507400809
2100-Jul-09 01:00:00, 5243.7265341881703, 1.8832668504991379, 1861.0621387554177, 4.4281118665955912, 3382.6643954327524, 1.4308499587486569
2100-Jul-09 02:00:00, 5246.9897294690381, 1.884438816172614, 1864.4566554492922, 4.4361885983395162, 3382.5330740197464, 1.4307944104540533
2100-Jul-09 03:00:00, 5251.0195245574878, 1.8858861036035852, 1868.6177697595635, 4.4460893315132592, 3382.4017547979242, 1.4307388630863094
2100-Jul-09 04:00:00, 5255.6329454428487, 1.8875429982879579, 1873.3625063964651, 4.4573787044837854, 3382.2704390463837, 1.4306833171864772
2100-Jul-09 05:00:00, 5260.4576172370371, 1.889275763029844, 1878.3184893187231, 4.4691707055844967, 3382.139127918314, 1.4306277732423498
2100-Jul-09 06:00:00, 5265.2981318556285, 1.8910142176691382, 1883.290309468031, 4.4810003889374945, 3382.0078223875976, 1.4305722316658744
2100-Jul-09 07:00:00, 5270.4264652608153, 1.8928560414632143, 1888.5499420355879, 4.4935148777884182, 3381.8765232252272, 1.4305166927831774
2100-Jul-09 08:00:00, 5275.7825724788354, 1.894779669460527, 1894.0373415151621, 4.5065713030663526, 3381.7452309636733, 1.4304611568194909
2100-Jul-09 09:00:00, 5280.7184502921136, 1.8965523734723124, 1899.104504379537, 4.5186278397839912, 3381.613945912577, 1.4304056239057916
2100-Jul-09 10:00:00, 5284.2173569878451, 1.8978089941122522, 1902.7346888293821, 4.5272653068011, 3381.4826681584627, 1.4303500940786789
2100-Jul-09 11:00:00, 5285.698196287527, 1.8983408325950228, 1904.3467986923365, 4.5311010749174603, 3381.351397595191, 1.4302945672932561
2100-Jul-09 12:00:00, 5285.4789053562226, 1.8982620749903218, 1904.2587714021167, 4.5308916274840358, 3381.2201339541061, 1.4302390434358834
2100-Jul-09 13:00:00, 5284.5589439811738, 1.8979316739386893, 1903.4700671114404, 4.5290150266140001, 3381.0888768697337, 1.430183522351967
2100-Jul-09 14:00:00, 5283.4458463396013, 1.8975319086427542, 1902.4882204479229, 4.5266788730964143, 3380.9576258916786, 1.430128003850992
2100-Jul-09 15:00:00, 5282.2313454427276, 1.8970957247067555, 1901.404964851673, 4.5241014325798297, 3380.8263805910547, 1.4300724877515418
2100-Jul-09 16:00:00, 5280.8615755057035, 1.8966037764141834, 1900.1664349420839, 4.5211545406542042, 3380.6951405636196, 1.4300169738826238
2100-Jul-09 17:00:00, 5279.3679535311021, 1.8960673470764589, 1898.8040480203263, 4.5179129499681654, 3380.5639055107763, 1.4299614621179331
2100-Jul-09 18:00:00, 5278.0899862877814, 1.8956083694143557, 1897.6573109934825, 4.515184465125726, 3380.4326752942989, 1.4299059523990005
2100-Jul-09 19:00:00, 5277.8248129351168, 1.8955131332914472, 1897.5233629958241, 4.514865756413327, 3380.301449939293, 1.429850444736446
2100-Jul-09 20:00:00, 5278.9640847833807, 1.8959222989661928, 1898.7938550940719, 4.5178886974637686, 3380.1702296893086, 1.4297949392332898
2100-Jul-09 21:00:00, 5281.5826216247333, 1.8968627377167602, 1901.5436065911217, 4.5244313093307849, 3380.0390150336111, 1.4297394360964888
2100-Jul-09 22:00:00, 5285.6481490802689, 1.8983228583078868, 1905.7403423811643, 4.5344167983512005, 3379.9078066991042, 1.4296839356335194
2100-Jul-09 23:00:00, 5290.9180429710996, 1.9002155230770241, 1911.14143730925, 4.5472678751882478, 3379.7766056618498, 1.4296284382572508
2100-Jul-10 00:00:00, 5297.0527696387708, 1.9024187896460896, 1917.4073565152225, 4.5621766687278615, 3379.6454131235482, 1.4295729444759966
2100-Jul-10 01:00:00, 5303.850282766387, 1.9048600937559834, 1924.3360522563639, 4.5786624373609799, 3379.5142305100235, 1.4295174548928726
2100-Jul-10 02:00:00, 5311.0024369562716, 1.9074287660175229, 1931.6193775217537, 4.5959919925458035, 3379.3830594345177, 1.4294619701902727
2100-Jul-10 03:00:00, 5318.3801113268537, 1.9100784330978535, 1939.1282096589246, 4.6138581067385926, 3379.2519016679294, 1.4294064911172775
2100-Jul-10 04:00:00, 5325.8909036229416, 1.9127759090360026, 1946.7701445127889, 4.6320409184273936, 3379.1207591101524, 1.4293510184775327
2100-Jul-10 05:00:00, 5333.5322210616969, 1.9155202626426837, 1954.5425873066195, 4.6505342537390311, 3378.9896337550776, 1.429295553114444
2100-Jul-10 06:00:00, 5340.9102805085377, 1.918170068021865, 1962.0517528561813, 4.6684011612354581, 3378.8585276523563, 1.4292400958950036
2100-Jul-10 07:00:00, 5347.5737372604017, 1.9205632262326722, 1968.8462943652435, 4.6845677304530096, 3378.7274428951587, 1.429184647704612
2100-Jul-10 08:00:00, 5352.7807499931168, 1.922433307444138, 1974.1843684144608, 4.6972688587763836, 3378.5963815786558, 1.429129209429516
2100-Jul-10 09:00:00, 5356.3522702470018, 1.9237160070006794, 1977.8869244661837, 4.7060785229181379, 3378.4653457808181, 1.4290737819486865
2100-Jul-10 10:00:00, 5358.4041320608867, 1.9244529263100103, 1980.0697944920478, 4.711272327285803, 3378.3343375688387, 1.4290183661365357
2100-Jul-10 11:00:00, 5358.9876781448429, 1.9246625049347705, 1980.7843191665652, 4.7129724291385662, 3378.2033589782777, 1.4289629628540952
2100-Jul-10 12:00:00, 5354.5360718056427, 1.9230637254035672, 1976.463659791935, 4.7026920829588779, 3378.0724120137074, 1.4289075729492893
2100-Jul-10 13:00:00, 5346.4804372289236, 1.9201705711822024, 1968.5389385791639, 4.6838364245093427, 3377.9414986497595, 1.4288521972573769
2100-Jul-10 14:00:00, 5336.9425167766858, 1.916745058945192, 1959.1318959306616, 4.661453809596086, 3377.810620846024, 1.4287968366072548
2100-Jul-10 15:00:00, 5327.7222645301608, 1.9134336361820274, 1950.0424839840623, 4.6398269482124954, 3377.6797805460983, 1.4287414918210548
2100-Jul-10 16:00:00, 5319.7925023577855, 1.9105856886137838, 1942.2435226671932, 4.6212705161433103, 3377.5489796905922, 1.4286861637196453
2100-Jul-10 17:00:00, 5313.7636904436558, 1.9084204609742892, 1936.3454702078693, 4.607237005095473, 3377.4182202357865, 1.4286308531305227
2100-Jul-10 18:00:00, 5310.1262978980321, 1.907114103604437, 1932.8387937741968, 4.5988934064563427, 3377.2875041238349, 1.4285755608752089
2100-Jul-10 19:00:00, 5308.9066741371926, 1.906676079808975, 1931.7498408186871, 4.5963024099473913, 3377.1568333185055, 1.4285202877843672
2100-Jul-10 20:00:00, 5309.7499223697996, 1.9069789295920172, 1932.7237126026118, 4.5986195884623573, 3377.0262097671875, 1.428465034681734
2100-Jul-10 21:00:00, 5312.0395880243923, 1.907801255355557, 1935.14395262067, 4.6043781783131719, 3376.8956354037227, 1.4284098023853142
2100-Jul-10 22:00:00, 5315.3832463407234, 1.9090021190591631, 1938.618134228547, 4.6126444604991264, 3376.7651121121767, 1.4283545916920581
2100-Jul-10 23:00:00, 5319.4843450236203, 1.9104750149376513, 1942.8497033169538, 4.6227128300094664, 3376.634641706667, 1.4282994033693284
2100-Jul-11 00:00:00, 5324.4313342331479, 1.9122517095702447, 1947.9271083376225, 4.6347937363668281, 3376.5042258955255, 1.4282442381397407
2100-Jul-11 01:00:00, 5330.1796845222434, 1.9143162103549309, 1953.8058182897398, 4.6487812248859663, 3376.3738662325036, 1.4281890966605242
2100-Jul-11 02:00:00, 5336.5251342283627, 1.916595157398628, 1960.2815701440609, 4.6641892830233607, 3376.2435640843023, 1.4281339795097863
2100-Jul-11 03:00:00, 5343.2774366693548, 1.9190202242415986, 1967.1641160760585, 4.6805652452651421, 3376.1133205932961, 1.4280788871707457
2100-Jul-11 04:00:00, 5350.2511974972804, 1.9215248271237118, 1974.2680608539576, 4.6974679920974927, 3375.9831366433223, 1.4280238200172612
2100-Jul-11 05:00:00, 5357.4563960178675, 1.9241125500792506, 1981.603383181493, 4.7149212663151845, 3375.853012836375, 1.4279687783039734
2100-Jul-11 06:00:00, 5364.5973937406688, 1.926677215532943, 1988.8744442651334, 4.7322216407608986, 3375.7229494755356, 1.4279137621590838
2100-Jul-11 07:00:00, 5370.933643509873, 1.9289528584500601, 1995.3406969531536, 4.747607097089281, 3375.5929465567192, 1.4278587715808648
2100-Jul-11 08:00:00, 5373.9450337144517, 1.9300343891723863, 1998.482029940496, 4.7550814170426605, 3375.4630037739557, 1.4278038064398926
2100-Jul-11 09:00:00, 5373.7534401508146, 1.9299655789846668, 1998.4203196162664, 4.7549345867927073, 3375.333120534548, 1.4277488664854592
2100-Jul-11 10:00:00, 5369.8798529242686, 1.9285743930849619, 1994.676556931405, 4.7460268777886228, 3375.2032959928638, 1.4276939513598663
2100-Jul-11 11:00:00, 5361.559660738887, 1.9255862238830879, 1986.4861316665485, 4.7265390173069575, 3375.0735290723387, 1.4276390606077329
2100-Jul-11 12:00:00, 5348.9904639471069, 1.9210720388848757, 1974.0466454313444, 4.6969411680651811, 3374.9438185157628, 1.4275841936972655
2100-Jul-11 13:00:00, 5333.8735020470413, 1.9156428325673764, 1959.0593391151683, 4.6612811717840552, 3374.8141629318725, 1.4275293500399664
2100-Jul-11 14:00:00, 5317.2684130737689, 1.9096791703876146, 1942.5838522316046, 4.6220802781342405, 3374.684560842164, 1.427474529010436
2100-Jul-11 15:00:00, 5299.5979368647186, 1.9033328779446219, 1925.0429261353572, 4.5803443353194488, 3374.5550107293616, 1.4274197299668745
2100-Jul-11 16:00:00, 5282.4072579755921, 1.8971589031047078, 1907.9817468983726, 4.5397498765616513, 3374.4255110772192, 1.4273649522679175
2100-Jul-11 17:00:00, 5266.6779815613636, 1.8915097860769374, 1892.3819211412576, 4.5026324842331498, 3374.2960604201062, 1.4273101952936105
2100-Jul-11 18:00:00, 5253.2735173381816, 1.8866956175737493, 1879.1068599828525, 4.471046512641343, 3374.1666573553293, 1.4272554584506212
2100-Jul-11 19:00:00, 5242.7706070021977, 1.8829235324467766, 1868.733306428564, 4.4463642332934707, 3374.0373005736333, 1.4272007411851415
2100-Jul-11 20:00:00, 5235.261045220137, 1.8802264984436257, 1861.3530563647439, 4.4288040604193402, 3373.9079888553929, 1.4271460429812759
2100-Jul-11 21:00:00, 5230.648118215162, 1.8785697811347422, 1856.869397159619, 4.4181358811476574, 3373.778721055543, 1.4270913633546678
2100-Jul-11 22:00:00, 5228.6829145791598, 1.8778639848202254, 1855.0334184973733, 4.4137674515655352, 3373.6494960817868, 1.4270367018432812
2100-Jul-11 23:00:00, 5228.9798400921463, 1.8779706246253389, 1855.4595272199058, 4.4147813119044317, 3373.5203128722401, 1.4269820579979442
2100-Jul-12 00:00:00, 5231.1442233429434, 1.8787479556324818, 1857.7530530279048, 4.420238404730755, 3373.3911703150384, 1.426927431348344
2100-Jul-12 01:00:00, 5234.8546801390057, 1.8800805537835628, 1861.5926129086506, 4.4293740484668662, 3373.2620672303551, 1.4268728213954196
2100-Jul-12 02:00:00, 5239.740701034345, 1.8818353518499846, 1866.6076987557044, 4.4413066759105613, 3373.1330022786401, 1.4268182275725483
2100-Jul-12 03:00:00, 5245.5768319552171, 1.8839313787550478, 1872.5728580220612, 4.4554998573113451, 3373.0039739331555, 1.4267636492339275
2100-Jul-12 04:00:00, 5252.2147187317705, 1.8863153535947244, 1879.339738320494, 4.4716006109215183, 3372.8749804112763, 1.4267090856255162
2100-Jul-12 05:00:00, 5259.5066305879163, 1.8889342193547725, 1886.7606109511796, 4.4892574389618805, 3372.7460196367369, 1.4266545358690641
2100-Jul-12 06:00:00, 5266.8479566793349, 1.8915708320721849, 1894.2308674669025, 4.5070317683810517, 3372.6170892124323, 1.4265999989506082
2100-Jul-12 07:00:00, 5273.8416906018792, 1.8940826082244433, 1901.3535041973598, 4.5239789898471114, 3372.4881864045196, 1.4265454737137464
2100-Jul-12 08:00:00, 5279.1944821226934, 1.8960050454001918, 1906.835173970077, 4.5370217821665344, 3372.3593081526169, 1.4264909588639529
2100-Jul-12 09:00:00, 5281.9096249232925, 1.8969801798579866, 1909.6791738504182, 4.5437886436036043, 3372.2304510728741, 1.4264364529698763
2100-Jul-12 10:00:00, 5281.6393296835295, 1.8968831042264536, 1909.5377181667611, 4.5434520715040732, 3372.1016115167686, 1.4263819544882097
2100-Jul-12 11:00:00, 5278.6352361899035, 1.8958041940934669, 1906.6624505848506, 4.5366108133676786, 3371.9727856050531, 1.4263274617780513
2100-Jul-12 12:00:00, 5273.2869264049705, 1.8938833665181738, 1901.442957107017, 4.5241918293232937, 3371.8439692979532, 1.4262729731305965
2100-Jul-12 13:00:00, 5266.4218363939526, 1.8914177923965736, 1894.7066779231661, 4.5081638863709648, 3371.7151584707867, 1.4262184868011261
2100-Jul-12 14:00:00, 5258.2938223967358, 1.8884986433483633, 1886.7074734045239, 4.4891310063210739, 3371.5863489922122, 1.4261640010421033
2100-Jul-12 15:00:00, 5249.2504829484697, 1.8852507582251228, 1877.79294614744, 4.4679202562283438, 3371.4575368010301, 1.426109514135661
2100-Jul-12 16:00:00, 5239.2998291851727, 1.8816770141995653, 1867.9711111915849, 4.4445507066501388, 3371.3287179935874, 1.4260550244305741
2100-Jul-12 17:00:00, 5229.2757562220913, 1.8780769019139085, 1858.0758673393104, 4.421006491864051, 3371.1998888827807, 1.4260005303672161
2100-Jul-12 18:00:00, 5220.6064251347079, 1.8749633406428499, 1849.5353790556715, 4.4006857101299204, 3371.0710460790365, 1.4259460305118148
2100-Jul-12 19:00:00, 5213.9999284230335, 1.8725906394400107, 1843.0577418998284, 4.3852731662067654, 3370.9421865232048, 1.4258915235703649
2100-Jul-12 20:00:00, 5209.7731427126619, 1.871072603485884, 1838.9598351792167, 4.3755228257963816, 3370.8133075334454, 1.4258370084084619
2100-Jul-12 21:00:00, 5208.0347766572695, 1.8704482751299316, 1837.3503698403822, 4.3716933499194859, 3370.6844068168871, 1.4257824840562325
2100-Jul-12 22:00:00, 5208.7026029031604, 1.8706881226930301, 1838.1471204244453, 4.3735890957103098, 3370.5554824787146, 1.4257279497121798
2100-Jul-12 23:00:00, 5211.2221324200564, 1.8715930032940851, 1840.7955994121357, 4.379890745176815, 3370.4265330079211, 1.4256734047371551
2100-Jul-13 00:00:00, 5215.0948009762378, 1.8729838592564003, 1844.7972437404919, 4.3894120439917694, 3370.2975572357459, 1.4256188486367789
2100-Jul-13 01:00:00, 5219.9185220752488, 1.8747162825592925, 1849.7499677627959, 4.4011962910399651, 3370.1685543124531, 1.4255642810516169
2100-Jul-13 02:00:00, 5225.365467065164, 1.876672534638633, 1855.3259434150295, 4.4144634697328895, 3370.0395236501345, 1.4255097017329872
2100-Jul-13 03:00:00, 5231.446934098828, 1.8788566731882372, 1861.5364692292185, 4.4292404631942679, 3369.9104648696093, 1.425455110520498
2100-Jul-13 04:00:00, 5238.1970606824361, 1.8812809585793042, 1868.4156829464641, 4.4456084969422189, 3369.7813777359715, 1.4254005073147853
2100-Jul-13 05:00:00, 5245.3538235141168, 1.8838512860191341, 1875.7015613970198, 4.4629441270394787, 3369.6522621170971, 1.4253458920599615
2100-Jul-13 06:00:00, 5252.5137902250526, 1.8864227641214852, 1882.9906722944754, 4.4802874482482693, 3369.5231179305774, 1.425291264721168
2100-Jul-13 07:00:00, 5258.6406881924349, 1.88862321903902, 1889.2467431011687, 4.4951728090325727, 3369.3939450912662, 1.4252366252623883
2100-Jul-13 08:00:00, 5262.5778703833603, 1.8900372448575296, 1893.3131268840243, 4.5048481454482801, 3369.2647434993355, 1.4251819736413955
2100-Jul-13 09:00:00, 5261.9367118182581, 1.8898069749028135, 1892.8011988105136, 4.5036300911286791, 3369.1355130077441, 1.4251273097959924
2100-Jul-13 10:00:00, 5256.7037441180701, 1.8879275720515696, 1887.6974907005424, 4.4914866006052963, 3369.0062534175277, 1.4250726336420179
2100-Jul-13 11:00:00, 5247.9518825660361, 1.8847843702401015, 1879.0749180694024, 4.4709705117582752, 3368.8769644966337, 1.4250179450813147
2100-Jul-13 12:00:00, 5236.9716536046544, 1.8808408577249009, 1868.2240076309404, 4.4451524349325044, 3368.7476459737136, 1.424963243999104
2100-Jul-13 13:00:00, 5224.9781304563867, 1.8765334239907876, 1856.3598328816204, 4.4169234511168645, 3368.6182975747665, 1.4249085302794848
2100-Jul-13 14:00:00, 5212.2598326590214, 1.8719656898649915, 1843.7709136082722, 4.3869700488843053, 3368.4889190507492, 1.424853803817113
2100-Jul-13 15:00:00, 5198.7617945894981, 1.8671179146277872, 1830.4022843838457, 4.3551614464330255, 3368.359510205652, 1.4247990645290776
2100-Jul-13 16:00:00, 5185.473889036024, 1.8623456077810696, 1817.2438181057162, 4.3238528944728269, 3368.2300709303076, 1.4247443123692012
2100-Jul-13 17:00:00, 5173.1224513013694, 1.8579096302200695, 1805.0218500726476, 4.2947725964250809, 3368.1006012287221, 1.4246895473391783
2100-Jul-13 18:00:00, 5161.9745408231956, 1.8539058954488155, 1794.0034395805105, 4.2685559789166065, 3367.9711012426851, 1.4246347694989856
2100-Jul-13 19:00:00, 5152.5553307239743, 1.8505230176381409, 1784.7137594736434, 4.2464526101674016, 3367.8415712503311, 1.4245799789662721
2100-Jul-13 20:00:00, 5145.1387219498811, 1.8478593673969803, 1777.426710273762, 4.2291141944517179, 3367.7120116761189, 1.4245251759205821
2100-Jul-13 21:00:00, 5139.7066878752066, 1.8459084705229885, 1772.1242647935792, 4.2164978388428311, 3367.5824230816279, 1.4244703605994606
2100-Jul-13 22:00:00, 5136.23770690932, 1.8446625976088551, 1768.7849007762427, 4.2085523344321407, 3367.452806133077, 1.424415533284715
2100-Jul-13 23:00:00, 5134.5962442861091, 1.8440730717965399, 1767.2730827265498, 4.2049551953003679, 3367.3231615595596, 1.424360694284748
2100-Jul-14 00:00:00, 5134.7282981103308, 1.8441204984859405, 1767.5348079910309, 4.2055779304177516, 3367.1934901193003, 1.4243058439202849
2100-Jul-14 01:00:00, 5136.7981385495532, 1.8448638747584434, 1769.7343460074401, 4.2108113937119986, 3367.0637925421129, 1.4242509825000331
2100-Jul-14 02:00:00, 5140.6551403816684, 1.8462491040691977, 1773.7210709084773, 4.2202971940383334, 3366.9340694731914, 1.4241961102969067
2100-Jul-14 03:00:00, 5146.209708359117, 1.8482440085846354, 1779.4053869308798, 4.2338221520223334, 3366.804321428237, 1.4241412275290444
2100-Jul-14 04:00:00, 5153.1063589645837, 1.850720917588198, 1786.4318102367106, 4.2505404484039255, 3366.6745487278727, 1.424086334332068
2100-Jul-14 05:00:00, 5160.8794259351544, 1.8535125885986794, 1794.3346744732662, 4.2693441015314821, 3366.5447514618886, 1.4240314307439588
2100-Jul-14 06:00:00, 5168.9526351251698, 1.8564120546836427, 1802.5377056695345, 4.2888619558931538, 3366.414929455635, 1.4239765166908402
2100-Jul-14 07:00:00, 5176.1242044531582, 1.8589876998271109, 1809.8391222189975, 4.3062345565131723, 3366.2850822341607, 1.4239215919718109
2100-Jul-14 08:00:00, 5181.4014081926198, 1.8608829899039412, 1815.2461991585442, 4.3190998666288323, 3366.1552090340761, 1.4238666562639604
2100-Jul-14 09:00:00, 5182.5760749100209, 1.8613048675275821, 1816.5507661242732, 4.3222038835992578, 3366.0253087857477, 1.4238117091148395
2100-Jul-14 10:00:00, 5179.189110192845, 1.8600884504749229, 1813.2937300400615, 4.3144542658760834, 3365.8953801527832, 1.4237567499591606
2100-Jul-14 11:00:00, 5171.9108343701146, 1.8574744820506792, 1806.1454128107785, 4.2974459416025335, 3365.7654215593361, 1.4237017781303491
2100-Jul-14 12:00:00, 5160.9752292674084, 1.8535469960451061, 1795.3397980489344, 4.2717356388907817, 3365.635431218474, 1.4236467928725411
2100-Jul-14 13:00:00, 5146.5747143782082, 1.8483750992758654, 1781.0693071615788, 4.237781194960875, 3365.5054072166299, 1.423591793376308
2100-Jul-14 14:00:00, 5130.8620192908493, 1.8427319373761946, 1765.4866717394127, 4.2007047043973351, 3365.3753475514363, 1.423536778794658
2100-Jul-14 15:00:00, 5116.6649279000594, 1.8376330994761894, 1751.4196776871149, 4.1672344499694169, 3365.2452502129449, 1.4234817482773932
2100-Jul-14 16:00:00, 5105.1424657497901, 1.8334948457243483, 1740.0273525139755, 4.1401281598371433, 3365.1151132358145, 1.4234267009931842
2100-Jul-14 17:00:00, 5096.3074864163391, 1.8303217924396178, 1731.3225516395682, 4.119416421499329, 3364.9849347767708, 1.4233716361623356
2100-Jul-14 18:00:00, 5089.9660268156467, 1.8280442784289426, 1725.1113136675826, 4.1046377335677207, 3364.8547131480641, 1.4233165530709373
2100-Jul-14 19:00:00, 5086.1832751210968, 1.8266857158068133, 1721.4588282476786, 4.0959472048133927, 3364.7244468734179, 1.4232614510945321
2100-Jul-14 20:00:00, 5084.657023192618, 1.8261375675302634, 1720.0628884940361, 4.09262578031099, 3364.5941346985819, 1.4232063297025783
2100-Jul-14 21:00:00, 5085.4258928468098, 1.8264137044955788, 1720.9621172273578, 4.0947653571375158, 3364.4637756194516, 1.4231511884703449
2100-Jul-14 22:00:00, 5088.5619140030058, 1.8275399960074306, 1724.2285451332218, 4.1025373212595779, 3364.333368869784, 1.423096027073715
2100-Jul-14 23:00:00, 5093.6380842115686, 1.8293630855638652, 1729.4351703243158, 4.1149256871897002, 3364.2029138872526, 1.4230408452748273
2100-Jul-15 00:00:00, 5099.9370896165528, 1.8316253522921124, 1735.8646793187309, 4.1302237175357437, 3364.072410297822, 1.4229856429154666
2100-Jul-15 01:00:00, 5107.046218116644, 1.8341785720210344, 1743.1043602498248, 4.1474494277222833, 3363.9418578668196, 1.4229304198963677
2100-Jul-15 02:00:00, 5114.8610744039233, 1.8369852515248744, 1751.0498179600602, 4.1663544254864933, 3363.8112564438629, 1.4228751761539193
2100-Jul-15 03:00:00, 5123.9912233347177, 1.8402643139834864, 1760.3106174134662, 4.1883890771511672, 3363.6806059212513, 1.422819911642565
2100-Jul-15 04:00:00, 5134.7416422382812, 1.8441252909848731, 1771.1917360552243, 4.2142790297626505, 3363.5499061830569, 1.4227646263132678
2100-Jul-15 05:00:00, 5146.3378139845745, 1.8482900172916521, 1782.918656920426, 4.2421814390161936, 3363.4191570641483, 1.4227093200961776
2100-Jul-15 06:00:00, 5157.3814748078694, 1.852256311147952, 1794.0931164838914, 4.2687693513514926, 3363.2883583239782, 1.4226539928895445
2100-Jul-15 07:00:00, 5166.7284406547788, 1.8556132426769829, 1803.5709310234988, 4.291320357123011, 3363.1575096312795, 1.4225986445532439
2100-Jul-15 08:00:00, 5173.2586301927922, 1.8579585384135617, 1810.232019650324, 4.3071693956793569, 3363.0266105424685, 1.4225432748996423
2100-Jul-15 09:00:00, 5175.5547902549715, 1.85878319662187, 1812.6591297216994, 4.3129443317681533, 3362.8956605332719, 1.4224878837069748
2100-Jul-15 10:00:00, 5173.4649837118486, 1.8580326495899149, 1810.7003247147179, 4.3082836557406656, 3362.7646589971309, 1.42243247071867
2100-Jul-15 11:00:00, 5167.7028909373003, 1.8559632132375312, 1805.0692856318797, 4.2948854620615151, 3362.6336053054201, 1.4223770356688223
2100-Jul-15 12:00:00, 5159.6034119757769, 1.8530543124519732, 1797.1009131501162, 4.2759259421136493, 3362.502498825661, 1.422321578289897
2100-Jul-15 13:00:00, 5149.7444534324786, 1.8495135004580627, 1787.3731144441008, 4.252780137366492, 3362.3713389883774, 1.4222660983410083
2100-Jul-15 14:00:00, 5138.4445010717682, 1.8454551603531015, 1776.2043757465624, 4.226205836954068, 3362.240125325206, 1.4222105956240405
2100-Jul-15 15:00:00, 5125.8450232380201, 1.8409301000199219, 1763.7361657022302, 4.1965396438147913, 3362.1088575357903, 1.422155070011945
2100-Jul-15 16:00:00, 5113.4180604248104, 1.8364669978795036, 1751.4405249024314, 4.1672840527202366, 3361.9775355223787, 1.4220995214633729
2100-Jul-15 17:00:00, 5102.2288966646847, 1.8324484471299816, 1740.3827372252181, 4.140973743240453, 3361.8461594394666, 1.422043950043675
2100-Jul-15 18:00:00, 5092.536887749292, 1.8289675945366783, 1730.8221580332404, 4.1182258116749679, 3361.7147297160518, 1.4219883559343156
2100-Jul-15 19:00:00, 5084.8475283343814, 1.8262059868149063, 1723.2642812618619, 4.1002430032986776, 3361.583247072519, 1.4219327394400132
2100-Jul-15 20:00:00, 5079.9593836668028, 1.8244504260027863, 1718.5076711434999, 4.0889253792004441, 3361.4517125233028, 1.421877100989869
2100-Jul-15 21:00:00, 5078.08595859858, 1.8237775916539936, 1716.7658312447497, 4.0847809383648883, 3361.3201273538302, 1.421821441127612
2100-Jul-15 22:00:00, 5078.8359226053108, 1.8240469387192408, 1717.6474295165324, 4.0868785662127483, 3361.1884930887782, 1.4217657604981726
2100-Jul-15 23:00:00, 5081.6817856603102, 1.8250690209192941, 1720.6249742078476, 4.0939631770413518, 3361.0568114524622, 1.4217100598309278
2100-Jul-16 00:00:00, 5086.0736256454893, 1.8266463355643008, 1725.1485413459216, 4.1047263111174894, 3360.925084299568, 1.4216543399104002
2100-Jul-16 01:00:00, 5091.6643989274071, 1.8286542430937733, 1730.8710853796915, 4.1183422267902454, 3360.7933135477151, 1.4215986015477335
2100-Jul-16 02:00:00, 5098.1507897257816, 1.8309838086594674, 1737.4892886178977, 4.1340892261431206, 3360.6615011078843, 1.4215428455512624
2100-Jul-16 03:00:00, 5105.4120458883035, 1.8335916645296588, 1744.882397080318, 4.151679993604203, 3360.5296488079853, 1.4214870726941837
2100-Jul-16 04:00:00, 5113.4652192161348, 1.8364839348017157, 1753.067460886303, 4.171155097316948, 3360.397758329832, 1.4214312836878964
2100-Jul-16 05:00:00, 5122.0712927244813, 1.8395747773247872, 1761.8054615958451, 4.1919458295695096, 3360.2658311286359, 1.4213754791479474
2100-Jul-16 06:00:00, 5130.9291404922487, 1.8427560437312336, 1770.7952720908136, 4.2133357045781095, 3360.1338684014349, 1.4213196595806776
2100-Jul-16 07:00:00, 5138.98081912007, 1.8456477771867801, 1778.9789480742445, 4.2328075061799826, 3360.0018710458257, 1.4212638253657659
2100-Jul-16 08:00:00, 5146.0602832944542, 1.8481903430723174, 1786.1904436629168, 4.2499661536679474, 3359.8698396315376, 1.4212079767442052
2100-Jul-16 09:00:00, 5150.4245851537644, 1.8497577674915016, 1790.6868107524854, 4.2606645694012357, 3359.7377744012788, 1.4211521138186596
2100-Jul-16 10:00:00, 5152.3642922104582, 1.8504544067948165, 1792.7586169169165, 4.2655941143481542, 3359.6056752935419, 1.4210962365631117
2100-Jul-16 11:00:00, 5151.7618646948904, 1.8502380469670299, 1792.2883227413392, 4.2644751215019205, 3359.4735419535514, 1.4210403448274935
2100-Jul-16 12:00:00, 5148.5463441535521, 1.8490832035168385, 1789.2049703645637, 4.2571387575169828, 3359.3413737889882, 1.4209844383612569
2100-Jul-16 13:00:00, 5143.6002424135659, 1.8473068276159632, 1784.3910724047298, 4.2456848257880964, 3359.2091700088358, 1.4209285168298058
2100-Jul-16 14:00:00, 5137.8207550384859, 1.8452311440509637, 1778.7438253374128, 4.232248067696232, 3359.0769297010729, 1.42087257984736
2100-Jul-16 15:00:00, 5132.2373122750896, 1.8432258692527059, 1773.2926603937485, 4.2192778569380076, 3358.9446518813411, 1.4208166269975406
2100-Jul-16 16:00:00, 5127.400102100165, 1.8414886013933049, 1768.5877665396188, 4.2080832837570838, 3358.8123355605462, 1.4207606578619663
2100-Jul-16 17:00:00, 5123.533113249433, 1.8400997852782097, 1764.8531334327922, 4.1991972971834279, 3358.6799798166408, 1.4207046720506149
2100-Jul-16 18:00:00, 5120.5796093919162, 1.8390390442438673, 1762.0320255624556, 4.1924849037724599, 3358.547583829461, 1.4206486692165619
2100-Jul-16 19:00:00, 5118.9246850206046, 1.8384446836897359, 1760.5095380738667, 4.188862378347558, 3358.4151469467379, 1.4205926490839005
2100-Jul-16 20:00:00, 5118.8199447793013, 1.8384070665823078, 1760.5372760845617, 4.1889283766889118, 3358.2826686947396, 1.4205366114522446
2100-Jul-16 21:00:00, 5120.3460202333972, 1.8389551514786733, 1762.195871417711, 4.1928747498505894, 3358.150148815686, 1.4204805562125544
2100-Jul-16 22:00:00, 5123.3082200654762, 1.8400190156432015, 1765.2906327993542, 4.2002382598124335, 3358.0175872661221, 1.4204244833464488
2100-Jul-16 23:00:00, 5127.5061779618682, 1.8415266981843335, 1769.6211937577541, 4.2105421652917689, 3357.8849842041136, 1.4203683929207889
2100-Jul-17 00:00:00, 5132.7925320895811, 1.8434252745925066, 1775.0401921006196, 4.2234358405578467, 3357.752339988961, 1.4203122850875567
2100-Jul-17 01:00:00, 5139.014141523453, 1.8456597448165297, 1781.3944863941335, 4.2385549090612589, 3357.6196551293192, 1.4202561600619108
2100-Jul-17 02:00:00, 5146.0589761602805, 1.8481898736194498, 1788.5720458968058, 4.2556328108384847, 3357.4869302634747, 1.4202000181138432
2100-Jul-17 03:00:00, 5154.1990460589386, 1.8511133525043497, 1796.8448799412822, 4.2753167503694991, 3357.3541661176569, 1.4201438595505451
2100-Jul-17 04:00:00, 5163.8130990031859, 1.8545662074712894, 1806.591735540328, 4.2985078980702376, 3357.2213634628579, 1.4200876846981427
2100-Jul-17 05:00:00, 5174.8921817456248, 1.8585452229914041, 1817.8036586672861, 4.3251849492078431, 3357.0885230783388, 1.420031493886259
2100-Jul-17 06:00:00, 5185.7444408486072, 1.8624427755598731, 1828.7887951364407, 4.351322396282967, 3356.9556457121662, 1.4199752874313227
2100-Jul-17 07:00:00, 5194.2834468701767, 1.8655095310193326, 1837.4607148003872, 4.3719558988245666, 3356.8227320697897, 1.4199190656317353
2100-Jul-17 08:00:00, 5198.8013283007385, 1.8671321130279843, 1842.1115455196336, 4.3830218370694842, 3356.6897827811044, 1.4198628287539392
2100-Jul-17 09:00:00, 5198.8016943017919, 1.8671322444760388, 1842.2448959181361, 4.3833391238863655, 3356.5567983836563, 1.4198065770253137
2100-Jul-17 10:00:00, 5195.0959474840129, 1.8658013378979086, 1838.6721681378001, 4.3748383662003265, 3356.423779346213, 1.4197503106441451
2100-Jul-17 11:00:00, 5186.8592436107429, 1.8628431532441567, 1830.568517549807, 4.355556972750759, 3356.2907260609354, 1.4196940297763156
2100-Jul-17 12:00:00, 5174.3678675732717, 1.8583569173096333, 1818.2102287069799, 4.3261523202482186, 3356.157638866292, 1.4196377345649958
2100-Jul-17 13:00:00, 5157.6833820202055, 1.8523647401137289, 1801.6588639516108, 4.286770886842338, 3356.0245180685947, 1.4195814251397536
2100-Jul-17 14:00:00, 5139.8342537309982, 1.8459542853735345, 1783.942889754713, 4.2446184439249581, 3355.891363976285, 1.4195251016310586
2100-Jul-17 15:00:00, 5123.5925329492202, 1.8401211256646974, 1767.834356038958, 4.2062906590462159, 3355.7581769102626, 1.4194687641746495
2100-Jul-17 16:00:00, 5110.195903520349, 1.8353097710016877, 1754.5709462461148, 4.1747324100914085, 3355.624957274234, 1.4194124129412924
2100-Jul-17 17:00:00, 5099.7392802558988, 1.8315543097216791, 1744.2475747251617, 4.1501695311937823, 3355.4917055307369, 1.4193560481266383
2100-Jul-17 18:00:00, 5091.8900290078718, 1.8287352773826984, 1736.531606754141, 4.1318105690596116, 3355.3584222537311, 1.419299669973469
2100-Jul-17 19:00:00, 5086.1902551682624, 1.8266882226674126, 1730.9651470522983, 4.1185660321108672, 3355.2251081159638, 1.4192432787663536
2100-Jul-17 20:00:00, 5082.7742960709629, 1.8254613923800851, 1727.682532181896, 4.1107555535898159, 3355.0917638890669, 1.4191868748316883
2100-Jul-17 21:00:00, 5081.5030469224721, 1.8250048274992758, 1726.5446564987435, 4.108048152955333, 3354.9583904237284, 1.4191304585293096
2100-Jul-17 22:00:00, 5082.3592693558612, 1.825312336923145, 1727.5342807449858, 4.1104028120379077, 3354.8249886108752, 1.4190740302360756
2100-Jul-17 23:00:00, 5085.1954062897285, 1.8263309260193163, 1730.5038469533081, 4.1174684392901533, 3354.6915593364206, 1.4190175903267228
2100-Jul-18 00:00:00, 5089.6403577069059, 1.8279273154575282, 1735.0822542638875, 4.1283620571441189, 3354.5581034430184, 1.4189611391576895
2100-Jul-18 01:00:00, 5095.5136603334204, 1.830036692456376, 1741.0890386889412, 4.1426542792245966, 3354.4246216444794, 1.4189046770309142
2100-Jul-18 02:00:00, 5102.5918692306805, 1.8325788075133316, 1748.3007547380812, 4.1598134512644247, 3354.2911144925988, 1.4188482041798034
2100-Jul-18 03:00:00, 5110.5906514464077, 1.8354515433993523, 1756.4330691430041, 4.1791630458692604, 3354.1575823034036, 1.4187917207380349
2100-Jul-18 04:00:00, 5119.1880987255181, 1.8385392878410387, 1765.1640736163597, 4.1999371316510601, 3354.0240251091586, 1.4187352267192568
2100-Jul-18 05:00:00, 5128.2677710048401, 1.8418002217790612, 1774.3773283764911, 4.2218586580115876, 3353.8904426283493, 1.4186787220043895
2100-Jul-18 06:00:00, 5137.6563182840509, 1.8451720871404609, 1783.8994840549938, 4.2445151667210421, 3353.7568342290574, 1.4186222063261351
2100-Jul-18 07:00:00, 5146.7473548929665, 1.8484371025394561, 1793.1241559630414, 4.2664638584336112, 3353.6231989299254, 1.4185656792693839
2100-Jul-18 08:00:00, 5154.8075341855447, 1.851331888980325, 1801.3179987798937, 4.2859598504559875, 3353.4895354056512, 1.4185091402735404
2100-Jul-18 09:00:00, 5161.4520784671231, 1.8537182548406697, 1808.096236457445, 4.3020876272075164, 3353.3558420096779, 1.4184525886421187
2100-Jul-18 10:00:00, 5166.3422639282926, 1.8554745485969839, 1813.1201471153386, 4.3140412519348521, 3353.222116812954, 1.4183960235591402
2100-Jul-18 11:00:00, 5169.0970300957888, 1.8564639136545049, 1816.00867242917, 4.3209140548105758, 3353.0883576666188, 1.4183394441156476
2100-Jul-18 12:00:00, 5170.2589046683206, 1.8568811970220911, 1817.3043424048597, 4.3239969027580276, 3352.954562263461, 1.418282849335702
2100-Jul-18 13:00:00, 5168.3278563306694, 1.856187667468767, 1815.5071281236117, 4.3197207070739161, 3352.820728207058, 1.418226238205629
2100-Jul-18 14:00:00, 5162.0490567895122, 1.8539326576089474, 1809.3622037026348, 4.305099802064233, 3352.6868530868778, 1.4181696097057854
2100-Jul-18 15:00:00, 5153.3317731855514, 1.8508018743519064, 1800.7788386090167, 4.2846770015381903, 3352.5529345765349, 1.4181129628521223
2100-Jul-18 16:00:00, 5144.6704845732074, 1.8476912015088653, 1792.2515140755963, 4.2643875409283458, 3352.4189704976116, 1.4180562967231796
2100-Jul-18 17:00:00, 5137.6509572416617, 1.8451701617400134, 1785.3659983591349, 4.2480045125400068, 3352.284958882527, 1.4179996104866808
2100-Jul-18 18:00:00, 5133.1512279706703, 1.8435540990187733, 1781.0003299171312, 4.2376170741890302, 3352.1508980535391, 1.4179429034329494
2100-Jul-18 19:00:00, 5131.4150143952447, 1.8429305437188035, 1779.3982277366135, 4.2338051178178189, 3352.0167866586316, 1.4178861749900893
2100-Jul-18 20:00:00, 5132.2563572110721, 1.8432327091777805, 1780.3737334934258, 4.2361261841206135, 3351.8826237176468, 1.4178294247434988
2100-Jul-18 21:00:00, 5135.4697570500812, 1.8443867909848215, 1783.7213484147685, 4.2440913202916732, 3351.7484086353124, 1.4177726524413807
2100-Jul-18 22:00:00, 5140.6347666635065, 1.8462417869164465, 1789.0206254518187, 4.2567001370761748, 3351.6141412116881, 1.4177158579991613
2100-Jul-18 23:00:00, 5147.1215537608641, 1.8485714948115952, 1795.6417321432143, 4.2724540447505159, 3351.4798216176496, 1.4176590414891201
2100-Jul-19 00:00:00, 5154.5098565679637, 1.8512249790593611, 1803.1644061822581, 4.2903530936254217, 3351.3454503857051, 1.4176022031365054
2100-Jul-19 01:00:00, 5162.6494726667406, 1.8541482949635513, 1811.4384443088286, 4.3100398980850692, 3351.2110283579123, 1.4175453432975034
2100-Jul-19 02:00:00, 5171.3954766066527, 1.8572893930332128, 1820.3189199682936, 4.3311696276248837, 3351.0765566383593, 1.4174884624391377
2100-Jul-19 03:00:00, 5180.6091080481056, 1.8605984379563747, 1829.6670715046164, 4.353412120170784, 3350.9420365434894, 1.4174315611182573
2100-Jul-19 04:00:00, 5190.1932300146118, 1.8640405433127434, 1839.3857604687933, 4.3765362496846985, 3350.8074695458185, 1.4173746399577287
2100-Jul-19 05:00:00, 5199.8068702872906, 1.8674932500700692, 1849.1340130796577, 4.3997307213607533, 3350.6728572076327, 1.4173176996183914
2100-Jul-19 06:00:00, 5209.1603038514177, 1.8708525044581115, 1858.6221027017639, 4.4223061751148487, 3350.538201149654, 1.4172607407858024
2100-Jul-19 07:00:00, 5217.2810794635334, 1.8737690538645171, 1866.8775764662421, 4.441948808522727, 3350.4035029972911, 1.4172037641475015
2100-Jul-19 08:00:00, 5223.5795030305435, 1.8760311116276016, 1873.3107386841805, 4.4572555311537281, 3350.2687643463632, 1.4171467703785121
2100-Jul-19 09:00:00, 5226.8533959136175, 1.8772069193091387, 1876.7194091636281, 4.4653659396591907, 3350.1339867499896, 1.4170897601357959
2100-Jul-19 10:00:00, 5225.6430466914298, 1.8767722264332207, 1875.643874976498, 4.4628068710511188, 3349.9991717149323, 1.4170327340567055
2100-Jul-19 11:00:00, 5218.2734105396621, 1.8741254462522987, 1868.4090898516365, 4.4455928096844772, 3349.8643206880256, 1.4169756927532444
2100-Jul-19 12:00:00, 5205.9687068531748, 1.8697062530684261, 1856.2392717746393, 4.4166365944572421, 3349.729435078536, 1.4169186368215254
2100-Jul-19 13:00:00, 5191.7595479009142, 1.864603081144071, 1842.1650316229807, 4.3831490990474684, 3349.5945162779335, 1.4168615668501332
2100-Jul-19 14:00:00, 5178.179021104499, 1.8597256803564337, 1828.7194554222581, 4.3511574130699913, 3349.4595656822412, 1.4168044834295788
2100-Jul-19 15:00:00, 5165.9344034874139, 1.855328066883468, 1816.6098187715384, 4.3223443903145702, 3349.3245847158751, 1.4167473871623826
2100-Jul-19 16:00:00, 5155.231505539331, 1.8514841568743392, 1806.0419306708147, 4.2971997217249642, 3349.189574868516, 1.4166902786786721
2100-Jul-19 17:00:00, 5146.4195475851775, 1.8483193716410034, 1797.3650098855837, 4.2765543197824547, 3349.0545376995933, 1.4166331586380783
2100-Jul-19 18:00:00, 5140.1529990808776, 1.8460687617001057, 1791.2335242091674, 4.2619653902039092, 3348.9194748717105, 1.4165760277438737
2100-Jul-19 19:00:00, 5136.1682625459107, 1.8446376568979486, 1787.3838744075881, 4.2528057390489993, 3348.7843881383228, 1.4165188867377614
2100-Jul-19 20:00:00, 5134.2572427704345, 1.8439513205357567, 1785.6079634242274, 4.2485802312942198, 3348.6492793462075, 1.4164617364009189
2100-Jul-19 21:00:00, 5134.2591959521806, 1.8439520220144499, 1785.7450455399082, 4.2489063971596703, 3348.5141504122726, 1.416404577544188
2100-Jul-19 22:00:00, 5136.2679278626338, 1.8446734513631833, 1787.8889245650446, 4.2540074284224421, 3348.3790032975894, 1.4163474109970926
2100-Jul-19 23:00:00, 5140.2188619740018, 1.8460924161379355, 1791.9750220186913, 4.2637296704936603, 3348.2438399553107, 1.4162902375858064
2100-Jul-20 00:00:00, 5145.7622766513523, 1.8480833149829379, 1797.6536143640228, 4.2772410098660991, 3348.108662287329, 1.4162330581148199
2100-Jul-20 01:00:00, 5152.4381860962585, 1.8504809455368114, 1804.4647140054874, 4.2934469766196344, 3347.9734720907709, 1.4161758733443091
2100-Jul-20 02:00:00, 5159.8324958759222, 1.8531365871686871, 1811.9942248825519, 4.3113622927018191, 3347.8382709933699, 1.4161186839627966
2100-Jul-20 03:00:00, 5167.5270156208044, 1.8559000482057131, 1819.8239552036612, 4.3299919348965359, 3347.7030604171428, 1.4160614905717885
2100-Jul-20 04:00:00, 5175.2160003528052, 1.8586615213613709, 1827.6481588476413, 4.3486084272108325, 3347.5678415051639, 1.4160042936547996
2100-Jul-20 05:00:00, 5182.7739918228044, 1.861375948725003, 1835.3413767029895, 4.3669132589346962, 3347.4326151198152, 1.415947093576613
2100-Jul-20 06:00:00, 5190.1824831158974, 1.8640366836000062, 1842.8851013279095, 4.3848623944494713, 3347.2973817879883, 1.4158898905601012
2100-Jul-20 07:00:00, 5197.0910452311737, 1.8665178705824865, 1849.9289035129568, 4.4016220412081868, 3347.1621417182168, 1.4158326846934728
2100-Jul-20 08:00:00, 5202.8781160417175, 1.868596277712975, 1855.8512212598584, 4.4157132877854464, 3347.026894781859, 1.4157754759223129
2100-Jul-20 09:00:00, 5206.8792307031281, 1.8700332646644784, 1859.9875901472813, 4.4255551430215441, 3346.8916405558471, 1.4157182640676664
2100-Jul-20 10:00:00, 5208.6104506586908, 1.8706550265225723, 1861.8540723133351, 4.4299961510116477, 3346.7563783453561, 1.4156610488356254
2100-Jul-20 11:00:00, 5207.6229125633345, 1.8703003555178082, 1861.0018053242145, 4.4279683124513749, 3346.6211072391197, 1.4156038298407292
2100-Jul-20 12:00:00, 5204.6741247041282, 1.8692413082184896, 1858.1882985505911, 4.4212740046840047, 3346.4858261535369, 1.4155466066246196
2100-Jul-20 13:00:00, 5200.7733497494492, 1.8678403579371374, 1854.4228158451253, 4.4123146162228091, 3346.3505339043236, 1.4154893786863509
2100-Jul-20 14:00:00, 5196.4859792829375, 1.8663005631704295, 1850.2707500065474, 4.402435412499397, 3346.2152292763903, 1.4154321455119461
2100-Jul-20 15:00:00, 5192.3289398198649, 1.8648075763477989, 1846.2490287314015, 4.3928663436694206, 3346.0799110884632, 1.4153749066017323
2100-Jul-20 16:00:00, 5188.6372432077223, 1.8634817158540413, 1842.6926649619627, 4.3844045216370224, 3345.9445782457601, 1.4153176614926222
2100-Jul-20 17:00:00, 5185.7476371899611, 1.8624439235151822, 1839.9384073855501, 4.3778511882454092, 3345.8092298044112, 1.4152604097853638
2100-Jul-20 18:00:00, 5183.6970969717768, 1.8617074788525279, 1838.0232319473294, 4.37329432208388, 3345.6738650244474, 1.4152031511669538
2100-Jul-20 19:00:00, 5182.5086230161187, 1.8612806424054364, 1836.9701396266605, 4.3707886504544025, 3345.5384833894582, 1.4151458854189531
2100-Jul-20 20:00:00, 5182.1235664329824, 1.8611423506211759, 1836.7204817914098, 4.3701946279336923, 3345.4030846415726, 1.4150886124322837
2100-Jul-20 21:00:00, 5182.6146658129874, 1.8613187273213401, 1837.3469970162232, 4.3716853248018008, 3345.2676687967642, 1.4150313322137023
2100-Jul-20 22:00:00, 5183.9198501716328, 1.8617874799194021, 1838.7876140416333, 4.3751130520187465, 3345.1322361299999, 1.4149740448795185
2100-Jul-20 23:00:00, 5186.0213797992037, 1.8625422372579366, 1841.0245926345699, 4.3804355994213422, 3344.9967871646336, 1.4149167506511082
2100-Jul-21 00:00:00, 5188.8026233921883, 1.863541111594285, 1843.9413007361843, 4.3873754589172709, 3344.8613226560042, 1.4148594498479763
2100-Jul-21 01:00:00, 5191.9330825625839, 1.8646654055375351, 1847.2072390200083, 4.3951462580587979, 3344.7258435425756, 1.4148021428670881
2100-Jul-21 02:00:00, 5195.1476658149504, 1.8658199123635264, 1850.5573148972849, 4.4031172496969839, 3344.5903509176655, 1.4147448301709113
2100-Jul-21 03:00:00, 5198.3160855773676, 1.8669578397264663, 1853.861239588151, 4.4109784316668383, 3344.4548459892162, 1.4146875122703995
2100-Jul-21 04:00:00, 5201.3866417531835, 1.8680606197095198, 1857.0673117088472, 4.4186067884568541, 3344.3193300443363, 1.4146301897099933
2100-Jul-21 05:00:00, 5204.2985307629024, 1.8691064149104293, 1860.1147263720293, 4.4258576441652497, 3344.1838043908733, 1.4145728630429055
2100-Jul-21 06:00:00, 5207.5651387879425, 1.870279606259563, 1863.5168684509752, 4.4339525193431948, 3344.0482703369676, 1.4145155328224728
2100-Jul-21 07:00:00, 5211.2342724703476, 1.8715973633525524, 1867.3215433054954, 4.4430051595108715, 3343.912729164852, 1.4144581995910732
2100-Jul-21 08:00:00, 5215.0265430426598, 1.8729593446478003, 1871.2493609445917, 4.4523507990439697, 3343.7771820980684, 1.4144008638662589
2100-Jul-21 09:00:00, 5218.7027716968023, 1.8742796498761647, 1875.0611414024356, 4.4614203459047337, 3343.6416302943667, 1.4143435261377522
2100-Jul-21 10:00:00, 5222.0680867362853, 1.8754882915194737, 1878.5620119001646, 4.4697501302099347, 3343.5060748361207, 1.4142861868633916
2100-Jul-21 11:00:00, 5224.6556076488996, 1.8764175910029477, 1881.2850909320414, 4.4762292790377085, 3343.3705167168578, 1.4142288464634343
2100-Jul-21 12:00:00, 5226.1087133829496, 1.8769394690683587, 1882.8737565075148, 4.4800092650684329, 3343.2349568754353, 1.4141715053350121
2100-Jul-21 13:00:00, 5226.2194366566073, 1.8769792349618506, 1883.1200404816907, 4.480595260004276, 3343.0993961749164, 1.4141141638431967
2100-Jul-21 14:00:00, 5224.9058391381168, 1.8765074608055625, 1881.9420036994975, 4.4777923021954606, 3342.9638354386188, 1.4140568223362469
2100-Jul-21 15:00:00, 5222.4910837270763, 1.8756402094742763, 1879.6628082688405, 4.4723693063036993, 3342.828275458236, 1.4139994811490453
2100-Jul-21 16:00:00, 5218.761805604955, 1.8743008517068771, 1876.0690885911079, 4.4638186016180255, 3342.692717013847, 1.4139421406115613
2100-Jul-21 17:00:00, 5214.3979734808727, 1.8727335959915292, 1871.8408125892629, 4.4537580675019903, 3342.5571608916102, 1.4138848010563361
2100-Jul-21 18:00:00, 5210.2356041126777, 1.8712386949512962, 1867.8139962054645, 4.4441768756425803, 3342.4216079072135, 1.4138274628284011
2100-Jul-21 19:00:00, 5206.8968933796677, 1.870039608155696, 1864.6108344626903, 4.4365554436503691, 3342.2860589169777, 1.4137701262899762
2100-Jul-21 20:00:00, 5204.801894707336, 1.8692871963878974, 1862.6513798730161, 4.4318932220405127, 3342.1505148343203, 1.4137127918274321
2100-Jul-21 21:00:00, 5204.3322828816854, 1.8691185368710281, 1862.3173062497744, 4.4310983451019155, 3342.0149766319105, 1.4136554598522033
2100-Jul-21 22:00:00, 5205.5888385373746, 1.8695698246330306, 1863.7093931782151, 4.4344106023977856, 3341.8794453591595, 1.4135981308081849
2100-Jul-21 23:00:00, 5208.3205125339728, 1.8705508962145905, 1866.5765904050986, 4.4412326583624102, 3341.7439221288741, 1.4135408051660889
2100-Jul-22 00:00:00, 5212.2672329954257, 1.8719683476710653, 1870.658824874715, 4.4509457090557216, 3341.6084081207105, 1.4134834834249039
2100-Jul-22 01:00:00, 5217.1150982140744, 1.873709442253791, 1875.6421936485833, 4.4628028705892664, 3341.4729045654913, 1.4134261661052616
2100-Jul-22 02:00:00, 5222.7379364928911, 1.8757288658196791, 1881.4005237618128, 4.4765039337484032, 3341.3374127310781, 1.413368853743461
2100-Jul-22 03:00:00, 5229.5956482037527, 1.8781917900494502, 1888.3937143028745, 4.4931431578642345, 3341.2019339008784, 1.4133115468823771
2100-Jul-22 04:00:00, 5237.0266748921431, 1.8808606184363192, 1895.96020552305, 4.5111464629999549, 3341.0664693690933, 1.4132542460694504
2100-Jul-22 05:00:00, 5244.453649240364, 1.883527991438767, 1903.52262884527, 4.5291400891965186, 3340.931020395094, 1.4131969518373886
2100-Jul-22 06:00:00, 5251.5037028505085, 1.8860599946185022, 1910.7081146360704, 4.5462368503604287, 3340.7955882144379, 1.4131396647088259
2100-Jul-22 07:00:00, 5257.8749531963722, 1.8883482078756899, 1917.2147792040801, 4.5617184605579411, 3340.6601739922921, 1.4130823851766228
2100-Jul-22 08:00:00, 5262.8110754819854, 1.890120999688897, 1922.2862966391099, 4.5737853583084487, 3340.5247788428755, 1.4130251137120875
2100-Jul-22 09:00:00, 5265.6335190376594, 1.8911346708540788, 1925.2441152404904, 4.580823033932095, 3340.3894037971686, 1.4129678507513199
2100-Jul-22 10:00:00, 5266.0048091785056, 1.891268018466624, 1925.7507593521866, 4.5820285158751339, 3340.2540498263188, 1.4129105967051105
2100-Jul-22 11:00:00, 5264.4760237244054, 1.8907189602828187, 1924.3573058832967, 4.5787130071058959, 3340.1187178411087, 1.4128533519587159
2100-Jul-22 12:00:00, 5261.6249090966248, 1.8896949919979618, 1921.6415003972365, 4.5722511645646087, 3339.9834086993878, 1.4127961168750016
2100-Jul-22 13:00:00, 5257.8612869265253, 1.8883432996805725, 1918.0131636813639, 4.5636180939470394, 3339.8481232451618, 1.412738891810978
2100-Jul-22 14:00:00, 5253.227330370466, 1.8866790296787366, 1913.514468071653, 4.5529141378572744, 3339.7128622988134, 1.4126816771136632
2100-Jul-22 15:00:00, 5248.3234857150992, 1.884917830268501, 1908.7458589956268, 4.541567964079956, 3339.5776267194724, 1.4126244731464641
2100-Jul-22 16:00:00, 5243.952906328208, 1.8833481512962771, 1904.5104889233562, 4.5314905507115943, 3339.4424174048513, 1.4125672802891092
2100-Jul-22 17:00:00, 5240.5423362605779, 1.8821232564609354, 1901.2351009331239, 4.523697267443282, 3339.3072353274538, 1.412510098952962
2100-Jul-22 18:00:00, 5238.1341707069223, 1.8812583718548932, 1898.9620891622953, 4.5182889846214902, 3339.1720815446274, 1.4124529295852757
2100-Jul-22 19:00:00, 5236.7886960692576, 1.8807751491378464, 1897.7517388560666, 4.5154091417392248, 3339.0369572131913, 1.4123957726753789
2100-Jul-22 20:00:00, 5236.7999538524, 1.8807791923330175, 1897.8980902387837, 4.5157573624036544, 3338.9018636136166, 1.412338628764904
2100-Jul-22 21:00:00, 5238.5098896012423, 1.8813933100394393, 1899.7430874782108, 4.5201472503067022, 3338.766802123032, 1.4122814984363701
2100-Jul-22 22:00:00, 5241.8569463968252, 1.8825953942955045, 1903.2251721711909, 4.5284323366713028, 3338.6317742256338, 1.4122243823175842
2100-Jul-22 23:00:00, 5246.802999119016, 1.8843717525918025, 1908.3062176335504, 4.5405219049012127, 3338.4967814854658, 1.4121672810701293
2100-Jul-23 00:00:00, 5252.886822401505, 1.8865567373802932, 1914.5249968682019, 4.555318536110482, 3338.3618255333031, 1.4121101953838147
2100-Jul-23 01:00:00, 5259.8511014325286, 1.8890579349067549, 1921.6241934028401, 4.5722099852263876, 3338.2269080296883, 1.4120531259610418
2100-Jul-23 02:00:00, 5267.4788065621979, 1.8917973996981454, 1929.3867759152208, 4.590679859510912, 3338.092030646977, 1.4119960735092085
2100-Jul-23 03:00:00, 5275.4584555600577, 1.8946632639529475, 1937.5012605342008, 4.6099870308752395, 3337.9571950258564, 1.4119390387223174
2100-Jul-23 04:00:00, 5283.4869862271462, 1.8975466838958002, 1945.6645834664359, 4.6294104055140126, 3337.8224027607098, 1.4118820222747841
2100-Jul-23 05:00:00, 5291.0997377697113, 1.9002807781563849, 1953.4120824020088, 4.6478443907413887, 3337.6876553677025, 1.4118250248079391
2100-Jul-23 06:00:00, 5297.6512715604349, 1.9026337396099524, 1960.0983172976046, 4.66375326098676, 3337.5529542628306, 1.4117680469207419
2100-Jul-23 07:00:00, 5302.3238764077769, 1.9043118900163682, 1964.9055756520995, 4.6751913947932788, 3337.4183007556771, 1.4117110891671392
2100-Jul-23 08:00:00, 5304.0232035019581, 1.904922197659942, 1966.7395074557082, 4.6795549541892685, 3337.2836960462496, 1.4116541520547281
2100-Jul-23 09:00:00, 5302.4806781009802, 1.9043682048201602, 1965.3315368761878, 4.6762049041822538, 3337.1491412247924, 1.4115972360446765
2100-Jul-23 10:00:00, 5296.8535038254404, 1.9023472239955477, 1959.8388665416653, 4.6631359377135349, 3337.0146372837753, 1.4115403415567942
2100-Jul-23 11:00:00, 5289.239665098612, 1.8996127392763704, 1952.3594799570262, 4.6453398846959582, 3336.8801851415856, 1.4114834689795543
2100-Jul-23 12:00:00, 5280.9064868096912, 1.8966199061588338, 1944.1607011428923, 4.6258321482252471, 3336.7457856667988, 1.4114266186803599
2100-Jul-23 13:00:00, 5272.5491154331394, 1.8936183841747727, 1935.9376757261628, 4.6062667206831618, 3336.6114397069764, 1.4113697910177252
2100-Jul-23 14:00:00, 5262.1433994664403, 1.889881206080525, 1925.6662513573287, 4.5818274420651521, 3336.4771481091111, 1.4113129863499241
2100-Jul-23 15:00:00, 5250.5706160703348, 1.8857248796215087, 1914.2277043060292, 4.5546111740643722, 3336.3429117643059, 1.4112562050538882
2100-Jul-23 16:00:00, 5239.218453441541, 1.8816477883733487, 1903.0097218119795, 4.5279197055922973, 3336.208731629561, 1.4111994475344238
2100-Jul-23 17:00:00, 5229.1579567210474, 1.8780345946170129, 1893.0833479860455, 4.5043014218093189, 3336.0746087350017, 1.4111427142272692
2100-Jul-23 18:00:00, 5221.0840913086377, 1.8751348928519709, 1885.143547096885, 4.4854098835830829, 3335.9405442117522, 1.4110860056108838
2100-Jul-23 19:00:00, 5215.3796106271502, 1.8730861476901637, 1879.5730713406213, 4.4721557910489187, 3335.8065392865292, 1.4110293222041626
2100-Jul-23 20:00:00, 5211.953959239655, 1.8718558364492219, 1876.2813639682181, 4.4643236783141731, 3335.6725952714369, 1.4109726645621192
2100-Jul-23 21:00:00, 5210.4628744749434, 1.8713203183419451, 1874.9241609226201, 4.4610944218662336, 3335.5387135523233, 1.4109160332709603
2100-Jul-23 22:00:00, 5210.6020771049025, 1.8713703125010217, 1875.1971815582169, 4.4617440325864433, 3335.4048955466856, 1.4108594289302798
2100-Jul-23 23:00:00, 5212.0213400342718, 1.871880036036297, 1876.7501973620399, 4.4654391954543087, 3335.2711426722321, 1.4108028521397615
2100-Jul-24 00:00:00, 5214.3465930576112, 1.8727151428843234, 1879.2091367405326, 4.4712898644966783, 3335.1374563170784, 1.410746303486571
2100-Jul-24 01:00:00, 5217.5161671375445, 1.8738534848165393, 1882.5123293673573, 4.4791493046324469, 3335.0038377701867, 1.4106897835159331
2100-Jul-24 02:00:00, 5221.5662547804941, 1.875308060250604, 1886.6959665914139, 4.4891036276244591, 3334.8702881890799, 1.4106332927174738
2100-Jul-24 03:00:00, 5226.386211585258, 1.8770391316198045, 1891.6494030382407, 4.5008895697775184, 3334.7368085470175, 1.4105768315028773
2100-Jul-24 04:00:00, 5231.7624568939864, 1.8789699921450562, 1897.1590572908881, 4.5139989468740307, 3334.6033996030983, 1.4105204001932383
2100-Jul-24 05:00:00, 5237.3960077768634, 1.8809932631068715, 1902.9259459251696, 4.5277203737211078, 3334.470061851694, 1.4104639989976735
2100-Jul-24 06:00:00, 5243.1688121559955, 1.8830665464962233, 1908.8320166245383, 4.541772962941109, 3334.336795531457, 1.410407628017132
2100-Jul-24 07:00:00, 5248.8416403680749, 1.8851039237794838, 1914.6380397811045, 4.5555875043806084, 3334.20360058697, 1.4103512872281723
2100-Jul-24 08:00:00, 5254.114252419582, 1.886997564766939, 1920.0437757271643, 4.5684496238079788, 3334.0704766924173, 1.410294976492976
2100-Jul-24 09:00:00, 5258.6061783150326, 1.8886108249319471, 1924.6687550604299, 4.5794540526456364, 3333.9374232546029, 1.4102386955606241
2100-Jul-24 10:00:00, 5261.8465649762611, 1.8897745989659482, 1928.0421255221511, 4.5874804701740484, 3333.8044394541103, 1.4101824440845079
2100-Jul-24 11:00:00, 5263.0250231749687, 1.8901978382874223, 1929.353498899864, 4.5906006819576657, 3333.6715242751043, 1.410126221634934
2100-Jul-24 12:00:00, 5261.1165296704849, 1.8895124092270099, 1927.5778531181222, 4.5863758052094559, 3333.5386765523626, 1.4100700277190192
2100-Jul-24 13:00:00, 5257.033656359542, 1.8880460589299159, 1923.6277613381912, 4.5769771677751621, 3333.4058950213507, 1.4100138618018718
2100-Jul-24 14:00:00, 5251.8395349420416, 1.8861806075912029, 1918.5663565517141, 4.5649343315205746, 3333.2731783903273, 1.4099577233370919
2100-Jul-24 15:00:00, 5246.4320117598845, 1.8842385137222979, 1913.291486385413, 4.5523835871409331, 3333.1405253744715, 1.4099016117812069
2100-Jul-24 16:00:00, 5241.1043284243842, 1.8823250940673466, 1908.0963936475061, 4.5400226609140555, 3333.0079347768783, 1.4098455266279315
2100-Jul-24 17:00:00, 5236.0490309869865, 1.8805095008968806, 1903.1736254624795, 4.5283096891853454, 3332.8754055245067, 1.4097894674233753
2100-Jul-24 18:00:00, 5231.5549648840251, 1.8788954720835016, 1898.8120281628014, 4.5179319374930067, 3332.7429367212239, 1.4097334337884782
2100-Jul-24 19:00:00, 5227.868712808393, 1.877571566976826, 1895.2581851246391, 4.5094761131539931, 3332.6105276837543, 1.4096774254342184
2100-Jul-24 20:00:00, 5225.1767672606302, 1.8766047637348193, 1892.6985892970197, 4.5033859475319309, 3332.4781779636105, 1.4096214421708879
2100-Jul-24 21:00:00, 5223.8577690238581, 1.8761310499286197, 1891.5118816379754, 4.5005623587017869, 3332.3458873858822, 1.4095654839245007
2100-Jul-24 22:00:00, 5224.2572151157265, 1.876274509656825, 1892.0435590898899, 4.5018274036376846, 3332.2136560258368, 1.4095095507268942
2100-Jul-24 23:00:00, 5226.3783873800649, 1.8770363215826724, 1894.2969031607024, 4.5071888901843726, 3332.0814842193627, 1.4094536427201476
2100-Jul-25 00:00:00, 5229.9290306433595, 1.8783115232378529, 1897.9796580998332, 4.5159514406162646, 3331.9493725435264, 1.4093977601483572
2100-Jul-25 01:00:00, 5234.4172804625941, 1.87992346315238, 1902.5999586783664, 4.5269447370747713, 3331.8173217842277, 1.4093419033439545
2100-Jul-25 02:00:00, 5239.5458661173925, 1.8817653775410605, 1907.8605331975759, 4.5394614671551548, 3331.685332919817, 1.409286072720777
2100-Jul-25 03:00:00, 5245.4388072484071, 1.8838818076431314, 1913.88540018402, 4.5537967139165412, 3331.5534070643876, 1.4092302687500804
2100-Jul-25 04:00:00, 5251.9682927734193, 1.8862268505357949, 1920.5467473424242, 4.5696463676091197, 3331.4215454309947, 1.4091744919449811
2100-Jul-25 05:00:00, 5258.7829753993519, 1.8886743210135968, 1927.4932260858152, 4.5861744481681246, 3331.289749313537, 1.4091187428527914
2100-Jul-25 06:00:00, 5265.2580060252403, 1.8909998066113292, 1934.0999860207442, 4.6018942199362893, 3331.1580200044959, 1.4090630220202247
2100-Jul-25 07:00:00, 5270.712691180921, 1.8929588385453227, 1939.6863323600905, 4.6151860740883031, 3331.0263588208309, 1.409007330004348
2100-Jul-25 08:00:00, 5274.2909466326464, 1.8942439570256469, 1943.3961796038323, 4.6240130865029752, 3330.8947670288144, 1.4089516673407882
2100-Jul-25 09:00:00, 5274.6138687569219, 1.894359933426776, 1943.8506229030127, 4.625094364620395, 3330.7632458539097, 1.4088960345479102
2100-Jul-25 10:00:00, 5270.2959285057013, 1.8928091596241108, 1939.664132038243, 4.6151332518280634, 3330.6317964674581, 1.4088404321211854
2100-Jul-25 11:00:00, 5262.0045354403546, 1.8898313335298973, 1931.5041154613918, 4.5957177441547223, 3330.5004199789628, 1.408784860529928
2100-Jul-25 12:00:00, 5250.9304815289524, 1.8858541240976336, 1920.561364075654, 4.5696811458835889, 3330.3691174532987, 1.4087293202245748
2100-Jul-25 13:00:00, 5238.4552281878814, 1.8813736785756103, 1908.2173382633732, 4.540310430074241, 3330.2378899245082, 1.4086738116425201
2100-Jul-25 14:00:00, 5226.1134931709976, 1.8769411857132534, 1896.0067547702711, 4.5112572197929222, 3330.1067384007265, 1.4086183352102006
2100-Jul-25 15:00:00, 5214.6709256999175, 1.8728316258682869, 1884.6952617887619, 4.4843432574607291, 3329.9756639111556, 1.4085628913629633
2100-Jul-25 16:00:00, 5204.2837947514909, 1.869101122521206, 1874.4391272400535, 4.4599403586242037, 3329.8446675114374, 1.4085074805473394
2100-Jul-25 17:00:00, 5195.1428422257113, 1.8658181799875806, 1865.4290919169021, 4.4385023617394923, 3329.7137503088093, 1.4084521032316848
2100-Jul-25 18:00:00, 5187.3872909684314, 1.8630327996869576, 1857.8043774962305, 4.4203605234298067, 3329.5829134722007, 1.4083967599104505
2100-Jul-25 19:00:00, 5181.4436184900405, 1.8608981495911148, 1851.9914602530027, 4.4065295785686702, 3329.4521582370376, 1.4083414511062156
2100-Jul-25 20:00:00, 5177.5452408160991, 1.8594980602851234, 1848.2237549033343, 4.3975649016665548, 3329.3214859127647, 1.4082861773728685
2100-Jul-25 21:00:00, 5175.8806811050545, 1.8589002392309459, 1846.689783246286, 4.3939150514245098, 3329.190897858768, 1.4082309392854229
2100-Jul-25 22:00:00, 5176.3791394583604, 1.859079258881764, 1847.3187439962803, 4.3954115670446363, 3329.0603954620801, 1.4081757374305863
2100-Jul-25 23:00:00, 5178.676011962285, 1.8599041729611427, 1849.7460318490689, 4.4011869261370329, 3328.9299801132156, 1.4081205723965395
2100-Jul-26 00:00:00, 5182.411063762207, 1.8612456043256178, 1853.6114106036835, 4.4103840019228215, 3328.7996531585241, 1.4080654447527816
2100-Jul-26 01:00:00, 5187.2629814890479, 1.8629881543531095, 1858.5935656255815, 4.4222382755197467, 3328.6694158634659, 1.4080103550345957
2100-Jul-26 02:00:00, 5192.8043930345175, 1.8649783337799952, 1864.2651236819431, 4.4357328778806631, 3328.5392693525741, 1.407955303717654
2100-Jul-26 03:00:00, 5198.5547226399467, 1.867043545429524, 1870.1455080511039, 4.4497243504182951, 3328.4092145888426, 1.4079002912092977
2100-Jul-26 04:00:00, 5204.3012832089798, 1.8691074034422344, 1876.0220308883061, 4.4637066350330032, 3328.2792523206735, 1.4078453178260972
2100-Jul-26 05:00:00, 5209.928840480984, 1.8711285218187463, 1881.7794574295026, 4.4774055482810979, 3328.1493830514814, 1.4077903837809944
2100-Jul-26 06:00:00, 5215.3170368211995, 1.8730636745169942, 1887.2974297965989, 4.4905347170549179, 3328.0196070246011, 1.4077354891769187
2100-Jul-26 07:00:00, 5220.1390414100997, 1.8747954813410197, 1892.2491171819881, 4.502316497584598, 3327.8899242281113, 1.4076806340088275
2100-Jul-26 08:00:00, 5223.3855554954889, 1.8759614560189191, 1895.6252211199769, 4.5103494190004652, 3327.7603343755122, 1.4076258181555326
2100-Jul-26 09:00:00, 5224.0060374071909, 1.8761843000227059, 1896.375200466214, 4.5121338798057318, 3327.6308369409771, 1.4075710413946123
2100-Jul-26 10:00:00, 5222.3629247405206, 1.8755941816027997, 1894.8614935539802, 4.5085322464152995, 3327.5014311865402, 1.4075163034139104
2100-Jul-26 11:00:00, 5219.4188630628869, 1.8745368316957893, 1892.0467468580591, 4.5018349884430302, 3327.3721162048273, 1.4074616038296126
2100-Jul-26 12:00:00, 5215.832503812243, 1.8732488027631813, 1888.5896128534134, 4.4936092684138105, 3327.2428909588298, 1.4074069422030691
2100-Jul-26 13:00:00, 5212.4565700742114, 1.8720363474497959, 1885.3428157246663, 4.485884012714477, 3327.1137543495447, 1.4073523180694074
2100-Jul-26 14:00:00, 5209.9144257984935, 1.8711233448337303, 1882.9297205359762, 4.4801424228891049, 3326.9847052625178, 1.4072977309572192
2100-Jul-26 15:00:00, 5208.2386004903019, 1.8705214777780081, 1881.3828578605767, 4.4764619004464148, 3326.8557426297252, 1.4072431804147354
2100-Jul-26 16:00:00, 5206.8033682000969, 1.8700060189001877, 1880.0765027137718, 4.4733536287734319, 3326.7268654863251, 1.4071886660338329
2100-Jul-26 17:00:00, 5205.2603023707579, 1.8694518319673672, 1878.6622293653872, 4.4699885822947687, 3326.5980730053707, 1.4071341874647176
2100-Jul-26 18:00:00, 5203.4854204796375, 1.8688143890711166, 1877.0160559257858, 4.4660717651232327, 3326.4693645538518, 1.407079744439629
2100-Jul-26 19:00:00, 5202.1853930298903, 1.8683474885596416, 1875.844653327367, 4.4632845923370041, 3326.3407397025235, 1.4070253367769991
2100-Jul-26 20:00:00, 5202.0565299371756, 1.8683012078107923, 1875.8443316714131, 4.4632838270060047, 3326.2121982657623, 1.4069709643983097
2100-Jul-26 21:00:00, 5203.5205411088127, 1.8688270025276468, 1877.4368008305114, 4.4670728630804835, 3326.0837402783013, 1.4069166273182532
2100-Jul-26 22:00:00, 5206.8651982631682, 1.8700282249605891, 1880.9098322344039, 4.4753364085325016, 3325.9553660287643, 1.4068623256589154
2100-Jul-26 23:00:00, 5212.2147646138119, 1.8719495038272553, 1886.3876886032122, 4.4883701274423107, 3325.8270760105997, 1.4068080596290231
2100-Jul-27 00:00:00, 5219.3148611781426, 1.8744994797666503, 1893.6159902589709, 4.5055687623888057, 3325.6988709191719, 1.4067538295227113
2100-Jul-27 01:00:00, 5227.8518357443172, 1.8775655056356977, 1902.2810841135968, 4.5261860239642271, 3325.5707516307202, 1.4066996357106254
2100-Jul-27 02:00:00, 5237.5788281019877, 1.8810589224153154, 1912.1361089579379, 4.5496345437906553, 3325.44271914405, 1.4066454786152547
2100-Jul-27 03:00:00, 5247.8368898830777, 1.8847430710025357, 1922.5221152927056, 4.5743464526193831, 3325.3147745903721, 1.4065913587150958
2100-Jul-27 04:00:00, 5258.08702413847, 1.8884243724454102, 1932.9001049835231, 4.5990392870736096, 3325.1869191549472, 1.4065372765115078
2100-Jul-27 05:00:00, 5268.0391787181252, 1.8919986554841441, 1942.9800246428917, 4.6230229096128497, 3325.0591540752334, 1.4064832325279295
2100-Jul-27 06:00:00, 5277.5192591055784, 1.8954033946552957, 1952.5877784846757, 4.645883086020814, 3324.9314806209031, 1.4064292273014256
2100-Jul-27 07:00:00, 5285.998639010003, 1.8984487355941637, 1961.1947389557881, 4.6663620281280025, 3324.8039000542149, 1.4063752613659253
2100-Jul-27 08:00:00, 5293.0481251933361, 1.9009805349844571, 1968.3717115623501, 4.6834385334759654, 3324.6764136309862, 1.4063213352526331
2100-Jul-27 09:00:00, 5298.5270811575911, 1.9029482836981919, 1973.9780585588592, 4.6967779761235366, 3324.5490225987319, 1.4062674494892413
2100-Jul-27 10:00:00, 5301.7806587739642, 1.9041167952196247, 1977.3589305817693, 4.7048222424660358, 3324.4217281921947, 1.40621360459804
2100-Jul-27 11:00:00, 5301.6488593378181, 1.9040694598928507, 1977.3543276881974, 4.7048112905868793, 3324.2945316496207, 1.4061598011028009
2100-Jul-27 12:00:00, 5297.4000608067563, 1.9025435181077808, 1973.2326265862271, 4.6950043350961828, 3324.1674342205292, 1.4061060395320646
2100-Jul-27 13:00:00, 5288.513223761227, 1.8993518402991623, 1964.4727865547968, 4.6741616395274059, 3324.0404372064304, 1.4060523204363629
2100-Jul-27 14:00:00, 5273.6911066802959, 1.8940285265125374, 1949.7775647100386, 4.6391966134393758, 3323.9135419702575, 1.4059986443922101
2100-Jul-27 15:00:00, 5255.3063609345354, 1.887425706553848, 1931.5196109785891, 4.5957546133608336, 3323.7867499559466, 1.4059450120103838
2100-Jul-27 16:00:00, 5236.873566422466, 1.8808056300414071, 1913.2135036963405, 4.5521980392950656, 3323.6600627261259, 1.4058914239518676
2100-Jul-27 17:00:00, 5220.6058294213708, 1.8749631266943969, 1897.072347442368, 4.5137926340910308, 3323.5334819790032, 1.405837880934995
2100-Jul-27 18:00:00, 5207.5609388846642, 1.8702780978783446, 1884.1539293339856, 4.4830552399266281, 3323.4070095506781, 1.405784383736427
2100-Jul-27 19:00:00, 5197.7183099597951, 1.8667431506122893, 1874.4376625328757, 4.4599368735781644, 3323.2806474269191, 1.4057309331961332
2100-Jul-27 20:00:00, 5190.9855757943424, 1.8643251116500452, 1867.8311780664685, 4.4442177572450898, 3323.1543977278734, 1.4056775302109257
2100-Jul-27 21:00:00, 5187.2006255477827, 1.8629657594253133, 1864.172362848607, 4.4355121677075324, 3323.0282626991757, 1.4056241757306962
2100-Jul-27 22:00:00, 5186.266395276969, 1.86263023374748, 1863.364150605993, 4.4335891506584399, 3322.9022446709764, 1.4055708707410868
2100-Jul-27 23:00:00, 5188.1356709046777, 1.8633015778385873, 1865.359324903998, 4.4383363618347582, 3322.77634600068, 1.4055176162392677
2100-Jul-28 00:00:00, 5192.6830180639081, 1.864934742365161, 1870.032449024342, 4.4494553438077125, 3322.6505690395657, 1.405464413219818
2100-Jul-28 01:00:00, 5199.4351058548864, 1.867359732117297, 1876.9101898064662, 4.4658198729324949, 3322.5249160484204, 1.4054112626390394
2100-Jul-28 02:00:00, 5207.9138047250235, 1.8704048284649779, 1885.5144155966336, 4.4862923082858828, 3322.3993891283903, 1.4053581653857057
2100-Jul-28 03:00:00, 5217.3729138152194, 1.8738020358648444, 1895.0989236596515, 4.5090971749292468, 3322.2739901555674, 1.4053051222533945
2100-Jul-28 04:00:00, 5227.2527560444832, 1.8773503481647373, 1905.1040353336023, 4.5329028033429566, 3322.1487207108808, 1.4052521339108313
2100-Jul-28 05:00:00, 5237.2816739048485, 1.8809522004790531, 1915.2580918902413, 4.5570628232564268, 3322.0235820146067, 1.405199200874186
2100-Jul-28 06:00:00, 5246.7767071288181, 1.8843623099114395, 1924.8781322420064, 4.5799522335301033, 3321.8985748868117, 1.4051463234903432
2100-Jul-28 07:00:00, 5254.4714222814937, 1.887125841128521, 1932.6977225734126, 4.5985577491748266, 3321.773699708081, 1.4050935019202884
2100-Jul-28 08:00:00, 5258.0454093208182, 1.8884094266228044, 1936.3964529210098, 4.6073583106404881, 3321.6489563998084, 1.4050407361307713
2100-Jul-28 09:00:00, 5256.7136125155821, 1.8879311162535375, 1935.1892680656263, 4.604485999462919, 3321.5243444499556, 1.4049880259052026
2100-Jul-28 10:00:00, 5251.1498064530451, 1.8859328939107312, 1929.7499435424068, 4.591543961168786, 3321.3998629106381, 1.404935370842632
2100-Jul-28 11:00:00, 5241.480371662281, 1.8824601487388037, 1920.2048611957248, 4.5688329019694196, 3321.2755104665562, 1.404882770386694
2100-Jul-28 12:00:00, 5227.7293737258242, 1.877521523811251, 1906.5780882629501, 4.5364100861641523, 3321.1512854628741, 1.4048302238374015
2100-Jul-28 13:00:00, 5210.7639079381142, 1.8714284335036311, 1889.7367219256673, 4.4963386384812303, 3321.0271860124471, 1.4047777303965021
2100-Jul-28 14:00:00, 5192.0366332244957, 1.8647025954115024, 1871.1334231893438, 4.4520749429405608, 3320.9032100351515, 1.4047252891841138
2100-Jul-28 15:00:00, 5173.1453371332282, 1.8579178495900548, 1852.3659817694061, 4.4074206950642161, 3320.7793553638221, 1.4046728992835367
2100-Jul-28 16:00:00, 5155.3901549554375, 1.8515411352816333, 1834.7345351302718, 4.3654693725037514, 3320.655619825166, 1.4046205597754788
2100-Jul-28 17:00:00, 5139.4396772601467, 1.8458125745534342, 1818.9076759558675, 4.3278117889864243, 3320.5320013042788, 1.4045682697653463
2100-Jul-28 18:00:00, 5125.6863225367488, 1.8408731031937322, 1805.2778247359165, 4.2953816488690402, 3320.4084978008323, 1.4045160284070104
2100-Jul-28 19:00:00, 5114.463908607222, 1.8368426107570535, 1794.1788011227077, 4.268973224805273, 3320.2851074845139, 1.4044638349262584
2100-Jul-28 20:00:00, 5105.8498768483832, 1.8337489100549287, 1785.68804813207, 4.2487707805712942, 3320.1618287163133, 1.4044116886297966
2100-Jul-28 21:00:00, 5099.8008715384485, 1.8315764300248547, 1779.7622114672322, 4.2346711612686185, 3320.0386600712163, 1.4043595889148519
2100-Jul-28 22:00:00, 5096.3610651901981, 1.8303410350770899, 1776.445464883205, 4.2267794715709046, 3319.9156003069929, 1.4043075352559666
2100-Jul-28 23:00:00, 5095.6247238136775, 1.8300765805339303, 1775.8320754736435, 4.2253200055666476, 3319.7926483400342, 1.4042555271947803
2100-Jul-29 00:00:00, 5097.4888672136376, 1.8307460814026031, 1777.8190640099901, 4.2300477399788203, 3319.6698032036475, 1.4042035643223862
2100-Jul-29 01:00:00, 5101.8016994585214, 1.8322950206818729, 1782.254635464735, 4.2406015018252807, 3319.5470639937867, 1.4041516462563779
2100-Jul-29 02:00:00, 5108.1914865631097, 1.8345898913539722, 1788.767056766701, 4.2560968092881417, 3319.4244297964092, 1.4040997726101199
2100-Jul-29 03:00:00, 5115.628015635747, 1.8372606959037445, 1796.3261160121201, 4.274082431180017, 3319.3018996236269, 1.4040479429657402
2100-Jul-29 04:00:00, 5123.3049357667878, 1.8400178360983097, 1804.1254634132767, 4.2926397818775381, 3319.1794723535108, 1.4039961568486687
2100-Jul-29 05:00:00, 5130.9324449038695, 1.8427572304996178, 1811.8752982353901, 4.3110793249886061, 3319.0571466684792, 1.4039444137015751
2100-Jul-29 06:00:00, 5138.2145107864962, 1.8453725601111999, 1819.2795897680726, 4.3286967008498607, 3318.9349210184232, 1.4038927128687708
2100-Jul-29 07:00:00, 5144.3439120713283, 1.8475739140868261, 1825.5311184917527, 4.3435712544444032, 3318.8127935795756, 1.4038410535788119
2100-Jul-29 08:00:00, 5147.4771715841825, 1.8486992137637062, 1828.7864093236337, 4.3513167196073832, 3318.6907622605486, 1.4037894349470519
2100-Jul-29 09:00:00, 5145.4175850287311, 1.847959520139272, 1826.8487603431738, 4.3467063810996054, 3318.5688246855575, 1.4037378559685456
2100-Jul-29 10:00:00, 5137.9974754093364, 1.8452946125812275, 1819.5504971701366, 4.3293412834550553, 3318.4469782391998, 1.4036863155369912
2100-Jul-29 11:00:00, 5126.4130912672308, 1.8411341197530766, 1808.0878711723603, 4.3020677232949174, 3318.3252200948705, 1.4036348124567488
2100-Jul-29 12:00:00, 5111.8894399881274, 1.835917998961152, 1793.6858927122737, 4.2678004248562891, 3318.2035472758539, 1.403583345468683
2100-Jul-29 13:00:00, 5095.2280123024038, 1.8299341029212015, 1777.1460555827559, 4.2284464196677494, 3318.0819567196477, 1.4035319132773705
2100-Jul-29 14:00:00, 5076.6279564688721, 1.8232539550644549, 1758.6675111211682, 4.1844795577861298, 3317.9604453477036, 1.4034805145806011
2100-Jul-29 15:00:00, 5057.4615356748436, 1.8163703991259872, 1739.622525521635, 4.1391649361105562, 3317.8390101532086, 1.4034291481065078
2100-Jul-29 16:00:00, 5038.6322692726862, 1.8096079310599651, 1720.914621014661, 4.0946523471854661, 3317.7176482580253, 1.4033778126376535
2100-Jul-29 17:00:00, 5020.9256817118194, 1.8032486693457186, 1703.3293247232612, 4.0528108322978325, 3317.596356988558, 1.4033265070431202
2100-Jul-29 18:00:00, 5005.2343404178337, 1.7976131765895338, 1687.7592064957305, 4.0157641244787516, 3317.4751339221034, 1.4032752302981171
2100-Jul-29 19:00:00, 4992.3461032221958, 1.7929844092971006, 1674.9921262864102, 3.9853868156294752, 3317.3539769357858, 1.4032239815046781
2100-Jul-29 20:00:00, 4982.5320668147042, 1.7894597309380522, 1665.2991826021314, 3.9623239430596739, 3317.2328842125726, 1.4031727598942079
2100-Jul-29 21:00:00, 4975.4934855833944, 1.7869318480248135, 1658.381631340309, 3.945864691005498, 3317.111854243085, 1.4031215648282467
2100-Jul-29 22:00:00, 4971.1745537364441, 1.7853807180938577, 1654.1836679171611, 3.9358762810204309, 3316.9908858192834, 1.4030703957958
2100-Jul-29 23:00:00, 4969.4724122192647, 1.784769399659675, 1652.6024342380226, 3.9321139780469596, 3316.8699779812418, 1.4030192523908238
2100-Jul-30 00:00:00, 4969.7005569341427, 1.7848513370711407, 1652.9514269611125, 3.9329443526950105, 3316.74912997303, 1.4029681342935636
2100-Jul-30 01:00:00, 4971.5295600984573, 1.7855082174416852, 1654.9012189279485, 3.9375835835760995, 3316.6283411705085, 1.4029170412400112
2100-Jul-30 02:00:00, 4974.5071785446244, 1.7865776191499056, 1657.9995675317748, 3.9449556287828371, 3316.5076110128493, 1.4028659729929396
2100-Jul-30 03:00:00, 4978.210647140505, 1.7879077075122589, 1661.8237082175945, 3.9540545849099731, 3316.3869389229103, 1.4028149293082204
2100-Jul-30 04:00:00, 4982.3217869592736, 1.7893842096311194, 1666.0554627083989, 3.9641233955568769, 3316.2663242508752, 1.4027639099109845
2100-Jul-30 05:00:00, 4986.7157468846144, 1.7909622856455463, 1670.5699806986063, 3.9748649985738322, 3316.1457661860086, 1.4027129144582953
2100-Jul-30 06:00:00, 4991.3925633417657, 1.792641948637542, 1675.3672996288865, 3.9862794830451698, 3316.0252637128792, 1.4026619425206301
2100-Jul-30 07:00:00, 4996.1494781750662, 1.7943503786934945, 1680.2446625846501, 3.9978844199961485, 3315.9048155904165, 1.4026109935730224
2100-Jul-30 08:00:00, 5000.0089565620874, 1.795736497450662, 1684.2245362578306, 4.007353918876797, 3315.7844203042564, 1.4025600669749041
2100-Jul-30 09:00:00, 5002.2256011539575, 1.7965325979436968, 1686.561525078472, 4.0129144252743449, 3315.6640760754854, 1.4025091619738033
2100-Jul-30 10:00:00, 5001.7548190879679, 1.796363518138923, 1686.2110382091382, 4.0120804955345131, 3315.5437808788301, 1.4024582777130401
2100-Jul-30 11:00:00, 4997.4296674795405, 1.7948101544014305, 1682.006135007518, 4.0020755734111537, 3315.4235324720225, 1.4024074132441462
2100-Jul-30 12:00:00, 4990.5312917503934, 1.7923326258254668, 1675.2279633149672, 3.9859479536608116, 3315.303328435426, 1.4023565675436274
2100-Jul-30 13:00:00, 4982.5729627099981, 1.7894744185620972, 1667.389796465103, 3.9672982380401116, 3315.1831662448953, 1.4023057395437832
2100-Jul-30 14:00:00, 4974.4661863193469, 1.7865628969292693, 1659.4031430041948, 3.9482952213067288, 3315.0630433151523, 1.4022549281510539
2100-Jul-30 15:00:00, 4966.5660729696147, 1.7837255976365365, 1651.6231158878093, 3.9297838402630303, 3314.9429570818052, 1.4022041322807148
2100-Jul-30 16:00:00, 4959.3775863140581, 1.7811438766914411, 1644.5546812394543, 3.9129655843365692, 3314.822905074604, 1.4021533508878627
2100-Jul-30 17:00:00, 4952.8833632986079, 1.7788114982111742, 1638.1804783241876, 3.8977991463217392, 3314.7028849744202, 1.4021025829915177
2100-Jul-30 18:00:00, 4947.7944829066246, 1.7769838438348651, 1633.2115882343212, 3.8859764345957024, 3314.5828946723032, 1.4020518276996046
2100-Jul-30 19:00:00, 4944.7006089612478, 1.7758726893528449, 1630.2376766447831, 3.878900468175448, 3314.462932316465, 1.4020010842288264
2100-Jul-30 20:00:00, 4944.2582020876571, 1.7757138004035387, 1629.91520573758, 3.8781331981197731, 3314.3429963500771, 1.4019503519206522
2100-Jul-30 21:00:00, 4946.4929036547383, 1.7765163859988407, 1632.2698181193009, 3.8837356370774017, 3314.2230855354378, 1.4018996302515407
2100-Jul-30 22:00:00, 4950.9987821443628, 1.7781346571913907, 1636.8955831970111, 3.8947419354734296, 3314.1031989473522, 1.4018489188301393
2100-Jul-30 23:00:00, 4957.9394605022135, 1.7806273786149995, 1643.9561245265613, 3.9115414104586543, 3313.9833359756517, 1.4017982173983494
2100-Jul-31 00:00:00, 4966.253312099142, 1.7836132706157328, 1652.3898157964238, 3.9316080850814887, 3313.8634963027184, 1.4017475258218204
2100-Jul-31 01:00:00, 4974.9778108193723, 1.7867466451576559, 1661.2341309488329, 3.9526517762418951, 3313.7436798705394, 1.4016968440760131
2100-Jul-31 02:00:00, 4983.626898298744, 1.7898529360045887, 1670.0030114479075, 3.973515982216596, 3313.6238868508362, 1.4016461722335649
2100-Jul-31 03:00:00, 4992.0421376028362, 1.7928752410613242, 1678.538020015053, 3.9938237258059353, 3313.5041175877832, 1.4015955104400597
2100-Jul-31 04:00:00, 5000.4630701659607, 1.7958995908330035, 1687.078697590629, 4.0141449579311912, 3313.3843725753313, 1.4015448589044364
2100-Jul-31 05:00:00, 5008.9115966681766, 1.7989338508756374, 1695.6469442642635, 4.0345317864960952, 3313.2646524039128, 1.4014942178764447
2100-Jul-31 06:00:00, 5016.9993148488593, 1.8018385278160831, 1703.8543571131963, 4.0540600663281232, 3313.144957735663, 1.4014435876361644
2100-Jul-31 07:00:00, 5024.2465424508564, 1.8044413453756711, 1711.2212531777384, 4.0715884654095156, 3313.0252892731178, 1.4013929684807651
2100-Jul-31 08:00:00, 5030.4452955338056, 1.8066676068176888, 1717.5396477970323, 4.0866221161452403, 3312.9056477367731, 1.4013423607150126
2100-Jul-31 09:00:00, 5035.4055838739887, 1.8084490777885869, 1722.6195500042088, 4.0987089641748211, 3312.7860338697797, 1.4012917646532559
2100-Jul-31 10:00:00, 5038.6011950479124, 1.8095967708560452, 1725.9347466105496, 4.106596965938401, 3312.6664484373628, 1.4012411806191816
2100-Jul-31 11:00:00, 5039.413336034957, 1.8098884485758615, 1726.8664438029118, 4.1088137964824538, 3312.5468922320451, 1.4011906089480226
2100-Jul-31 12:00:00, 5037.1346860066442, 1.8090700790376655, 1724.7073199163619, 4.1036764924105569, 3312.4273660902818, 1.4011400499935953
2100-Jul-31 13:00:00, 5032.2638823349698, 1.8073207461862386, 1719.9560114089991, 4.0923714826824131, 3312.3078709259707, 1.401089504142474
2100-Jul-31 14:00:00, 5024.9711045780277, 1.8047015694408151, 1712.7826968361451, 4.0753036810645042, 3312.1884077418822, 1.4010389718188252
2100-Jul-31 15:00:00, 5015.9473262732481, 1.8014607096368482, 1703.8783486086513, 4.0541171504111899, 3312.0689776645963, 1.400988453499187
2100-Jul-31 16:00:00, 5006.4599477905376, 1.7980533493791886, 1694.5103658278613, 4.0318274724612531, 3311.9495819626768, 1.4009379497201548
2100-Jul-31 17:00:00, 4997.7585901310777, 1.7949282858718609, 1685.9283680720275, 4.011407925305714, 3311.8302220590499, 1.4008874610836199
2100-Jul-31 18:00:00, 4990.4954865769087, 1.7923197665171371, 1678.7845870215222, 3.9944103941737024, 3311.7108995553863, 1.4008369882670806
2100-Jul-31 19:00:00, 4985.175260569973, 1.7904090251368037, 1673.5836443534729, 3.9820355489354484, 3311.5916162164999, 1.4007865320170443
2100-Jul-31 20:00:00, 4981.6619753626619, 1.7891472405025097, 1670.1896013922048, 3.9739599443655886, 3311.4723739704568, 1.4007360931490731
2100-Jul-31 21:00:00, 4979.9810411696235, 1.7885435386078781, 1668.6278662702932, 3.9702440352179011, 3311.3531748993305, 1.4006856725438739
2100-Jul-31 22:00:00, 4980.0863966162751, 1.7885813766642498, 1668.8523754311875, 3.9707782203258635, 3311.2340211850874, 1.400635271124407
2100-Jul-31 23:00:00, 4981.8811963031567, 1.7892259729702458, 1670.7662812154708, 3.9753320655406172, 3311.1149150876863, 1.400584889846624
2100-Aug-01 00:00:00, 4985.256718092176, 1.7904382803335208, 1674.2608592016159, 3.9836468777797944, 3310.9958588905597, 1.4005345296764051
2100-Aug-01 01:00:00, 4990.1309316601819, 1.792188837837813, 1679.2540768097849, 3.9955274731037171, 3310.8768548503967, 1.4004841915683184
2100-Aug-01 02:00:00, 4996.5110259239736, 1.7944802273585518, 1685.7531207977336, 4.0109909512999948, 3310.7579051262401, 1.4004338764356283
2100-Aug-01 03:00:00, 5004.4915039018051, 1.7973463893387389, 1693.852492177713, 4.0302621630305371, 3310.6390117240926, 1.4003835851268636
2100-Aug-01 04:00:00, 5014.2145338647324, 1.8008383830375341, 1703.6943574119066, 4.0536793715833435, 3310.5201764528256, 1.4003333184071676
2100-Aug-01 05:00:00, 5024.4727649880542, 1.8045225924434507, 1714.0713641438572, 4.0783698672377344, 3310.4014008441968, 1.4002830769244665
2100-Aug-01 06:00:00, 5034.4030910840511, 1.8080890358552701, 1724.1204049388045, 4.1022800182559953, 3310.2826861452463, 1.4002328612062518
2100-Aug-01 07:00:00, 5043.6836955362724, 1.8114221339113015, 1733.5196622902681, 4.1246441092492363, 3310.1640332460038, 1.4001826716290013
2100-Aug-01 08:00:00, 5052.1585693176539, 1.8144658564911464, 1742.1131266240861, 4.1450909393680808, 3310.0454426935676, 1.4001325084241354
2100-Aug-01 09:00:00, 5059.3745564140045, 1.8170574541275952, 1749.447641742815, 4.1625422929562461, 3309.9269146711895, 1.4000823716691682
2100-Aug-01 10:00:00, 5064.8001145603466, 1.8190060251935811, 1754.991665555573, 4.1757334471486471, 3309.8084490047731, 1.4000322612904579
2100-Aug-01 11:00:00, 5067.7772702323782, 1.8200752606980182, 1758.0872250395842, 4.1830988560726441, 3309.6900451927945, 1.3999821770758623
2100-Aug-01 12:00:00, 5066.977337212782, 1.8197879674288893, 1757.4056347745159, 4.1814771165949267, 3309.5717024382661, 1.3999321186882601
2100-Aug-01 13:00:00, 5063.2394176719481, 1.818445506124855, 1753.7859979725777, 4.1728647460879715, 3309.45341969937, 1.3998820856869671
2100-Aug-01 14:00:00, 5058.5070780834876, 1.8167459021859107, 1749.1718823465883, 4.1618861657752522, 3309.3351957368991, 1.3998320775478053
2100-Aug-01 15:00:00, 5053.5433384483676, 1.8149631916939768, 1744.326309273315, 4.1503568679729943, 3309.2170291750531, 1.3997820936888179
2100-Aug-01 16:00:00, 5048.9042119698897, 1.8132970649317919, 1739.8052934024149, 4.1395998042457256, 3309.0989185674748, 1.3997321334982034
2100-Aug-01 17:00:00, 5045.0836000930449, 1.8119249049517903, 1736.1027376351667, 4.1307901407808352, 3308.9808624578786, 1.3996821963599599
2100-Aug-01 18:00:00, 5042.7257608075497, 1.8110780948566743, 1733.8629013748275, 4.1254607939970294, 3308.862859432722, 1.3996322816761664
2100-Aug-01 19:00:00, 5042.0316734387116, 1.8108288156990828, 1733.2867652669343, 4.1240899665093229, 3308.7449081717773, 1.3995823888883732
2100-Aug-01 20:00:00, 5042.8949609390702, 1.8111388625181295, 1734.2679534505892, 4.1264245532750881, 3308.627007488481, 1.3995325174946698
2100-Aug-01 21:00:00, 5045.0078608287458, 1.8118977034482784, 1736.4987044762611, 4.1317322831367056, 3308.5091563524852, 1.3994826670592244
2100-Aug-01 22:00:00, 5048.0129547225879, 1.8129769728716572, 1739.6216008225601, 4.1391627359309595, 3308.3913539000278, 1.3994328372166698
2100-Aug-01 23:00:00, 5051.7306194463245, 1.8143121597258602, 1743.4570199962602, 4.1482885274898527, 3308.2735994500645, 1.3993830276789279
2100-Aug-02 00:00:00, 5055.9711332450033, 1.8158351260769978, 1747.8152407745058, 4.1586582452674108, 3308.1558924704977, 1.399333238220924
2100-Aug-02 01:00:00, 5060.6435260667131, 1.8175132003351167, 1752.6052934855679, 4.170055440884779, 3308.0382325811447, 1.3992834686818429
2100-Aug-02 02:00:00, 5065.7463548389351, 1.8193458642255471, 1757.8257353451711, 4.1824766814581, 3307.9206194937642, 1.3992337189397597
2100-Aug-02 03:00:00, 5071.2870092419234, 1.8213357717272425, 1763.483956231277, 4.1959395500683554, 3307.8030530106462, 1.3991839889110442
2100-Aug-02 04:00:00, 5077.3493215903527, 1.8235130309356951, 1769.6637886365884, 4.2106435132717719, 3307.6855329537639, 1.399134278520392
2100-Aug-02 05:00:00, 5083.8624869592613, 1.8258522124988663, 1776.2944278124326, 4.2264201020305459, 3307.568059146829, 1.3990845876932341
2100-Aug-02 06:00:00, 5090.5639573309254, 1.8282590231741127, 1783.1133259559904, 4.242644624123499, 3307.4506313749348, 1.3990349163386659
2100-Aug-02 07:00:00, 5097.0675690849002, 1.8305947735884263, 1789.7343197243629, 4.2583982631148292, 3307.3332493605376, 1.3989852643392879
2100-Aug-02 08:00:00, 5102.7966315135864, 1.8326523472025422, 1795.5807187804214, 4.2723088728133849, 3307.2159127331652, 1.3989356315383921
2100-Aug-02 09:00:00, 5106.9975767215656, 1.8341611026266416, 1799.8989557081416, 4.2825834551522615, 3307.0986210134238, 1.3988860177331977
2100-Aug-02 10:00:00, 5109.5850555697925, 1.8350903870028314, 1802.6036819528294, 4.2890189363382927, 3306.9813736169631, 1.3988364226765271
2100-Aug-02 11:00:00, 5110.1403361339981, 1.835289814160689, 1803.2761662917687, 4.290619009661663, 3306.8641698422298, 1.3987868460716268
2100-Aug-02 12:00:00, 5108.3531244833739, 1.8346479430725415, 1801.6061155883772, 4.2866453802037823, 3306.7470088949972, 1.3987372875825432
2100-Aug-02 13:00:00, 5105.1230330207381, 1.8334878665246894, 1798.4931431288001, 4.279238539775629, 3306.6298898919381, 1.3986877468356331
2100-Aug-02 14:00:00, 5100.8643574168436, 1.831958377421939, 1794.3515455348456, 4.2693842436344385, 3306.5128118819985, 1.3986382234286057
2100-Aug-02 15:00:00, 5095.7186040653341, 1.8301102973123908, 1789.3228301913807, 4.2574191868948397, 3306.3957738739537, 1.3985887169421776
2100-Aug-02 16:00:00, 5089.8501856805933, 1.8280026744726439, 1783.571410817882, 4.2437345667807636, 3306.2787748627115, 1.3985392269512003
2100-Aug-02 17:00:00, 5084.3191045585891, 1.8260162051828024, 1778.1572907119546, 4.230852498531144, 3306.1618138466347, 1.398489753031986
2100-Aug-02 18:00:00, 5080.1203908217767, 1.8245082511841109, 1774.0755009693594, 4.2211405059975569, 3306.0448898524173, 1.3984402947728312
2100-Aug-02 19:00:00, 5077.7543838222964, 1.8236585076818288, 1771.8263818564587, 4.2157890720900983, 3305.9280019658377, 1.3983908517870249
2100-Aug-02 20:00:00, 5077.4419201931032, 1.8235462874142367, 1771.630770868695, 4.2153236457520329, 3305.8111493244087, 1.3983414237097396
2100-Aug-02 21:00:00, 5079.1085852825208, 1.8241448646080167, 1773.4142541524741, 4.2195671706340443, 3305.6943311300465, 1.3982920102033893
2100-Aug-02 22:00:00, 5083.0023015778124, 1.8255432797954529, 1777.4247549229706, 4.2291095419944664, 3305.5775466548421, 1.3982426109600725
2100-Aug-02 23:00:00, 5089.6927623319189, 1.8279461364033682, 1784.2319671012469, 4.2453062591256945, 3305.4607952306719, 1.3981932256971765
2100-Aug-03 00:00:00, 5098.8340723932843, 1.8312292073447038, 1793.489996166704, 4.2673343190772304, 3305.3440762265805, 1.39814385414781
2100-Aug-03 01:00:00, 5109.2773125286858, 1.8349798621186657, 1804.0499234937672, 4.2924600462271183, 3305.2273890349184, 1.3980944960549404
2100-Aug-03 02:00:00, 5120.5303064689497, 1.8390213372639457, 1815.4195734209486, 4.3195123840900864, 3305.1107330480008, 1.3980451511615204
2100-Aug-03 03:00:00, 5132.2374120182112, 1.8432259050751145, 1827.2433043852868, 4.3476451381235615, 3304.9941076329246, 1.3979958191998347
2100-Aug-03 04:00:00, 5145.1520694493856, 1.8478641611067952, 1840.2745573478203, 4.3786510055142083, 3304.8775121015651, 1.3979464998788103
2100-Aug-03 05:00:00, 5159.4225033494204, 1.8529893397237491, 1854.6615576479596, 4.4128826657189366, 3304.7609457014605, 1.3978971928801598
2100-Aug-03 06:00:00, 5173.7227844240988, 1.8581252378536717, 1869.0783768373669, 4.4471852753963708, 3304.6444075867321, 1.3978478978460804
2100-Aug-03 07:00:00, 5186.004093001402, 1.8625360287623105, 1881.4761961771924, 4.4766839846524213, 3304.5278968242096, 1.3977986143818459
2100-Aug-03 08:00:00, 5194.3246747366311, 1.8655243378697097, 1889.9132623528312, 4.49675868934583, 3304.4114123837999, 1.3977493420517324
2100-Aug-03 09:00:00, 5197.411935654427, 1.8666331173049873, 1893.1169824925651, 4.5043814499579469, 3304.2949531618624, 1.3977000803889053
2100-Aug-03 10:00:00, 5193.0783157459564, 1.8650767122058511, 1888.8997977572142, 4.4943473058091001, 3304.178517988742, 1.3976508288986065
2100-Aug-03 11:00:00, 5182.6322393180353, 1.8613250387869149, 1878.5701336506024, 4.4697694546692004, 3304.0621056674331, 1.3976015870745084
2100-Aug-03 12:00:00, 5165.7955977751017, 1.855278215276037, 1861.8498827544806, 4.4299861825990448, 3303.9457150206213, 1.397552354418613
2100-Aug-03 13:00:00, 5145.1239035648723, 1.847854045423555, 1841.2945586511198, 4.3810779421441177, 3303.8293449137523, 1.3975031304510099
2100-Aug-03 14:00:00, 5123.4586329312096, 1.8400730359209712, 1819.7456386058477, 4.3298055925660419, 3303.7129943253622, 1.3974539147396248
2100-Aug-03 15:00:00, 5102.7125693843946, 1.8326221565699343, 1799.115907012759, 4.280720310903642, 3303.5966623716358, 1.3974047069106084
2100-Aug-03 16:00:00, 5084.0282139066676, 1.8259117327778607, 1780.5478655370384, 4.2365405046060065, 3303.4803483696296, 1.3973555066750789
2100-Aug-03 17:00:00, 5068.4286369637457, 1.8203091968815137, 1765.0645851038423, 4.1997004139973644, 3303.3640518599032, 1.3973063138386954
2100-Aug-03 18:00:00, 5056.6062381667098, 1.8160632218859307, 1753.3584655363454, 4.1718474982407283, 3303.2477726303646, 1.3972571283117441
2100-Aug-03 19:00:00, 5048.4868677968452, 1.8131471771675807, 1745.3553570744803, 4.1528053293568155, 3303.131510722365, 1.3972079501117165
2100-Aug-03 20:00:00, 5043.6921336536689, 1.8114251644329487, 1740.6768672409739, 4.1416735804925082, 3303.0152664126954, 1.3971587793556934
2100-Aug-03 21:00:00, 5041.9950101181221, 1.8108156481900899, 1739.0959699144669, 4.1379120778185259, 3302.8990402036552, 1.3971096162561454
2100-Aug-03 22:00:00, 5043.4680775581564, 1.8113446954354562, 1740.6852448127477, 4.1416935136393986, 3302.7828327454085, 1.3970604610880881
2100-Aug-03 23:00:00, 5047.4337840537009, 1.8127689656625885, 1744.7671392566813, 4.1514057552937587, 3302.6666447970192, 1.3970113141726022
2100-Aug-04 00:00:00, 5053.4762973198958, 1.8149391140968618, 1750.9258201894838, 4.1660593918130404, 3302.5504771304122, 1.3969621758362076
2100-Aug-04 01:00:00, 5060.5730137895107, 1.8174878760865421, 1758.1386833378301, 4.1832212931994617, 3302.4343304516806, 1.3969130463775783
2100-Aug-04 02:00:00, 5068.1936524353596, 1.8202248029738979, 1765.875447113953, 4.2016297357617329, 3302.3182053214068, 1.396863926033838
2100-Aug-04 03:00:00, 5076.1704248673141, 1.8230896341196741, 1773.9683228092658, 4.2208854920070689, 3302.2021020580487, 1.3968148149396926
2100-Aug-04 04:00:00, 5084.7904143388741, 1.8261854745144008, 1782.7043936687712, 4.2416716324775132, 3302.0860206701027, 1.3967657130987359
2100-Aug-04 05:00:00, 5094.6188658069195, 1.8297153299942452, 1792.6489050068349, 4.2653330716882545, 3301.9699608000847, 1.3967166203597543
2100-Aug-04 06:00:00, 5105.1383797833205, 1.8334933782631535, 1803.2844581107731, 4.2906387387729934, 3301.8539216725476, 1.3966675363947372
2100-Aug-04 07:00:00, 5115.2264110544511, 1.8371164609612791, 1813.4885089714292, 4.3149177124635942, 3301.7379020830222, 1.3966184606942005
2100-Aug-04 08:00:00, 5123.586334418429, 1.8401188994830908, 1821.9644340171387, 4.3350848758772678, 3301.6219004012905, 1.3965693925685703
2100-Aug-04 09:00:00, 5128.4311654740777, 1.8418589043563207, 1826.9252508907668, 4.3468883786237216, 3301.5059145833111, 1.3965203311532268
2100-Aug-04 10:00:00, 5129.0745626328462, 1.8420899782944664, 1827.6846204032415, 4.3486951818890702, 3301.3899422296049, 1.3964712754332032
2100-Aug-04 11:00:00, 5125.4491139316324, 1.8407879105163956, 1824.1751332869894, 4.3403448956619091, 3301.2739806446425, 1.3964222242683038
2100-Aug-04 12:00:00, 5115.6472258328849, 1.8372675951818105, 1814.4891989209791, 4.317298700689677, 3301.1580269119063, 1.3963731764248564
2100-Aug-04 13:00:00, 5099.8441339112242, 1.8315919675613739, 1798.8020559241647, 4.2799735503840406, 3301.0420779870597, 1.396324130615122
2100-Aug-04 14:00:00, 5081.0047056217081, 1.824825849887487, 1780.0785748318929, 4.2354238993637292, 3300.926130789815, 1.3962750855361543
2100-Aug-04 15:00:00, 5062.2408798904826, 1.8180868846196059, 1761.4306975929519, 4.191054136114559, 3300.8101822975309, 1.3962260399093918
2100-Aug-04 16:00:00, 5045.5487956184479, 1.8120919783691929, 1744.8545659719509, 4.1516137737512198, 3300.6942296464968, 1.3961769925234988
2100-Aug-04 17:00:00, 5030.2211682213128, 1.8065871122428561, 1729.6428980179078, 4.1154199433705445, 3300.5782702034053, 1.3961279422646
2100-Aug-04 18:00:00, 5018.4051745215684, 1.8023434376165475, 1717.9428728786954, 4.0875815283711079, 3300.4623016428732, 1.3960788881490698
2100-Aug-04 19:00:00, 5011.7409708444529, 1.7999500111500337, 1711.3946488425697, 4.0720010337945611, 3300.3463220018834, 1.3960298293465618
2100-Aug-04 20:00:00, 5010.1182051993528, 1.7993672002948871, 1709.8878755071064, 4.0684158977864229, 3300.2303296922464, 1.3959807651852802
2100-Aug-04 21:00:00, 5012.6423367191937, 1.8002737336899113, 1712.5280131681877, 4.0746977003458467, 3300.1143235510062, 1.3959316951733003
2100-Aug-04 22:00:00, 5018.796045433477, 1.8024838175975442, 1718.7977426387267, 4.0896155598254902, 3299.9983027947501, 1.3958826189792424
2100-Aug-04 23:00:00, 5027.4174407646051, 1.8055801629020338, 1727.5351737634289, 4.1104049368383011, 3299.8822670011764, 1.3958335364244749
2100-Aug-05 00:00:00, 5037.5216454831461, 1.8092090542397152, 1737.7554294181459, 4.1347224673505059, 3299.7662160649998, 1.3957844474644632
2100-Aug-05 01:00:00, 5048.4785261911247, 1.8131441813077793, 1748.8283760676859, 4.1610688452795079, 3299.6501501234388, 1.3957353521572495
2100-Aug-05 02:00:00, 5059.7662112740436, 1.8171981156609418, 1760.2321417752819, 4.1882023564085085, 3299.5340694987613, 1.3956862506391516
2100-Aug-05 03:00:00, 5071.0723343042791, 1.8212586719412291, 1771.6543597016139, 4.2153797717613655, 3299.4179746026657, 1.395637143084316
2100-Aug-05 04:00:00, 5082.3847645435389, 1.8253214934345472, 1783.0828986545932, 4.2425722270274644, 3299.3018658889455, 1.3955880296846948
2100-Aug-05 05:00:00, 5093.7469079865714, 1.8294021692587665, 1794.561164223149, 4.2698829991471143, 3299.1857437634221, 1.3955389106119487
2100-Aug-05 06:00:00, 5105.1644945457838, 1.8335027572927682, 1806.0948859857835, 4.2973257207734266, 3299.0696085600002, 1.3954897860073177
2100-Aug-05 07:00:00, 5116.2776251146261, 1.8374940009758849, 1817.3241646311749, 4.3240440667047553, 3298.9534604834507, 1.3954406559574184
2100-Aug-05 08:00:00, 5126.7972813306214, 1.8412721003296679, 1827.9599817221463, 4.3493503619061427, 3298.837299608475, 1.3953915204938496
2100-Aug-05 09:00:00, 5136.386474586433, 1.844716027022633, 1837.6653487055967, 4.372442793810551, 3298.7211258808366, 1.3953423795936695
2100-Aug-05 10:00:00, 5144.6007507219238, 1.8476661568293564, 1845.9958115884895, 4.3922638523221389, 3298.6049391334345, 1.3952932331861949
2100-Aug-05 11:00:00, 5151.1288390778673, 1.850010697933421, 1852.640099947552, 4.4080729172185551, 3298.488739130315, 1.3952440811716189
2100-Aug-05 12:00:00, 5155.4660059615981, 1.8515683769168612, 1857.0934803403313, 4.418669052701123, 3298.372525621267, 1.3951949234441032
2100-Aug-05 13:00:00, 5157.3492122193584, 1.8522447241471696, 1859.0929138316724, 4.4234263979746116, 3298.2562983876855, 1.3951457599111794
2100-Aug-05 14:00:00, 5157.0434425810663, 1.8521349080040259, 1858.9033852599152, 4.4229754438123727, 3298.1400573211513, 1.3950965905269863
2100-Aug-05 15:00:00, 5154.6518214915932, 1.8512759652869728, 1856.6280189988156, 4.4175615588421673, 3298.0238024927776, 1.3950474153216046
2100-Aug-05 16:00:00, 5150.9438850847091, 1.8499442723252373, 1853.0363508824751, 4.40901573553211, 3297.9075342022338, 1.3949982344217928
2100-Aug-05 17:00:00, 5146.5103563254688, 1.8483519852964279, 1848.719103276173, 4.3987435071317824, 3297.7912530492954, 1.3949490480812532
2100-Aug-05 18:00:00, 5141.9902483855085, 1.8467286036443711, 1844.315288410688, 4.3882653052179093, 3297.6749599748205, 1.3948998566979638
2100-Aug-05 19:00:00, 5138.4097285360185, 1.8454426719131614, 1840.8510722353953, 4.3800227342500619, 3297.5586563006232, 1.3948506608310454
2100-Aug-05 20:00:00, 5136.4950572706502, 1.844755024130585, 1839.0527135226598, 4.3757438155667847, 3297.4423437479904, 1.3948014612085935
2100-Aug-05 21:00:00, 5136.6364789649151, 1.8448058152591866, 1839.3104545151277, 4.3763570707201129, 3297.3260244497874, 1.3947522587327994
2100-Aug-05 22:00:00, 5139.4443709300704, 1.8458142602692922, 1842.2346699952898, 4.3833147928716407, 3297.2097009347808, 1.394703054473319
2100-Aug-05 23:00:00, 5145.01455831366, 1.8478147744422166, 1847.9211822144248, 4.396844976368862, 3297.0933760992348, 1.3946538496552567
2100-Aug-06 00:00:00, 5152.875281607252, 1.8506379269280011, 1855.8982284135186, 4.4158251340965409, 3296.9770531937338, 1.3946046456535939
2100-Aug-06 01:00:00, 5162.006387661404, 1.8539173331342669, 1865.1456519217265, 4.4378279597515267, 3296.8607357396777, 1.3945554439578649
2100-Aug-06 02:00:00, 5171.3613824414078, 1.857277148227771, 1874.6169549568046, 4.4603634723969021, 3296.7444274846034, 1.3945062461532585
2100-Aug-06 03:00:00, 5180.6030675922966, 1.8605962685468693, 1883.9749352508632, 4.4826293509640731, 3296.6281323414332, 1.3944570538949215
2100-Aug-06 04:00:00, 5189.7730908735957, 1.8638896517451313, 1893.2612365688715, 4.5047246804035055, 3296.5118543047238, 1.394407868872531
2100-Aug-06 05:00:00, 5198.8130503243701, 1.8671363229535747, 1902.4174529335573, 4.5265104926519326, 3296.3955973908132, 1.3943586927849776
2100-Aug-06 06:00:00, 5207.5380047184672, 1.8702698611492434, 1911.2586391534196, 4.5475467389973314, 3296.2793655650476, 1.3943095273095829
2100-Aug-06 07:00:00, 5215.8217899177725, 1.8732449549038079, 1919.658627221123, 4.5675332220208018, 3296.1631626966496, 1.3942603740830086
2100-Aug-06 08:00:00, 5223.0241132373294, 1.875831645240511, 1926.9771207470737, 4.5849464546867127, 3296.0469924902554, 1.394211234672297
2100-Aug-06 09:00:00, 5228.3242494873275, 1.8777351714518173, 1932.3933910253243, 4.5978336389415322, 3295.9308584620035, 1.3941621105647568
2100-Aug-06 10:00:00, 5230.3181900475975, 1.8784512885365927, 1934.5034261261055, 4.6028541437780612, 3295.8147639214917, 1.3941130031603313
2100-Aug-06 11:00:00, 5225.4366711214789, 1.8766981073373625, 1929.7379591636645, 4.5915154461780094, 3295.6987119578139, 1.3940639137656916
2100-Aug-06 12:00:00, 5215.0867106443611, 1.8729809536407598, 1919.504005214764, 4.5671653226761553, 3295.5827054295974, 1.3940148435900226
2100-Aug-06 13:00:00, 5202.7044248211805, 1.8685338970919172, 1907.2376778267546, 4.5379794783481868, 3295.4667469944261, 1.3939657937574688
2100-Aug-06 14:00:00, 5190.8047781334189, 1.8642601787746855, 1895.4539390112407, 4.509941879497922, 3295.3508391221785, 1.3939167653127764
2100-Aug-06 15:00:00, 5178.9501371162314, 1.8600026240935483, 1883.7151529878852, 4.4820112389207036, 3295.2349841283458, 1.3938677592353867
2100-Aug-06 16:00:00, 5167.1508902224978, 1.8557649640266196, 1872.0317060233267, 4.4542122691447137, 3295.1191841991708, 1.3938187764500691
2100-Aug-06 17:00:00, 5155.9050498561064, 1.8517260580634753, 1860.9016084329285, 4.4277299093190665, 3295.0034414231777, 1.3937698178402587
2100-Aug-06 18:00:00, 5145.9020109931062, 1.8481335001045276, 1851.0142531841614, 4.4042044642548888, 3294.8877578089446, 1.3937208842555742
2100-Aug-06 19:00:00, 5137.7526072056135, 1.845206668984664, 1842.9804718784785, 4.3850893140444187, 3294.7721353271345, 1.393671976529596
2100-Aug-06 20:00:00, 5131.3711522251733, 1.8429147907670909, 1836.7145763346189, 4.3701805768051729, 3294.6565758905544, 1.3936230954714315
2100-Aug-06 21:00:00, 5127.1618742517303, 1.8414030426581387, 1832.6207928862129, 4.3604400470884803, 3294.5410813655176, 1.3935742418705221
2100-Aug-06 22:00:00, 5126.0975042491164, 1.8410207777307976, 1831.6718506900743, 4.3581821847033773, 3294.4256535590421, 1.3935254164912274
2100-Aug-06 23:00:00, 5127.8707666586888, 1.8416576389956654, 1833.5604724536893, 4.3626758704695963, 3294.310294205, 1.3934766200669664
2100-Aug-07 00:00:00, 5132.4499928654204, 1.8433022527755503, 1838.2549879531111, 4.3738457499475638, 3294.1950049123088, 1.3934278532783029
2100-Aug-07 01:00:00, 5139.3398472546087, 1.8457767209407621, 1845.260060122132, 4.3905132445744464, 3294.0797871324767, 1.3933791167392178
2100-Aug-07 02:00:00, 5147.6683969548776, 1.8487678917161616, 1853.7037548395556, 4.4106037208661935, 3293.964642115322, 1.3933304109783777
2100-Aug-07 03:00:00, 5157.0561113058111, 1.8521394579341557, 1863.206540436033, 4.4332141414368982, 3293.8495708697778, 1.3932817364225565
2100-Aug-07 04:00:00, 5168.0400781849876, 1.8560843129100333, 1874.3055040716154, 4.4596224227931041, 3293.7345741133727, 1.393233093375265
2100-Aug-07 05:00:00, 5180.2839116585983, 1.8604816447604924, 1886.6642594282312, 4.4890281852936402, 3293.6196522303671, 1.3931844819990433
2100-Aug-07 06:00:00, 5192.0756177977146, 1.8647165965906154, 1898.5708125278884, 4.5173580018929407, 3293.5048052698262, 1.3931359023146459
2100-Aug-07 07:00:00, 5202.2327427014461, 1.8683644940358506, 1908.8427097952633, 4.5417984057004848, 3293.3900329061826, 1.3930873541843596
2100-Aug-07 08:00:00, 5209.8351722834441, 1.8710948811988126, 1916.5598378257739, 4.5601601280182544, 3293.2753344576699, 1.3930388373198002
2100-Aug-07 09:00:00, 5213.9787054702974, 1.872583017287502, 1920.8179965795648, 4.5702917635584406, 3293.1607088907331, 1.3929903512837793
2100-Aug-07 10:00:00, 5214.2969411506583, 1.8726973105679701, 1921.2507862943291, 4.5713215202934681, 3293.0461548563289, 1.3929418955056587
2100-Aug-07 11:00:00, 5209.3802203362875, 1.870931486728284, 1916.448549588544, 4.5598953347297186, 3292.9316707477437, 1.3928934693058064
2100-Aug-07 12:00:00, 5199.6550560004034, 1.8674387264765784, 1906.8378012639087, 4.5370280334091717, 3292.8172547364948, 1.3928450719107834
2100-Aug-07 13:00:00, 5185.531869395315, 1.8623664312332311, 1892.8289645302273, 4.5036961553993926, 3292.7029048650879, 1.3927967024925798
2100-Aug-07 14:00:00, 5168.2373971660527, 1.856155179362277, 1875.6487780626419, 4.46281853719245, 3292.5886191034106, 1.3927483601924679
2100-Aug-07 15:00:00, 5149.5584116444452, 1.8494466841719872, 1857.0840161941346, 4.4186465342170766, 3292.4743954503106, 1.3927000441639708
2100-Aug-07 16:00:00, 5130.8881369157971, 1.8427413174338609, 1838.5279049270664, 4.3744951140207995, 3292.3602319887304, 1.3926517535961827
2100-Aug-07 17:00:00, 5113.2244549719153, 1.8363974651284847, 1820.9783280043, 4.3327385878913693, 3292.2461269676155, 1.3926034877484159
2100-Aug-07 18:00:00, 5097.3548463771549, 1.8306979482673265, 1805.2227675073279, 4.2952506486395592, 3292.1320788698267, 1.392555245978929
2100-Aug-07 19:00:00, 5084.0601093482192, 1.8259231879190401, 1792.042022900845, 4.2638890888146062, 3292.0180864473741, 1.3925070277598279
2100-Aug-07 20:00:00, 5073.5728785445717, 1.822156734043676, 1781.6687297937733, 4.239207429160933, 3291.904148750798, 1.3924588326894964
2100-Aug-07 21:00:00, 5065.9828463540898, 1.8194307993624219, 1774.1925812083859, 4.2214190804658571, 3291.7902651457039, 1.3924106604995887
2100-Aug-07 22:00:00, 5061.1636222292364, 1.8176999911327614, 1769.4871869290639, 4.2102233165999543, 3291.6764353001727, 1.3923625110497047
2100-Aug-07 23:00:00, 5058.9861081410563, 1.8169179442292802, 1767.4234489992025, 4.205312968779503, 3291.5626591418541, 1.3923143843092403
2100-Aug-08 00:00:00, 5059.1671516031502, 1.8169829653833083, 1767.7182147780247, 4.2060143187322465, 3291.4489368251257, 1.3922662803434969
2100-Aug-08 01:00:00, 5061.1761113743551, 1.8177044765674688, 1769.8408427175398, 4.2110647862967632, 3291.3352686568155, 1.3922181992822609
2100-Aug-08 02:00:00, 5064.6185954407229, 1.8189408332087418, 1773.3969404102522, 4.2195259752404075, 3291.2216550304711, 1.3921701412920009
2100-Aug-08 03:00:00, 5069.3414899835661, 1.8206370449911353, 1778.2333936585205, 4.2310335738180749, 3291.1080963250452, 1.3921221065330123
2100-Aug-08 04:00:00, 5075.1571334170003, 1.8227257138835922, 1784.1625405622178, 4.2451410693263165, 3290.9945928547822, 1.3920740951382187
2100-Aug-08 05:00:00, 5081.8545940982731, 1.8251310844919424, 1790.9734493202538, 4.261346581902016, 3290.8811447780195, 1.3920261071745959
2100-Aug-08 06:00:00, 5088.9497321409563, 1.8276792795948682, 1798.1819801111722, 4.2784981751085338, 3290.7677520297839, 1.3919781426146607
2100-Aug-08 07:00:00, 5095.4002251098827, 1.8299959525751532, 1804.7458108280234, 4.2941158033877542, 3290.6544142818598, 1.3919302013195796
2100-Aug-08 08:00:00, 5099.2755731532397, 1.8313877708663278, 1808.7344422506144, 4.3036061399896601, 3290.5411309026249, 1.3918822830221793
2100-Aug-08 09:00:00, 5099.1837261991905, 1.8313547843399038, 1808.7558252631482, 4.3036570175877653, 3290.4279009360425, 1.3918343873180616
2100-Aug-08 10:00:00, 5096.1739783622033, 1.8302738434684065, 1805.8592552357095, 4.2967650735500964, 3290.3147231264934, 1.3917865136761054
2100-Aug-08 11:00:00, 5091.4352260875694, 1.8285719364346662, 1801.2336301773189, 4.28575910830856, 3290.2015959102505, 1.3917386614348624
2100-Aug-08 12:00:00, 5085.3494075579893, 1.8263862350598545, 1795.2608900651312, 4.2715478894480459, 3290.0885174928585, 1.3916908298352868
2100-Aug-08 13:00:00, 5077.8703424257401, 1.823700153826507, 1787.894856559649, 4.254021542693617, 3289.9754858660908, 1.3916430180279091
2100-Aug-08 14:00:00, 5070.2333363298631, 1.8209573486242041, 1780.3708374289897, 4.2361192933795531, 3289.8624989008736, 1.3915952251121417
2100-Aug-08 15:00:00, 5063.8158896601017, 1.8186525441117622, 1774.0663352509525, 4.2211186975766566, 3289.7495544091489, 1.3915474501624474
2100-Aug-08 16:00:00, 5059.2157734949969, 1.8170004277731806, 1769.5791232777515, 4.2104420650383423, 3289.6366502172455, 1.3914996922593736
2100-Aug-08 17:00:00, 5056.0247717338389, 1.8158543901609039, 1766.5009874970424, 4.2031181131435034, 3289.5237842367965, 1.3914519505195524
2100-Aug-08 18:00:00, 5053.9735210423323, 1.8151176903341315, 1764.5625665098598, 4.1985059377641569, 3289.4109545324727, 1.3914042241243489
2100-Aug-08 19:00:00, 5053.1074889325919, 1.8148066577978028, 1763.8093295590097, 4.1967137259884408, 3289.2981593735817, 1.3913565123416891
2100-Aug-08 20:00:00, 5053.5739410756651, 1.8149741825252399, 1764.3885437832578, 4.1980918773818212, 3289.1853972924073, 1.3913088145507362
2100-Aug-08 21:00:00, 5055.2688668457376, 1.8155829094479776, 1766.1961997551346, 4.2023929174669972, 3289.0726670906029, 1.3912611302445959
2100-Aug-08 22:00:00, 5058.0632009752671, 1.8165864852067535, 1769.1032331090726, 4.2093097573849647, 3288.9599678661943, 1.3912134590417378
2100-Aug-08 23:00:00, 5061.8548451358893, 1.8179482415283374, 1773.0075461161171, 4.2185994712517783, 3288.847299019772, 1.3911658006886143
2100-Aug-09 00:00:00, 5066.500630651286, 1.8196167598613651, 1777.7659704148057, 4.2299214119137973, 3288.7346602364801, 1.3911181550520433
2100-Aug-09 01:00:00, 5071.8546623978136, 1.8215396424600314, 1783.232610931532, 4.2429284444241233, 3288.6220514662814, 1.391070522110859
2100-Aug-09 02:00:00, 5077.8484562065405, 1.8236922934640658, 1789.3389832987634, 4.2574576207359209, 3288.5094729077769, 1.391022901949069
2100-Aug-09 03:00:00, 5084.4550358012511, 1.8260650244340704, 1796.058110847358, 4.2734447540032701, 3288.3969249538932, 1.3909752947328788
2100-Aug-09 04:00:00, 5091.707345235538, 1.8286696671167324, 1803.4229370481542, 4.290968228161403, 3288.2844081873841, 1.3909277007087908
2100-Aug-09 05:00:00, 5099.5059561388207, 1.8314705121452322, 1811.3340328113409, 4.3097914669438371, 3288.1719233274803, 1.3908801201810357
2100-Aug-09 06:00:00, 5107.4712471319926, 1.8343312197706618, 1819.4117759191638, 4.3290112175186257, 3288.0594712128291, 1.3908325535043571
2100-Aug-09 07:00:00, 5114.9946255613213, 1.8370332159764782, 1827.0475727814687, 4.3471794247980977, 3287.947052779853, 1.3907850010748568
2100-Aug-09 08:00:00, 5121.1457742426446, 1.8392423804568341, 1833.3111051991232, 4.3620825393410492, 3287.8346690435219, 1.3907374633218623
2100-Aug-09 09:00:00, 5124.5799289666038, 1.8404757456426328, 1836.857607881356, 4.3705208984291612, 3287.7223210852476, 1.3906899407028053
2100-Aug-09 10:00:00, 5124.8495304246626, 1.840572572104787, 1837.2395203741926, 4.3714296006193321, 3287.61001005047, 1.3906424337022008
2100-Aug-09 11:00:00, 5122.2699797613104, 1.839646135109684, 1834.7722425960585, 4.3655590916341511, 3287.4977371652517, 1.3905949428386672
2100-Aug-09 12:00:00, 5116.7917446555275, 1.837678645289859, 1829.4062409295527, 4.3527915138296205, 3287.385503725975, 1.3905474686605679
2100-Aug-09 13:00:00, 5109.2804833333084, 1.8349810009025433, 1822.0071721994482, 4.3351865648259063, 3287.2733111338598, 1.3905000117606114
2100-Aug-09 14:00:00, 5100.9957354225062, 1.8320055613933639, 1813.8345745374929, 4.315741122390536, 3287.1611608850135, 1.3904525727716441
2100-Aug-09 15:00:00, 5093.0282191961196, 1.8291440545828661, 1805.9791645790867, 4.2970503794382058, 3287.0490546170331, 1.390405152386361
2100-Aug-09 16:00:00, 5086.2790117461791, 1.8267200992955823, 1799.3420176503967, 4.2812583064798435, 3286.9369940957827, 1.3903577513517134
2100-Aug-09 17:00:00, 5081.1243206224353, 1.8248688092150229, 1794.2993393809579, 4.2692600270998451, 3286.824981241477, 1.3903103704799429
2100-Aug-09 18:00:00, 5077.9307096365255, 1.8237218345084014, 1791.2176914990187, 4.261927718698896, 3286.7130181375069, 1.3902630106523133
2100-Aug-09 19:00:00, 5076.6398778912771, 1.823258236603448, 1790.0387708675603, 4.2591226579063388, 3286.6011070237168, 1.3902156728162671
2100-Aug-09 20:00:00, 5077.1210714513963, 1.8234310556615241, 1790.6318211684222, 4.2605337301215265, 3286.4892502829744, 1.3901683579797455
2100-Aug-09 21:00:00, 5079.1705273177295, 1.824167110882837, 1792.7930768844699, 4.2656761065546842, 3286.3774504332596, 1.3901210672078415
2100-Aug-09 22:00:00, 5082.4359758704086, 1.8253398858113492, 1796.1702657885462, 4.2737116094809195, 3286.2657100818619, 1.3900738016034251
2100-Aug-09 23:00:00, 5086.6811611197209, 1.8268645298983612, 1800.5271292062578, 4.2840780976273107, 3286.1540319134629, 1.3900265623021031
2100-Aug-10 00:00:00, 5091.8407664123397, 1.8287175848862398, 1805.7983477883663, 4.2966201536225306, 3286.0424186239734, 1.3899793504442324
2100-Aug-10 01:00:00, 5097.7680352531834, 1.8308463436705089, 1811.8371623596347, 4.3109885865224049, 3285.9308728935484, 1.3899321671635048
2100-Aug-10 02:00:00, 5104.1654497474519, 1.833143953694107, 1818.3460524204806, 4.3264754919387238, 3285.8193973269713, 1.3898850135617304
2100-Aug-10 03:00:00, 5110.7535944222946, 1.8355100638242847, 1825.0456000086795, 4.3424160376939369, 3285.7079944136153, 1.3898378906919018
2100-Aug-10 04:00:00, 5117.4766106398129, 1.8379246126180235, 1831.8799441629794, 4.3586773111999859, 3285.5966664768334, 1.3897907995367853
2100-Aug-10 05:00:00, 5124.3298439744012, 1.840385928453931, 1838.8444283255399, 4.3752482328918187, 3285.4854156488609, 1.389743740998306
2100-Aug-10 06:00:00, 5131.1603104948526, 1.8428390676646702, 1845.7860666619833, 4.3917647964450248, 3285.3742438328691, 1.3896967158814955
2100-Aug-10 07:00:00, 5137.6287029577279, 1.8451621691883535, 1852.365550260206, 4.4074196683542697, 3285.2631526975219, 1.3896497248921904
2100-Aug-10 08:00:00, 5143.238542441477, 1.8471769242804592, 1858.0863987736102, 4.421031549796413, 3285.1521436678663, 1.389602768633178
2100-Aug-10 09:00:00, 5146.9865956172407, 1.8485230250455933, 1861.9453776998309, 4.4302133981722918, 3285.0412179174095, 1.3895558476008465
2100-Aug-10 10:00:00, 5146.7631586780872, 1.8484427784160367, 1861.8327822753106, 4.4299454946321246, 3284.9303764027763, 1.3895089621998429
2100-Aug-10 11:00:00, 5143.0210987909186, 1.8470988301204609, 1858.201478919683, 4.4213053653503502, 3284.8196198712353, 1.3894621127462581
2100-Aug-10 12:00:00, 5137.2736074679633, 1.845034637830592, 1852.5646585658999, 4.4078934160238505, 3284.7089489020632, 1.3894152994851232
2100-Aug-10 13:00:00, 5130.5485250183065, 1.8426193469564898, 1845.9501610756413, 4.3921552339297438, 3284.5983639426654, 1.3893685226056889
2100-Aug-10 14:00:00, 5122.1530699915929, 1.8396041473568192, 1837.6652046537631, 4.3724424510613114, 3284.4878653378296, 1.389321782253798
2100-Aug-10 15:00:00, 5113.1701895770102, 1.83637797589336, 1828.7927361957861, 4.3513317734291084, 3284.3774533812239, 1.3892750785536709
2100-Aug-10 16:00:00, 5103.3650593908078, 1.8328564961739067, 1819.0979310477096, 4.3282644717917549, 3284.2671283430982, 1.3892284116196221
2100-Aug-10 17:00:00, 5094.3159176266217, 1.8296065271683057, 1810.1590271082569, 4.3069957211227852, 3284.1568905183653, 1.389181781576398
2100-Aug-10 18:00:00, 5087.229500291367, 1.8270614640782921, 1803.1827600485262, 4.2903967638346678, 3284.0467402428403, 1.3891351885660468
2100-Aug-10 19:00:00, 5082.814013226789, 1.8254756566637917, 1798.8773353128031, 4.2801526661412188, 3283.9366779139859, 1.3890886327566931
2100-Aug-10 20:00:00, 5081.1740259187382, 1.8248866607059828, 1797.3473219173368, 4.2765122339753994, 3283.8267040014011, 1.3890421143469751
2100-Aug-10 21:00:00, 5082.0263108726976, 1.8251927559972811, 1798.309491829116, 4.2788015696806969, 3283.7168190435814, 1.3889956335646736
2100-Aug-10 22:00:00, 5084.9890210577287, 1.8262568034533655, 1801.3819974062442, 4.2861121253698053, 3283.6070236514843, 1.3889491906682203
2100-Aug-10 23:00:00, 5089.6913730275846, 1.8279456374393621, 1806.1940545681605, 4.297561677202431, 3283.4973184594242, 1.3889027859259273
2100-Aug-11 00:00:00, 5095.9126106246167, 1.8301799741194278, 1812.5249065062631, 4.3126249682172704, 3283.3877041183541, 1.3888564196131443
2100-Aug-11 01:00:00, 5103.4599041698812, 1.8328905593591638, 1820.1817229065161, 4.3308431882628291, 3283.2781812633648, 1.3888100919985116
2100-Aug-11 02:00:00, 5111.9358081494593, 1.8359346519312461, 1828.7670576948385, 4.3512706753752637, 3283.1687504546207, 1.388763803318976
2100-Aug-11 03:00:00, 5121.5485364000006, 1.8393870311388707, 1838.4891242460083, 4.3744028413392959, 3283.0594121539925, 1.3887175537699059
2100-Aug-11 04:00:00, 5131.694732092099, 1.8430310033942936, 1848.7445654030651, 4.3988040903567551, 3282.9501666890342, 1.3886713434898557
2100-Aug-11 05:00:00, 5141.9495774692596, 1.8467139968207977, 1859.1085632531647, 4.4234636333723838, 3282.8410142160947, 1.3886251725449599
2100-Aug-11 06:00:00, 5150.5133129918877, 1.8497896337978708, 1867.781358294136, 4.4440992187393284, 3282.7319546977515, 1.3885790409193888
2100-Aug-11 07:00:00, 5157.7052347374811, 1.852372588444066, 1875.082246825054, 4.4614705630202183, 3282.6229879124267, 1.3885329485194162
2100-Aug-11 08:00:00, 5164.1428019079967, 1.8546846191670738, 1881.6286884960723, 4.477046816732412, 3282.5141134119244, 1.3884868951554579
2100-Aug-11 09:00:00, 5169.9387403598266, 1.8567662110812782, 1887.53340978752, 4.4910961952432684, 3282.4053305723064, 1.3884408805635904
2100-Aug-11 10:00:00, 5174.605586366165, 1.8584422932192042, 1892.3089477657579, 4.5024588552804854, 3282.2966386004068, 1.3883949044083093
2100-Aug-11 11:00:00, 5177.3898070816149, 1.859442236779131, 1895.2017705233202, 4.5093418832643257, 3282.1880365582947, 1.3883489662928739
2100-Aug-11 12:00:00, 5177.6153810570167, 1.8595232509181103, 1895.5358576364524, 4.5101367923000479, 3282.0795234205643, 1.3883030657835431
2100-Aug-11 13:00:00, 5175.320409905542, 1.8586990197031059, 1893.3493117882954, 4.5049342418771188, 3281.9710981172466, 1.3882572024277255
2100-Aug-11 14:00:00, 5170.5890807929509, 1.8569997786731913, 1888.7263212044413, 4.4939345449636061, 3281.8627595885096, 1.3882113757771173
2100-Aug-11 15:00:00, 5163.7644939484544, 1.8545487511284107, 1882.0099871187408, 4.4779540583126876, 3281.7545068297136, 1.3881655854067612
2100-Aug-11 16:00:00, 5155.1190268362152, 1.8514437605242275, 1873.472687887029, 4.4576408644384076, 3281.646338949186, 1.3881198309394838
2100-Aug-11 17:00:00, 5144.7726314559532, 1.8477278872202392, 1863.2343762355381, 4.4332803724517245, 3281.5382552204155, 1.3880741120679749
2100-Aug-11 18:00:00, 5134.1506379233415, 1.8439130337613945, 1852.7203828183531, 4.4082639379939907, 3281.4302551049882, 1.3880284285644879
2100-Aug-11 19:00:00, 5124.5035007808965, 1.8404482967153009, 1843.1811624840639, 4.3855668265538617, 3281.3223382968322, 1.3879827802995561
2100-Aug-11 20:00:00, 5116.7301867172018, 1.83765653696215, 1835.5156819851516, 4.3673279916146424, 3281.2145047320505, 1.3879371672461511
2100-Aug-11 21:00:00, 5111.3322326713296, 1.8357178798165439, 1830.2254780809249, 4.3547407629578485, 3281.1067545904043, 1.3878915894803114
2100-Aug-11 22:00:00, 5108.4074607681487, 1.8346674577675259, 1827.4083724627494, 4.3480378922919405, 3280.9990883053993, 1.3878460471854075
2100-Aug-11 23:00:00, 5107.6263068238277, 1.8343869089404876, 1826.7348003022407, 4.3464352306640208, 3280.8915065215874, 1.3878005406340814
2100-Aug-12 00:00:00, 5108.6358375335758, 1.8347494785191705, 1827.8518274657849, 4.3490930254443221, 3280.7840100677909, 1.387755070176921
2100-Aug-12 01:00:00, 5111.1463163609642, 1.8356511085953531, 1830.4697164519696, 4.3553218906948432, 3280.6765999089944, 1.38770963622211
2100-Aug-12 02:00:00, 5115.1108929037109, 1.8370749730037166, 1834.5416157993707, 4.365010350550282, 3280.56927710434, 1.3876642392176599
2100-Aug-12 03:00:00, 5120.3860812090725, 1.838969539244129, 1839.9240384823418, 4.377816999644458, 3280.4620427267309, 1.3876188796174036
2100-Aug-12 04:00:00, 5126.6988823090087, 1.8412367606500877, 1846.3439844821773, 4.3930922763118918, 3280.3548978268313, 1.3875735578657664
2100-Aug-12 05:00:00, 5133.9389955783581, 1.8438370231208947, 1853.6911522364862, 4.4105737349054674, 3280.2478433418719, 1.3875282743591926
2100-Aug-12 06:00:00, 5141.2879669544782, 1.8464763816167429, 1861.1470868879921, 4.4283139876457511, 3280.1408800664858, 1.3874830294338074
2100-Aug-12 07:00:00, 5148.0548829658674, 1.8489066968746559, 1868.0208743848029, 4.4446691105345764, 3280.0340085810649, 1.3874378233351143
2100-Aug-12 08:00:00, 5153.7540269278143, 1.8509535253714853, 1873.8267976956511, 4.4584834144065058, 3279.9272292321634, 1.3873926562097036
2100-Aug-12 09:00:00, 5156.7741954673265, 1.8520382088034493, 1876.9536533791681, 4.4659232878362953, 3279.8205420881582, 1.3873475280864984
2100-Aug-12 10:00:00, 5154.0783171560633, 1.8510699931225818, 1874.3643702145255, 4.4597624857499136, 3279.7139469415379, 1.3873024388777224
2100-Aug-12 11:00:00, 5146.0296110482159, 1.8481793272376443, 1866.4221677380215, 4.4408652333150052, 3279.607443310194, 1.3872573883794463
2100-Aug-12 12:00:00, 5134.4413087196172, 1.8440174272059162, 1854.9402782779396, 4.4135458387013848, 3279.5010304416778, 1.3872123762733881
2100-Aug-12 13:00:00, 5121.5145306092099, 1.8393748180728187, 1842.1198232544891, 4.3830415326697434, 3279.3947073547206, 1.387167402144476
2100-Aug-12 14:00:00, 5107.7848023009501, 1.8344438320611103, 1828.4963294275701, 4.3506265189938356, 3279.2884728733802, 1.3871224654952923
2100-Aug-12 15:00:00, 5094.5567900113447, 1.8296930356798369, 1815.3744643409266, 4.3194050539540436, 3279.1823256704183, 1.3870775657644221
2100-Aug-12 16:00:00, 5082.6516935584768, 1.8254173600976906, 1803.5754292349477, 4.2913310599271144, 3279.0762643235289, 1.3870327023502369
2100-Aug-12 17:00:00, 5072.5690213580183, 1.821796202091877, 1793.5987340029415, 4.2675930440778433, 3278.9702873550768, 1.3869878746277049
2100-Aug-12 18:00:00, 5064.6697575791659, 1.8189592079196848, 1785.805364279481, 4.2490499163474063, 3278.8643932996847, 1.3869430819769784
2100-Aug-12 19:00:00, 5059.228461169454, 1.8170049845090361, 1780.4698804507095, 4.2363549510562359, 3278.7585807187447, 1.3868983237895336
2100-Aug-12 20:00:00, 5056.2082339997141, 1.8159202800202219, 1777.5553857531418, 4.2294203580156937, 3278.6528482465719, 1.3868535994876932
2100-Aug-12 21:00:00, 5055.2432557277134, 1.815573711300579, 1776.6960611292961, 4.2273757268962546, 3278.5471945984173, 1.3868089085280142
2100-Aug-12 22:00:00, 5055.8679360559527, 1.8157980631516266, 1777.4263174674302, 4.2291132598293091, 3278.4416185885229, 1.3867642504089273
2100-Aug-12 23:00:00, 5057.7316679594214, 1.8164674162327104, 1779.395548856553, 4.2337987438336633, 3278.3361191028685, 1.3867196246592075
2100-Aug-13 00:00:00, 5060.6365680024292, 1.8175107013695959, 1782.4058729015494, 4.2409613481058992, 3278.2306951008795, 1.386675030838697
2100-Aug-13 01:00:00, 5064.4717843326853, 1.8188881064902049, 1786.3464387579681, 4.2503373200665013, 3278.1253455747169, 1.3866304685210851
2100-Aug-13 02:00:00, 5069.0300098321231, 1.8205251779362885, 1791.0099403175311, 4.2614334066322073, 3278.0200695145923, 1.3865859372792362
2100-Aug-13 03:00:00, 5074.1177371417052, 1.8223524181869091, 1796.2028712579404, 4.2737891891935655, 3277.9148658837653, 1.3865414366746145
2100-Aug-13 04:00:00, 5079.6808197950868, 1.8243503807197363, 1801.8710862205953, 4.287275837175847, 3277.8097335744919, 1.3864969662386499
2100-Aug-13 05:00:00, 5085.795670112132, 1.8265465087639381, 1808.0909987357145, 4.3020751648521411, 3277.7046713764175, 1.3864525254593683
2100-Aug-13 06:00:00, 5092.3058660863044, 1.8288846238789189, 1814.7061881163118, 4.3178149931931706, 3277.5996779699926, 1.3864081137786073
2100-Aug-13 07:00:00, 5098.4304932047144, 1.8310842632286386, 1820.9357413117364, 4.3326372593893421, 3277.4947518929785, 1.3863637305778469
2100-Aug-13 08:00:00, 5102.4612241207451, 1.8325318867589566, 1825.0713325698705, 4.3424772643758383, 3277.3898915508748, 1.3863193751826217
2100-Aug-13 09:00:00, 5102.0606609977713, 1.8323880258527649, 1824.7755657685025, 4.341773532643507, 3277.2850952292692, 1.3862750468677441
2100-Aug-13 10:00:00, 5096.2607278385512, 1.8303049992527591, 1819.0803667413829, 4.3282226802192687, 3277.1803610971683, 1.3862307448587128
2100-Aug-13 11:00:00, 5085.858592917335, 1.8265691072790222, 1808.78290566227, 4.30372145124326, 3277.0756872550651, 1.3861864683520462
2100-Aug-13 12:00:00, 5071.8906955402344, 1.8215525836426423, 1794.9196237823583, 4.2707358986794697, 3276.9710717578764, 1.3861422165249837
2100-Aug-13 13:00:00, 5054.7660788113117, 1.8154023348066632, 1777.8995661345155, 4.2302392824348587, 3276.8665126767964, 1.3860979885616505
2100-Aug-13 14:00:00, 5036.0338279044317, 1.8086747095313644, 1759.271819775028, 4.1859174175252098, 3276.762008129404, 1.3860537836657916
2100-Aug-13 15:00:00, 5017.3220802451488, 1.80195444792888, 1740.6645239141667, 4.1416442114398739, 3276.6575563309821, 1.3860096010824809
2100-Aug-13 16:00:00, 4999.9934801851496, 1.7957309391616354, 1723.4403245449919, 4.100661871285312, 3276.5531556401575, 1.3859654401174257
2100-Aug-13 17:00:00, 4985.313063701743, 1.7904585166707854, 1708.8642591018258, 4.0659803595759172, 3276.4488045999174, 1.3859213001543174
2100-Aug-13 18:00:00, 4974.0009942453835, 1.7863958247514395, 1697.6564922871385, 4.0393131977457681, 3276.344501958245, 1.3858771806635586
2100-Aug-13 19:00:00, 4966.1004054802534, 1.7835583547148564, 1689.8601587849173, 4.0207630181584229, 3276.2402466953363, 1.3858330812137776
2100-Aug-13 20:00:00, 4961.4329110676135, 1.7818820397039754, 1685.2968730657115, 4.0099053798114328, 3276.1360380019023, 1.3857890014626493
2100-Aug-13 21:00:00, 4959.9610418925258, 1.7813534228114578, 1683.9291665956787, 4.0066511320763079, 3276.0318752968469, 1.385744941164373
2100-Aug-13 22:00:00, 4961.3911805108892, 1.7818670523140687, 1685.4634223396092, 4.0103016582595092, 3275.9277581712799, 1.3857009001459899
2100-Aug-13 23:00:00, 4965.2815508204767, 1.7832642658019278, 1689.4578644495957, 4.0198058205006957, 3275.8236863708808, 1.3856568782999241
2100-Aug-14 00:00:00, 4971.1856386492746, 1.7853846992032343, 1695.465978933003, 4.0341012072509912, 3275.719659716272, 1.3856128755502997
2100-Aug-14 01:00:00, 4979.0609305142334, 1.7882130839427102, 1703.4452524551909, 4.0530866645522936, 3275.6156780590427, 1.3855688918343396
2100-Aug-14 02:00:00, 4989.2110413142973, 1.7918584622960674, 1713.6993000863558, 4.077484597888664, 3275.5117412279415, 1.3855249270796053
2100-Aug-14 03:00:00, 5001.0667387933217, 1.7961163964019407, 1725.6588898399377, 4.1059406070699946, 3275.407848953384, 1.3854809811720641
2100-Aug-14 04:00:00, 5014.2296125230023, 1.800843798487231, 1738.925611710446, 4.1375067366055234, 3275.3040008125568, 1.3854370539328678
2100-Aug-14 05:00:00, 5028.2594598608457, 1.8058825712448601, 1753.0592636799518, 4.1711355933219112, 3275.2001961808942, 1.3853931450978285
2100-Aug-14 06:00:00, 5040.8880938079901, 1.8104181028986721, 1765.7916595928466, 4.2014303762085197, 3275.0964342151437, 1.3853492543102546
2100-Aug-14 07:00:00, 5050.973282210206, 1.8140401645899331, 1775.9805683706159, 4.2256733216357327, 3274.9927138395901, 1.3853053811151239
2100-Aug-14 08:00:00, 5057.0301392101437, 1.8162154645282169, 1782.1411054847092, 4.2403313746536524, 3274.8890337254347, 1.3852615249503615
2100-Aug-14 09:00:00, 5058.3384840967146, 1.8166853522193149, 1783.5530917571753, 4.2436909793860114, 3274.7853923395396, 1.3852176851674576
2100-Aug-14 10:00:00, 5055.7811358666622, 1.8157668891538901, 1781.0993479038862, 4.2378526722988541, 3274.6817879627765, 1.3851738610392295
2100-Aug-14 11:00:00, 5050.1373058662248, 1.8137399264813749, 1775.5590870920123, 4.2246704715898016, 3274.5782187742125, 1.3851300517954321
2100-Aug-14 12:00:00, 5041.2003121127218, 1.8105302350588042, 1766.7256292402267, 4.2036526137106858, 3274.4746828724947, 1.3850862566318025
2100-Aug-14 13:00:00, 5029.809196387434, 1.8064391539362918, 1755.438017992461, 4.1767954743004054, 3274.3711783949734, 1.3850424747604493
2100-Aug-14 14:00:00, 5017.6495256636044, 1.8020720488559889, 1743.3818220889498, 4.1481096056049944, 3274.2677035746547, 1.3849987054339432
2100-Aug-14 15:00:00, 5006.2753274890401, 1.7979870436152492, 1732.1110706630222, 4.1212925815544299, 3274.1642568260177, 1.3849549479816166
2100-Aug-14 16:00:00, 4996.6921107823491, 1.7945452633799159, 1722.6312739647815, 4.0987368595405123, 3274.0608368175681, 1.3849112018402543
2100-Aug-14 17:00:00, 4989.3449658468726, 1.7919065608441176, 1715.3875233041119, 4.0815014660567561, 3273.9574425427609, 1.3848674665840928
2100-Aug-14 18:00:00, 4984.4022328918236, 1.7901313948310877, 1710.5481595278732, 4.0699869423242676, 3273.8540733639506, 1.3848237419434113
2100-Aug-14 19:00:00, 4981.7788520694357, 1.7891892163809291, 1708.0281230293847, 4.063990902057351, 3273.7507290400508, 1.3847800278162312
2100-Aug-14 20:00:00, 4981.3717536327267, 1.7890430083386626, 1707.7243438833766, 4.0632681061800664, 3273.6474097493501, 1.3847363242779682
2100-Aug-14 21:00:00, 4983.6786753828419, 1.7898715315712075, 1710.1345593097144, 4.0690028440526858, 3273.5441160731275, 1.3846926315745001
2100-Aug-14 22:00:00, 4988.7518363607669, 1.7916935403725209, 1715.3109873765748, 4.0813193605580249, 3273.4408489841917, 1.3846489501173198
2100-Aug-14 23:00:00, 4996.2956634726033, 1.7944028806542827, 1722.9580536961255, 4.0995143817822441, 3273.3376097764776, 1.3846052804537556
2100-Aug-15 00:00:00, 5005.5876230875338, 1.7977400568790312, 1732.3532230617641, 4.1218687460403238, 3273.2344000257694, 1.3845616232503564
2100-Aug-15 01:00:00, 5016.4168110504997, 1.8016293235247096, 1743.2855895402013, 4.1478806350176116, 3273.1312215102985, 1.3845179792593045
2100-Aug-15 02:00:00, 5028.8834746817429, 1.806106684081171, 1755.8553985429485, 4.1777885672928488, 3273.0280761387949, 1.3844743492879836
2100-Aug-15 03:00:00, 5042.9067759216496, 1.8111431058296152, 1769.9818100517095, 4.2114001964436039, 3272.92496586994, 1.3844307341649058
2100-Aug-15 04:00:00, 5057.9136641613968, 1.8165327795600812, 1785.0917715206019, 4.2473520318449456, 3272.8218926407944, 1.3843871347094381
2100-Aug-15 05:00:00, 5073.3544231457536, 1.8220782765176733, 1800.6355648301667, 4.2843361035600482, 3272.7188583155867, 1.3843435517101397
2100-Aug-15 06:00:00, 5087.7668017794367, 1.8272544341110746, 1815.1509371692416, 4.3188732053387646, 3272.6158646101953, 1.3842999858928184
2100-Aug-15 07:00:00, 5100.3756186449973, 1.8317828485263015, 1827.8627055644556, 4.3491189082113753, 3272.5129130805417, 1.3842564379156213
2100-Aug-15 08:00:00, 5109.9727577099475, 1.8352296289300489, 1837.562752619689, 4.3721986821626846, 3272.410005090258, 1.3842129083553576
2100-Aug-15 09:00:00, 5115.386097418901, 1.8371738117851033, 1843.078955615289, 4.3853236409884557, 3272.307141803612, 1.3841693977045071
2100-Aug-15 10:00:00, 5115.6263988366954, 1.8372601152357715, 1843.4220746160163, 4.3861400400151913, 3272.2043242206787, 1.3841259063860962
2100-Aug-15 11:00:00, 5111.0477401018461, 1.8356157052615154, 1838.9461869237584, 4.3754903518662021, 3272.1015531780877, 1.3840824347540153
2100-Aug-15 12:00:00, 5103.2670109785367, 1.8328212824144989, 1831.2681815667981, 4.3572217159486089, 3271.9988294117384, 1.3840389831195457
2100-Aug-15 13:00:00, 5093.5816714570319, 1.8293428251117092, 1821.6855178592173, 4.3344212376660778, 3271.8961535978146, 1.3839955517687101
2100-Aug-15 14:00:00, 5083.3560780143052, 1.8256703374196428, 1811.5625515916547, 4.3103351923261206, 3271.7935264226503, 1.3839521409918241
2100-Aug-15 15:00:00, 5073.7438884833282, 1.8222181516913483, 1802.0529398634289, 4.2877085300220701, 3271.6909486198988, 1.3839087510992194
2100-Aug-15 16:00:00, 5065.2444780130436, 1.8191656168417309, 1793.6560569730179, 4.2677294352916233, 3271.5884210400254, 1.3838653824506386
2100-Aug-15 17:00:00, 5057.987946119023, 1.8165594576767747, 1786.5020014169768, 4.2507074575498294, 3271.4859447020467, 1.3838220354771205
2100-Aug-15 18:00:00, 5052.2448879169215, 1.8144968575274365, 1780.8613670944876, 4.2372864334698681, 3271.3835208224341, 1.3837787106932262
2100-Aug-15 19:00:00, 5048.3129102621951, 1.8130847009006996, 1777.0317594297508, 4.22817446950505, 3271.2811508324439, 1.3837354087043703
2100-Aug-15 20:00:00, 5046.2785669941895, 1.8123540733185419, 1775.0997305958681, 4.2235775032739049, 3271.178836398321, 1.3836921302153655
2100-Aug-15 21:00:00, 5046.1899695691582, 1.8123222538495987, 1775.1133901679309, 4.2236100041302089, 3271.0765794012273, 1.3836488760219343
2100-Aug-15 22:00:00, 5048.0004364348979, 1.8129724769704927, 1777.0260545319409, 4.2281608955758596, 3270.9743819029568, 1.3836056469962048
2100-Aug-15 23:00:00, 5051.4108157274459, 1.8141973032896017, 1780.5385696085164, 4.2365183863701121, 3270.8722461189291, 1.3835624440752883
2100-Aug-16 00:00:00, 5055.9736053201623, 1.8158360139145249, 1785.2034309859157, 4.2476177084137596, 3270.7701743342468, 1.3835192682257718
2100-Aug-16 01:00:00, 5061.3397266122138, 1.8177632384330404, 1790.6715577517148, 4.2606282772257584, 3270.668168860499, 1.3834761204254458
2100-Aug-16 02:00:00, 5067.3178256027786, 1.8199102526956132, 1796.7515936455432, 4.2750947899391889, 3270.5662319572352, 1.3834330016300882
2100-Aug-16 03:00:00, 5073.7251324041281, 1.822211415508221, 1803.2607666560909, 4.2905823685909183, 3270.4643657480374, 1.3833899127379636
2100-Aug-16 04:00:00, 5080.3671615902449, 1.8245968780804409, 1810.0045894138668, 4.3066282603201946, 3270.3625721763779, 1.3833468545711509
2100-Aug-16 05:00:00, 5087.1630497672686, 1.8270375985947629, 1816.9021968445136, 4.323040059087532, 3270.2608529227555, 1.3833038278404926
2100-Aug-16 06:00:00, 5093.8622168724196, 1.8294435820595429, 1823.7030075052746, 4.3392215447898446, 3270.1592093671452, 1.3832608331297112
2100-Aug-16 07:00:00, 5099.5493340088178, 1.8314860911621924, 1829.4916914530108, 4.35299483024182, 3270.0576425558074, 1.3832178708813696
2100-Aug-16 08:00:00, 5103.9269169099844, 1.8330582854231494, 1833.9707637385773, 4.3636520956420606, 3269.9561531714075, 1.3831749413842318
2100-Aug-16 09:00:00, 5106.5066981466671, 1.8339848052278931, 1836.6519566024397, 4.370031582758509, 3269.8547415442272, 1.3831320447780051
2100-Aug-16 10:00:00, 5105.8714097087259, 1.8337566435097181, 1836.1180020591444, 4.3687611198329837, 3269.7534076495813, 1.3830891810522481
2100-Aug-16 11:00:00, 5102.2478933675866, 1.8324552697323064, 1832.5957422346107, 4.3603804429058384, 3269.6521511329761, 1.3830463500570116
2100-Aug-16 12:00:00, 5093.5136347795979, 1.8293183899665135, 1823.9626634252365, 4.3398393562193887, 3269.5509713543611, 1.3830035515215575
2100-Aug-16 13:00:00, 5080.7841141143672, 1.8247466251852511, 1811.3342466843251, 4.3097919758217946, 3269.4498674300416, 1.3829607850720873
2100-Aug-16 14:00:00, 5065.2001181356554, 1.8191496851400999, 1795.8512798461554, 4.2729526313644115, 3269.3488382894998, 1.3829180502557774
2100-Aug-16 15:00:00, 5049.6218918733966, 1.8135548172693197, 1780.3740091582245, 4.2361268400227141, 3269.2478827151722, 1.3828753465576047
2100-Aug-16 16:00:00, 5035.1155695028456, 1.8083449200969566, 1765.9685700825019, 4.201851307580049, 3269.1469994203435, 1.3828326734332952
2100-Aug-16 17:00:00, 5017.9427326986906, 1.8021773531821987, 1748.8965456205599, 4.1612310442731557, 3269.046187078131, 1.3827900303215839
2100-Aug-16 18:00:00, 5001.5797265859701, 1.7963006342523142, 1732.6342822130584, 4.1225374831755035, 3268.9454443729119, 1.3827474166659692
2100-Aug-16 19:00:00, 4989.4046413858796, 1.7919279931144056, 1720.5598713347979, 4.0938082747419084, 3268.8447700510819, 1.3827048319361828
2100-Aug-16 20:00:00, 4982.2357964680577, 1.7893533264337389, 1713.4916335525818, 4.0769904872282243, 3268.7441629154764, 1.3826622756258302
2100-Aug-16 21:00:00, 4980.0740801125203, 1.7885769532331108, 1711.4304582654638, 4.0720862368230639, 3268.6436218470562, 1.3826197472615633
2100-Aug-16 22:00:00, 4982.3541726502535, 1.7893958408437418, 1713.811026845402, 4.0777504345725912, 3268.543145804852, 1.3825772464030575
2100-Aug-16 23:00:00, 4988.3290692600549, 1.7915417049819717, 1719.8863354640064, 4.0922056994598037, 3268.4427337960487, 1.3825347726303567
2100-Aug-17 00:00:00, 4997.231133960945, 1.7947388517520941, 1728.8887491071828, 4.1136255617262032, 3268.3423848537623, 1.3824923255344743
2100-Aug-17 01:00:00, 5008.0546730851474, 1.7986260896362196, 1739.8125751017271, 4.139617129932204, 3268.2420979834201, 1.382449904694711
2100-Aug-17 02:00:00, 5019.6782310214776, 1.8028006516015751, 1751.5363588822026, 4.167512074973879, 3268.1418721392752, 1.3824075096687207
2100-Aug-17 03:00:00, 5031.6234366497065, 1.807090732259933, 1763.581730508613, 4.1961721889624055, 3268.041706141094, 1.3823651399572712
2100-Aug-17 04:00:00, 5043.1905921564057, 1.8112450374812881, 1775.2489934938187, 4.2239326514421975, 3267.9415986625872, 1.3823227949993482
2100-Aug-17 05:00:00, 5053.9580379018134, 1.8151121296159876, 1786.1164897302247, 4.2497901916298639, 3267.8415481715888, 1.3822804741468535
2100-Aug-17 06:00:00, 5063.7216786503996, 1.8186187085426557, 1795.9801257438808, 4.2732592004126975, 3267.7415529065183, 1.3822381766546477
2100-Aug-17 07:00:00, 5072.4261298269967, 1.821744883076319, 1804.7845189649433, 4.2942079034616096, 3267.6416108620533, 1.3821959016744891
2100-Aug-17 08:00:00, 5079.8522545460828, 1.8244119509373038, 1812.3105347592179, 4.3121149035304525, 3267.5417197868646, 1.382153648254077
2100-Aug-17 09:00:00, 5084.8376973918694, 1.8262024560647765, 1817.3958201766011, 4.3242145600829192, 3267.4418772152681, 1.3821114153504395
2100-Aug-17 10:00:00, 5078.4699181760825, 1.8239154894523488, 1811.127837677137, 4.3093008572529579, 3267.3420804989455, 1.3820692018433514
2100-Aug-17 11:00:00, 5062.3874371974289, 1.8181395201863295, 1795.145110353619, 4.2712724093854613, 3267.2423268438101, 1.3820270065509279
2100-Aug-17 12:00:00, 5042.3124715515951, 1.810929663402377, 1775.1698581536571, 4.2237443610398842, 3267.142613397938, 1.3819848282668199
2100-Aug-17 13:00:00, 5020.5346124983535, 1.8031082181453806, 1753.4916751959304, 4.1721644501909454, 3267.0429373024235, 1.3819426657817246
2100-Aug-17 14:00:00, 4999.4069860008522, 1.7955203017364958, 1732.4636902080231, 4.1221315856688525, 3266.9432957928293, 1.3819005179262989
2100-Aug-17 15:00:00, 4980.1349990163535, 1.7885988320537187, 1713.2913127622089, 4.0765138546373487, 3266.8436862541448, 1.3818583835944065
2100-Aug-17 16:00:00, 4963.4064469528212, 1.7825908285179324, 1696.6623406429192, 4.0369477664142241, 3266.7441063099022, 1.3818162617808136
2100-Aug-17 17:00:00, 4949.8924737628122, 1.7777373302354902, 1683.2479198847705, 4.005030210033012, 3266.6445538780417, 1.3817741516048194
2100-Aug-17 18:00:00, 4939.7081415149678, 1.7740796613635943, 1673.1631143187383, 3.9810349622283794, 3266.5450271962291, 1.3817320523209653
2100-Aug-17 19:00:00, 4932.5495504975815, 1.7715086773369815, 1666.1040256115871, 3.9642389435353165, 3266.4455248859945, 1.3816899633461659
2100-Aug-17 20:00:00, 4928.3903494723309, 1.7700149141965225, 1662.0443035427622, 3.9545794576462181, 3266.3460459295688, 1.3816478842499096
2100-Aug-17 21:00:00, 4927.9650052821771, 1.7698621532529175, 1661.7184156198959, 3.9538040573259532, 3266.2465896622812, 1.3816058147510442
2100-Aug-17 22:00:00, 4931.1649891108309, 1.7710114167447006, 1665.0178333700117, 3.96165451572167, 3266.1471557408195, 1.3815637547043502
2100-Aug-17 23:00:00, 4937.4948599825566, 1.7732847687021185, 1671.4471159139771, 3.9769520072636064, 3266.04774406858, 1.3815217040689651
2100-Aug-18 00:00:00, 4946.3103578648661, 1.7764508252888145, 1680.3620031233211, 3.9981636138075216, 3265.9483547415448, 1.3814796628854884
2100-Aug-18 01:00:00, 4957.1791468207211, 1.7803543144986693, 1691.3301588615168, 4.0242606578382238, 3265.8489879592048, 1.3814376312383039
2100-Aug-18 02:00:00, 4968.8291757296065, 1.7845383834253028, 1703.0795317978661, 4.0522164883508465, 3265.7496439317406, 1.3813956092163171
2100-Aug-18 03:00:00, 4980.3754111289672, 1.788685175260061, 1714.7250883148338, 4.0799253036193042, 3265.6503228141337, 1.3813535968850841
2100-Aug-18 04:00:00, 4991.6733268065927, 1.7927427838971026, 1726.1223021948426, 4.1070432256796314, 3265.5510246117506, 1.3813115942468752
2100-Aug-18 05:00:00, 5002.8582250646823, 1.7967598027058318, 1737.4064759395042, 4.1338921860785991, 3265.4517491251781, 1.3812696012173395
2100-Aug-18 06:00:00, 5013.7095117015942, 1.8006570060163634, 1748.3570157993363, 4.1599473158290641, 3265.3524959022579, 1.3812276176052163
2100-Aug-18 07:00:00, 5020.7007407750425, 1.8031678825604449, 1755.447476552808, 4.1768179794937792, 3265.2532642222345, 1.3811856431056295
2100-Aug-18 08:00:00, 5023.3850627627835, 1.804131947826362, 1758.2310096810606, 4.1834409695700376, 3265.1540530817229, 1.3811436772941525
2100-Aug-18 09:00:00, 5021.8741431946073, 1.8035893061157455, 1756.8192819907758, 4.1800819800943119, 3265.0548612038315, 1.3811017196306667
2100-Aug-18 10:00:00, 5016.7455553577092, 1.8017473909433712, 1751.7898682568339, 4.1681152616417076, 3264.9556871008749, 1.3810597694858886
2100-Aug-18 11:00:00, 5007.9591585480966, 1.7985917859096245, 1743.1026294501692, 4.1474453095500126, 3264.8565290979273, 1.3810178261513328
2100-Aug-18 12:00:00, 4994.3863293945797, 1.7937171497046944, 1729.6289439613295, 4.1153867418335111, 3264.7573854332504, 1.3809758888817933
2100-Aug-18 13:00:00, 4977.5286202957923, 1.7876627598515784, 1712.8703659873149, 4.0755122763609997, 3264.6582543084774, 1.3809339569165697
2100-Aug-18 14:00:00, 4959.9114533042175, 1.7813356132357838, 1695.3523193249112, 4.0338307716492645, 3264.5591339793068, 1.3808920295178315
2100-Aug-18 15:00:00, 4943.1535451168402, 1.7753170665462812, 1678.6935222688912, 3.9941937195644264, 3264.4600228479485, 1.3808501060097216
2100-Aug-18 16:00:00, 4928.0756886330037, 1.7699019048082578, 1663.7147691143869, 3.9585540742194172, 3264.3609195186164, 1.3808081858018291
2100-Aug-18 17:00:00, 4915.2537663662097, 1.7652969543007715, 1650.9919434942258, 3.9282820623762564, 3264.2618228719834, 1.3807662684206847
2100-Aug-18 18:00:00, 4903.7823542180176, 1.7611770349864726, 1639.6196221186494, 3.9012233682116411, 3264.1627320993684, 1.3807243535242202
2100-Aug-18 19:00:00, 4894.5587425848535, 1.7578644057108299, 1630.4950958419529, 3.8795129576662286, 3264.0636467429008, 1.3806824409187588
2100-Aug-18 20:00:00, 4889.1138287481754, 1.7559088831133824, 1625.1492620540982, 3.8667933662351346, 3263.9645666940773, 1.380640530558404
2100-Aug-18 21:00:00, 4887.9189598968096, 1.7554797499608812, 1624.0534677214193, 3.8641860917186972, 3263.8654921753905, 1.3805986225372691
2100-Aug-18 22:00:00, 4890.9067003625778, 1.7565527869585946, 1627.1402766485719, 3.8715306800350113, 3263.7664237140061, 1.3805567170783426
2100-Aug-18 23:00:00, 4897.6397607976287, 1.758970943099474, 1633.9723987094326, 3.8877866664105971, 3263.6673620881957, 1.3805148145108292
2100-Aug-19 00:00:00, 4907.371747374289, 1.7624661535361419, 1643.8034391306762, 3.9111781189815482, 3263.5683082436126, 1.3804729152347359
2100-Aug-19 01:00:00, 4918.7029806128185, 1.766535728063773, 1655.2337173813996, 3.9383747126398156, 3263.4692632314186, 1.3804310196946985
2100-Aug-19 02:00:00, 4930.8443379392402, 1.7708962559486345, 1667.4741098122861, 3.9674988487158109, 3263.3702281269543, 1.3803891283455807
2100-Aug-19 03:00:00, 4943.3262749106034, 1.7753791018741281, 1680.0550709798385, 3.9974333158564264, 3263.2712039307648, 1.380347241610608
2100-Aug-19 04:00:00, 4955.8311996205621, 1.7798702037690706, 1692.6590081140293, 4.0274224507850747, 3263.1721915065327, 1.3803053598551138
2100-Aug-19 05:00:00, 4968.3658034188038, 1.7843719648093272, 1705.2926119063925, 4.057482172975889, 3263.0731915124115, 1.380263483357494
2100-Aug-19 06:00:00, 4981.0994284766257, 1.7889452036694644, 1718.1252241183429, 4.0880154051726159, 3262.9742043582828, 1.3802216122911259
2100-Aug-19 07:00:00, 4993.0028557499681, 1.7932202797713657, 1730.1276255852235, 4.1165732782582944, 3262.8752301647442, 1.3801797467070223
2100-Aug-19 08:00:00, 5001.4409956168092, 1.796250809488636, 1738.6647268477391, 4.1368860010952409, 3262.7762687690697, 1.3801378865363503
2100-Aug-19 09:00:00, 5005.3250888688926, 1.7976457685922822, 1742.6477691443424, 4.1463630392292474, 3262.6773197245507, 1.3800960315901547
2100-Aug-19 10:00:00, 5005.1809421949447, 1.7975939987963392, 1742.6025598560029, 4.1462554706628856, 3262.5783823389415, 1.3800541815756193
2100-Aug-19 11:00:00, 5000.3884242885679, 1.7958727820157427, 1737.9089685670281, 4.1350877902018999, 3262.47945572154, 1.3800123361159813
2100-Aug-19 12:00:00, 4992.8161809371441, 1.7931532361365532, 1730.435642081711, 4.117306156261022, 3262.3805388554329, 1.3799704947810916
2100-Aug-19 13:00:00, 4984.3248510862431, 1.7901036034143671, 1722.043220425232, 4.0973376763523497, 3262.2816306610111, 1.3799286571142808
2100-Aug-19 14:00:00, 4975.2094274487017, 1.7868298294955873, 1713.0266973706402, 4.0758842429059143, 3262.1827300780615, 1.3798868226670846
2100-Aug-19 15:00:00, 4964.8039177226146, 1.7830927254719657, 1702.7200815585359, 4.0513612316471166, 3262.0838361640785, 1.3798449910408275
2100-Aug-19 16:00:00, 4953.6109005786147, 1.7790727907925104, 1691.6259524335535, 4.0249644532672546, 3261.9849481450615, 1.379803161908111
2100-Aug-19 17:00:00, 4943.2118651355868, 1.7753380119860003, 1681.32579963527, 4.0004568197583978, 3261.8860655003173, 1.379761335048685
2100-Aug-19 18:00:00, 4934.6026288539442, 1.7722460335634753, 1672.8154408364878, 3.9802077265115305, 3261.7871880174562, 1.3797195103727096
2100-Aug-19 19:00:00, 4928.4679237888258, 1.7700427747528944, 1666.7796079764905, 3.9658463881362218, 3261.6883158123355, 1.3796776879291917
2100-Aug-19 20:00:00, 4924.9583368838867, 1.7687823183515308, 1663.3688875092939, 3.9577311019993853, 3261.5894493745923, 1.3796358679252452
2100-Aug-19 21:00:00, 4923.8442290505536, 1.768382190248603, 1662.3536395226379, 3.9553154751572555, 3261.4905895279162, 1.3795940507092868
2100-Aug-19 22:00:00, 4924.6753808323729, 1.7686806956317933, 1663.283643385909, 3.9575282766844979, 3261.3917374464636, 1.3795522367779787
2100-Aug-19 23:00:00, 4927.0224632368572, 1.7695236424290637, 1665.7295686548207, 3.9633479806495231, 3261.2928945820368, 1.3795104267454261
2100-Aug-20 00:00:00, 4930.4694252112586, 1.7707616072960333, 1669.2753625754051, 3.9717846533480192, 3261.1940626358537, 1.3794686213312355
2100-Aug-20 01:00:00, 4934.93094072235, 1.7723639456731863, 1673.8356972585268, 3.9826352701573446, 3261.0952434638234, 1.3794268213204468
2100-Aug-20 02:00:00, 4940.5260766240744, 1.7743734200229746, 1679.529637609201, 3.9961831277540658, 3260.9964390148734, 1.3793850275374471
2100-Aug-20 03:00:00, 4947.3472100690378, 1.7768232072908607, 1686.4495588137745, 4.0126480187234614, 3260.8976512552631, 1.3793432408139534
2100-Aug-20 04:00:00, 4955.7005208399651, 1.7798232709219899, 1694.9016387619563, 4.0327584463854782, 3260.7988820780088, 1.3793014619507027
2100-Aug-20 05:00:00, 4965.068865230096, 1.7831878804833319, 1704.3687319810849, 4.0552839424196003, 3260.7001332490108, 1.3792596916946616
2100-Aug-20 06:00:00, 4974.7984599881274, 1.7866822319063371, 1714.1970536668175, 4.0786689261764648, 3260.6014063213097, 1.3792179307027586
2100-Aug-20 07:00:00, 4984.27592123451, 1.7900860304217314, 1723.7732186216531, 4.1014539416737668, 3260.5027026128573, 1.3791761795324804
2100-Aug-20 08:00:00, 4992.6776897939626, 1.7931034975055735, 1732.2736666369613, 4.1216794537317023, 3260.4040231570011, 1.3791344386209281
2100-Aug-20 09:00:00, 4998.7782818943288, 1.7952945047589324, 1738.4729132080477, 4.1364296099643889, 3260.3053686862813, 1.3790927082779623
2100-Aug-20 10:00:00, 5002.3691862959977, 1.7965841660673327, 1742.1624466554372, 4.1452082888168382, 3260.2067396405605, 1.3790509886896425
2100-Aug-20 11:00:00, 5003.8109601374608, 1.7971019743214134, 1743.7028239668587, 4.1488733803308175, 3260.1081361706019, 1.3790092799197411
2100-Aug-20 12:00:00, 5003.5498074768357, 1.7970081822166062, 1743.5402493084721, 4.1484865588706317, 3260.0095581683636, 1.3789675819225569
2100-Aug-20 13:00:00, 5001.4322253646196, 1.7962476596818886, 1741.5212200454546, 4.1436825884644906, 3259.9110053191648, 1.3789258945649812
2100-Aug-20 14:00:00, 4997.8425311135279, 1.7949584329950217, 1738.0300539790487, 4.1353758943649339, 3259.8124771344792, 1.3788842176403702
2100-Aug-20 15:00:00, 4992.6578007628486, 1.793096354426555, 1732.9438277371676, 4.1232739992648995, 3259.7139730256813, 1.378842550899738
2100-Aug-20 16:00:00, 4985.9137326562904, 1.7906742449172619, 1726.2982403165502, 4.1074618434507935, 3259.6154923397407, 1.3788008940668564
2100-Aug-20 17:00:00, 4975.9529270043786, 1.7870968548748549, 1716.4358925638637, 4.0839958998873138, 3259.5170344405151, 1.37875924687264
2100-Aug-20 18:00:00, 4965.8776694154876, 1.7834783598019925, 1706.4590706681695, 4.0602575826612277, 3259.4185987473179, 1.3787176090714615
2100-Aug-20 19:00:00, 4958.4566697554383, 1.7808131325888232, 1699.1364849675615, 4.042834613293472, 3259.3201847878763, 1.3786759804635518
2100-Aug-20 20:00:00, 4954.8203303020127, 1.7795071534335127, 1695.5985380623915, 4.0344166113643984, 3259.2217922396208, 1.3786343609124658
2100-Aug-20 21:00:00, 4954.8130035074555, 1.7795045220397472, 1695.6895825662136, 4.0346332377947407, 3259.1234209412414, 1.37859275034997
2100-Aug-20 22:00:00, 4957.6436582129863, 1.7805211422119434, 1698.6185872898257, 4.0416023552163729, 3259.0250709231609, 1.3785511487889333
2100-Aug-20 23:00:00, 4962.4614113672069, 1.7822514221474197, 1703.5346689784378, 4.0532994174525943, 3258.9267423887695, 1.3785095563153886
2100-Aug-21 00:00:00, 4968.9033153392293, 1.7845650104181869, 1710.0748796214586, 4.0688608453895263, 3258.8284357177708, 1.3784679730899485
2100-Aug-21 01:00:00, 4977.2194531212053, 1.7875517234946352, 1718.4893016923161, 4.0888816719092818, 3258.7301514288893, 1.3784263993320311
2100-Aug-21 02:00:00, 4986.9854954164994, 1.791059164928773, 1728.3536052650381, 4.1123522690465073, 3258.631890151461, 1.3783848353078421
2100-Aug-21 03:00:00, 4997.6393696231744, 1.7948854682251034, 1739.1057170326462, 4.1379352695909963, 3258.5336525905282, 1.3783432813156109
2100-Aug-21 04:00:00, 5008.7206393972192, 1.7988652692103062, 1750.2851999338138, 4.164535134187763, 3258.4354394634056, 1.3783017376587583
2100-Aug-21 05:00:00, 5020.3561103076217, 1.8030441096804646, 1762.0188588298431, 4.1924535755520251, 3258.3372514777784, 1.378260204636631
2100-Aug-21 06:00:00, 5031.3210787477656, 1.8069821414304916, 1773.0819894674578, 4.2187765977864577, 3258.2390892803082, 1.378218682522764
2100-Aug-21 07:00:00, 5041.0769170902386, 1.8104859181490942, 1782.9359636717186, 4.2422226177759859, 3258.1409534185204, 1.3781771715487579
2100-Aug-21 08:00:00, 5049.1680363625837, 1.8133918165802376, 1791.1251920315376, 4.2617076304057235, 3258.0428443310457, 1.3781356719001507
2100-Aug-21 09:00:00, 5054.7814272609648, 1.8154078471510331, 1796.8366649423297, 4.2752972040396973, 3257.9447623186352, 1.3780941837041591
2100-Aug-21 10:00:00, 5056.7572438759962, 1.8161174550814798, 1798.9105363154222, 4.2802316628338168, 3257.8467075605736, 1.3780527070366195
2100-Aug-21 11:00:00, 5055.2676777875258, 1.8155824824016968, 1797.5189976828372, 4.2769207101238242, 3257.7486801046884, 1.3780112419177626
2100-Aug-21 12:00:00, 5050.3037740810369, 1.8137997129840793, 1792.6530941619192, 4.2653430391401486, 3257.6506799191179, 1.3779697883341111
2100-Aug-21 13:00:00, 5040.5321271596085, 1.8102902586672063, 1782.9794202682879, 4.2423260160811491, 3257.5527068913207, 1.3779283462380607
2100-Aug-21 14:00:00, 5028.526421771202, 1.8059784497222828, 1771.0716608753244, 4.2139933292919753, 3257.4547608958778, 1.3778869155765596
2100-Aug-21 15:00:00, 5015.6969079946321, 1.8013707727494455, 1758.3400661855953, 4.18370045279298, 3257.3568418090363, 1.3778454962972608
2100-Aug-21 16:00:00, 5002.9707859877326, 1.796800228584958, 1745.7118364098633, 4.1536535172503486, 3257.2589495778693, 1.3778040883777771
2100-Aug-21 17:00:00, 4991.5426658101305, 1.7926958574371346, 1734.3815815588953, 4.1266949139279063, 3257.1610842512355, 1.3777626918387749
2100-Aug-21 18:00:00, 4981.6705535066612, 1.789150321314243, 1724.6073075073027, 4.1034385282254071, 3257.063245999359, 1.3777213067522582
2100-Aug-21 19:00:00, 4973.6954417573079, 1.78628608659707, 1716.730006597624, 4.0846956991126619, 3256.9654351596837, 1.3776799332609644
2100-Aug-21 20:00:00, 4968.1458865079949, 1.7842929823861804, 1711.2782342783507, 4.0717240431973494, 3256.8676522296441, 1.3776385715753054
2100-Aug-21 21:00:00, 4965.235829867368, 1.7832478452745029, 1708.4659319881732, 4.0650326013135674, 3256.7698978791946, 1.3775972219786687
2100-Aug-21 22:00:00, 4964.6053470350626, 1.7830214094735228, 1707.933174116022, 4.0637649856834557, 3256.6721729190408, 1.3775558848139788
2100-Aug-21 23:00:00, 4965.6863770352602, 1.7834096577832876, 1709.1118987526695, 4.0665695801364263, 3256.5744782825909, 1.3775145604760626
2100-Aug-22 00:00:00, 4968.033701579423, 1.7842526915442136, 1711.5568866091744, 4.0723870536724318, 3256.4768149702486, 1.3774732493880857
2100-Aug-22 01:00:00, 4971.3492163401597, 1.7854434475839358, 1714.9700323366371, 4.0805081103440299, 3256.3791840035224, 1.377431951982141
2100-Aug-22 02:00:00, 4975.4652560375616, 1.7869217094778231, 1719.1836696826888, 4.0905338140242193, 3256.2815863548726, 1.3773906686695745
2100-Aug-22 03:00:00, 4980.3885446289451, 1.7886898921126615, 1724.2045217238319, 4.1024801612421982, 3256.1840229051131, 1.3773493998229658
2100-Aug-22 04:00:00, 4986.1947791152379, 1.7907751818132147, 1730.1082847640744, 4.1165272597413107, 3256.0864943511638, 1.3773081457371086
2100-Aug-22 05:00:00, 4992.7189641353534, 1.7931183210472688, 1736.7299629631968, 4.1322825272306165, 3255.9890011721563, 1.3772669066146732
2100-Aug-22 06:00:00, 4999.860761960972, 1.7956832738552124, 1743.9692183809839, 4.1495072249735179, 3255.8915435799886, 1.3772256825452913
2100-Aug-22 07:00:00, 5007.1543570881531, 1.7983027441564241, 1751.3602356132255, 4.1670930166731912, 3255.7941214749276, 1.3771844734867764
2100-Aug-22 08:00:00, 5014.1031492409275, 1.8007983796223486, 1758.4064148119714, 4.1838583191713612, 3255.696734428956, 1.3771432792580791
2100-Aug-22 09:00:00, 5020.0643679948535, 1.8029393314043773, 1764.4649863208324, 4.1982737606734633, 3255.5993816740211, 1.3771020995343175
2100-Aug-22 10:00:00, 5024.3187180318664, 1.8044672669942463, 1768.8166559041481, 4.2086278908876587, 3255.5020621277185, 1.3770609338576394
2100-Aug-22 11:00:00, 5026.385510902106, 1.8052095487425399, 1770.9807365053744, 4.2137769887017535, 3255.4047743967321, 1.3770197816386796
2100-Aug-22 12:00:00, 5026.3461198266596, 1.8051954015695113, 1771.0386029987305, 4.2139146731457986, 3255.3075168279292, 1.3769786421781711
2100-Aug-22 13:00:00, 5023.9417747176321, 1.8043318890633824, 1768.7314871667249, 4.2084252449421031, 3255.2102875509067, 1.3769375146849427
2100-Aug-22 14:00:00, 5020.1001657398974, 1.8029521880448076, 1764.9870811992269, 4.1995160053456662, 3255.1130845406706, 1.3768963983024325
2100-Aug-22 15:00:00, 5016.467848774203, 1.801647653552515, 1761.4519431142844, 4.1911046865734427, 3255.0159056599186, 1.376855292126572
2100-Aug-22 16:00:00, 5014.2501212304178, 1.8008511641209211, 1759.3313724721165, 4.1860591140323677, 3254.9187487583013, 1.3768141952477746
2100-Aug-22 17:00:00, 5013.8280483065173, 1.8006995780416524, 1759.0064365958879, 4.1852859789610299, 3254.821611710629, 1.3767731067670959
2100-Aug-22 18:00:00, 5014.918124741851, 1.8010910753483462, 1760.1936322621632, 4.1881107289295185, 3254.7244924796873, 1.376732025822804
2100-Aug-22 19:00:00, 5017.2210713691875, 1.8019181709288374, 1762.5936821947123, 4.193821279569085, 3254.6273891744754, 1.3766909516150154
2100-Aug-22 20:00:00, 5020.6891128215329, 1.803163706419824, 1766.1588127290115, 4.2023039607736203, 3254.5303000925214, 1.3766498834235932
2100-Aug-22 21:00:00, 5025.2362396784574, 1.8047967918255614, 1770.8030159176985, 4.2133541298262553, 3254.4332237607591, 1.3766088206254377
2100-Aug-22 22:00:00, 5031.0654860786644, 1.8068903461780483, 1776.7293271408741, 4.2274548782676975, 3254.3361589377905, 1.3765677626954438
2100-Aug-22 23:00:00, 5037.8636316249795, 1.809331877419003, 1783.6245269790611, 4.2438609485381091, 3254.2391046459184, 1.3765267092200506
2100-Aug-23 00:00:00, 5045.2689463721908, 1.8119914714481746, 1791.1268862149648, 4.2617116614552959, 3254.1420601572258, 1.3764856598913526
2100-Aug-23 01:00:00, 5053.1767910329081, 1.8148315474153953, 1799.1317660352922, 4.2807580450149381, 3254.0450249976157, 1.3764446145088096
2100-Aug-23 02:00:00, 5061.6149814074979, 1.817862095272355, 1807.6669824985274, 4.3010662832611306, 3253.94799890897, 1.3764035729632387
2100-Aug-23 03:00:00, 5070.5773730236861, 1.8210809082523822, 1816.7263911868977, 4.3226217564943559, 3253.8509818367884, 1.3763625352315867
2100-Aug-23 04:00:00, 5080.051317360334, 1.8244834436814052, 1826.2973434426767, 4.3453943691738965, 3253.7539739176577, 1.3763215013716288
2100-Aug-23 05:00:00, 5090.0086013615692, 1.8280595689347476, 1836.351625921814, 4.3693169919755972, 3253.6569754397547, 1.3762804715052626
2100-Aug-23 06:00:00, 5100.0006172117082, 1.8316481680154855, 1846.4406303913252, 4.3933222304269339, 3253.5599868203826, 1.3762394458090053
2100-Aug-23 07:00:00, 5108.9911465203859, 1.8348770865536821, 1855.5281379189094, 4.4149445605376219, 3253.4630086014763, 1.3761984245120924
2100-Aug-23 08:00:00, 5116.0227314655931, 1.8374024567741618, 1862.6566900457819, 4.431905856782012, 3253.3660414198116, 1.376157407883877
2100-Aug-23 09:00:00, 5120.5095927758157, 1.8390138980103203, 1867.2405067684404, 4.4428123455021993, 3253.2690860073749, 1.3761163962339857
2100-Aug-23 10:00:00, 5122.4224890580344, 1.8397009083136338, 1869.2503458767417, 4.447594449344991, 3253.172143181293, 1.3760753899080589
2100-Aug-23 11:00:00, 5120.6088020563002, 1.8390495286916648, 1867.533588191335, 4.4435096877883984, 3253.0752138649655, 1.3760343892966898
2100-Aug-23 12:00:00, 5114.9828333279911, 1.8370289808353093, 1862.0045342580313, 4.4303541521277339, 3252.97829906996, 1.3759933948277667
2100-Aug-23 13:00:00, 5106.8119245319522, 1.8340944262635357, 1853.9305246088052, 4.411143284744953, 3252.881399923147, 1.3759524069779501
2100-Aug-23 14:00:00, 5096.2366560719547, 1.8302963539582786, 1843.4521383948631, 4.3862115721650827, 3252.7845176770911, 1.3759114262770684
2100-Aug-23 15:00:00, 5082.7572541479476, 1.8254552718304198, 1830.0696004285055, 4.3543698759960208, 3252.6876537194426, 1.3758704533120907
2100-Aug-23 16:00:00, 5066.9503323309518, 1.8197782687158803, 1814.3595227438857, 4.3169901561190018, 3252.5908095870664, 1.3758294887331028
2100-Aug-23 17:00:00, 5051.4875752098378, 1.8142248712010303, 1798.9935882361651, 4.2804292721388082, 3252.4939869736731, 1.3757885332565363
2100-Aug-23 18:00:00, 5038.6279204675448, 1.8096063692011404, 1786.2307327353242, 4.2500620153352751, 3252.397187732221, 1.3757475876661829
2100-Aug-23 19:00:00, 5029.5636449863287, 1.8063509649716729, 1777.2632311329276, 4.2287252209142983, 3252.3004138534016, 1.3757066528040949
2100-Aug-23 20:00:00, 5024.3077044897718, 1.8044633115174309, 1772.1040370126002, 4.2164497099409948, 3252.2036674771716, 1.3756657295754635
2100-Aug-23 21:00:00, 5022.223295598078, 1.8037147030339373, 1770.1163447478793, 4.2117203011151094, 3252.1069508501992, 1.3756248189306177
2100-Aug-23 22:00:00, 5022.4947591031241, 1.8038121982440405, 1770.4844928228886, 4.2125962529845635, 3252.0102662802356, 1.3755839218457249
2100-Aug-23 23:00:00, 5024.4568657469335, 1.8045168822841671, 1772.5432496337614, 4.2174947489965007, 3251.9136161131719, 1.375543039313085
2100-Aug-24 00:00:00, 5027.5925622076875, 1.8056430571827364, 1775.7755595501778, 4.2251855345964753, 3251.8170026575099, 1.3755021723091827
2100-Aug-24 01:00:00, 5031.7305298306173, 1.8071291944177532, 1780.0101017052928, 4.2352609780629695, 3251.7204281253244, 1.3754613217697143
2100-Aug-24 02:00:00, 5036.7641850283526, 1.8089370148502131, 1785.1402904450397, 4.2474674751826953, 3251.6238945833129, 1.3754204885688825
2100-Aug-24 03:00:00, 5042.6511825834614, 1.8110513103368717, 1791.1237787187636, 4.2617042676447845, 3251.527403864698, 1.3753796734821315
2100-Aug-24 04:00:00, 5049.1598786685499, 1.8133888867717036, 1797.7289211434336, 4.2774201907954188, 3251.4309575251164, 1.3753388771674873
2100-Aug-24 05:00:00, 5056.0055726572873, 1.8158474948767591, 1804.6710158740577, 4.2939378402685655, 3251.3345567832298, 1.3752981001404379
2100-Aug-24 06:00:00, 5063.0208317775323, 1.8183670017317948, 1811.7826293015557, 4.3108588334762423, 3251.2382024759768, 1.3752573427550039
2100-Aug-24 07:00:00, 5069.8278978286708, 1.8208117367422278, 1818.6860027847515, 4.3272843516810902, 3251.1418950439197, 1.3752166051975412
2100-Aug-24 08:00:00, 5075.5800807494161, 1.8228776140037553, 1824.534446248914, 4.341199825735111, 3251.0456345005018, 1.3751758874737361
2100-Aug-24 09:00:00, 5079.4729488621215, 1.8242757245692518, 1828.5235284034809, 4.3506912347846098, 3250.9494204586404, 1.3751351894198545
2100-Aug-24 10:00:00, 5080.8755266984426, 1.8247794557091515, 1830.0222745587525, 4.3542572713488754, 3250.8532521396905, 1.3750945107065338
2100-Aug-24 11:00:00, 5078.9000194678511, 1.8240699588930918, 1828.1428910711552, 4.349785566643261, 3250.7571283966959, 1.3750538508486168
2100-Aug-24 12:00:00, 5073.9820950024287, 1.8223037027661553, 1823.3210472023743, 4.3383127288429613, 3250.6610478000543, 1.3750132092413896
2100-Aug-24 13:00:00, 5067.125186753985, 1.8198410670972252, 1816.5601780897264, 4.3222262779272294, 3250.565008664259, 1.3749725851718908
2100-Aug-24 14:00:00, 5059.6344212072891, 1.8171507836991536, 1809.1654120863641, 4.3046315666017474, 3250.4690091209245, 1.374931977849803
2100-Aug-24 15:00:00, 5052.4740000974325, 1.8145791424009494, 1802.1009528749119, 4.2878227696175522, 3250.3730472225207, 1.3748913864513308
2100-Aug-24 16:00:00, 5046.0789022392401, 1.8122823643894515, 1795.8017812731546, 4.2728348571031871, 3250.2771209660855, 1.3748508101292314
2100-Aug-24 17:00:00, 5040.4152542004758, 1.8102482841347398, 1790.2340258059608, 4.2595872370795638, 3250.1812283945146, 1.3748102480556597
2100-Aug-24 18:00:00, 5036.3143406262716, 1.8087754547374195, 1786.2289729691179, 4.2500578282415402, 3250.0853676571542, 1.374769699447798
2100-Aug-24 19:00:00, 5034.3548188698478, 1.8080716990509542, 1784.3652818266169, 4.245623461063829, 3249.9895370432309, 1.3747291635819983
2100-Aug-24 20:00:00, 5034.468583882096, 1.8081125573746895, 1784.57484883713, 4.2461220936171307, 3249.893735044966, 1.3746886398204774
2100-Aug-24 21:00:00, 5036.2892722754068, 1.8087664515230315, 1786.4913119029932, 4.2506820234911089, 3249.7979603724139, 1.3746481276175953
2100-Aug-24 22:00:00, 5039.2390366528989, 1.8098258495356272, 1789.5368246826197, 4.2579283539593389, 3249.7022119702792, 1.3746076265269669
2100-Aug-24 23:00:00, 5042.8723382255121, 1.811130737646202, 1793.2658492022438, 4.2668009957601205, 3249.6064890232678, 1.3745671362037271
2100-Aug-25 00:00:00, 5046.9364621079458, 1.8125903541487423, 1797.4256711840435, 4.2766986540365126, 3249.5107909239027, 1.3745266563909164
2100-Aug-25 01:00:00, 5051.3235277231861, 1.8141659540947501, 1801.9084104440549, 4.2873646444399203, 3249.4151172791312, 1.3744861869222751
2100-Aug-25 02:00:00, 5055.9437504961843, 1.8158252916543234, 1806.6242826305515, 4.2985853388786017, 3249.3194678656323, 1.3744457277033399
2100-Aug-25 03:00:00, 5060.7068050736634, 1.8175359267788671, 1811.4829624876047, 4.3101458222622435, 3249.2238425860592, 1.3744052786929335
2100-Aug-25 04:00:00, 5065.5337247136604, 1.8192694988270588, 1816.4054832637037, 4.3218582053193639, 3249.1282414499565, 1.3743648398950929
2100-Aug-25 05:00:00, 5070.3883679095825, 1.8210130276976575, 1821.3557033841064, 4.3336364947170916, 3249.0326645254763, 1.3743244113386466
2100-Aug-25 06:00:00, 5075.1659458347676, 1.8227288788339659, 1826.2288339070317, 4.3452313612433997, 3248.9371119277362, 1.3742839930722885
2100-Aug-25 07:00:00, 5079.6336141447764, 1.8243334269682763, 1830.7920303753006, 4.3560887872314762, 3248.8415837694756, 1.3742435851437069
2100-Aug-25 08:00:00, 5083.4588593344797, 1.8257072509870977, 1834.7127791678197, 4.3654176075285269, 3248.7460801666602, 1.3742031876019545
2100-Aug-25 09:00:00, 5086.4297700321031, 1.8267742436298584, 1837.7791688093753, 4.3727136112871436, 3248.6506012227278, 1.3741628004907851
2100-Aug-25 10:00:00, 5088.3566866847104, 1.8274662893023148, 1839.8015396606445, 4.37752553248992, 3248.5551470240657, 1.37412242384674
2100-Aug-25 11:00:00, 5089.2902314485509, 1.827801568782611, 1840.8305138011306, 4.3799738186094546, 3248.4597176474203, 1.3740820577022828
2100-Aug-25 12:00:00, 5089.3477378653943, 1.8278222220199272, 1840.9834246909754, 4.3803376466148469, 3248.3643131744188, 1.3740417020919411
2100-Aug-25 13:00:00, 5088.9076678052097, 1.8276641723293419, 1840.6387340958458, 4.3795175082203182, 3248.2689337093643, 1.3740013570598348
2100-Aug-25 14:00:00, 5088.8266716972666, 1.8276350828480132, 1840.6530922929542, 4.3795516713477465, 3248.173579404312, 1.3739610226702823
2100-Aug-25 15:00:00, 5089.7057088523061, 1.8279507861028741, 1841.6274583814741, 4.3818700259846679, 3248.0782504708322, 1.373920699012777
2100-Aug-25 16:00:00, 5091.8019628889861, 1.8287036487305808, 1843.8190156752896, 4.3870845003737706, 3247.9829472136967, 1.3738803862162356
2100-Aug-25 17:00:00, 5095.1435407413101, 1.8299037652424952, 1847.2558707143833, 4.3952619697153139, 3247.8876700269266, 1.3738400844473271
2100-Aug-25 18:00:00, 5099.6247403400848, 1.8315131730939194, 1851.8323208980355, 4.4061509308859854, 3247.7924194420493, 1.373799793930885
2100-Aug-25 19:00:00, 5105.1803203386335, 1.8335084410733511, 1857.4831242271891, 4.4195961505573482, 3247.6971961114446, 1.3737595149428625
2100-Aug-25 20:00:00, 5111.7561177344114, 1.8358701167195401, 1864.1541168973515, 4.4354687542655045, 3247.6020008370597, 1.3737192478224793
2100-Aug-25 21:00:00, 5119.1420955729136, 1.8385227659626087, 1871.6352610260315, 4.4532689890895139, 3247.5068345468826, 1.3736789929622697
2100-Aug-25 22:00:00, 5127.0909581950109, 1.8413775733935009, 1879.6792598780376, 4.4724084503840569, 3247.4116983169729, 1.3736387508174015
2100-Aug-25 23:00:00, 5135.4052865644971, 1.8443636366255038, 1888.0886932259887, 4.4924174070029421, 3247.3165933385089, 1.3735985218917368
2100-Aug-26 00:00:00, 5143.8874821726786, 1.8474099888149609, 1896.6659612518413, 4.512825700491546, 3247.2215209208371, 1.373558306739123
2100-Aug-26 01:00:00, 5152.3862379703623, 1.8504622885411026, 1905.2597554948227, 4.5332733155786356, 3247.1264824755394, 1.3735181059566519
2100-Aug-26 02:00:00, 5160.795009926529, 1.8534822708714564, 1913.7635304191786, 4.5535067435062926, 3247.0314795073509, 1.3734779201808187
2100-Aug-26 03:00:00, 5169.0092647989486, 1.8564323930416191, 1922.0727512177834, 4.5732772597369173, 3246.9365135811649, 1.3734377500735657
2100-Aug-26 04:00:00, 5176.879023368936, 1.8592587905167086, 1930.0374370295779, 4.5922280078191378, 3246.8415863393579, 1.3733975963296094
2100-Aug-26 05:00:00, 5184.3582743034876, 1.8619449384803315, 1937.6115748365607, 4.6102495068351566, 3246.7466994669267, 1.3733574596616955
2100-Aug-26 06:00:00, 5191.4312732530489, 1.8644851824019926, 1944.7794185472528, 4.6273042913757978, 3246.6518547057958, 1.373317340806649
2100-Aug-26 07:00:00, 5197.8564907422751, 1.8667927777782607, 1951.2994369006024, 4.6428176748570156, 3246.5570538416728, 1.373277240519815
2100-Aug-26 08:00:00, 5203.5714378830289, 1.868845281933915, 1957.1091391674877, 4.6566409701751326, 3246.4622987155417, 1.3732371595799207
2100-Aug-26 09:00:00, 5207.7275564166021, 1.8703379380077954, 1961.3599651980865, 4.6667551586253451, 3246.3675912185154, 1.3731970987868973
2100-Aug-26 10:00:00, 5210.7729725757217, 1.871431689037917, 1964.5000392634502, 4.6742264831669988, 3246.2729333122711, 1.3731570589705242
2100-Aug-26 11:00:00, 5213.0580010944241, 1.8722523493896079, 1966.8796740585474, 4.6798884591187422, 3246.1783270358765, 1.3731170409933169
2100-Aug-26 12:00:00, 5214.518266176553, 1.8727767987109416, 1968.4344916826483, 4.6835879091415542, 3246.0837744939045, 1.3730770457454988
2100-Aug-26 13:00:00, 5214.5529846266163, 1.8727892677261884, 1968.5637067248483, 4.6838953565124903, 3245.9892779017682, 1.3730370741641789
2100-Aug-26 14:00:00, 5213.7681384697917, 1.8725073928533755, 1967.8732989072548, 4.6822526370211781, 3245.8948395625366, 1.3729971272235435
2100-Aug-26 15:00:00, 5212.6904642026784, 1.8721203497439269, 1966.8900023176111, 4.6799130336267982, 3245.8004618850678, 1.3729572059425275
2100-Aug-26 16:00:00, 5211.4051475988308, 1.8716587325835659, 1965.6990002140321, 4.6770792268246648, 3245.7061473847989, 1.3729173113851481
2100-Aug-26 17:00:00, 5210.228960223244, 1.8712363088206223, 1964.6170615524982, 4.6745049197522146, 3245.6118986707456, 1.3728774446550056
2100-Aug-26 18:00:00, 5209.5986796005191, 1.8710099456425369, 1964.0809611468135, 4.6732293510763148, 3245.5177184537056, 1.3728376068987538
2100-Aug-26 19:00:00, 5209.8162648065836, 1.871088090641722, 1964.3926552917053, 4.6739709794792583, 3245.4236095148785, 1.3727977992928262
2100-Aug-26 20:00:00, 5210.9404506578885, 1.871491838231105, 1965.6108759619037, 4.6768695486852527, 3245.3295746959843, 1.372758023039256
2100-Aug-26 21:00:00, 5212.9180123015349, 1.8722020728827438, 1967.682395409807, 4.6817984114341762, 3245.2356168917277, 1.3727182793624886
2100-Aug-26 22:00:00, 5215.7833887247643, 1.8732311632437471, 1970.6416497308712, 4.6888395031325665, 3245.1417389938933, 1.3726785694857344
2100-Aug-26 23:00:00, 5219.7361058106035, 1.8746507683678182, 1974.6881619235983, 4.6984675581479252, 3245.0479438870047, 1.3726388946291321
2100-Aug-27 00:00:00, 5225.4195711001603, 1.8766919659218859, 1980.4653366984187, 4.7122134592884892, 3244.9542344017414, 1.3725992559900448
2100-Aug-27 01:00:00, 5232.4246852579927, 1.8792078292475944, 1987.5640719626022, 4.7291038108821084, 3244.8606132953901, 1.3725596547347914
2100-Aug-27 02:00:00, 5240.5168317466123, 1.8821140966000278, 1995.7497485480599, 4.7485803726096059, 3244.767083198552, 1.3725200919761023
2100-Aug-27 03:00:00, 5249.7291790119843, 1.8854226803156444, 2005.0555323977403, 4.7707220577444724, 3244.6736466142443, 1.3724805687727415
2100-Aug-27 04:00:00, 5260.0452644571051, 1.8891276679077789, 2015.4649586017108, 4.7954896905592896, 3244.5803058553943, 1.3724410861030654
2100-Aug-27 05:00:00, 5271.3031361150734, 1.893170894869062, 2026.8160730517932, 4.8224979260978991, 3244.4870630632804, 1.3724016448728238
2100-Aug-27 06:00:00, 5283.299865064886, 1.8974794799560804, 2038.9059449144411, 4.8512639215720821, 3244.3939201504454, 1.372362245891013
2100-Aug-27 07:00:00, 5295.3633821965759, 1.9018120517952899, 2051.0625033864176, 4.880188587603234, 3244.3008788101588, 1.3723228898738773
2100-Aug-27 08:00:00, 5306.6728988215518, 1.9058738268737807, 2062.4649582982906, 4.9073189798948924, 3244.2079405232612, 1.3722835774478048
2100-Aug-27 09:00:00, 5316.5940035488184, 1.9094369584618553, 2072.4788970122745, 4.9311456108962659, 3244.1151065365434, 1.3722443091401817
2100-Aug-27 10:00:00, 5324.0528825239244, 1.9121157899043644, 2080.0305046239469, 4.9491135027687436, 3244.0223778999775, 1.3722050853951409
2100-Aug-27 11:00:00, 5327.7314165872831, 1.9134369231127397, 2083.8016611050034, 4.9580863911085835, 3243.9297554822797, 1.3721659065801448
2100-Aug-27 12:00:00, 5326.8721152279504, 1.9131283079029135, 2083.0348752417849, 4.956261941774331, 3243.8372399861655, 1.3721267729924389
2100-Aug-27 13:00:00, 5322.8314103918838, 1.911677102272566, 2079.0865783841373, 4.9468675750822628, 3243.744832007746, 1.372087684884175
2100-Aug-27 14:00:00, 5315.3138243285539, 1.9089771863756293, 2071.6612922811869, 4.9292002458616873, 3243.6525320473675, 1.3720486424669966
2100-Aug-27 15:00:00, 5304.7897749778367, 1.9051975092422011, 2061.2294344009979, 4.9043792403143947, 3243.5603405768388, 1.3720096459404774
2100-Aug-27 16:00:00, 5292.5534229842087, 1.9008028643402608, 2049.085164914713, 4.8754838140395282, 3243.4682580694953, 1.371970695504835
2100-Aug-27 17:00:00, 5280.3335857845977, 1.8964141506713688, 2036.9573007433582, 4.8466274216949126, 3243.37628504124, 1.371931791378294
2100-Aug-27 18:00:00, 5269.1639425287249, 1.8924026106456753, 2025.87952043726, 4.8202695428216273, 3243.2844220914644, 1.3718929338143944
2100-Aug-27 19:00:00, 5259.4931510688202, 1.8889293782305627, 2016.3004811307585, 4.7974776882454702, 3243.1926699380615, 1.3718541231168009
2100-Aug-27 20:00:00, 5251.9612503339167, 1.8862243212671965, 2008.8602209039341, 4.7797747303942115, 3243.1010294299826, 1.3718153596446157
2100-Aug-27 21:00:00, 5247.1619527791736, 1.8845006695985596, 2004.152451220368, 4.7685733146183047, 3243.0095015588054, 1.3717766438172709
2100-Aug-27 22:00:00, 5244.7480725068281, 1.8836337325704091, 2001.8299850538517, 4.7630473626484289, 3242.9180874529766, 1.3717379761120942
2100-Aug-27 23:00:00, 5244.446633005402, 1.8835254715814416, 2001.6198446366573, 4.7625473657618915, 3242.8267883687445, 1.3716993570604723
2100-Aug-28 00:00:00, 5246.2954805840945, 1.8841894790070532, 2003.5598749275584, 4.7671633702325638, 3242.7356056565359, 1.3716607872336286
2100-Aug-28 01:00:00, 5250.2807326602851, 1.8856207689641169, 2007.6361919509643, 4.7768623412703715, 3242.6445407093206, 1.3716222672207823
2100-Aug-28 02:00:00, 5256.4314614409523, 1.8878297826385562, 2013.8778665115376, 4.79171344839546, 3242.5535949294144, 1.3715837976151062
2100-Aug-28 03:00:00, 5264.4213308461512, 1.8906993175184788, 2021.958561182857, 4.8109402217628094, 3242.4627696632947, 1.3715453789861531
2100-Aug-28 04:00:00, 5274.6011413568031, 1.894355362423582, 2032.2290752154402, 4.8353773343753588, 3242.3720661413627, 1.3715070118543768
2100-Aug-28 05:00:00, 5286.3066399493218, 1.8985593531016098, 2044.0251545309143, 4.8634442955522088, 3242.2814854184071, 1.3714686966659473
2100-Aug-28 06:00:00, 5298.8101431682526, 1.9030499444728031, 2056.6191148391654, 4.8934096921540089, 3242.1910283290872, 1.3714304337739216
2100-Aug-28 07:00:00, 5310.9114251365227, 1.9073960794267903, 2068.8107296966559, 4.9224177694767359, 3242.1006954398667, 1.3713922234179108
2100-Aug-28 08:00:00, 5321.5196864008494, 1.9112060009873992, 2079.5091993793772, 4.9478731369090951, 3242.0104870214723, 1.3713540657124308
2100-Aug-28 09:00:00, 5330.2900172879663, 1.9143558359988035, 2088.3696142583244, 4.9689551348990513, 3241.9204030296419, 1.371315960638759
2100-Aug-28 10:00:00, 5337.4286733865138, 1.9169196604659751, 2095.5982302854695, 4.9861545178440352, 3241.8304431010447, 1.3712779080432087
2100-Aug-28 11:00:00, 5342.046753830331, 1.9185782286151865, 2100.3061472459885, 4.9973562840428585, 3241.740606584342, 1.3712399076502664
2100-Aug-28 12:00:00, 5343.467230495613, 1.9190883880596563, 2101.8163379434864, 5.0009495511397244, 3241.6508925521262, 1.3712019590676436
2100-Aug-28 13:00:00, 5341.3530963308949, 1.9183291038437533, 2099.7917964728131, 4.9961324652810557, 3241.5612998580818, 1.3711640618104548
2100-Aug-28 14:00:00, 5335.0885795955965, 1.9160792236058986, 2093.6167523952963, 4.9814398951690819, 3241.4718272003006, 1.3711262153279991
2100-Aug-28 15:00:00, 5325.7885436956622, 1.9127391468103969, 2084.4060705248849, 4.959524490604954, 3241.3824731707773, 1.3710884190246972
2100-Aug-28 16:00:00, 5314.4167280400598, 1.9086549972433755, 2073.1234917000011, 4.9326793250729324, 3241.2932363400591, 1.3710506722958984
2100-Aug-28 17:00:00, 5303.048740838336, 1.9045722226527628, 2061.8446255076014, 4.9058429931803778, 3241.204115330735, 1.3710129745589645
2100-Aug-28 18:00:00, 5292.9677556449615, 1.9009516705299023, 2051.8526467674064, 4.8820686125679078, 3241.115108877555, 1.3709753252787009
2100-Aug-28 19:00:00, 5285.1522885230133, 1.8981447716468336, 2044.1260726178341, 4.863684414658894, 3241.026215905179, 1.3709377240002445
2100-Aug-28 20:00:00, 5280.3125570844368, 1.8964065982840228, 2039.3751215130565, 4.8523802553153752, 3240.9374355713808, 1.3709001703673378
2100-Aug-28 21:00:00, 5278.2070260804321, 1.8956504038645223, 2037.3582587814785, 4.8475814398384411, 3240.8487672989531, 1.370862664135825
2100-Aug-28 22:00:00, 5278.491040130828, 1.8957524065610205, 2037.7308293067404, 4.8484679142498539, 3240.7602108240872, 1.3708252051941161
2100-Aug-28 23:00:00, 5280.9982667674658, 1.8966528686237698, 2040.3265006027334, 4.8546439159148251, 3240.6717661647326, 1.3707877935498041
2100-Aug-29 00:00:00, 5285.2649462333684, 1.8981852322867967, 2044.6815125794546, 4.8650059988413963, 3240.5834336539133, 1.3707504293437562
2100-Aug-29 01:00:00, 5291.1543937590004, 1.9003004076721763, 2050.6591798775717, 4.8792289411849836, 3240.4952138814288, 1.3707131128254546
2100-Aug-29 02:00:00, 5298.2444755039742, 1.9028467868226873, 2057.8373678415915, 4.8963083382895789, 3240.4071076623823, 1.3706758443396838
2100-Aug-29 03:00:00, 5305.7058994252466, 1.9055265322741022, 2065.3867834332045, 4.9142710145865882, 3240.319115992042, 1.3706386243074375
2100-Aug-29 04:00:00, 5313.0311696018198, 1.9081573785633863, 2072.7999296124749, 4.9319094587210692, 3240.2312399893449, 1.3706014532020201
2100-Aug-29 05:00:00, 5320.0988763539408, 1.9106957218100331, 2079.9553955282513, 4.9489347921974991, 3240.1434808256895, 1.3705643315189275
2100-Aug-29 06:00:00, 5326.8858004104659, 1.9131332228904527, 2086.8299607224521, 4.9652917654979625, 3240.0558396880133, 1.370527259760228
2100-Aug-29 07:00:00, 5333.261980365728, 1.915423206600372, 2093.2936626513911, 4.9806711526864058, 3239.968317714337, 1.3704902384072988
2100-Aug-29 08:00:00, 5338.6707255303663, 1.917365739340199, 2098.7898095649157, 4.9937483911415423, 3239.8809159654506, 1.3704532679088488
2100-Aug-29 09:00:00, 5342.765550291555, 1.9188363819606848, 2102.9719149084021, 5.0036990692587331, 3239.7936353831528, 1.3704163486632537
2100-Aug-29 10:00:00, 5345.1268182114527, 1.9196844234383816, 2105.4203414309636, 5.0095247245731178, 3239.7064767804895, 1.3703794810144283
2100-Aug-29 11:00:00, 5345.8360855555347, 1.9199391544333224, 2106.2166447169807, 5.0114194060868575, 3239.6194408385536, 1.3703426652504711
2100-Aug-29 12:00:00, 5344.956216627379, 1.9196231524499283, 2105.4236885151067, 5.0095326884463836, 3239.5325281122728, 1.3703059016061139
2100-Aug-29 13:00:00, 5341.3056588492291, 1.9183120668308371, 2101.8599197814001, 5.0010532474374543, 3239.445739067829, 1.3702691902785491
2100-Aug-29 14:00:00, 5335.0960368085325, 1.9160819018389887, 2095.7369627239714, 4.986484610399474, 3239.3590740845611, 1.3702325314282353
2100-Aug-29 15:00:00, 5326.6001495623223, 1.9130306323435164, 2087.3276160485761, 4.966475860004639, 3239.2725335137461, 1.370195925203761
2100-Aug-29 16:00:00, 5316.8134763641483, 1.909515781389596, 2077.6273586621905, 4.9433955856026195, 3239.1861177019578, 1.3701593717517249
2100-Aug-29 17:00:00, 5306.2830146919914, 1.9057338012923646, 2067.1831876490442, 4.9185452828443266, 3239.0998270429477, 1.3701228712386821
2100-Aug-29 18:00:00, 5296.2703404676804, 1.9021377828256212, 2057.256678469972, 4.8949266770093196, 3239.0136619977084, 1.37008642385963
2100-Aug-29 19:00:00, 5287.5119880198199, 1.8989922498306218, 2048.5843648654445, 4.8742922371465394, 3238.9276231543749, 1.3700500298633469
2100-Aug-29 20:00:00, 5280.6444732281334, 1.8965258048571525, 2041.802762026957, 4.8581564535107882, 3238.8417112011762, 1.37001368954095
2100-Aug-29 21:00:00, 5276.0221510944002, 1.8948657133191913, 2037.2662241025114, 4.8473624574382379, 3238.7559269918888, 1.3699774032535825
2100-Aug-29 22:00:00, 5273.4518787323941, 1.8939426085949915, 2034.7816072214039, 4.8414506927174026, 3238.6702715109905, 1.3699411714176737
2100-Aug-29 23:00:00, 5272.0487665169303, 1.8934386855346099, 2033.4640206342845, 4.838315697555128, 3238.5847458826456, 1.3699049945087394
2100-Aug-30 00:00:00, 5271.2574520461048, 1.8931544875884527, 2032.7581007028223, 4.8366360693684713, 3238.4993513432828, 1.3698688730497826
2100-Aug-30 01:00:00, 5271.1916958255897, 1.8931308714617339, 2032.7776066112779, 4.8366824806853757, 3238.4140892143118, 1.3698328075997528
2100-Aug-30 02:00:00, 5272.0746302244443, 1.893447974398679, 2033.7456693674712, 4.838985837509977, 3238.3289608569726, 1.3697967987344477
2100-Aug-30 03:00:00, 5274.0192928226825, 1.894146393468169, 2035.7753251800962, 4.8438150921607646, 3238.2439676425861, 1.3697608470339293
2100-Aug-30 04:00:00, 5276.8841214956292, 1.8951752871064897, 2038.7250105966209, 4.8508334161187019, 3238.1591108990083, 1.3697249530598739
2100-Aug-30 05:00:00, 5280.4710074320919, 1.8964635051965484, 2042.3966155676098, 4.8595694369118387, 3238.0743918644825, 1.3696891173360521
2100-Aug-30 06:00:00, 5284.5059830819227, 1.8979126532088169, 2046.5161714315777, 4.8693712881377946, 3237.9898116503446, 1.3696533403325535
2100-Aug-30 07:00:00, 5288.4289019337039, 1.8993215563967671, 2050.5235307349417, 4.878906184859086, 3237.9053711987622, 1.36961762244791
2100-Aug-30 08:00:00, 5291.6636511353281, 1.9004833057560022, 2053.8425798763174, 4.8868033531387907, 3237.8210712590108, 1.3695819639990616
2100-Aug-30 09:00:00, 5294.0014629970101, 1.9013229230688244, 2056.2645506194212, 4.892566060984354, 3237.7369123775889, 1.3695463652171744
2100-Aug-30 10:00:00, 5295.192163071928, 1.9017505590192043, 2057.5392681980393, 4.8955990559171347, 3237.6528948738883, 1.3695108262373494
2100-Aug-30 11:00:00, 5294.1996505566622, 1.9013941014681632, 2056.6306316943292, 4.8934370947441508, 3237.569018862333, 1.3694753471079872
2100-Aug-30 12:00:00, 5290.4665868431184, 1.900053384118263, 2052.9813025908315, 4.8847540759605232, 3237.4852842522873, 1.3694399277907499
2100-Aug-30 13:00:00, 5283.0521235001688, 1.8973905044015236, 2045.6504327279229, 4.8673113956993888, 3237.4016907722457, 1.3694045681707916
2100-Aug-30 14:00:00, 5273.1716718748175, 1.8938419732390637, 2035.8534338679765, 4.8440009398014663, 3237.3182380068406, 1.3693692680724139
2100-Aug-30 15:00:00, 5262.453556458142, 1.8899925979269749, 2025.2186310238289, 4.8186970578448074, 3237.2349254343126, 1.3693340272749153
2100-Aug-30 16:00:00, 5251.6483092143217, 1.8861119295105233, 2014.4965567555257, 4.7931855269220707, 3237.1517524587957, 1.3692988455262476
2100-Aug-30 17:00:00, 5241.1248971908562, 1.8823324812710462, 2004.0561787263366, 4.7683442489872494, 3237.0687184645199, 1.369263722565943
2100-Aug-30 18:00:00, 5232.2158049483614, 1.8791328105828555, 1995.2299821057106, 4.7473436680937837, 3236.985822842651, 1.3692286581364681
2100-Aug-30 19:00:00, 5226.1262395337199, 1.876945763526803, 1989.2231744969174, 4.7330513908511538, 3236.9030650368022, 1.3691936520024734
2100-Aug-30 20:00:00, 5222.9087066505344, 1.8757901973507662, 1986.0882620806296, 4.7255923476616637, 3236.8204445699048, 1.369158703962162
2100-Aug-30 21:00:00, 5222.4845209499254, 1.8756378524748076, 1985.7465598878086, 4.724779319711998, 3236.7379610621169, 1.3691238138548623
2100-Aug-30 22:00:00, 5224.8562002903891, 1.8764896331793863, 1988.2005860357372, 4.7306182984759451, 3236.6556142546519, 1.3690889815711087
2100-Aug-30 23:00:00, 5229.6336671444715, 1.8782054444248797, 1993.0602631419172, 4.7421811546609023, 3236.5734040025541, 1.3690542070495861
2100-Aug-31 00:00:00, 5235.6154071065448, 1.8803537663301948, 1999.1240768363518, 4.7566090691394098, 3236.4913302701925, 1.3690194902752226
2100-Aug-31 01:00:00, 5242.0663741352319, 1.8826706095674575, 2005.6569810266917, 4.7721531124930197, 3236.4093931085399, 1.3689848312695794
2100-Aug-31 02:00:00, 5248.7462361824928, 1.8850696596852496, 2012.4186435323531, 4.7882414511657183, 3236.3275926501401, 1.3689502300887217
2100-Aug-31 03:00:00, 5255.7758890151281, 1.8875943359939598, 2019.5299599547538, 4.8051617376953271, 3236.2459290603742, 1.3689156868026051
2100-Aug-31 04:00:00, 5263.1255641843391, 1.8902339472547431, 2026.9611616693708, 4.8228431422063913, 3236.1644025149685, 1.3688812014855609
2100-Aug-31 05:00:00, 5270.6759524100162, 1.8929456439386012, 2034.59293922337, 4.8410017861583237, 3236.0830131866464, 1.3688467742106503
2100-Aug-31 06:00:00, 5278.3013816548846, 1.8956842913535756, 2042.2996204502647, 4.8593386519094608, 3236.0017612046195, 1.3688124050325288
2100-Aug-31 07:00:00, 5285.5749343135767, 1.8982965634692488, 2049.6542876632616, 4.8768379543145448, 3235.9206466503151, 1.3687780939856402
2100-Aug-31 08:00:00, 5291.7361803837603, 1.9005093543930494, 2055.896510843445, 4.8916903667958351, 3235.8396695403153, 1.3687438410769983
2100-Aug-31 09:00:00, 5295.5506519736882, 1.901879309109537, 2059.7918221310997, 4.9009586624522514, 3235.758829842589, 1.3687096462930541
2100-Aug-31 10:00:00, 5295.7249424225865, 1.901941904941457, 2060.0468149498997, 4.9015653787479145, 3235.6781274726864, 1.3686755095980863
2100-Aug-31 11:00:00, 5292.4307542724046, 1.9007588082826026, 2056.8331919402967, 4.8939190557760748, 3235.5975623321078, 1.3686414309504293
2100-Aug-31 12:00:00, 5286.9240492063909, 1.8987810935717599, 2051.4069148882841, 4.8810080619381573, 3235.5171343181064, 1.3686074103066221
2100-Aug-31 13:00:00, 5280.5580462445669, 1.8964947648950037, 2045.1212028703414, 4.8660521744387379, 3235.4368433742256, 1.368573447642784
2100-Aug-31 14:00:00, 5274.5625109419752, 1.8943414884392711, 2039.2058214166907, 4.8519774317072208, 3235.3566895252848, 1.3685395429694129
2100-Aug-31 15:00:00, 5269.0043425858703, 1.8923452908598779, 2033.7276696756683, 4.838943010004539, 3235.2766729102018, 1.3685056963452711
2100-Aug-31 16:00:00, 5263.6815152585141, 1.890433615224014, 2028.4847214403051, 4.8264682189626429, 3235.1967938182092, 1.3684719078927019
2100-Aug-31 17:00:00, 5258.2428810240126, 1.8884803479246901, 2023.1258283028458, 4.8137175548125084, 3235.1170527211671, 1.3684381778112999
2100-Aug-31 18:00:00, 5253.9321887784017, 1.8869321772190033, 2018.8947384682237, 4.8036503256130301, 3235.037450310178, 1.3684045063933983
2100-Aug-31 19:00:00, 5251.9144643249092, 1.886207518228507, 2016.9564768325438, 4.7990385293861397, 3234.9579874923656, 1.3683708940227053
2100-Aug-31 20:00:00, 5252.510428156892, 1.8864215566459477, 2017.6317627438323, 4.8006452686211452, 3234.8786654130595, 1.3683373411836899
2100-Aug-31 21:00:00, 5255.2946203306865, 1.8874214899552346, 2020.4951349004557, 4.8074582234178624, 3234.799485430231, 1.368303848450767
2100-Aug-31 22:00:00, 5259.6404090198857, 1.8889822654312789, 2024.9199599112605, 4.8179864157495045, 3234.720449108625, 1.3682704164858159
2100-Aug-31 23:00:00, 5264.9957003656309, 1.8909056004107923, 2030.3541421702348, 4.8309162188147043, 3234.6415581953961, 1.3682370460278741
2100-Sep-01 00:00:00, 5270.9865879201607, 1.8930572076433498, 2036.423773346098, 4.8453579750978513, 3234.5628145740625, 1.3682037378736602
2100-Sep-01 01:00:00, 5277.3838177785783, 1.8953547513555997, 2042.8995975518264, 4.860766205384321, 3234.4842202267519, 1.3681704928616043
2100-Sep-01 02:00:00, 5284.0963481532672, 1.8977655341939494, 2049.6905709608068, 4.876924284855086, 3234.4057771924608, 1.3681373118541915
2100-Sep-01 03:00:00, 5291.1204976244408, 1.900288233988793, 2056.793010118241, 4.8938234492945067, 3234.3274875061993, 1.3681041957122211
2100-Sep-01 04:00:00, 5298.6048872460251, 1.9029762274946809, 2064.3555340698658, 4.9118173149233018, 3234.2493531761593, 1.3680711452851477
2100-Sep-01 05:00:00, 5305.9951399424626, 1.9056304120386822, 2071.8237638190271, 4.9295868219623511, 3234.1713761234355, 1.3680381613855852
2100-Sep-01 06:00:00, 5312.7335466812237, 1.9080504882866618, 2078.6399885209516, 4.945804983011052, 3234.0935581602716, 1.368005244780103
2100-Sep-01 07:00:00, 5318.403046174024, 1.910086670071524, 2084.3871451993591, 4.9594794606960679, 3234.0159009746649, 1.3679723961827157
2100-Sep-01 08:00:00, 5323.0262114883535, 1.9117470644349768, 2089.0878053904803, 4.9706639605253198, 3233.9384060978732, 1.3679396162411377
2100-Sep-01 09:00:00, 5326.3488228969036, 1.912940369212031, 2092.4877479749166, 4.9787536023434891, 3233.8610749219865, 1.3679069055442157
2100-Sep-01 10:00:00, 5326.6480803363065, 1.9130478465207195, 2092.864171650026, 4.9796492447338787, 3233.7839086862805, 1.3678742646161575
2100-Sep-01 11:00:00, 5321.7358096512298, 1.9112836209300887, 2088.0289011340483, 4.968144460286263, 3233.7069085171815, 1.3678416939334352
2100-Sep-01 12:00:00, 5311.1630314766562, 1.9074864430025145, 2077.5329560548744, 4.9431709690801569, 3233.6300754217818, 1.3678091939220445
2100-Sep-01 13:00:00, 5296.4607437669956, 1.9022061655338895, 2062.9073334282552, 4.9083715436549573, 3233.5534103387404, 1.3677767649790327
2100-Sep-01 14:00:00, 5279.354607669994, 1.8960625539550684, 2045.8776935135727, 4.8678521278763496, 3233.4769141564216, 1.3677444074801737
2100-Sep-01 15:00:00, 5262.0623667435675, 1.8898521034490667, 2028.6617790008836, 4.8268895002668728, 3233.4005877426839, 1.3677121217925674
2100-Sep-01 16:00:00, 5246.3112341964315, 1.8841951368642462, 2012.9868022121691, 4.7895932975870767, 3233.3244319842629, 1.3676799082912983
2100-Sep-01 17:00:00, 5233.0256270682767, 1.8794236554892965, 1999.7771792664348, 4.7581630261839001, 3233.2484478018423, 1.3676477673658112
2100-Sep-01 18:00:00, 5222.4614317102951, 1.8756295600516013, 1989.2887955432598, 4.7332075260644579, 3233.1726361670349, 1.3676156994270929
2100-Sep-01 19:00:00, 5214.4520292467514, 1.8727530099390899, 1981.355031137188, 4.7143303507237171, 3233.0969981095632, 1.3675837049107114
2100-Sep-01 20:00:00, 5208.968762971097, 1.8707837131914291, 1975.9472282494376, 4.7014633133256689, 3233.0215347216595, 1.3675517842786749
2100-Sep-01 21:00:00, 5206.4894588444404, 1.8698932794047707, 1973.5432117217717, 4.6957433247815104, 3232.9462471226684, 1.3675199380044609
2100-Sep-01 22:00:00, 5207.4480041024044, 1.8702375377289333, 1974.5768676552186, 4.6982027505091937, 3232.871136447186, 1.3674881665679979
2100-Sep-01 23:00:00, 5211.2264673234204, 1.8715945601601329, 1978.4302635245583, 4.7073713148576815, 3232.7962037988618, 1.3674564704361238
2100-Sep-02 00:00:00, 5217.1938230089145, 1.8737377160006135, 1984.4723728041738, 4.7217475870106496, 3232.7214502047404, 1.3674248500432733
2100-Sep-02 01:00:00, 5224.7348708953823, 1.8764460581328772, 1992.087994349188, 4.7398677902175832, 3232.6468765461946, 1.3673933057622627
2100-Sep-02 02:00:00, 5233.9252934448123, 1.8797467676600763, 2001.3528099243551, 4.7619119976279025, 3232.5724835204574, 1.3673618378880181
2100-Sep-02 03:00:00, 5244.541269801859, 1.8835594600704375, 2012.0429982355611, 4.7873476608071286, 3232.4982715662977, 1.3673304466061365
2100-Sep-02 04:00:00, 5256.2940241004335, 1.8877804224772792, 2023.8697832785481, 4.815487681552244, 3232.4242408218856, 1.3672991319750629
2100-Sep-02 05:00:00, 5268.485753126628, 1.8921590411896783, 2036.1353620482087, 4.844671744657691, 3232.3503910784198, 1.367267893906476
2100-Sep-02 06:00:00, 5280.2716416163075, 1.8963919036304595, 2047.9949198511363, 4.8728897431576446, 3232.2767217651713, 1.3672367321589596
2100-Sep-02 07:00:00, 5290.6913628192715, 1.9001341116584805, 2058.4881309069469, 4.8978567291745652, 3232.2032319123246, 1.3672056463222872
2100-Sep-02 08:00:00, 5299.2128984217416, 1.9031945926753389, 2067.0829782476653, 4.9183068499461715, 3232.1299201740758, 1.3671746358271903
2100-Sep-02 09:00:00, 5305.6825603595207, 1.9055181501266891, 2073.6257755215447, 4.9338744323744352, 3232.056784837976, 1.3671436999493116
2100-Sep-02 10:00:00, 5310.0095202265657, 1.9070721632942174, 2078.0256963402085, 4.9443433690012553, 3231.9838238863576, 1.3671128378351882
2100-Sep-02 11:00:00, 5307.4742321697668, 1.9061616230662506, 2075.5631971540024, 4.9384842299425173, 3231.9110350157648, 1.3670820485104695
2100-Sep-02 12:00:00, 5298.3241664498091, 1.9028754075594092, 2066.4857507236256, 4.9168858386692316, 3231.838415726183, 1.3670513309176622
2100-Sep-02 13:00:00, 5284.8338029726583, 1.8980303886263927, 2053.0678395760719, 4.8849599774418673, 3231.7659633965859, 1.3670206839480854
2100-Sep-02 14:00:00, 5269.1590416045347, 1.8924008504951404, 2037.4653662364676, 4.8478362855969799, 3231.6936753680666, 1.3669901064770349
2100-Sep-02 15:00:00, 5253.6228460265938, 1.8868210778040886, 2022.0012970055454, 4.8110419050970918, 3231.6215490210488, 1.3669595973964432
2100-Sep-02 16:00:00, 5239.4069647690003, 1.8817154915862513, 2007.857382899808, 4.7773886312017835, 3231.5495818691925, 1.366929155654601
2100-Sep-02 17:00:00, 5227.1568686549836, 1.8773159105294319, 1995.679097035264, 4.7484122681730643, 3231.47777161972, 1.3668987802816748
2100-Sep-02 18:00:00, 5217.4834760400354, 1.8738417439181831, 1986.0773597833954, 4.7255664073178405, 3231.40611625664, 1.3668684704249106
2100-Sep-02 19:00:00, 5210.596668395754, 1.8713683699812171, 1979.2620543263827, 4.7093504334713927, 3231.3346140693711, 1.366838225360741
2100-Sep-02 20:00:00, 5206.6891508713034, 1.8699649981284776, 1975.4258871670449, 4.7002228621954183, 3231.263263704258, 1.3668080445165764
2100-Sep-02 21:00:00, 5206.05960440331, 1.8697388986196091, 1974.8675402569647, 4.6988943613749905, 3231.1920641463448, 1.3667779274630962
2100-Sep-02 22:00:00, 5208.5044938701494, 1.8706169724962718, 1977.3834791280433, 4.7048806519660733, 3231.1210147421061, 1.3667478739238621
2100-Sep-02 23:00:00, 5213.5435836043216, 1.8724267447243206, 1982.493468447735, 4.7170390876644301, 3231.0501151565863, 1.3667178837571896
2100-Sep-03 00:00:00, 5220.1754535152932, 1.874808558626843, 1989.1960881940465, 4.7329869431485934, 3230.9793653212469, 1.3666879569340873
2100-Sep-03 01:00:00, 5227.2711435172423, 1.8773569519640936, 1996.3623781245847, 4.7500380307077128, 3230.9087653926581, 1.3666580935207835
2100-Sep-03 02:00:00, 5234.8157202906941, 1.8800665614843177, 2003.9774046406862, 4.7681568181346279, 3230.8383156500076, 1.3666282936353731
2100-Sep-03 03:00:00, 5243.0113015812731, 1.883009977100004, 2012.2432851128815, 4.7878242127070987, 3230.7680164683911, 1.36659855743652
2100-Sep-03 04:00:00, 5251.573635506229, 1.8860851106979597, 2020.8757673019043, 4.8083638798269455, 3230.697868204325, 1.3665688850750286
2100-Sep-03 05:00:00, 5259.7940564328428, 1.8890374473858678, 2029.1661852873292, 4.8280896576480172, 3230.6278711455138, 1.3665392766725966
2100-Sep-03 06:00:00, 5267.1829487018958, 1.8916911433369232, 2036.624923243339, 4.8458365804213326, 3230.558025458557, 1.3665097322996946
2100-Sep-03 07:00:00, 5271.8736795018958, 1.8933758036186255, 2041.3853483712749, 4.8571632817496129, 3230.4883311306207, 1.3664802519508941
2100-Sep-03 08:00:00, 5272.8328443189066, 1.8937202844553482, 2042.4140563698586, 4.8596109346253176, 3230.4187879490478, 1.3664508355362419
2100-Sep-03 09:00:00, 5268.2895303640744, 1.8920885684406474, 2037.9401348745146, 4.8489659247402646, 3230.3493954895603, 1.3664214828762709
2100-Sep-03 10:00:00, 5260.6810600602876, 1.8893560117726542, 2030.4009069472891, 4.8310274884278464, 3230.280153112999, 1.3663921937006198
2100-Sep-03 11:00:00, 5252.7869572070294, 1.886520871129632, 2022.5758972164833, 4.8124090781536042, 3230.2110599905459, 1.366362967658703
2100-Sep-03 12:00:00, 5243.7059101795394, 1.8832594434554017, 2013.5637950422997, 4.7909661635139233, 3230.1421151372397, 1.3663338043338864
2100-Sep-03 13:00:00, 5231.8711816924842, 1.879009040292877, 2001.7978642453754, 4.7629709361120884, 3230.0733174471093, 1.3663047032583502
2100-Sep-03 14:00:00, 5217.7837158840402, 1.8739495740541994, 1987.7790501337424, 4.7296153184620335, 3230.0046657502976, 1.3662756639372506
2100-Sep-03 15:00:00, 5202.6519941541819, 1.8685150667931851, 1972.7158353047978, 4.6937747095193707, 3229.9361588493839, 1.3662466858640849
2100-Sep-03 16:00:00, 5187.8066419439983, 1.863183408187584, 1957.938846355069, 4.6586151311483848, 3229.8677955889298, 1.366217768550108
2100-Sep-03 17:00:00, 5174.5398908196939, 1.8584186988833653, 1944.7403159362468, 4.6272112527113682, 3229.7995748834469, 1.3661889115361643
2100-Sep-03 18:00:00, 5163.7944873859788, 1.854559523171204, 1934.0629916356436, 4.6018061974719933, 3229.7314957503349, 1.3661601144066187
2100-Sep-03 19:00:00, 5156.2447930443996, 1.8518480756934994, 1926.5812357056391, 4.5840045069605839, 3229.6635573387603, 1.3661313768015726
2100-Sep-03 20:00:00, 5152.0952024144808, 1.8503577640943882, 1922.4994434722614, 4.5742925085005623, 3229.5957589422196, 1.3661026984221791
2100-Sep-03 21:00:00, 5151.3897516120014, 1.850104403797602, 1921.8616516307509, 4.5727749806528895, 3229.5280999812503, 1.3660740790233281
2100-Sep-03 22:00:00, 5154.2779123712171, 1.8511416770766871, 1924.817332378173, 4.5798075695809954, 3229.4605799930437, 1.3660455184092539
2100-Sep-03 23:00:00, 5160.4055036113105, 1.8533423809807978, 1931.0123050080545, 4.5945475566262202, 3229.3931986032562, 1.3660170164216114
2100-Sep-04 00:00:00, 5168.5723654129488, 1.8562754820880649, 1939.2464099438716, 4.6141393461843423, 3229.3259554690771, 1.3659885729153929
2100-Sep-04 01:00:00, 5177.1904227370833, 1.8593706285585048, 1947.9315724821386, 4.6348043581138905, 3229.2588502549452, 1.365960187748658
2100-Sep-04 02:00:00, 5185.3739967068286, 1.8623097317850643, 1956.1821141587211, 4.6544352563752183, 3229.191882548108, 1.3659318607468145
2100-Sep-04 03:00:00, 5192.7711481931728, 1.8649663940063923, 1963.6460963618206, 4.6721946570300004, 3229.1250518313518, 1.3659035916910836
2100-Sep-04 04:00:00, 5199.9650931577698, 1.8675500752849274, 1970.9067357352342, 4.6894702346149515, 3229.0583574225357, 1.3658753802929229
2100-Sep-04 05:00:00, 5206.9299766732438, 1.8700514899099583, 1977.9381782302494, 4.7062004733872493, 3228.991798442994, 1.3658472261806616
2100-Sep-04 06:00:00, 5213.6240833709408, 1.8724556559463226, 1984.698709595197, 4.7222861206841396, 3228.925373775744, 1.3658191288818213
2100-Sep-04 07:00:00, 5219.779339397669, 1.874666295566046, 1990.920257326444, 4.7370893391063627, 3228.8590820712247, 1.3657910878255448
2100-Sep-04 08:00:00, 5224.7846961969335, 1.8764639527233209, 1995.991774471041, 4.7491562361658293, 3228.7929217258929, 1.3657631023335415
2100-Sep-04 09:00:00, 5227.5987632916567, 1.8774746155105619, 1998.8718723759084, 4.7560089873147131, 3228.7268909157478, 1.3657351716342678
2100-Sep-04 10:00:00, 5227.8085972663912, 1.8775499766809338, 1999.1476096470078, 4.7566650618523614, 3228.6609876193834, 1.3657072948726796
2100-Sep-04 11:00:00, 5225.4055593016701, 1.8766869336313117, 1996.8103496333172, 4.7511039101925547, 3228.5952096683532, 1.3656794711315348
2100-Sep-04 12:00:00, 5220.7328361787368, 1.8750087407466127, 1992.2032813929884, 4.7401420980529245, 3228.5295547857481, 1.3656516994477126
2100-Sep-04 13:00:00, 5213.7945546110377, 1.8725168801221723, 1985.3305339434407, 4.7237894497970156, 3228.4640206675972, 1.3656239788466444
2100-Sep-04 14:00:00, 5204.0609031104605, 1.8690210717336471, 1975.6622980779391, 4.7007853656917407, 3228.3986050325216, 1.3655963083633189
2100-Sep-04 15:00:00, 5191.3439482425965, 1.8644538199164906, 1963.010642558992, 4.6706826921867091, 3228.3333056836041, 1.3655686870684511
2100-Sep-04 16:00:00, 5174.558014274292, 1.858425207861482, 1946.2898937010796, 4.6308982352928618, 3228.2681205732124, 1.3655411140959031
2100-Sep-04 17:00:00, 5157.5710795276473, 1.8523244070490497, 1929.3680316724531, 4.5906352604606697, 3228.2030478551942, 1.3655135886647614
2100-Sep-04 18:00:00, 5143.6795223380468, 1.84733530073574, 1915.5414364240548, 4.5577369981087257, 3228.1380859139917, 1.3654861100916533
2100-Sep-04 19:00:00, 5134.1553144805657, 1.8439147133312837, 1906.0820810760079, 4.535229913151829, 3228.0732334045574, 1.3654586778076307
2100-Sep-04 20:00:00, 5128.9463218758819, 1.8420439210554209, 1900.9378326037786, 4.5229899630554673, 3228.0084892721034, 1.3654312913665234
2100-Sep-04 21:00:00, 5128.1579510046749, 1.8417607802932239, 1900.214098278906, 4.521267948252472, 3227.9438527257689, 1.3654039504338016
2100-Sep-04 22:00:00, 5131.2324756069556, 1.8428649855233723, 1903.35315236011, 4.5287368458982868, 3227.8793232468456, 1.3653766547900539
2100-Sep-04 23:00:00, 5136.5051070233631, 1.8447586334656669, 1908.6902064890166, 4.5414355474777404, 3227.8149005343466, 1.3653494043079646
2100-Sep-05 00:00:00, 5142.662154085574, 1.846969916329795, 1914.9115695968819, 4.5562383266169482, 3227.7505844886919, 1.3653221989454118
2100-Sep-05 01:00:00, 5148.8746151902988, 1.8492011009619957, 1921.1882400640404, 4.5711727011332774, 3227.6863751262581, 1.365295038709323
2100-Sep-05 02:00:00, 5154.7657012233913, 1.851316864811851, 1927.1434286854608, 4.5853421589139627, 3227.6222725379303, 1.3652679236381418
2100-Sep-05 03:00:00, 5160.2454704268976, 1.8532849055977434, 1932.6871936185314, 4.5985326971418603, 3227.5582768083659, 1.3652408537676777
2100-Sep-05 04:00:00, 5165.5299740435348, 1.8551828174010516, 1938.0355860759078, 4.6112583765345736, 3227.4943879676266, 1.365213829110647
2100-Sep-05 05:00:00, 5170.8742170776568, 1.8571021844163895, 1943.4436111526907, 4.62412594259734, 3227.4306059249666, 1.3651868496286648
2100-Sep-05 06:00:00, 5176.4619162048166, 1.8591089878734604, 1949.094985792932, 4.6375725216157955, 3227.3669304118844, 1.3651599152081559
2100-Sep-05 07:00:00, 5182.1280654968987, 1.8611439664449372, 1954.8247045311625, 4.6512055083971937, 3227.3033609657359, 1.3651330256534244
2100-Sep-05 08:00:00, 5187.3706998385769, 1.8630268410381485, 1960.1308029440593, 4.6638305555991026, 3227.2398968945181, 1.3651061806717566
2100-Sep-05 09:00:00, 5190.6260629874487, 1.8641959938276076, 1963.4495257154881, 4.6717269473315852, 3227.1765372719601, 1.3650793798713443
2100-Sep-05 10:00:00, 5190.430196686897, 1.8641256491007128, 1963.3169157326192, 4.671411422220122, 3227.1132809542773, 1.3650526227683728
2100-Sep-05 11:00:00, 5185.4286492538931, 1.8623293600645925, 1958.3785226541011, 4.6596612734542546, 3227.0501265997918, 1.3650259087953187
2100-Sep-05 12:00:00, 5176.1758026531361, 1.8590062311480962, 1949.1887299505304, 4.6377955714581631, 3226.9870727026055, 1.3649992373151949
2100-Sep-05 13:00:00, 5163.2654288907561, 1.8543695135817388, 1936.3413112471089, 4.6072271094863408, 3226.9241176436476, 1.3649726076431428
2100-Sep-05 14:00:00, 5147.3817845529011, 1.8486649558303816, 1920.5205248245559, 4.5695839751504659, 3226.861259728345, 1.3649460190623663
2100-Sep-05 15:00:00, 5128.9344189413641, 1.8420396461562905, 1902.1359216828168, 4.5258406322285429, 3226.7984972585468, 1.3649194708545562
2100-Sep-05 16:00:00, 5110.4630478551408, 1.8354057149962366, 1883.7272192857833, 4.4820399488255456, 3226.7358285693576, 1.3648929623154702
2100-Sep-05 17:00:00, 5094.5229978649331, 1.8296808993434492, 1867.8497457861242, 4.4442619362856659, 3226.6732520788091, 1.3648664927759437
2100-Sep-05 18:00:00, 5082.1819192482671, 1.8252486422250354, 1855.5711529221428, 4.4150469081391837, 3226.6107663261246, 1.3648400616180754
2100-Sep-05 19:00:00, 5073.6226580270013, 1.8221746121783353, 1847.074288029846, 4.394829921572792, 3226.5483699971555, 1.3648136682859873
2100-Sep-05 20:00:00, 5068.4429114671939, 1.8203143235216954, 1841.9568495157484, 4.3826537616590757, 3226.4860619514452, 1.3647873122972718
2100-Sep-05 21:00:00, 5066.0331364976837, 1.8194488608993309, 1839.6092952991996, 4.3770681165227296, 3226.4238411984843, 1.3647609932329485
2100-Sep-05 22:00:00, 5065.693727873344, 1.8193269634268319, 1839.3320209704809, 4.3764083847922661, 3226.3617069028633, 1.3647347107396435
2100-Sep-05 23:00:00, 5066.7829211444923, 1.8197181435480618, 1840.4832628002694, 4.3791475881222617, 3226.2996583442232, 1.3647084645126484
2100-Sep-06 00:00:00, 5068.8065704516821, 1.8204449304299519, 1842.5688755747249, 4.3841099837797577, 3226.237694876957, 1.3646822542788748
2100-Sep-06 01:00:00, 5071.273967807565, 1.8213310879397013, 1845.0981519302429, 4.3901280088690537, 3226.1758158773223, 1.3646560797744829
2100-Sep-06 02:00:00, 5074.008837254527, 1.8223133071565742, 1847.8948165705165, 4.3967822433637522, 3226.11402068401, 1.3646299407197422
2100-Sep-06 03:00:00, 5077.0958346123398, 1.8234219919351651, 1851.0435260679244, 4.4042741145912538, 3226.0523085444156, 1.3646038367963047
2100-Sep-06 04:00:00, 5080.5404259001889, 1.8246591053779868, 1854.5497473510636, 4.4126166302695111, 3225.9906785491253, 1.364577767619493
2100-Sep-06 05:00:00, 5084.1206691166099, 1.8259449377573547, 1858.1915395223032, 4.4212817160790188, 3225.9291295943062, 1.3645517327223917
2100-Sep-06 06:00:00, 5087.6259854967684, 1.8272038604140233, 1861.7583251677161, 4.4297683353665498, 3225.8676603290519, 1.3645257315335737
2100-Sep-06 07:00:00, 5090.7941477432578, 1.8283416952909788, 1864.9878786069062, 4.4374525623518162, 3225.8062691363521, 1.3644997633690521
2100-Sep-06 08:00:00, 5093.59440355684, 1.829347397802781, 1867.8494494230022, 4.44426123113508, 3225.7449541338378, 1.3644738274325943
2100-Sep-06 09:00:00, 5096.094612426924, 1.8302453394581388, 1870.410899277648, 4.4503558081300385, 3225.6837131492762, 1.3644479228053565
2100-Sep-06 10:00:00, 5098.145201735173, 1.830981801751326, 1872.52265796597, 4.455380413978717, 3225.6225437692033, 1.364422048466456
2100-Sep-06 11:00:00, 5099.8671783536092, 1.8316002438957992, 1874.3057350061038, 4.4596229722662928, 3225.5614433475052, 1.3643962032965999
2100-Sep-06 12:00:00, 5101.4717939812808, 1.8321765362328777, 1875.9713849099255, 4.4635861306966929, 3225.5004090713555, 1.3643703861059768
2100-Sep-06 13:00:00, 5103.1143083580391, 1.8327664397789625, 1877.6748703658996, 4.467639313019351, 3225.4394379921396, 1.3643445956473375
2100-Sep-06 14:00:00, 5104.8882352008131, 1.833403539672793, 1879.5097081159927, 4.4720050279760253, 3225.3785270848202, 1.3643188306411067
2100-Sep-06 15:00:00, 5106.5703650944197, 1.8340076709992854, 1881.2526917657619, 4.4761521901916765, 3225.3176733286582, 1.3642930898095267
2100-Sep-06 16:00:00, 5108.1682015808019, 1.8345815286304381, 1882.9113278514287, 4.4800986603177178, 3225.2568737293736, 1.3642673718860325
2100-Sep-06 17:00:00, 5109.9128339136314, 1.8352081074989783, 1884.7167085058768, 4.4843942866341129, 3225.1961254077551, 1.3642416756527322
2100-Sep-06 18:00:00, 5112.1501391445872, 1.8360116281914547, 1887.0147135134803, 4.4898620370287716, 3225.1354256311065, 1.3642159999537089
2100-Sep-06 19:00:00, 5114.769023805482, 1.8369521918602478, 1889.6942519456013, 4.4962375876786869, 3225.0747718598809, 1.3641903437147473
2100-Sep-06 20:00:00, 5117.7125899371031, 1.8380093637935651, 1892.6984281440857, 4.5033855640932456, 3225.0141617930176, 1.3641647059625104
2100-Sep-06 21:00:00, 5121.1937524965851, 1.8392596116863045, 1896.2401591213484, 4.5118125696413758, 3224.9535933752372, 1.364139085827625
2100-Sep-06 22:00:00, 5125.1514339600299, 1.8406809997499929, 1900.2583691245979, 4.5213732839385141, 3224.8930648354321, 1.364113482560922
2100-Sep-06 23:00:00, 5129.6769732330331, 1.8423063320471504, 1904.8443985476049, 4.5322850374397454, 3224.832574685428, 1.364087895532911
2100-Sep-07 00:00:00, 5134.6016132541454, 1.8440750000434571, 1909.8294915353756, 4.5441463014757719, 3224.77212171877, 1.3640623242332675
2100-Sep-07 01:00:00, 5140.1489087231748, 1.8460672926618142, 1915.4372037116204, 4.5574889923591018, 3224.7117050115544, 1.3640367682711851
2100-Sep-07 02:00:00, 5146.5381027401418, 1.8483619503284778, 1921.8867788262392, 4.572834766959966, 3224.6513239139022, 1.3640112273717682
2100-Sep-07 03:00:00, 5154.0350877390501, 1.8510544674220144, 1929.4441097140905, 4.5908162764901439, 3224.5909780249594, 1.3639857013654575
2100-Sep-07 04:00:00, 5162.7292224555613, 1.8541769368335346, 1938.1985552698391, 4.6116461367315651, 3224.530667185722, 1.3639601901849954
2100-Sep-07 05:00:00, 5172.4315249205692, 1.8576614863207619, 1947.9611334758763, 4.6348746939637433, 3224.4703914446932, 1.3639346938508983
2100-Sep-07 06:00:00, 5182.8056212420897, 1.8613873083251753, 1958.3954701968103, 4.6597015975323268, 3224.4101510452792, 1.3639092124661256
2100-Sep-07 07:00:00, 5193.4261643087593, 1.8652016408540271, 1969.0762179033577, 4.6851147982409849, 3224.3499464054016, 1.3638837462074564
2100-Sep-07 08:00:00, 5203.9835097998048, 1.8689932761849168, 1979.6937317127843, 4.7103775435917159, 3224.2897780870203, 1.3638582953125966
2100-Sep-07 09:00:00, 5214.1904471772814, 1.8726590636135321, 1989.9608003942558, 4.734806458519822, 3224.2296467830261, 1.3638328600746357
2100-Sep-07 10:00:00, 5223.7987205927129, 1.8761098428820233, 1999.6291672796197, 4.7578108543667605, 3224.1695533130933, 1.3638074408402918
2100-Sep-07 11:00:00, 5232.4759362108716, 1.8792262358559451, 2008.3664376282452, 4.7785998488375609, 3224.1094985826267, 1.3637820379925465
2100-Sep-07 12:00:00, 5240.1819302697559, 1.8819938178544764, 2016.1324466573558, 4.7970778759930059, 3224.0494836123999, 1.3637566519631819
2100-Sep-07 13:00:00, 5246.7443672298796, 1.8843506951448756, 2022.7548577326857, 4.8128348872488225, 3223.9895094971939, 1.3637312832152846
2100-Sep-07 14:00:00, 5252.0733767708989, 1.8862645911021041, 2028.1437993403688, 4.8256570471243281, 3223.9295774305301, 1.3637059322537084
2100-Sep-07 15:00:00, 5256.0799000328534, 1.8877035205344075, 2032.2102113547546, 4.835332450712631, 3223.869688678099, 1.3636805996138341
2100-Sep-07 16:00:00, 5258.8934225374305, 1.8887139877339185, 2035.0835779235499, 4.8421691856799383, 3223.8098446138806, 1.363655285876848
2100-Sep-07 17:00:00, 5261.1145737216684, 1.8895117067545328, 2037.3645270223728, 4.8475963541560825, 3223.7500466992951, 1.3636299916609236
2100-Sep-07 18:00:00, 5263.5453202495064, 1.890384701241945, 2039.8550237471491, 4.8535221090629408, 3223.6902965023569, 1.3636047176293229
2100-Sep-07 19:00:00, 5266.696695251032, 1.8915165070360058, 2043.066099564247, 4.8611623713809626, 3223.6305956867855, 1.3635794644857913
2100-Sep-07 20:00:00, 5270.6541040510501, 1.8929377971735362, 2047.0831580059835, 4.8707203457141341, 3223.5709460450666, 1.3635542329885406
2100-Sep-07 21:00:00, 5275.1461913565254, 1.8945511153084147, 2051.6348419003116, 4.8815503792985826, 3223.5113494562133, 1.3635290239323845
2100-Sep-07 22:00:00, 5280.0257297136468, 1.8963035851929124, 2056.5739217974028, 4.8933021622438844, 3223.451807916244, 1.363503838161628
2100-Sep-07 23:00:00, 5285.1854666093222, 1.8981566874455889, 2061.7931430991816, 4.9057204986871001, 3223.3923235101406, 1.3634786765582085
2100-Sep-08 00:00:00, 5290.5249986424706, 1.9000743625206797, 2067.1921002361664, 4.9185664889781666, 3223.3328984063041, 1.3634535400393486
2100-Sep-08 01:00:00, 5295.9490652068725, 1.9020223978899995, 2072.6755303786726, 4.9316134698274556, 3223.2735348282004, 1.3634284295455628
2100-Sep-08 02:00:00, 5301.2632745671726, 1.9039309784118126, 2078.0490395212692, 4.9443989105196744, 3223.214235045903, 1.3634033460370809
2100-Sep-08 03:00:00, 5306.4902436148914, 1.9058082268670808, 2083.3352422814633, 4.9569766190680307, 3223.1550013334281, 1.3633782904758003
2100-Sep-08 04:00:00, 5311.5601924447274, 1.907629082036149, 2088.4643564945013, 4.9691805595162881, 3223.095835950226, 1.3633532638174573
2100-Sep-08 05:00:00, 5316.7376224036325, 1.9094885386933214, 2093.7008813048596, 4.9816400670037586, 3223.0367410987728, 1.3633282669936877
2100-Sep-08 06:00:00, 5321.8395683328663, 1.9113208855136448, 2098.8618494188754, 4.9939197989229074, 3222.9777189139909, 1.3633033009075533
2100-Sep-08 07:00:00, 5326.6000228975663, 1.913030586852293, 2103.681251470422, 5.0053868267936803, 3222.9187714271438, 1.3632783664182679
2100-Sep-08 08:00:00, 5330.9705488278869, 1.9146002466257681, 2108.1106482969135, 5.015925897059418, 3222.8599005309729, 1.363253464326452
2100-Sep-08 09:00:00, 5334.9158886960795, 1.9160172022467901, 2112.1147807338702, 5.025453115947105, 3222.8011079622088, 1.3632285953667336
2100-Sep-08 10:00:00, 5338.4429925627783, 1.9172839498063956, 2115.7005972637653, 5.0339850163048654, 3222.742395299013, 1.3632037602066671
2100-Sep-08 11:00:00, 5341.3346947030714, 1.9183224949606528, 2118.6509307740903, 5.0410048823025813, 3222.6837639289815, 1.3631789594331987
2100-Sep-08 12:00:00, 5342.9322763733253, 1.918896261075445, 2120.3070613126306, 5.0449453908635933, 3222.6252150606942, 1.3631541935575515
2100-Sep-08 13:00:00, 5342.8758091304098, 1.9188759810539702, 2120.3090594357059, 5.0449501450909331, 3222.566749694704, 1.3631294630029542
2100-Sep-08 14:00:00, 5341.1273605757578, 1.9182480316021231, 2118.6189919228505, 5.0409288887055723, 3222.5083686529069, 1.3631047681170649
2100-Sep-08 15:00:00, 5338.0479481709699, 1.9171420709340483, 2115.5978756076934, 5.0337406058820555, 3222.4500725632765, 1.3630801091655131
2100-Sep-08 16:00:00, 5334.2530482861821, 1.9157791453300168, 2111.8611864075078, 5.0248497271496637, 3222.3918618786743, 1.363055486339857
2100-Sep-08 17:00:00, 5330.3153385565602, 1.9143649300477485, 2107.9816016842137, 5.0156188504406405, 3222.333736872346, 1.3630308997556781
2100-Sep-08 18:00:00, 5326.8642338024856, 1.9131254773153121, 2104.5885361494561, 5.0075455715072223, 3222.27569765303, 1.3630063494589724
2100-Sep-08 19:00:00, 5324.2852824327783, 1.912199255554518, 2102.0675382491399, 5.0015472437321389, 3222.2177441836379, 1.3629818354340513
2100-Sep-08 20:00:00, 5322.595654809842, 1.9115924314436079, 2100.4357785317011, 4.9976647218013799, 3222.1598762781414, 1.362957357602226
2100-Sep-08 21:00:00, 5321.7643989497283, 1.9112938886810462, 2099.66230535252, 4.9958243610246482, 3222.1020935972087, 1.362932915819961
2100-Sep-08 22:00:00, 5321.7981174707838, 1.9113059985751335, 2099.7537217826089, 4.9960418723964874, 3222.044395688175, 1.3629085098957812
2100-Sep-08 23:00:00, 5322.5796009744554, 1.9115866657623106, 2100.5928190262835, 4.9980383755677504, 3221.9867819481715, 1.3628841395746762
2100-Sep-09 00:00:00, 5324.0760194032391, 1.912124099437204, 2102.1467677658297, 5.0017357582130542, 3221.9292516374089, 1.3628598045437188
2100-Sep-09 01:00:00, 5326.1843673427202, 1.9128813055496614, 2104.3125634661542, 5.0068889368423513, 3221.871803876566, 1.3628355044309606
2100-Sep-09 02:00:00, 5328.6180175509926, 1.913755342884192, 2106.8035799134022, 5.0128159283491049, 3221.8144376375908, 1.3628112388015408
2100-Sep-09 03:00:00, 5331.1707525873117, 1.9146721491365135, 2109.4136008490091, 5.0190260727802594, 3221.7571517383026, 1.3627870071554027
2100-Sep-09 04:00:00, 5333.6144667059871, 1.9155498008908132, 2111.914521874296, 5.0249766307110635, 3221.699944831691, 1.3627628089227681
2100-Sep-09 05:00:00, 5335.9552846915467, 1.916390497842974, 2114.312469298457, 5.0306821787544518, 3221.6428153930901, 1.362738643458711
2100-Sep-09 06:00:00, 5338.3909786792001, 1.9172652691940353, 2116.8052169404364, 5.0366132893734976, 3221.5857617387637, 1.3627145100510192
2100-Sep-09 07:00:00, 5340.3747525596973, 1.9179777349497662, 2118.8459705580594, 5.0414689495488414, 3221.5287820016374, 1.3626904079099298
2100-Sep-09 08:00:00, 5341.8368651075007, 1.9185028477822192, 2120.3649909696983, 5.0450832255960014, 3221.4718741378024, 1.3626663361708797
2100-Sep-09 09:00:00, 5342.130150445606, 1.9186081802306965, 2120.7151144861082, 5.04591629079329, 3221.4150359594973, 1.362642293908457
2100-Sep-09 10:00:00, 5338.7720632966557, 1.9174021344601031, 2117.4137981876661, 5.0380613150930733, 3221.3582651089891, 1.3626182801253524
2100-Sep-09 11:00:00, 5332.455912196896, 1.91513370991291, 2111.1543530835156, 5.0231679256855983, 3221.3015591133799, 1.3625942937755424
2100-Sep-09 12:00:00, 5323.5956539059462, 1.911951577775123, 2102.3507385223957, 5.0022210753385705, 3221.244915383551, 1.3625703337638433
2100-Sep-09 13:00:00, 5313.6872052125937, 1.9083929915593087, 2092.4988739583669, 4.9787800749143489, 3221.1883312542268, 1.3625463989628566
2100-Sep-09 14:00:00, 5303.3080958089949, 1.9046653691232298, 2082.1762918010472, 4.9542190741863976, 3221.1318040079477, 1.3625224882231108
2100-Sep-09 15:00:00, 5293.783588868193, 1.901244674303999, 2072.7082579744715, 4.9316913401211471, 3221.075330893721, 1.3624986003809498
2100-Sep-09 16:00:00, 5286.0028854736374, 1.8984502606973783, 2064.9839762963361, 4.9133125967962457, 3221.0189091773009, 1.3624747342798016
2100-Sep-09 17:00:00, 5280.1007287473012, 1.8963305208450636, 2059.1381926007857, 4.8994034512536206, 3220.9625361465155, 1.3624508887724309
2100-Sep-09 18:00:00, 5276.1136518434032, 1.8948985755072305, 2055.2074427026146, 4.8900508348598706, 3220.9062091407891, 1.3624270627334276
2100-Sep-09 19:00:00, 5273.9373406919403, 1.8941169606344488, 2053.0874151099702, 4.8850065544218317, 3220.8499255819706, 1.3624032550722474
2100-Sep-09 20:00:00, 5273.9984607845663, 1.8941389117113387, 2053.2047778244073, 4.885285800997039, 3220.793682960159, 1.3623794647272141
2100-Sep-09 21:00:00, 5276.2594183039946, 1.8949509270441303, 2055.521939450628, 4.8907991316270145, 3220.7374788533671, 1.3623556906738397
2100-Sep-09 22:00:00, 5279.9170231990192, 1.8962645436116825, 2059.2357122711887, 4.8996354843495311, 3220.6813109278301, 1.3623319319249534
2100-Sep-09 23:00:00, 5284.2548287731915, 1.8978224519786593, 2063.629651861746, 4.9100901895616111, 3220.6251769114456, 1.3623081875194674
2100-Sep-10 00:00:00, 5289.4978129151023, 1.8997054522014543, 2068.9287383220967, 4.9226985528980913, 3220.5690745930056, 1.3622844565220518
2100-Sep-10 01:00:00, 5295.2545356401261, 1.9017729599185078, 2074.7415338274809, 4.9365292081027041, 3220.5130018126456, 1.362260738019095
2100-Sep-10 02:00:00, 5301.0888762133291, 1.9038683438261923, 2080.6319198033543, 4.9505444779292329, 3220.4569564099743, 1.3622370310967622
2100-Sep-10 03:00:00, 5306.7731221129679, 1.9059098217337607, 2086.3721858571826, 4.9642025604301052, 3220.4009362557854, 1.3622133348544101
2100-Sep-10 04:00:00, 5312.2675455790795, 1.9078831255490662, 2091.9226063820279, 4.9774089346176433, 3220.3449391970521, 1.362189648381319
2100-Sep-10 05:00:00, 5317.7348418657184, 1.9098466867285735, 2097.4458787950152, 4.9905507140376173, 3220.2889630707027, 1.3621659707625207
2100-Sep-10 06:00:00, 5323.0871451350622, 1.911768948550439, 2102.8541394304834, 5.0034188405761402, 3220.2330057045788, 1.3621423010792029
2100-Sep-10 07:00:00, 5328.1174803138292, 1.9135755766091882, 2107.9404154025756, 5.0155208540015828, 3220.1770649112532, 1.362118638406095
2100-Sep-10 08:00:00, 5332.2217402209772, 1.9150496078307955, 2112.1006017122872, 5.0254193791403523, 3220.1211385086904, 1.3620949818202073
2100-Sep-10 09:00:00, 5334.7499260222339, 1.9159575973074334, 2114.6847016636134, 5.0315678485657687, 3220.065224358621, 1.3620713304170624
2100-Sep-10 10:00:00, 5334.6749104700084, 1.9159306557226925, 2114.6655901003842, 5.0315223755328358, 3220.0093203696238, 1.3620476833119999
2100-Sep-10 11:00:00, 5331.9328779255166, 1.9149458639032941, 2111.9794533768427, 5.0251311252606845, 3219.9534245486739, 1.3620240396619798
2100-Sep-10 12:00:00, 5327.6203809454255, 1.9133970450332536, 2107.722845906665, 5.0150031807618838, 3219.8975350387609, 1.3620003986814968
2100-Sep-10 13:00:00, 5322.9494006764489, 1.9117194780887254, 2103.1077505331878, 5.0040222692903136, 3219.8416501432612, 1.3619767596528871
2100-Sep-10 14:00:00, 5318.7405018116096, 1.9102078661353605, 2098.9547334245772, 4.9941408021657869, 3219.785768387032, 1.361953121952173
2100-Sep-10 15:00:00, 5315.2001649816893, 1.9089363660012633, 2095.4702764522367, 4.9858500713263636, 3219.7298885294526, 1.3619294850545782
2100-Sep-10 16:00:00, 5312.1660208868279, 1.9078466632953277, 2092.4920112816362, 4.9787637462278242, 3219.6740096051917, 1.3619058485517725
2100-Sep-10 17:00:00, 5309.4589021995725, 1.9068744106710089, 2089.8407712589719, 4.9724555273021496, 3219.6181309406002, 1.3618822121588057
2100-Sep-10 18:00:00, 5307.0099214412094, 1.9059948674206764, 2087.4476692651051, 4.9667615082168428, 3219.5622521761038, 1.3618585757235795
2100-Sep-10 19:00:00, 5304.7979511374397, 1.9052004456825826, 2085.2915778671177, 4.9616314194862872, 3219.5063732703225, 1.3618349392285904
2100-Sep-10 20:00:00, 5303.0917293864404, 1.9045876618460671, 2083.6412349038524, 4.9577046815728103, 3219.4504944825881, 1.3618113027835346
2100-Sep-10 21:00:00, 5301.9897318658423, 1.9041918831214628, 2082.5951154905524, 4.9552156009067518, 3219.3946163752898, 1.3617876666263
2100-Sep-10 22:00:00, 5301.2767174955861, 1.903935806394601, 2081.9379777149475, 4.9536520423766266, 3219.3387397806382, 1.3617640311089072
2100-Sep-10 23:00:00, 5300.7376538671278, 1.9037422034949902, 2081.45478809213, 4.9525023667918848, 3219.2828657749978, 1.361740396686653
2100-Sep-11 00:00:00, 5300.2579292638511, 1.9035699120078522, 2081.0309336338246, 4.951493870128906, 3219.226995630027, 1.3617167638974426
2100-Sep-11 01:00:00, 5299.7887369960845, 1.9034014031737942, 2080.6176062027271, 4.9505104209122894, 3219.171130793357, 1.3616931333536166
2100-Sep-11 02:00:00, 5299.4740523728306, 1.903288385243612, 2080.3587795560366, 4.9498945826112815, 3219.1152728167945, 1.3616695057115815
2100-Sep-11 03:00:00, 5299.517759396831, 1.9033040824751317, 2080.4583360665115, 4.950131462055686, 3219.0594233303195, 1.3616458816608106
2100-Sep-11 04:00:00, 5299.8659952749294, 1.903429150226301, 2080.8624112796269, 4.9510928970389321, 3219.0035839953021, 1.3616222619040548
2100-Sep-11 05:00:00, 5300.3866350678454, 1.9036161362669834, 2081.4388786010632, 4.9524645125984552, 3218.9477564667818, 1.3615986471413879
2100-Sep-11 06:00:00, 5300.7989754140563, 1.9037642269235193, 2081.9070330667646, 4.9535784143332782, 3218.8919423472917, 1.3615750380506728
2100-Sep-11 07:00:00, 5300.9225805023689, 1.9038086192776693, 2082.0864373399054, 4.9540052792800573, 3218.836143162463, 1.3615514352772444
2100-Sep-11 08:00:00, 5300.5261437058971, 1.9036662403278433, 2081.7457833637341, 4.9531947454011096, 3218.780360342163, 1.3615278394259287
2100-Sep-11 09:00:00, 5299.6430868222924, 1.9033490934009096, 2080.918491612385, 4.9512263315878364, 3218.7245952099079, 1.3615042510565669
2100-Sep-11 10:00:00, 5298.1861635944169, 1.9028258442953563, 2079.517314654729, 4.9478924459618865, 3218.6688489396884, 1.3614806706657507
2100-Sep-11 11:00:00, 5295.512189531295, 1.9018654954519643, 2076.8990669429377, 4.9416627271788141, 3218.6131225883569, 1.3614570987005237
2100-Sep-11 12:00:00, 5291.034264312133, 1.9002572635830293, 2072.4768472434189, 4.9311407337857149, 3218.5574170687146, 1.361433535546996
2100-Sep-11 13:00:00, 5284.9218059730447, 1.8980619946097124, 2066.4200728024061, 4.916729568130882, 3218.501733170639, 1.3614099815392819
2100-Sep-11 14:00:00, 5277.417785793069, 1.89536695085442, 2058.9717142286659, 4.899007341505448, 3218.4460715644032, 1.3613864369609034
2100-Sep-11 15:00:00, 5269.5757737450622, 1.8925505184499194, 2051.1853409355581, 4.8804808607077614, 3218.3904328095045, 1.3613629020485252
2100-Sep-11 16:00:00, 5262.2214018307204, 1.8899092203688277, 2043.886584465776, 4.86311458933928, 3218.3348173649447, 1.3613393769963025
2100-Sep-11 17:00:00, 5255.9699967732013, 1.8876640491462038, 2037.6907711553245, 4.848372602023602, 3218.2792256178773, 1.3613158619679995
2100-Sep-11 18:00:00, 5251.0788756973361, 1.8859074193670002, 2032.8552178210684, 4.8368671446532776, 3218.2236578762677, 1.361292357093884
2100-Sep-11 19:00:00, 5247.4913212539013, 1.884618961184898, 2029.3232068551783, 4.8284632663811298, 3218.1681143987225, 1.3612688624833451
2100-Sep-11 20:00:00, 5245.2462500698039, 1.8838126513763189, 2027.1336546716293, 4.8232535628443163, 3218.112595398175, 1.3612453782264526
2100-Sep-11 21:00:00, 5244.2121590355418, 1.8834412610392131, 2026.1550580128733, 4.8209251422144996, 3218.0571010226681, 1.361221904385828
2100-Sep-11 22:00:00, 5244.2515890100904, 1.883455422182724, 2026.2499576042303, 4.821150941234249, 3218.0016314058598, 1.361198441018008
2100-Sep-11 23:00:00, 5245.1496023593027, 1.8837779406742683, 2027.2034157369442, 4.8234195485976743, 3217.9461866223587, 1.3611749881545514
2100-Sep-12 00:00:00, 5246.6607938304523, 1.8843206800379284, 2028.770027129736, 4.8271470600838864, 3217.8907667007165, 1.3611515458075356
2100-Sep-12 01:00:00, 5248.7306832483455, 1.8850640739009574, 2030.8953116372252, 4.8322038485443715, 3217.8353716111201, 1.3611281139643499
2100-Sep-12 02:00:00, 5251.2919830773699, 1.8859839561699394, 2033.5119818107128, 4.8384298138170498, 3217.7800012666576, 1.3611046925882309
2100-Sep-12 03:00:00, 5254.2286396122636, 1.8870386465446967, 2036.5039841202361, 4.8455488243303373, 3217.7246554920275, 1.3610812816050268
2100-Sep-12 04:00:00, 5257.4077582342425, 1.8881804163672726, 2039.7384241979812, 4.8532446783224206, 3217.6693340362613, 1.3610578809085794
2100-Sep-12 05:00:00, 5260.7277450836291, 1.8893727785426795, 2043.1137085219268, 4.861275649592403, 3217.6140365617021, 1.3610344903560614
2100-Sep-12 06:00:00, 5264.1086113816655, 1.8905870053684968, 2046.5498487315967, 4.8694514181069897, 3217.5587626500683, 1.361011109770542
2100-Sep-12 07:00:00, 5267.3907080465578, 1.8917657594108417, 2049.8871962621179, 4.8773921245966383, 3217.5035117844395, 1.3609877389333662
2100-Sep-12 08:00:00, 5270.0829061730965, 1.8927326533656714, 2052.6346227946378, 4.8839292045672122, 3217.4482833784587, 1.3609643775965081
2100-Sep-12 09:00:00, 5271.7299041064171, 1.8933241671661032, 2054.3368273186379, 4.8879793391087372, 3217.3930767877791, 1.3609410254874124
2100-Sep-12 10:00:00, 5271.5879041439439, 1.8932731683544082, 2054.2500128372335, 4.8877727773678394, 3217.3378913067108, 1.3609176823075757
2100-Sep-12 11:00:00, 5268.9582204198823, 1.8923287262381892, 2051.6754941814474, 4.8816471051653618, 3217.2827262384349, 1.3608943477622468
2100-Sep-12 12:00:00, 5262.9603197021897, 1.8901746002515325, 2045.7327388357276, 4.867507230456904, 3217.2275808664617, 1.3608710215483548
2100-Sep-12 13:00:00, 5253.6029767370965, 1.8868139418152055, 2036.4305222253045, 4.845374033020625, 3217.1724545117918, 1.3608477033786861
2100-Sep-12 14:00:00, 5241.6845150975187, 1.8825334661709436, 2024.5671685234063, 4.8171470027613736, 3217.1173465741126, 1.3608243929993113
2100-Sep-12 15:00:00, 5228.4628249827374, 1.8777849403776177, 2011.4005684595647, 4.7858190977058204, 3217.0622565231724, 1.3608010901859369
2100-Sep-12 16:00:00, 5215.4676985435635, 1.8731177841707904, 1998.4605145832293, 4.7550302245505653, 3217.0071839603343, 1.3607777947699411
2100-Sep-12 17:00:00, 5204.1172464337342, 1.8690413072497969, 1987.1651178156346, 4.7281545606901743, 3216.9521286180998, 1.3607545066381739
2100-Sep-12 18:00:00, 5195.2359695419063, 1.8658516263517879, 1978.3388791536734, 4.7071538797658006, 3216.8970903882328, 1.3607312257448518
2100-Sep-12 19:00:00, 5189.8573950226191, 1.8639199292983524, 1973.0153256954725, 4.6944873009612476, 3216.8420693271464, 1.3607079521138372
2100-Sep-12 20:00:00, 5188.6226245746238, 1.8634764656208467, 1971.8355589230728, 4.6916802269061213, 3216.7870656515515, 1.3606846858367976
2100-Sep-12 21:00:00, 5191.3826928345716, 1.8644677349071423, 1974.650613101008, 4.6983782164846746, 3216.7320797335633, 1.3606614270711359
2100-Sep-12 22:00:00, 5197.5636220375109, 1.8666875949622548, 1980.8865099464253, 4.7132155764228685, 3216.6771120910857, 1.3606381760359232
2100-Sep-12 23:00:00, 5206.3195613784474, 1.8698322612979716, 1989.6973980274581, 4.7341797329947486, 3216.622163350989, 1.360614932996322
2100-Sep-13 00:00:00, 5216.5731239729621, 1.873514794017378, 2000.0058897658589, 4.758707207732396, 3216.567234207103, 1.3605916982458188
2100-Sep-13 01:00:00, 5227.5659902167745, 1.8774628451703064, 2011.0536648091322, 4.7849936936856876, 3216.512325407642, 1.3605684721009048
2100-Sep-13 02:00:00, 5238.7375747513215, 1.8814750823997444, 2022.280137067291, 4.8117053622491044, 3216.4574376840305, 1.3605452548709689
2100-Sep-13 03:00:00, 5249.6903267863227, 1.8854087266687143, 2033.2877550581672, 4.8378963006564311, 3216.4025717281556, 1.3605220468486754
2100-Sep-13 04:00:00, 5260.25507875312, 1.8892030220106042, 2043.9073506105235, 4.863163999195117, 3216.3477281425967, 1.3604988482889127
2100-Sep-13 05:00:00, 5270.4180910420982, 1.8928530338905643, 2054.1251836287047, 4.8874757654153242, 3216.2929074133931, 1.3604756593972729
2100-Sep-13 06:00:00, 5280.2110031632501, 1.89637012553281, 2063.9728932725802, 4.9109068798444184, 3216.2381098906699, 1.3604524803218572
2100-Sep-13 07:00:00, 5289.1940013732037, 1.8995963393020829, 2073.0106655884647, 4.9324108726483988, 3216.183335784739, 1.3604293111516261
2100-Sep-13 08:00:00, 5297.1434792104355, 1.9024513676854335, 2081.0148940489294, 4.9514557063971685, 3216.1285851615062, 1.3604061519144581
2100-Sep-13 09:00:00, 5303.7483038308019, 1.9048234683622707, 2087.6744458608187, 4.9673010883381261, 3216.0738579699837, 1.3603830025887851
2100-Sep-13 10:00:00, 5308.7466030814321, 1.906618590824553, 2092.7274490211835, 4.9793239342122133, 3216.0191540602486, 1.3603598631111906
2100-Sep-13 11:00:00, 5311.8444240829776, 1.9077311628785976, 2095.8799508434595, 4.986824828694985, 3215.9644732395182, 1.3603367334001284
2100-Sep-13 12:00:00, 5312.672635912666, 1.908028612387811, 2096.7628205989777, 4.9889254818433439, 3215.9098153136888, 1.3603136133734939
2100-Sep-13 13:00:00, 5311.1407643030261, 1.9074784458215635, 2095.2855841525425, 4.9854106243315996, 3215.8551801504836, 1.3602905029753343
2100-Sep-13 14:00:00, 5304.8321444745616, 1.9052127261052723, 2089.0315767477023, 4.9705301730954741, 3215.8005677268588, 1.3602674021959025
2100-Sep-13 15:00:00, 5296.3679942982599, 1.9021728548723338, 2080.6220161097535, 4.9505209136095658, 3215.7459781885068, 1.3602443110968256
2100-Sep-13 16:00:00, 5288.0867831440792, 1.8991986855774685, 2072.3953712387488, 4.9309468741312683, 3215.6914119053299, 1.3602212298345702
2100-Sep-13 17:00:00, 5280.2817461007053, 1.896395532622243, 2064.6448765848604, 4.9125057610517127, 3215.6368695158444, 1.3601981586792258
2100-Sep-13 18:00:00, 5273.9103239307224, 1.8941072576549975, 2058.3279719772213, 4.8974756555701484, 3215.5823519535011, 1.3601750980256371
2100-Sep-13 19:00:00, 5270.1990282111401, 1.8927743582073395, 2054.6711677434982, 4.8887748508608571, 3215.5278604676419, 1.3601520484022693
2100-Sep-13 20:00:00, 5269.2434112952596, 1.8924311515874443, 2053.7700146495877, 4.8866306953135128, 3215.4733966456724, 1.3601290104805874
2100-Sep-13 21:00:00, 5270.4520220533896, 1.8928652200998091, 2055.0330596707231, 4.8896359171863706, 3215.4189623826665, 1.3601059850621977
2100-Sep-13 22:00:00, 5272.9843981398772, 1.8937747145033759, 2057.6198382713687, 4.8957907600469293, 3215.364559868508, 1.3600829730734103
2100-Sep-13 23:00:00, 5276.220645379768, 1.8949370018780454, 2060.9104538115512, 4.9036202749343953, 3215.3101915682169, 1.360059975556916
2100-Sep-14 00:00:00, 5279.9111501573116, 1.8962624343283918, 2064.6552900071192, 4.9125305381925264, 3215.2558601501928, 1.3600369936414343
2100-Sep-14 01:00:00, 5283.7876392388325, 1.8976546624196076, 2068.5860708007503, 4.9218832280972844, 3215.2015684380822, 1.3600140285213536
2100-Sep-14 02:00:00, 5287.7800157877846, 1.8990885111072406, 2072.6326964416107, 4.9315115530450733, 3215.1473193461734, 1.3599910814294032
2100-Sep-14 03:00:00, 5291.8537675478838, 1.90055158542985, 2076.7606517252184, 4.9413333894015654, 3215.0931158226654, 1.359968153612656
2100-Sep-14 04:00:00, 5295.963992905683, 1.9020277591231114, 2080.9250321385821, 4.9512418937665865, 3215.0389607671004, 1.359945246297604
2100-Sep-14 05:00:00, 5300.0873016926707, 1.9035086316862164, 2085.1024447142809, 4.9611814061627104, 3214.9848569783899, 1.3599223606681727
2100-Sep-14 06:00:00, 5304.3538925891526, 1.905040963539832, 2089.4230854882139, 4.9714617080848944, 3214.9308071009386, 1.3598994978429317
2100-Sep-14 07:00:00, 5308.7421456373022, 1.9066169899483987, 2093.8653320666958, 4.9820313523643023, 3214.8768135706064, 1.3598766588522375
2100-Sep-14 08:00:00, 5313.2212898925136, 1.9082256596300546, 2098.3984113055521, 4.9928171190250659, 3214.822878586961, 1.3598538446264965
2100-Sep-14 09:00:00, 5317.3744629567555, 1.9097172578484738, 2102.6054588683037, 5.0028271433267859, 3214.7690040884518, 1.3598310559856623
2100-Sep-14 10:00:00, 5320.6094293675178, 1.9108790852176445, 2105.8942376304735, 5.0106522878827384, 3214.7151917370443, 1.3598082936327387
2100-Sep-14 11:00:00, 5321.3694351893701, 1.9111520387672145, 2106.7079922659732, 5.0125884922054826, 3214.6614429233969, 1.3597855581559666
2100-Sep-14 12:00:00, 5319.0087174826967, 1.9103041948967576, 2104.4009587082473, 5.0070992597608139, 3214.6077587744498, 1.3597628500320362
2100-Sep-14 13:00:00, 5313.2102587256531, 1.9082216978233633, 2098.6561185558517, 4.9934302938940807, 3214.5541401698015, 1.3597401696330131
2100-Sep-14 14:00:00, 5304.6761539590243, 1.9051567026332266, 2090.1755661929305, 4.9732521204889464, 3214.5005877660938, 1.3597175172366538
2100-Sep-14 15:00:00, 5294.0891139967061, 1.9013544026322731, 2079.6420119654022, 4.9481891440836883, 3214.447102031304, 1.3596948930409101
2100-Sep-14 16:00:00, 5282.8632464908469, 1.8973226698552028, 2068.4695632266989, 4.921606016197444, 3214.393683264148, 1.3596722971721373
2100-Sep-14 17:00:00, 5272.4369735612618, 1.8935781087964738, 2058.0966419198317, 4.8969252411853219, 3214.3403316414306, 1.3596497297051229
2100-Sep-14 18:00:00, 5263.9018252397709, 1.8905127388170979, 2049.6147779989383, 4.8767439471291896, 3214.2870472408331, 1.359627190672726
2100-Sep-14 19:00:00, 5258.4783965061461, 1.8885649325225691, 2044.2445664410368, 4.8639663525338932, 3214.2338300651095, 1.3596046800761112
2100-Sep-14 20:00:00, 5256.6245245979335, 1.8878991206258111, 2042.4438445321523, 4.859681810987901, 3214.180680065781, 1.3595821978947722
2100-Sep-14 21:00:00, 5258.2153044003535, 1.8884704438725153, 2044.0877072460164, 4.8635931301420179, 3214.1275971543373, 1.3595597440912699
2100-Sep-14 22:00:00, 5262.7455012203845, 1.8900974489121138, 2048.6709200074274, 4.8744981818290665, 3214.0745812129571, 1.3595373186157662
2100-Sep-14 23:00:00, 5269.4514975981965, 1.892505885087334, 2055.4298655148768, 4.8905800558213155, 3214.0216320833201, 1.3595149214012927
2100-Sep-15 00:00:00, 5277.7278327705772, 1.8954783031896403, 2063.7590832066812, 4.9103981515917239, 3213.9687495638959, 1.3594925523626027
2100-Sep-15 01:00:00, 5286.7734972413145, 1.8987270233369267, 2072.8575638508119, 4.9320465905499251, 3213.9159333905022, 1.3594702113879487
2100-Sep-15 02:00:00, 5296.6902830399449, 1.9022886037962234, 2082.8270998286121, 4.9557675720520642, 3213.8631832113333, 1.3594478983285183
2100-Sep-15 03:00:00, 5307.5306308137733, 1.9061818784506566, 2093.7201322498286, 4.9816858716741583, 3213.8104985639447, 1.3594256129887003
2100-Sep-15 04:00:00, 5319.1399225207015, 1.9103513167474264, 2105.3820436614669, 5.0094336009055942, 3213.7578788592346, 1.3594033551193072
2100-Sep-15 05:00:00, 5331.6462868496328, 1.9148429356767092, 2117.9409635030934, 5.0393156240923753, 3213.7053233465399, 1.3593811244028127
2100-Sep-15 06:00:00, 5344.4878207138818, 1.9194549296238432, 2130.8349895994679, 5.0699949812060137, 3213.6528311144139, 1.3593589204536791
2100-Sep-15 07:00:00, 5356.8349387711669, 1.9238893557871604, 2143.2345376789422, 5.0994978037328647, 3213.6004010922247, 1.3593367428190348
2100-Sep-15 08:00:00, 5365.9302906846824, 1.9271559210133731, 2152.3822586513129, 5.1212634024984967, 3213.54803203337, 1.3593145909715729
2100-Sep-15 09:00:00, 5372.0539179418038, 1.9293552012662543, 2158.5581953805518, 5.1359580965383076, 3213.495722561252, 1.3592924643289999
2100-Sep-15 10:00:00, 5376.3160990997912, 1.9308859493770352, 2162.8726279255479, 5.1462236269320965, 3213.4434711742433, 1.3592703622561348
2100-Sep-15 11:00:00, 5379.2824238635767, 1.9319512949969926, 2165.8911475522996, 5.1534057313338923, 3213.3912763112776, 1.3592482840926545
2100-Sep-15 12:00:00, 5381.1058799267066, 1.9326061831446952, 2167.7667435486833, 5.1578684242851764, 3213.3391363780229, 1.3592262291641646
2100-Sep-15 13:00:00, 5382.1008036440617, 1.9329635066709039, 2168.8137538323567, 5.160359624640626, 3213.2870498117049, 1.3592041968096196
2100-Sep-15 14:00:00, 5382.5978110552915, 1.9331420052207271, 2169.3627959131159, 5.1616659860470735, 3213.2350151421761, 1.359182186407154
2100-Sep-15 15:00:00, 5382.9788870784269, 1.9332788674001735, 2169.7958560410716, 5.1626963861888076, 3213.1830310373548, 1.3591601973933047
2100-Sep-15 16:00:00, 5383.3929213991778, 1.9334275664420011, 2170.2618250176292, 5.1638050878874733, 3213.1310963815481, 1.3591382292961387
2100-Sep-15 17:00:00, 5384.2674020440136, 1.9337416332414585, 2171.1881917376268, 5.1660092353902449, 3213.0792103063873, 1.3591162817483406
2100-Sep-15 18:00:00, 5385.8448551835136, 1.9343081702617373, 2172.8174829417349, 5.1698858838722108, 3213.0273722417787, 1.3590943545087639
2100-Sep-15 19:00:00, 5388.2717419599194, 1.935179778532329, 2175.2961600089966, 5.1757835157171854, 3212.9755819509223, 1.3590724474772429
2100-Sep-15 20:00:00, 5391.4696160123794, 1.9363282843050471, 2178.5457764697267, 5.1835154795844778, 3212.9238395426528, 1.3590505606998144
2100-Sep-15 21:00:00, 5395.098471773199, 1.9376315757171825, 2182.226326297487, 5.1922727832921343, 3212.8721454757124, 1.3590286943705241
2100-Sep-15 22:00:00, 5398.8743709419896, 1.9389876772775991, 2186.0538703831062, 5.2013798372870017, 3212.8205005588834, 1.3590068488314828
2100-Sep-15 23:00:00, 5402.5362840848848, 1.9403028411379679, 2189.7673781532867, 5.2102155593627986, 3212.7689059315981, 1.3589850245646644
2100-Sep-16 00:00:00, 5406.1039942467523, 1.9415841723127019, 2193.3866312181108, 5.2188270168261575, 3212.7173630286416, 1.3589632221769758
2100-Sep-16 01:00:00, 5409.9572765211888, 1.9429680657567534, 2197.2914029741032, 5.2281178222157187, 3212.6658735470855, 1.3589414423862702
2100-Sep-16 02:00:00, 5414.2846251195751, 1.9445222185358431, 2201.6701857197122, 5.23853646404035, 3212.6144393998629, 1.3589196860017081
2100-Sep-16 03:00:00, 5419.0331164654162, 1.9462276233244413, 2206.4700538014522, 5.2499570138265383, 3212.563062663964, 1.358897953901846
2100-Sep-16 04:00:00, 5424.191717374124, 1.9480803175911969, 2211.6799718479092, 5.2623532146008634, 3212.5117455262148, 1.3588762470117002
2100-Sep-16 05:00:00, 5429.6911128520169, 1.9500554070879079, 2217.2306226009946, 5.2755601365811806, 3212.4604902510227, 1.3588545662891036
2100-Sep-16 06:00:00, 5435.6845634106476, 1.9522079348148182, 2223.2752643010781, 5.2899424342401717, 3212.4092991095695, 1.3588329126947549
2100-Sep-16 07:00:00, 5442.0673241111417, 1.9545002819773825, 2229.709149760115, 5.3052508777124192, 3212.3581743510263, 1.358811287180042
2100-Sep-16 08:00:00, 5448.2895043159533, 1.95673495719188, 2235.9823861425321, 5.3201770813509057, 3212.3071181734217, 1.3587896906747197
2100-Sep-16 09:00:00, 5453.4949717868212, 1.9586044834277203, 2241.2388391206405, 5.3326840048564952, 3212.2561326661807, 1.3587681240626044
2100-Sep-16 10:00:00, 5456.4370900348786, 1.9596611353584972, 2244.2318702145681, 5.3398054632044545, 3212.2052198203105, 1.358746588185882
2100-Sep-16 11:00:00, 5455.2426434784593, 1.9592321538718138, 2243.0882619935019, 5.3370844228753951, 3212.1543814849574, 1.3587250838267322
2100-Sep-16 12:00:00, 5449.4991287886451, 1.9571693897764399, 2237.3955094122216, 5.323539391393739, 3212.1036193764235, 1.358703611711142
2100-Sep-16 13:00:00, 5440.472671696316, 1.9539275678948822, 2228.4197366322951, 5.3021829169746537, 3212.0529350640204, 1.3586821725029221
2100-Sep-16 14:00:00, 5429.8374804655077, 1.9501079745268612, 2217.8351504880643, 5.2769985179520527, 3212.0023299774434, 1.3586607668068269
2100-Sep-16 15:00:00, 5418.4788449704429, 1.9460285585704244, 2206.5270395602461, 5.2500926026978005, 3211.9518054101964, 1.3586393951700015
2100-Sep-16 16:00:00, 5406.9975962721855, 1.9419051064920616, 2195.0962337344736, 5.2228947537556349, 3211.9013625377115, 1.3586180580896481
2100-Sep-16 17:00:00, 5396.1935475838563, 1.9380248685328068, 2184.3425451626636, 5.1973080014474338, 3211.8510024211928, 1.3585967560146504
2100-Sep-16 18:00:00, 5387.0818662563743, 1.9347524386521713, 2175.2811402386587, 5.1757477784777448, 3211.8007260177155, 1.3585754893498465
2100-Sep-16 19:00:00, 5380.2851826702617, 1.9323114324693347, 2168.5346484711445, 5.1596955362492301, 3211.7505341991173, 1.3585542584640196
2100-Sep-16 20:00:00, 5376.4451888307531, 1.9309323115222528, 2164.7447610818322, 5.1506780805865739, 3211.7004277489209, 1.3585330636885953
2100-Sep-16 21:00:00, 5375.5084464743468, 1.930595883637279, 2163.8580391193213, 5.1485682617026161, 3211.6504073550254, 1.3585119053145518
2100-Sep-16 22:00:00, 5377.29259512518, 1.9312366546592936, 2165.6921215049288, 5.1529321793853722, 3211.6004736202513, 1.3584907835968791
2100-Sep-16 23:00:00, 5380.6333159652104, 1.9324364633781086, 2169.0826889220793, 5.1609995144311638, 3211.550627043131, 1.358469698746454
2100-Sep-17 00:00:00, 5385.3886173066603, 1.9341443139538583, 2173.8877493203613, 5.1724324185380466, 3211.5008679862995, 1.3584486509166691
2100-Sep-17 01:00:00, 5391.7695999943035, 1.9364360225490524, 2180.3184033303819, 5.1877331732730738, 3211.4511966639216, 1.358427640198115
2100-Sep-17 02:00:00, 5399.9507247069323, 1.9393742461331087, 2188.5491115935233, 5.207316880969624, 3211.4016131134094, 1.3584066666066168
2100-Sep-17 03:00:00, 5409.8469374026035, 1.9429284378312712, 2198.494820239529, 5.2309811689909429, 3211.3521171630746, 1.3583857300695514
2100-Sep-17 04:00:00, 5420.963719394611, 1.9469209929108078, 2209.6610109834419, 5.2575494069385798, 3211.3027084111686, 1.3583648304169811
2100-Sep-17 05:00:00, 5432.11279788926, 1.9509251471712734, 2220.8594116952922, 5.2841942835638163, 3211.2533861939673, 1.3583439673681539
2100-Sep-17 06:00:00, 5442.5349713455998, 1.9546682359178942, 2231.3308217513609, 5.30910939744619, 3211.204149594239, 1.3583231405350855
2100-Sep-17 07:00:00, 5451.8550159800516, 1.9580154987834915, 2240.7000185632096, 5.3314019639967958, 3211.154997416842, 1.358302349412237
2100-Sep-17 08:00:00, 5459.5869590447546, 1.9607924002806929, 2248.4810308349001, 5.3499156890664166, 3211.1059282098545, 1.3582815933854526
2100-Sep-17 09:00:00, 5459.949751930013, 1.960922696132307, 2248.8928116489692, 5.350895458345069, 3211.0569402810434, 1.3582608717389266
2100-Sep-17 10:00:00, 5454.7280191864156, 1.9590473282781546, 2243.7199874557186, 5.3385875167041394, 3211.0080317306974, 1.3582401836690905
2100-Sep-17 11:00:00, 5446.9957777120562, 1.956270319608123, 2236.0365772105838, 5.320306020684261, 3210.9592005014724, 1.3582195283056979
2100-Sep-17 12:00:00, 5438.6122865512807, 1.9532594167908985, 2227.7018421278544, 5.3004747971285298, 3210.9104444234258, 1.3581989047308747
2100-Sep-17 13:00:00, 5429.5539006637027, 1.9500061277892924, 2218.6921393799489, 5.2790375915555989, 3210.8617612837543, 1.3581783120086155
2100-Sep-17 14:00:00, 5418.0212106643157, 1.9458642007396412, 2207.2080617777992, 5.251712990593596, 3210.8131488865165, 1.3581577492100487
2100-Sep-17 15:00:00, 5404.5248660041771, 1.9410170336847548, 2193.7602608774832, 5.2197160112847119, 3210.7646051266938, 1.358137215444762
2100-Sep-17 16:00:00, 5391.2431513173506, 1.9362469502670923, 2180.5270232748608, 5.1882295524280293, 3210.7161280424903, 1.3581167098829254
2100-Sep-17 17:00:00, 5379.8017800984571, 1.9321378200520984, 2169.1340642159112, 5.1611217540617105, 3210.667715882546, 1.3580962317837226
2100-Sep-17 18:00:00, 5371.1082417769921, 1.9290155648338649, 2160.4888746341899, 5.1405518516502902, 3210.6193671428018, 1.3580757805109442
2100-Sep-17 19:00:00, 5365.1955553741627, 1.9268920432834473, 2154.6244747702863, 5.1265984117908454, 3210.5710806038769, 1.3580553555487984
2100-Sep-17 20:00:00, 5361.8722456792548, 1.9256984877191825, 2151.3493903334165, 5.1188058507811931, 3210.5228553458378, 1.358034956508158
2100-Sep-17 21:00:00, 5360.3633787168246, 1.9251565831950563, 2149.8886879613397, 5.1153303335630076, 3210.474690755485, 1.3580145831296422
2100-Sep-17 22:00:00, 5360.3466311572238, 1.925150568365027, 2149.9200446581594, 5.1154049420128773, 3210.4265864990643, 1.3579942352720753
2100-Sep-17 23:00:00, 5361.790742901896, 1.9256692162692275, 2151.4122004005931, 5.1189552977007846, 3210.3785425013029, 1.357973912903617
2100-Sep-18 00:00:00, 5364.4988317088846, 1.9266418173088047, 2154.1682728093006, 5.1255129492074429, 3210.3305588995836, 1.3579536160823793
2100-Sep-18 01:00:00, 5368.3233152885641, 1.9280153677979328, 2158.0406793075426, 5.1347267464311166, 3210.2826359810215, 1.357933344929811
2100-Sep-18 02:00:00, 5372.6138048830408, 1.9295562827890196, 2162.3790307309068, 5.1450491881267535, 3210.2347741521339, 1.3579130996178663
2100-Sep-18 03:00:00, 5377.015130551812, 1.9311370041855693, 2166.8281567241415, 5.1556352009182431, 3210.18697382767, 1.3578928803219823
2100-Sep-18 04:00:00, 5381.3842421200798, 1.9327061559956427, 2171.2450066934953, 5.1661444178621476, 3210.1392354265845, 1.3578726872193747
2100-Sep-18 05:00:00, 5385.6694954290342, 1.9342451903922935, 2175.5779361525219, 5.1764539588253893, 3210.0915592765127, 1.3578525204486318
2100-Sep-18 06:00:00, 5389.8449769685076, 1.9357448006249958, 2179.8010313851878, 5.1865021660959094, 3210.0439455833198, 1.357832380096833
2100-Sep-18 07:00:00, 5393.9155189267258, 1.9372067221579929, 2183.9191245152811, 5.1963005369709983, 3209.9963944114452, 1.3578122661912362
2100-Sep-18 08:00:00, 5397.6711689120093, 1.9385555512918633, 2187.722263271774, 5.20534952222906, 3209.9489056402358, 1.3577921786808058
2100-Sep-18 09:00:00, 5400.8173940038832, 1.9396855075130932, 2190.9159150381547, 5.2129483266913024, 3209.9014789657285, 1.3577721174369668
2100-Sep-18 10:00:00, 5402.9055279968106, 1.9404354538542385, 2193.0514140746641, 5.2180294190566521, 3209.8541139221466, 1.3577520822626981
2100-Sep-18 11:00:00, 5403.1228773036637, 1.9405135141310106, 2193.3160674241894, 5.2186591211032214, 3209.8068098794747, 1.3577320728915061
2100-Sep-18 12:00:00, 5401.2568879448736, 1.9398433502923966, 2191.4973218677387, 5.2143316950527279, 3209.7595660771353, 1.3577120890016707
2100-Sep-18 13:00:00, 5397.8676842224195, 1.9386261291084788, 2188.1553025559638, 5.2063798727762514, 3209.7123816664557, 1.3576921302342075
2100-Sep-18 14:00:00, 5393.6615196756866, 1.9371154991763186, 2183.9962639192036, 5.1964840783492132, 3209.6652557564835, 1.3576721962122482
2100-Sep-18 15:00:00, 5389.0099386923648, 1.935444899420365, 2179.391751256107, 5.185528346813574, 3209.6181874362583, 1.357652286550461
2100-Sep-18 16:00:00, 5384.9520803128598, 1.9339875331522507, 2175.3809044598179, 5.1759851521378595, 3209.5711758530415, 1.357632400888142
2100-Sep-18 17:00:00, 5382.6391222894863, 1.9331568420123493, 2173.114902058478, 5.1705935470355078, 3209.5242202310083, 1.3576125388971207
2100-Sep-18 18:00:00, 5382.8561841878354, 1.9332347990673182, 2173.3788642762484, 5.1712216046400874, 3209.4773199115871, 1.3575927002988255
2100-Sep-18 19:00:00, 5385.4848385526757, 1.9341788714926149, 2176.0543641571626, 5.1775875461769321, 3209.4304743955131, 1.3575728848820692
2100-Sep-18 20:00:00, 5390.403941738502, 1.9359455509530428, 2181.0202583808532, 5.1894031296989782, 3209.3836833576488, 1.3575530925093207
2100-Sep-18 21:00:00, 5397.6186547332018, 1.9385366910001443, 2188.281708077885, 5.2066806353246724, 3209.3369466553168, 1.3575333231202278
2100-Sep-18 22:00:00, 5407.1032067257602, 1.941943036133317, 2197.8129423763889, 5.2293587452177324, 3209.2902643493712, 1.3575135767405317
2100-Sep-18 23:00:00, 5418.455084252797, 1.9460200249881343, 2209.2114475578396, 5.2564797397317511, 3209.2436366949569, 1.3574938534781573
2100-Sep-19 00:00:00, 5431.244839268491, 1.9506134227349508, 2222.0477751495478, 5.287021812104661, 3209.1970641189428, 1.3574741535136683
2100-Sep-19 01:00:00, 5445.2792834066313, 1.9556538464180355, 2236.1287361908562, 5.3205252988403515, 3209.1505472157755, 1.3574544770985122
2100-Sep-19 02:00:00, 5460.4025270875363, 1.9610853088161178, 2251.298440363928, 5.3566192828415771, 3209.1040867236084, 1.3574348245449244
2100-Sep-19 03:00:00, 5476.4376490495779, 1.9668442692496824, 2267.3799655467274, 5.3948828050593427, 3209.0576835028501, 1.3574151962168535
2100-Sep-19 04:00:00, 5492.910287899811, 1.9727603624106489, 2283.8989493908775, 5.4341871930543073, 3209.0113385089335, 1.3573955925184424
2100-Sep-19 05:00:00, 5509.4553609430968, 1.9787024700698406, 2300.4903081541793, 5.4736637860668615, 3208.965052788918, 1.3573760138925923
2100-Sep-19 06:00:00, 5526.2696279472202, 1.9847412578399222, 2317.350800491834, 5.5137807411336821, 3208.9188274553867, 1.35735646080992
2100-Sep-19 07:00:00, 5542.5430699711887, 1.9905858101268206, 2333.670406282386, 5.5526107396353082, 3208.8726636888023, 1.3573369337697554
2100-Sep-19 08:00:00, 5557.7772812184958, 1.9960571261553166, 2348.9507184769386, 5.5889678984560414, 3208.8265627415567, 1.3573174333018538
2100-Sep-19 09:00:00, 5570.9954674794426, 2.0008043935512543, 2362.2149415359113, 5.6205280824528456, 3208.7805259435308, 1.3572979599687485
2100-Sep-19 10:00:00, 5581.6120174982534, 2.0046172919903196, 2372.8774627706048, 5.6458979160677236, 3208.7345547276482, 1.3572785143765584
2100-Sep-19 11:00:00, 5589.2895531069662, 2.0073746532316328, 2380.6009024583382, 5.6642746560056274, 3208.6886506486285, 1.3572590971829224
2100-Sep-19 12:00:00, 5592.0738784656987, 2.0083746343738449, 2383.4310630413097, 5.671008588957597, 3208.642815424389, 1.3572397091145108
2100-Sep-19 13:00:00, 5587.6831052746793, 2.0067977028643935, 2379.0860543219446, 5.6606703072473747, 3208.5970509527347, 1.3572203509740854
2100-Sep-19 14:00:00, 5578.0620060333258, 2.0033423172434102, 2369.5106466617399, 5.6378870936164756, 3208.5513593715855, 1.3572010236659755
2100-Sep-19 15:00:00, 5566.0717422494381, 1.9990360540991152, 2357.5659991853713, 5.6094666372915833, 3208.5057430640663, 1.3571817281982312
2100-Sep-19 16:00:00, 5553.9184724433007, 1.9946712478869975, 2345.4582677306807, 5.580658147657851, 3208.46020471262, 1.3571624657055121
2100-Sep-19 17:00:00, 5543.008091791995, 1.9907528211587981, 2334.5933444839748, 5.5548067295044712, 3208.4147473080197, 1.3571432374529
2100-Sep-19 18:00:00, 5534.4784116725077, 1.987689415065887, 2326.1090375043727, 5.5346196225649145, 3208.369374168135, 1.3571240448438371
2100-Sep-19 19:00:00, 5528.9045567930152, 1.9856875837240726, 2320.5804678477325, 5.5214652391662815, 3208.3240889452823, 1.3571048894232349
2100-Sep-19 20:00:00, 5526.621267106806, 1.9848675478682574, 2318.3423714953951, 5.5161400322266587, 3208.2788956114109, 1.3570857728712078
2100-Sep-19 21:00:00, 5527.7734361864677, 1.9852813455405329, 2319.5396377521774, 5.5189887436203993, 3208.2337984342907, 1.357066696993001
2100-Sep-19 22:00:00, 5532.0134830647785, 1.9868041441987818, 2323.8246811282011, 5.5291843469950059, 3208.188801936577, 1.3570476637016746
2100-Sep-19 23:00:00, 5538.4879193555844, 1.9891294163430568, 2330.3440085256552, 5.5446960864526655, 3208.1439108299296, 1.3570286749902372
2100-Sep-20 00:00:00, 5546.7573857404141, 1.9920993675432823, 2338.6582557806537, 5.5644785623652053, 3208.0991299597604, 1.3570097329082733
2100-Sep-20 01:00:00, 5556.2747823661848, 1.9955175087166457, 2348.2203181453065, 5.5872300229125473, 3208.0544642208779, 1.3569908395262624
2100-Sep-20 02:00:00, 5566.6512918054614, 1.9992441973842319, 2358.6413733448148, 5.6120253251383234, 3208.0099184606465, 1.3569719968946152
2100-Sep-20 03:00:00, 5577.4183248300487, 2.0031111412916291, 2369.4528274292788, 5.6377495216224798, 3207.9654974007699, 1.3569532070105883
2100-Sep-20 04:00:00, 5588.2758774491795, 2.007010595008722, 2380.354671916386, 5.6636887882035643, 3207.9212055327939, 1.356934471774083
2100-Sep-20 05:00:00, 5598.660863563613, 2.0107403280458462, 2390.7838165053372, 5.6885033378905829, 3207.8770470582758, 1.356915792962337
2100-Sep-20 06:00:00, 5608.299207508624, 2.0142019070444843, 2400.4661817111482, 5.7115410405936409, 3207.8330257974758, 1.3568971721913006
2100-Sep-20 07:00:00, 5617.0960380668512, 2.017361259324157, 2409.3068929261281, 5.7325761567377889, 3207.7891451407231, 1.3568786108950666
2100-Sep-20 08:00:00, 5622.8517607816611, 2.019428407890886, 2415.1063527560655, 5.7463750817484085, 3207.7454080255961, 1.3568601103162152
2100-Sep-20 09:00:00, 5626.2777788321691, 2.0206588508176226, 2418.5759619378009, 5.7546304845477838, 3207.7018168943687, 1.3568416714878162
2100-Sep-20 10:00:00, 5627.4469301595846, 2.021078747607393, 2419.7885564480293, 5.7575156671691987, 3207.6583737115552, 1.3568232952408494
2100-Sep-20 11:00:00, 5626.1995574357834, 2.0206307578646716, 2418.584477460111, 5.7546507459268135, 3207.6150799756724, 1.3568049822091794
2100-Sep-20 12:00:00, 5622.5408627378583, 2.019316749898052, 2414.9689259803972, 5.7460480958173905, 3207.5719367574607, 1.3567867328457246
2100-Sep-20 13:00:00, 5616.9760102662731, 2.0173181517409349, 2409.447065518857, 5.732909675919287, 3207.5289447474156, 1.3567685474425606
2100-Sep-20 14:00:00, 5610.0976486161881, 2.0148478111545423, 2402.6115442968435, 5.7166456017611793, 3207.4861043193446, 1.3567504261578061
2100-Sep-20 15:00:00, 5602.4820180633578, 2.0121126829070479, 2395.0386024716931, 5.698626948400463, 3207.4434155916647, 1.3567323690415511
2100-Sep-20 16:00:00, 5594.8456538432365, 2.0093701082322761, 2387.4447753589766, 5.6805586017018506, 3207.4008784842604, 1.3567143760599072
2100-Sep-20 17:00:00, 5587.9519388939625, 2.0068942535598189, 2380.5934460930221, 5.6642569147281874, 3207.3584928009409, 1.3566964471298866
2100-Sep-20 18:00:00, 5582.633869803316, 2.0049842868287584, 2375.3176115276169, 5.6517038757088187, 3207.3162582756986, 1.3566785821389691
2100-Sep-20 19:00:00, 5579.2787758240283, 2.0037793160450406, 2372.0046011999934, 5.6438210758600649, 3207.2741746240349, 1.3566607809668139
2100-Sep-20 20:00:00, 5577.7242697012334, 2.0032210203690801, 2370.4920281313139, 5.6402221402764345, 3207.2322415699191, 1.3566430434966608
2100-Sep-20 21:00:00, 5578.0458219260936, 2.0033365047754148, 2370.8553630289475, 5.6410866399286794, 3207.1904588971461, 1.3566253696370563
2100-Sep-20 22:00:00, 5579.1801915027627, 2.0037439098157099, 2372.0313650723701, 5.6438847563887258, 3207.1488264303921, 1.3566077593138395
2100-Sep-20 23:00:00, 5580.3919511943132, 2.0041791092569827, 2373.2846071490385, 5.6468666536590248, 3207.1073440452751, 1.3565902124743974
2100-Sep-21 00:00:00, 5581.278536781645, 2.0044975235060605, 2374.2125251248831, 5.6490744921371174, 3207.0660116567615, 1.3565727290827609
2100-Sep-21 01:00:00, 5581.874317640566, 2.004711496209338, 2374.8494884518382, 5.6505900486615017, 3207.0248291887283, 1.3565553091067308
2100-Sep-21 02:00:00, 5583.0144004287122, 2.0051209531304308, 2376.030603884798, 5.6534003316475427, 3206.9837965439147, 1.356537952505166
2100-Sep-21 03:00:00, 5585.1722165173414, 2.0058959255632405, 2378.2293029367279, 5.6586317987545112, 3206.9429135806131, 1.3565206592181251
2100-Sep-21 04:00:00, 5588.3197403691038, 2.0070263482297417, 2381.4175603179274, 5.6662177681047297, 3206.9021800511764, 1.3565034291408544
2100-Sep-21 05:00:00, 5592.0966300591408, 2.0083828055325514, 2385.2350344497272, 5.6753008621892445, 3206.8615956094136, 1.3564862621269169
2100-Sep-21 06:00:00, 5596.4523624262565, 2.0099471522472694, 2389.6312026803898, 5.6857608701085747, 3206.8211597458671, 1.3564691579608148
2100-Sep-21 07:00:00, 5601.303126206567, 2.0116892878387231, 2394.5222544151256, 5.6973983774092183, 3206.7808717914409, 1.3564521163595236
2100-Sep-21 08:00:00, 5606.2566901127084, 2.013468343751621, 2399.5159592186837, 5.7092801319398321, 3206.7407308940242, 1.3564351369626049
2100-Sep-21 09:00:00, 5610.969411591509, 2.0151609019120809, 2404.2686755681784, 5.7205884914123608, 3206.7007360233306, 1.3564182193342527
2100-Sep-21 10:00:00, 5614.9821173856453, 2.0166020517801435, 2408.3212314187081, 5.7302309263843458, 3206.6608859669377, 1.3564013629616185
2100-Sep-21 11:00:00, 5617.9028238772125, 2.0176510137501746, 2411.2816445064691, 5.7372747751903326, 3206.6211793707434, 1.3563845672719239
2100-Sep-21 12:00:00, 5619.4284392681784, 2.0181989334164054, 2412.846824541587, 5.7409988809805341, 3206.5816147265914, 1.3563678316272263
2100-Sep-21 13:00:00, 5619.5676197014791, 2.0182489196036264, 2413.0254292775767, 5.7414238435513134, 3206.5421904239024, 1.3563511553462591
2100-Sep-21 14:00:00, 5618.6411994718128, 2.0179161988759553, 2412.1382946929853, 5.7393130428964128, 3206.502904778828, 1.3563345377167626
2100-Sep-21 15:00:00, 5616.928663911126, 2.0173011474558029, 2410.4649078445054, 5.7353314755930693, 3206.4637560666206, 1.3563179780091774
2100-Sep-21 16:00:00, 5615.3330094386456, 2.0167280734876467, 2408.9082668729834, 5.7316276871947762, 3206.4247425656617, 1.3563014754952678
2100-Sep-21 17:00:00, 5614.6604472424369, 2.016486525023828, 2408.2745846483845, 5.7301199375501168, 3206.385862594052, 1.3562850294635984
2100-Sep-21 18:00:00, 5615.1983848737891, 2.0166797235253435, 2408.851270327164, 5.7314920726574412, 3206.3471145466256, 1.3562686392351926
2100-Sep-21 19:00:00, 5616.9984577951318, 2.0173262136958634, 2410.6899608618155, 5.735866954723944, 3206.3084969333163, 1.3562523041797596
2100-Sep-21 20:00:00, 5619.7460977188675, 2.0183130193867669, 2413.4760893182006, 5.7424961199853621, 3206.2700084006665, 1.3562360237247937
2100-Sep-21 21:00:00, 5623.2175648300672, 2.0195597851916758, 2416.9859170707537, 5.7508472167043463, 3206.2316477593131, 1.3562197973672006
2100-Sep-21 22:00:00, 5627.4651809421503, 2.0210853023149236, 2421.2717669278204, 5.7610447389768789, 3206.1934140143294, 1.3562036246861309
2100-Sep-21 23:00:00, 5632.2067747493602, 2.0227882298755868, 2426.0514684029108, 5.7724173054161625, 3206.1553063464489, 1.3561875053350394
2100-Sep-22 00:00:00, 5637.0238054910842, 2.0245182503590309, 2430.9064813518362, 5.7839690639544292, 3206.1173241392485, 1.356171439053182
2100-Sep-22 01:00:00, 5641.5151878509987, 2.0261313153150686, 2435.4357208709084, 5.7947456945909908, 3206.0794669800898, 1.3561554256660149
2100-Sep-22 02:00:00, 5645.5291990032965, 2.0275729339981501, 2439.4874643790672, 5.8043861967189203, 3206.0417346242289, 1.3561394650700125
2100-Sep-22 03:00:00, 5649.3869533388824, 2.0289584335680093, 2443.3828263138157, 5.8136546128823268, 3206.0041270250672, 1.356123557245464
2100-Sep-22 04:00:00, 5653.3359601470875, 2.0303767061582754, 2447.3693158616588, 5.8231398532218392, 3205.9666442854291, 1.3561077022358634
2100-Sep-22 05:00:00, 5657.4479188484847, 2.0318535023760935, 2451.5186321827609, 5.8330125148902017, 3205.9292866657238, 1.3560919001513627
2100-Sep-22 06:00:00, 5661.6774151759728, 2.033372511839294, 2455.7853606291524, 5.8431645406993145, 3205.8920545468204, 1.3560761511530675
2100-Sep-22 07:00:00, 5665.7065578064266, 2.0348195649421577, 2459.8516093611083, 5.8528395557821229, 3205.8549484453183, 1.3560604554594966
2100-Sep-22 08:00:00, 5669.0410149412128, 2.0360171240721794, 2463.2230459581424, 5.8608613719761733, 3205.8179689830708, 1.3560448133336911
2100-Sep-22 09:00:00, 5670.2502499179391, 2.0364514167705656, 2464.4691330432579, 5.86382624504167, 3205.7811168746812, 1.3560292250779244
2100-Sep-22 10:00:00, 5667.1015522801754, 2.035320572542747, 2461.3571593391725, 5.8564217809989971, 3205.7443929410033, 1.3560136910394134
2100-Sep-22 11:00:00, 5658.6367212478863, 2.0322804567826571, 2452.9289231698513, 5.8363680859510714, 3205.707798078035, 1.3559982115971609
2100-Sep-22 12:00:00, 5646.8457934436901, 2.0280457844889184, 2441.174460166555, 5.8084001444049802, 3205.6713332771346, 1.3559827871705066
2100-Sep-22 13:00:00, 5633.4157185163058, 2.0232224179869545, 2427.7807189073228, 5.7765317917191421, 3205.634999608983, 1.3559674182123427
2100-Sep-22 14:00:00, 5619.2803040051585, 2.0181457311320345, 2413.6815057752501, 5.742984876933404, 3205.5987982299084, 1.3559521052117902
2100-Sep-22 15:00:00, 5605.2889837299044, 2.0131207952401051, 2399.7262533569351, 5.7097804945820432, 3205.5627303729698, 1.3559368486904273
2100-Sep-22 16:00:00, 5592.1448689625558, 2.0084001303734094, 2386.6180716088156, 5.6785915869472028, 3205.5267973537398, 1.3559216492047341
2100-Sep-22 17:00:00, 5580.392313285156, 2.0041792393006985, 2374.9013127269277, 5.6507133565740766, 3205.4910005582283, 1.3559065073409862
2100-Sep-22 18:00:00, 5570.5030689692358, 2.0006275502728221, 2365.0477275492135, 5.6272682622135379, 3205.4553414200218, 1.355891423705583
2100-Sep-22 19:00:00, 5562.7417171638645, 1.9978400867247481, 2357.3218957391496, 5.6088858305875071, 3205.4198214247153, 1.355876398926924
2100-Sep-22 20:00:00, 5557.2076866538991, 1.9958525581720827, 2351.8232445713948, 5.59580263364359, 3205.3844420825048, 1.3558614336438144
2100-Sep-22 21:00:00, 5554.0729956545865, 1.9947267443816279, 2348.7237907745102, 5.5884279587995103, 3205.3492048800763, 1.3558465284851149
2100-Sep-22 22:00:00, 5553.4024063265988, 1.9944859044668337, 2348.0882950572145, 5.5869158942271744, 3205.3141112693843, 1.3558316840649949
2100-Sep-22 23:00:00, 5554.8599484359202, 1.9950093758415888, 2349.5807858285661, 5.5904670470649975, 3205.2791626073536, 1.3558169009574266
2100-Sep-23 00:00:00, 5558.0860307690673, 1.9961680125239911, 2352.841670654625, 5.5982258222789882, 3205.2443601144419, 1.3558021796786577
2100-Sep-23 01:00:00, 5562.8106246160332, 1.9978648346057781, 2357.6009197784688, 5.6095497254859339, 3205.2097048375649, 1.355787520671528
2100-Sep-23 02:00:00, 5568.9904886028853, 2.000084312092095, 2363.8152910151093, 5.624335868540137, 3205.1751975877764, 1.3557729242791092
2100-Sep-23 03:00:00, 5576.5109671360442, 2.0027852668098984, 2371.3701282203356, 5.6423114447350473, 3205.1408389157091, 1.3557583907343165
2100-Sep-23 04:00:00, 5585.2436257638456, 2.0059215719553403, 2380.1369967078995, 5.6631708634370073, 3205.1066290559456, 1.3557439201363768
2100-Sep-23 05:00:00, 5595.0971858957046, 2.0094604451278335, 2390.0246179658889, 5.6866969414293225, 3205.0725679298157, 1.355729512452013
2100-Sep-23 06:00:00, 5606.2496414225152, 2.0134658122381075, 2401.210986325149, 5.7133131889173701, 3205.0386550973667, 1.3557151674951273
2100-Sep-23 07:00:00, 5617.6305850225763, 2.0175532400758587, 2412.6256952414451, 5.7404727377327509, 3205.0048897811316, 1.3557008849368555
2100-Sep-23 08:00:00, 5627.7122430867657, 2.0211740338580224, 2422.7409722156326, 5.7645404875786834, 3204.9712708711336, 1.3556866643076826
2100-Sep-23 09:00:00, 5634.7226837482831, 2.0236918101797183, 2429.7848867981161, 5.7813004017698555, 3204.937796950167, 1.355672505008138
2100-Sep-23 10:00:00, 5629.7948532755363, 2.0219219963433757, 2424.8903869381083, 5.7696546901840815, 3204.9044663374284, 1.3556584063272499
2100-Sep-23 11:00:00, 5611.5375107880036, 2.0153649328388612, 2406.6662336472309, 5.72629311306879, 3204.8712771407727, 1.355644367464651
2100-Sep-23 12:00:00, 5587.2987954048558, 2.0066596792597227, 2382.460568089999, 5.6686994450978201, 3204.8382273148568, 1.3556303875551714
2100-Sep-23 13:00:00, 5564.2634357871157, 1.9983866068798843, 2359.4581210477654, 5.6139686510059219, 3204.8053147393507, 1.3556164657019218
2100-Sep-23 14:00:00, 5545.339293444109, 1.9915900644369575, 2340.5667561500159, 5.5690195462243608, 3204.7725372940936, 1.3556026010080855
2100-Sep-23 15:00:00, 5530.8084201882084, 1.9863713498962157, 2326.0685272617525, 5.5345232346569935, 3204.7398929264564, 1.3555887926054104
2100-Sep-23 16:00:00, 5520.4737280741101, 1.982659679781136, 2315.7663483442848, 5.5100107803083507, 3204.7073797298258, 1.3555750396874087
2100-Sep-23 17:00:00, 5513.981909776372, 1.9803281649471942, 2309.3069137698644, 5.4946415466353598, 3204.6749960065076, 1.3555613415359644
2100-Sep-23 18:00:00, 5510.8052741285692, 1.9791872868764908, 2306.1625338021995, 5.4871599768597186, 3204.6427403263697, 1.3555476975461387
2100-Sep-23 19:00:00, 5510.751662358558, 1.9791680323885612, 2306.1410508056747, 5.4871088613650452, 3204.6106115528833, 1.3555341072371858
2100-Sep-23 20:00:00, 5513.8269068707532, 1.9802724961719482, 2309.2482980166378, 5.4945020794423911, 3204.5786088541154, 1.3555205702572024
2100-Sep-23 21:00:00, 5519.4640868631241, 1.982297070516303, 2314.9173551371637, 5.5079907312101373, 3204.5467317259604, 1.3555070863929541
2100-Sep-23 22:00:00, 5526.7547284050452, 1.9849154800472448, 2322.2397484609164, 5.5254132428466773, 3204.5149799441283, 1.3554936555495674
2100-Sep-23 23:00:00, 5535.1035431891069, 1.9879139289597252, 2330.6201896444586, 5.545353217057837, 3204.4833535446483, 1.3554802777422825
2100-Sep-24 00:00:00, 5543.7069269175063, 1.9910038054573231, 2339.2550741542809, 5.5658986001315034, 3204.4518527632254, 1.3554669530708017
2100-Sep-24 01:00:00, 5551.9753761629008, 1.9939733913553217, 2347.5548981802431, 5.5856467581831186, 3204.4204779826578, 1.3554536816970462
2100-Sep-24 02:00:00, 5560.2252500064751, 1.9969363059598699, 2355.8360203411462, 5.6053504180157478, 3204.3892296653285, 1.355440463816602
2100-Sep-24 03:00:00, 5569.5482100545196, 2.0002846158865104, 2365.1901017622672, 5.6276070198128636, 3204.3581082922524, 1.355427299632936
2100-Sep-24 04:00:00, 5580.3414352211803, 2.0041609666141502, 2376.0143209020771, 5.6533615887880169, 3204.3271143191037, 1.3554141893387959
2100-Sep-24 05:00:00, 5592.8515412439156, 2.0086539293602508, 2388.5552931160323, 5.6832009083479749, 3204.2962481278837, 1.3554011330957665
2100-Sep-24 06:00:00, 5606.4072178088445, 2.0135224052703453, 2402.1417078201016, 5.7155276979391116, 3204.2655099887425, 1.3553881310181197
2100-Sep-24 07:00:00, 5618.1971409115085, 2.017756716728889, 2413.9622408408181, 5.7436528429563136, 3204.2349000706904, 1.3553751831773462
2100-Sep-24 08:00:00, 5623.6012480457912, 2.0196975837356228, 2419.3968296328089, 5.7565836133044623, 3204.2044184129822, 1.3553622895900506
2100-Sep-24 09:00:00, 5618.300942826123, 2.0177939968394241, 2414.126877854344, 5.7440445714741815, 3204.1740649717785, 1.355349450237689
2100-Sep-24 10:00:00, 5604.4272099342215, 2.0128112920630312, 2400.2833703091483, 5.711106068906405, 3204.1438396250728, 1.3553366650686531
2100-Sep-24 11:00:00, 5585.6871322195802, 2.0060808558158967, 2381.573389997473, 5.6665885409224632, 3204.1137422221077, 1.3553239340191736
2100-Sep-24 12:00:00, 5565.0127508801179, 1.998655720889936, 2360.9289782411188, 5.6174683300635539, 3204.0837726389991, 1.355311257036848
2100-Sep-24 13:00:00, 5544.4705094004785, 1.9912780435527744, 2340.4165785836717, 5.5686622217429393, 3204.0539308168072, 1.3552986340967448
2100-Sep-24 14:00:00, 5525.4125793871808, 1.984433451715429, 2321.388362557198, 5.523387500693957, 3204.0242168299824, 1.3552860652303567
2100-Sep-24 15:00:00, 5508.9890512602387, 1.9785349965065135, 2304.9944203456243, 5.4843806300819429, 3203.9946309146144, 1.3552735505375479
2100-Sep-24 16:00:00, 5495.7688536020687, 1.9737870067239891, 2291.8036800764676, 5.4529952871110225, 3203.9651735256016, 1.3552610902107385
2100-Sep-24 17:00:00, 5486.1353796050344, 1.9703271767508821, 2282.1995342430159, 5.4301436954054054, 3203.9358453620184, 1.3552486845456331
2100-Sep-24 18:00:00, 5480.4677298938441, 1.9682916593088997, 2276.5610825122276, 5.41672786446758, 3203.9066473816165, 1.3552363339473563
2100-Sep-24 19:00:00, 5478.5400778653548, 1.9675993495286543, 2274.6624970794123, 5.4122104716789563, 3203.8775807859429, 1.3552240389241559
2100-Sep-24 20:00:00, 5480.4491296240367, 1.968284979084195, 2276.6004826066714, 5.4168216109482152, 3203.8486470173652, 1.3552118000861466
2100-Sep-24 21:00:00, 5485.6969648993036, 1.9701697215753136, 2281.8771171927906, 5.4293765534941469, 3203.8198477065125, 1.3551996181230759
2100-Sep-24 22:00:00, 5493.320659195284, 1.9729077458891964, 2289.5294745746141, 5.4475841639893794, 3203.7911846206694, 1.3551874937824964
2100-Sep-24 23:00:00, 5502.2817538172967, 1.9761260930581024, 2298.5190942257545, 5.4689735849143659, 3203.7626595915422, 1.3551754278392107
2100-Sep-25 00:00:00, 5511.8551047347009, 1.9795643300282031, 2308.1208302848036, 5.4918194429314591, 3203.7342744498974, 1.3551634210676238
2100-Sep-25 01:00:00, 5521.7922895077018, 1.9831332367109338, 2318.0862585848872, 5.5155306508446023, 3203.7060309228145, 1.3551514741982813
2100-Sep-25 02:00:00, 5532.6929203866039, 1.9870481618409763, 2329.0149898061413, 5.5415338902850824, 3203.6779305804625, 1.3551395878953572
2100-Sep-25 03:00:00, 5544.9256056300728, 1.991441489841858, 2341.2756308840389, 5.5707062049104366, 3203.6499747460343, 1.355127762718555
2100-Sep-25 04:00:00, 5558.58570445839, 1.9963474686586755, 2354.9635400177604, 5.6032744849273772, 3203.6221644406296, 1.3551159990997947
2100-Sep-25 05:00:00, 5573.0744639444874, 2.0015510581798153, 2369.4799635875979, 5.6378140879484313, 3203.59450035689, 1.3551042973320608
2100-Sep-25 06:00:00, 5586.9737725597315, 2.0065429483917248, 2383.4067897400637, 5.6709508343608803, 3203.5669828196678, 1.3550926575527635
2100-Sep-25 07:00:00, 5599.2420396818134, 2.0109490555053298, 2395.7024278926178, 5.7002064191567223, 3203.5396117891955, 1.3550810797450819
2100-Sep-25 08:00:00, 5607.4632141696311, 2.0139016628322244, 2403.9508272796947, 5.7198322201688052, 3203.5123868899359, 1.3550695637501653
2100-Sep-25 09:00:00, 5611.7287454712196, 2.0154336141358775, 2408.2434380539135, 5.7300458290065546, 3203.4853074173061, 1.3550581092699787
2100-Sep-25 10:00:00, 5612.3112812470017, 2.015642829911835, 2408.8529088163259, 5.7314959711910527, 3203.4583724306758, 1.3550467159066404
2100-Sep-25 11:00:00, 5609.5307105356533, 2.0146441972386762, 2406.0991297396245, 5.7249437763160991, 3203.4315807960288, 1.3550353831804671
2100-Sep-25 12:00:00, 5603.5111350207317, 2.0124822868210721, 2400.1062037639003, 5.7106845282898728, 3203.4049312568309, 1.3550241105599512
2100-Sep-25 13:00:00, 5594.0828312776848, 2.0090961430586254, 2390.7044087415261, 5.6883143992979859, 3203.3784225361592, 1.3550128975049609
2100-Sep-25 14:00:00, 5581.6798315876913, 2.0046416471937811, 2378.3277781830302, 5.6588661054966858, 3203.3520534046615, 1.3550017434954864
2100-Sep-25 15:00:00, 5567.5721024215236, 1.9995749034379346, 2364.2462796516484, 5.625361339885818, 3203.3258227698748, 1.3549906480694214
2100-Sep-25 16:00:00, 5553.6476821708629, 1.9945739944661345, 2350.3479524398413, 5.5922924023308429, 3203.2997297310217, 1.3549796108457415
2100-Sep-25 17:00:00, 5541.7830679912195, 1.9903128579570499, 2338.5092943298887, 5.564124131444248, 3203.2737736613308, 1.3549686315593255
2100-Sep-25 18:00:00, 5532.9489726485263, 1.9871401221546445, 2329.701018408557, 5.543166190105663, 3203.2479542399692, 1.3549577100744628
2100-Sep-25 19:00:00, 5528.2719677586938, 1.9854603914876814, 2325.0496962701104, 5.5320990826041436, 3203.2222714885834, 1.3549468464003098
2100-Sep-25 20:00:00, 5527.9665238395901, 1.9853506923254951, 2324.7697980635771, 5.5314331077589305, 3203.1967257760125, 1.3549360406928836
2100-Sep-25 21:00:00, 5531.7194151056219, 1.9866985306745708, 2328.5480973067019, 5.5404229912053902, 3203.17131779892, 1.3549252932468692
2100-Sep-25 22:00:00, 5538.4596862557701, 1.9891192765196657, 2335.3136376853354, 5.5565205566819484, 3203.1460485704342, 1.3549146044908149
2100-Sep-25 23:00:00, 5546.2849189434874, 1.9919296826730259, 2343.163999581453, 5.575199288544451, 3203.1209193620339, 1.3549039749625496
2100-Sep-26 00:00:00, 5553.9926374454335, 1.9946978839995166, 2350.8967058091703, 5.5935980767927314, 3203.0959316362628, 1.3548934052807222
2100-Sep-26 01:00:00, 5561.1695820544355, 1.9972754596571867, 2358.0984950697684, 5.6107336295620236, 3203.0710869846671, 1.3548828961185484
2100-Sep-26 02:00:00, 5568.1404910065939, 1.9997790382976544, 2365.0941039683075, 5.6273786077884891, 3203.0463870382864, 1.35487244816595
2100-Sep-26 03:00:00, 5575.4186848768622, 2.0023929772889457, 2372.3968514875241, 5.644754375246861, 3203.0218333893376, 1.3548620620964267
2100-Sep-26 04:00:00, 5583.1794094179004, 2.0051802155571319, 2380.181981907313, 5.663277898818146, 3202.9974275105874, 1.354851738532951
2100-Sep-26 05:00:00, 5592.1970749195643, 2.0084188799682998, 2389.2239042170227, 5.6847917658958114, 3202.9731707025421, 1.3548414780256308
2100-Sep-26 06:00:00, 5602.5825798287024, 2.0121487993288074, 2399.6335158134575, 5.7095598398235579, 3202.9490640152444, 1.3548312810186289
2100-Sep-26 07:00:00, 5613.9375383549177, 2.016226894714177, 2411.0124301291512, 5.7366342208778063, 3202.9251082257661, 1.3548211478406424
2100-Sep-26 08:00:00, 5624.2429705542918, 2.0199280562287245, 2421.3416667420006, 5.7612110548618771, 3202.9013038122912, 1.3548110786939414
2100-Sep-26 09:00:00, 5626.2761768163055, 2.0206582754589824, 2423.3985258746156, 5.7661050356395096, 3202.8776509416903, 1.3548010736491105
2100-Sep-26 10:00:00, 5623.2268230733916, 2.0195631102588076, 2420.3726735830701, 5.7589054842866894, 3202.854149490322, 1.3547911326538506
2100-Sep-26 11:00:00, 5618.0471106183377, 2.0177028338507759, 2415.2163115558724, 5.7466367118445358, 3202.8307990624658, 1.3547812555407739
2100-Sep-26 12:00:00, 5609.8184665557546, 2.0147475438510813, 2407.0108675131673, 5.7271131164849063, 3202.8075990425873, 1.3547714420495121
2100-Sep-26 13:00:00, 5598.9303050866856, 2.0108370970678848, 2396.1457564632174, 5.7012612514825172, 3202.7845486234683, 1.3547616918386161
2100-Sep-26 14:00:00, 5586.7610777278333, 2.006466559754069, 2383.9994308395712, 5.6723609329442173, 3202.7616468882625, 1.3547520045202648
2100-Sep-26 15:00:00, 5574.9076574328556, 2.0022094434912314, 2372.1687645836892, 5.6442116774484079, 3202.7388928491664, 1.354742379676622
2100-Sep-26 16:00:00, 5564.9454599891033, 1.998631553591439, 2362.2291744815502, 5.6205619475636164, 3202.7162855075535, 1.3547328168852739
2100-Sep-26 17:00:00, 5557.4749769653154, 1.9959485545936482, 2354.7811530537142, 5.6028405231251428, 3202.6938239116016, 1.3547233157436045
2100-Sep-26 18:00:00, 5552.7573027762683, 1.9942542176838642, 2350.0857955772917, 5.5916686402920641, 3202.6715071989761, 1.3547138758868504
2100-Sep-26 19:00:00, 5550.9914736330547, 1.9936200260517536, 2348.3421390078588, 5.5875198769673009, 3202.6493346251959, 1.3547044970001003
2100-Sep-26 20:00:00, 5552.0690375570975, 1.9940070295318575, 2349.4417319717995, 5.5901361897441042, 3202.6273055852985, 1.3546951788274577
2100-Sep-26 21:00:00, 5555.5989249116274, 1.9952747767718098, 2352.9935052898604, 5.5985870895016383, 3202.6054196217669, 1.3546859211753954
2100-Sep-26 22:00:00, 5560.5638977781709, 1.9970579301746858, 2357.9802213598168, 5.6104522154127396, 3202.5836764183537, 1.3546767239101423
2100-Sep-26 23:00:00, 5566.0240146493306, 1.9990189128911307, 2363.4619388805513, 5.6234951213412447, 3202.5620757687798, 1.3546675869444436
2100-Sep-27 00:00:00, 5571.6280870933606, 2.0010315967702055, 2369.0874695437869, 5.6368802085809593, 3202.5406175495732, 1.3546585102260709
2100-Sep-27 01:00:00, 5577.2799641562906, 2.0030614495183068, 2374.7606624762607, 5.6503787008787896, 3202.5193016800299, 1.3546494937208871
2100-Sep-27 02:00:00, 5582.796649727441, 2.0050427486941955, 2380.2985216588204, 5.6635551872793064, 3202.4981280686202, 1.3546405373901753
2100-Sep-27 03:00:00, 5587.4741965447647, 2.0067226739926052, 2384.9970999673319, 5.6747347335882559, 3202.4770965774323, 1.3546316411755999
2100-Sep-27 04:00:00, 5591.217809545099, 2.008067180083581, 2388.76160257941, 5.6836917900675843, 3202.456206965689, 1.3546228049753131
2100-Sep-27 05:00:00, 5594.0486257324637, 2.0090838582514374, 2391.613166876873, 5.6904766498747916, 3202.4354588555907, 1.3546140286295074
2100-Sep-27 06:00:00, 5596.3635269471615, 2.009915247282005, 2393.9486752312246, 5.6960336337299111, 3202.4148517159369, 1.3546053119134882
2100-Sep-27 07:00:00, 5598.1571697753698, 2.010559428106077, 2395.7627849523687, 5.7003500295214433, 3202.394384823001, 1.3545966545211223
2100-Sep-27 08:00:00, 5599.4841378224246, 2.0110360042429898, 2397.1100805441274, 5.7035557127028058, 3202.3740572782976, 1.3545880560723553
2100-Sep-27 09:00:00, 5600.1430435726943, 2.0112726480399146, 2397.7891755811738, 5.705171515168221, 3202.3538679915209, 1.354579516105993
2100-Sep-27 10:00:00, 5599.8632061915769, 2.0111721453802214, 2397.5293904725404, 5.7045533963540507, 3202.3338157190365, 1.3545710340959847
2100-Sep-27 11:00:00, 5598.5450943831693, 2.0106987499318048, 2396.2311953162457, 5.701464540126719, 3202.313899066924, 1.3545626094527088
2100-Sep-27 12:00:00, 5596.2736504798795, 2.0098829684493147, 2393.9795339338602, 5.696107057279014, 3202.2941165460197, 1.3545542415462568
2100-Sep-27 13:00:00, 5593.1105431637716, 2.0087469490337027, 2390.8360765811126, 5.6886276827240367, 3202.2744665826585, 1.3545459297109761
2100-Sep-27 14:00:00, 5589.3103418101418, 2.007382119424864, 2387.0553942354718, 5.6796321290507148, 3202.25494757467, 1.3545376732691568
2100-Sep-27 15:00:00, 5584.9144894029905, 2.005803363731923, 2382.6789314873927, 5.6692190073043109, 3202.2355579155978, 1.3545294715412759
2100-Sep-27 16:00:00, 5580.0536052096177, 2.0040575934279592, 2377.8373091824592, 5.6576991097492586, 3202.2162960271585, 1.3545213238597276
2100-Sep-27 17:00:00, 5574.8937082146949, 2.0022044336761735, 2372.6965478153656, 5.645467456684635, 3202.1971603993293, 1.3545132295857798
2100-Sep-27 18:00:00, 5570.0297947831332, 2.0004575754314429, 2367.8516451927885, 5.6339397541169598, 3202.1781495903451, 1.3545051881095731
2100-Sep-27 19:00:00, 5565.5581339525088, 1.9988515933967039, 2363.3988716987596, 5.6233450626568677, 3202.1592622537491, 1.3544971988615633
2100-Sep-27 20:00:00, 5561.3509339011989, 1.9973405915665376, 2359.2104367611801, 5.613379324241512, 3202.1404971400189, 1.3544892613132085
2100-Sep-27 21:00:00, 5557.1616418092963, 1.9958360213201107, 2355.0397887129757, 5.6034559070008614, 3202.121853096321, 1.354481374976866
2100-Sep-27 22:00:00, 5552.8675358155679, 1.9942938075113257, 2350.7642067634788, 5.593282815639264, 3202.1033290520891, 1.3544735393996916
2100-Sep-27 23:00:00, 5548.8900340652472, 1.9928653010578821, 2346.805110049188, 5.5838627523450448, 3202.0849240160587, 1.3544657541623857
2100-Sep-28 00:00:00, 5545.2050287715683, 1.991541843728776, 2343.1383917332346, 5.575138358597937, 3202.0666370383342, 1.354458018863147
2100-Sep-28 01:00:00, 5541.8131681299583, 1.9903236683212275, 2339.764700927065, 5.5671111788590517, 3202.0484672028933, 1.3544503331145028
2100-Sep-28 02:00:00, 5538.8153054004324, 1.9892469959463328, 2336.7848918156469, 5.5600211801901818, 3202.0304135847855, 1.3544426965252037
2100-Sep-28 03:00:00, 5536.3906006721645, 1.9883761713510335, 2334.378125429826, 5.5542946487803793, 3202.012475242339, 1.3544351086969271
2100-Sep-28 04:00:00, 5534.5583224567381, 1.9877181147568332, 2332.5636712924593, 5.5499774335032797, 3201.9946511642788, 1.3544275692019092
2100-Sep-28 05:00:00, 5533.3480107854675, 1.9872834353672018, 2331.3710705113767, 5.5471398228932678, 3201.9769402740908, 1.3544200775847894
2100-Sep-28 06:00:00, 5532.8629498566124, 1.9871092273565762, 2330.9036084878649, 5.5460275687184133, 3201.9593413687476, 1.3544126333366937
2100-Sep-28 07:00:00, 5533.0399730380286, 1.9871728046402422, 2331.0981199080711, 5.546490378804152, 3201.9418531299571, 1.354405235899991
2100-Sep-28 08:00:00, 5533.7990901297489, 1.9874454390053571, 2331.8746160222586, 5.5483379321910036, 3201.9244741074904, 1.3543978846612417
2100-Sep-28 09:00:00, 5534.7508755001018, 1.9877872695384882, 2332.8436728158358, 5.5506436541750714, 3201.9072026842655, 1.3543905789364283
2100-Sep-28 10:00:00, 5535.8364585550235, 1.9881771530626324, 2333.9464214561822, 5.5532674753997924, 3201.8900370988413, 1.3543833179804703
2100-Sep-28 11:00:00, 5536.7949039449113, 1.9885213755195095, 2334.921928516937, 5.5555885448051185, 3201.8729754279743, 1.3543761009798452
2100-Sep-28 12:00:00, 5536.819122572836, 1.988530073558745, 2334.9631069744642, 5.5556865226279042, 3201.8560155983719, 1.3543689270575607
2100-Sep-28 13:00:00, 5535.9796186822168, 1.9882285685436074, 2334.1404632781973, 5.5537291681486733, 3201.8391554040195, 1.3543617952804841
2100-Sep-28 14:00:00, 5534.7431714681161, 1.9877845026611618, 2332.9207789669244, 5.5508271164332701, 3201.8223925011916, 1.3543547046572308
2100-Sep-28 15:00:00, 5533.4555980672612, 1.9873220749797018, 2331.6498736134881, 5.5478031921055013, 3201.8057244537731, 1.3543476541573369
2100-Sep-28 16:00:00, 5532.6834095271333, 1.9870447460476004, 2330.8942607923327, 5.5460053273108594, 3201.7891487348011, 1.3543406427119098
2100-Sep-28 17:00:00, 5534.0039169819283, 1.9875190018844062, 2332.2312542206269, 5.5491864980746408, 3201.7726627613019, 1.3543336692283643
2100-Sep-28 18:00:00, 5538.4597736738178, 1.9891193079155653, 2336.7035097459311, 5.5598275440395497, 3201.7562639278872, 1.3543267326046347
2100-Sep-28 19:00:00, 5545.9779467100507, 1.9918194346218574, 2344.2379970941743, 5.5777547008714974, 3201.7399496158764, 1.3543198317330321
2100-Sep-28 20:00:00, 5555.8772949716476, 1.9953747524480372, 2354.1535777306817, 5.6013473039159436, 3201.7237172409664, 1.3543129655204091
2100-Sep-28 21:00:00, 5567.670210721617, 1.9996101387058534, 2365.9626464483099, 5.6294451713826055, 3201.7075642733075, 1.3543061328966528
2100-Sep-28 22:00:00, 5580.6953998967811, 2.0042880918437862, 2379.0039116468874, 5.6604748613530118, 3201.6914882498936, 1.3542993328199233
2100-Sep-28 23:00:00, 5594.2699759032967, 2.0091633554251298, 2392.5944890791689, 5.6928115555173546, 3201.6754868241283, 1.3542925642976227
2100-Sep-29 00:00:00, 5607.8156335316025, 2.0140282330676378, 2406.1560757784514, 5.7250792706797924, 3201.6595577531511, 1.354285826381032
2100-Sep-29 01:00:00, 5621.3129647566757, 2.0188757544440215, 2419.6692658148409, 5.7572318334070713, 3201.6436989418348, 1.3542791181839231
2100-Sep-29 02:00:00, 5634.9719335240134, 2.023781327403217, 2433.3440250778986, 5.7897688253239989, 3201.6279084461153, 1.3542724388839669
2100-Sep-29 03:00:00, 5649.1427646281245, 2.0288707340090721, 2447.5305801388267, 5.8235235568309314, 3201.6121844892973, 1.3542657877296298
2100-Sep-29 04:00:00, 5663.8800751160561, 2.0341635897914019, 2462.2835496131133, 5.858625984544763, 3201.5965255029432, 1.3542591640574708
2100-Sep-29 05:00:00, 5679.0204722858025, 2.0396012128076428, 2477.4395421883205, 5.8946873439022704, 3201.580930097482, 1.3542525672797088
2100-Sep-29 06:00:00, 5694.3503968326422, 2.0451069039476151, 2492.7849996959894, 5.9311995060020752, 3201.5653971366528, 1.3542459969157106
2100-Sep-29 07:00:00, 5709.4666904374872, 2.0505358702491203, 2507.9167647214827, 5.9672032196216174, 3201.5499257160045, 1.354239452582898
2100-Sep-29 08:00:00, 5723.9769906050151, 2.0557471960339666, 2522.4424753938497, 6.0017649198784699, 3201.5345152111659, 1.3542329340171655
2100-Sep-29 09:00:00, 5737.3212389920009, 2.0605397382209376, 2535.8020736951516, 6.0335520346335461, 3201.5191652968488, 1.3542264410809177
2100-Sep-29 10:00:00, 5749.0388323123243, 2.0647480726800138, 2547.5349563506552, 6.0614686290525555, 3201.5038759616687, 1.354219973769339
2100-Sep-29 11:00:00, 5758.7453788777893, 2.0682341464217284, 2557.2567313266381, 6.0846001012581592, 3201.4886475511516, 1.3542135322285851
2100-Sep-29 12:00:00, 5761.1121008436867, 2.0690841467018086, 2559.6386200709971, 6.0902674401364081, 3201.4734807726895, 1.3542071167578791
2100-Sep-29 13:00:00, 5758.9349415197466, 2.0683022272107179, 2557.4765648019297, 6.085123161289494, 3201.4583767178169, 1.3542007278189347
2100-Sep-29 14:00:00, 5755.7923307002893, 2.0671735690433404, 2554.3489938152884, 6.0776815859056494, 3201.4433368850014, 1.3541943660455964
2100-Sep-29 15:00:00, 5753.0276720074999, 2.0661806511184393, 2551.5993088290265, 6.0711391322908508, 3201.4283631784729, 1.3541880322433435
2100-Sep-29 16:00:00, 5751.3542103327436, 2.0655796329537619, 2549.9407524132534, 6.0671928517270999, 3201.4134579194902, 1.3541817273940568
2100-Sep-29 17:00:00, 5751.0856926617689, 2.0654831957301152, 2549.6870688403656, 6.0665892505812424, 3201.3986238214029, 1.3541754526454697
2100-Sep-29 18:00:00, 5752.4217549023906, 2.0659630380162377, 2551.0378908928565, 6.0698033244349476, 3201.3838640095341, 1.3541692093195776
2100-Sep-29 19:00:00, 5755.0556489617793, 2.0669089922603106, 2553.6864669983079, 6.0761052049782664, 3201.369181963471, 1.3541629988882289
2100-Sep-29 20:00:00, 5758.8171977950833, 2.0682599399457229, 2557.4626162961217, 6.0850899729596666, 3201.3545814989616, 1.3541568229654655
2100-Sep-29 21:00:00, 5763.6053345564205, 2.0699795832527279, 2562.2652678235841, 6.0965171455279625, 3201.3400667328365, 1.3541506832926857
2100-Sep-29 22:00:00, 5769.5371220392462, 2.0721099648921553, 2568.2114800347326, 6.1106652453174144, 3201.3256420045132, 1.3541445817054416
2100-Sep-29 23:00:00, 5776.6566183809773, 2.0746669081967335, 2575.3453065377121, 6.1276390911306464, 3201.3113118432652, 1.3541385201195928
2100-Sep-30 00:00:00, 5784.9183455954844, 2.0776340798998163, 2583.6212647159132, 6.1473304640586068, 3201.2970808795708, 1.3541325004938083
2100-Sep-30 01:00:00, 5794.2271286671557, 2.0809772982127979, 2592.9441748894787, 6.1695128986539274, 3201.282953777677, 1.354126524801041
2100-Sep-30 02:00:00, 5804.3556024793124, 2.0846149057142993, 2603.0866673127189, 6.1936454034859487, 3201.2689351665936, 1.3541205949993387
2100-Sep-30 03:00:00, 5815.0256933463515, 2.0884470331699729, 2613.7706637895667, 6.2190663341451655, 3201.2550295567844, 1.3541147129966049
2100-Sep-30 04:00:00, 5826.1448633291693, 2.0924404458884238, 2624.9036220421499, 6.2455555004776473, 3201.241241287019, 1.354108880628117
2100-Sep-30 05:00:00, 5837.6013045946684, 2.0965549884602641, 2636.3737301618676, 6.2728468631991641, 3201.2275744328008, 1.3541030996177925
2100-Sep-30 06:00:00, 5849.5391554331627, 2.1008424276704822, 2648.3251226444349, 6.3012833682316023, 3201.2140327887278, 1.3540973715707272
2100-Sep-30 07:00:00, 5862.316906463906, 2.1054315142262432, 2661.1162866682034, 6.3317179808228286, 3201.2006197957021, 1.3540916979424051
2100-Sep-30 08:00:00, 5874.7583065535273, 2.1098998014662085, 2673.5709680265372, 6.3613519845291133, 3201.1873385269905, 1.354086080032803
2100-Sep-30 09:00:00, 5885.3139617797688, 2.1136908297441459, 2684.1397701119267, 6.3864988278050241, 3201.174191667842, 1.3540805189777674
2100-Sep-30 10:00:00, 5890.5574676251908, 2.1155740173350126, 2689.3962861171217, 6.399005901273898, 3201.1611815080696, 1.3540750157458774
2100-Sep-30 11:00:00, 5889.9246328852587, 2.1153467368542729, 2688.7763229308339, 6.3975307939763573, 3201.1483099544243, 1.3540695711436794
2100-Sep-30 12:00:00, 5883.7309023765101, 2.1131222792529849, 2682.5953238240863, 6.382824054785849, 3201.1355785524233, 1.3540641858249194
2100-Sep-30 13:00:00, 5873.9486868277736, 2.1096090292489542, 2672.8256983209058, 6.3595787295911945, 3201.1229885068678, 1.3540588602992218
2100-Sep-30 14:00:00, 5861.395957951645, 2.1051007586475818, 2660.2854172238322, 6.3297410544378376, 3201.1105407278123, 1.3540535949515355
2100-Sep-30 15:00:00, 5846.6716295931255, 2.0998125653536199, 2645.5733937276405, 6.2947360513976456, 3201.0982358654846, 1.3540483900569034
2100-Sep-30 16:00:00, 5832.2291585299772, 2.0946256001648007, 2631.1430841658389, 6.2604013434485637, 3201.0860743641383, 1.3540432458032425
2100-Sep-30 17:00:00, 5820.2635869848436, 2.0903282051554872, 2619.1895304906502, 6.2319596961898167, 3201.074056494193, 1.3540381623049391
2100-Sep-30 18:00:00, 5811.9519423133897, 2.0873431057646585, 2610.8897599059223, 6.2122116652934212, 3201.0621824074674, 1.3540331396262115
2100-Sep-30 19:00:00, 5808.1477174334632, 2.0859768311198046, 2607.0972652740993, 6.2031880060971698, 3201.0504521593643, 1.354028177790495
2100-Sep-30 20:00:00, 5808.8677809083492, 2.0862354395090228, 2607.8289151739491, 6.2049288547965498, 3201.0388657343997, 1.3540232767912397
2100-Sep-30 21:00:00, 5813.2912480129398, 2.0878241129282098, 2612.2638249533957, 6.2154810422881406, 3201.0274230595442, 1.3540184365975547
2100-Sep-30 22:00:00, 5820.4274765461505, 2.0903870655434078, 2619.411352543344, 6.2324874877360266, 3201.0161240028065, 1.3540136571536086
2100-Sep-30 23:00:00, 5829.4897747708974, 2.0936417596478258, 2628.4848064107709, 6.2540763793182439, 3201.0049683601264, 1.3540089383730844
2100-Oct-01 00:00:00, 5839.9656270648065, 2.0974041269694657, 2638.971671234473, 6.2790282654493943, 3200.993955830334, 1.3540042801285892
2100-Oct-01 01:00:00, 5851.5219820389793, 2.1015545532156792, 2650.5388960575697, 6.3065507024686047, 3200.9830859814097, 1.3539996822373808
2100-Oct-01 02:00:00, 5863.966442078372, 2.1060239394263727, 2662.9940838639068, 6.3361859111902232, 3200.9723582144647, 1.3539951444461322
2100-Oct-01 03:00:00, 5877.1718273786755, 2.1107666094001001, 2676.2100556548626, 6.3676312886966722, 3200.9617717238129, 1.3539906664140422
2100-Oct-01 04:00:00, 5891.094137209202, 2.115766760421566, 2690.1428117550058, 6.4007821445099475, 3200.9513254541962, 1.353986247694742
2100-Oct-01 05:00:00, 5905.601602962779, 2.1209770682361193, 2704.6605848797599, 6.4353249585898995, 3200.9410180830191, 1.3539818877287804
2100-Oct-01 06:00:00, 5920.9003332249831, 2.1264715560530738, 2719.9694852374191, 6.4717501385592335, 3200.9308479875635, 1.3539775858297558
2100-Oct-01 07:00:00, 5935.9949063156801, 2.1318927215045531, 2735.0740930612114, 6.5076892357833254, 3200.9208132544682, 1.3539733411883261
2100-Oct-01 08:00:00, 5948.8913721518247, 2.1365244440857092, 2747.9804604683363, 6.5383979571527, 3200.9109116834884, 1.3539691528737989
2100-Oct-01 09:00:00, 5956.593305233564, 2.1392905675978779, 2755.6921644200702, 6.5567467737070908, 3200.9011408134934, 1.3539650198451283
2100-Oct-01 10:00:00, 5958.5446051840727, 2.1399913704502413, 2757.6531072117209, 6.5614125362652551, 3200.8914979723518, 1.3539609409720164
2100-Oct-01 11:00:00, 5955.8070601701438, 2.1390081903124392, 2754.9250798566204, 6.5549216136614588, 3200.8819803135229, 1.3539569150503905
2100-Oct-01 12:00:00, 5948.7370419464605, 2.1364690169085101, 2747.8644570394595, 6.5381219447889647, 3200.8725849070006, 1.3539529408408728
2100-Oct-01 13:00:00, 5938.1522266717702, 2.1326675158966792, 2737.2889178826049, 6.5129590716849908, 3200.8633087891653, 1.3539490170898676
2100-Oct-01 14:00:00, 5925.1487715897447, 2.1279973684856213, 2724.2946225252763, 6.4820411392465207, 3200.8541490644684, 1.3539451425725721
2100-Oct-01 15:00:00, 5910.3127948300416, 2.1226690770417105, 2709.467691869826, 6.4467627322479792, 3200.8451029602156, 1.3539413161161509
2100-Oct-01 16:00:00, 5895.236322513786, 2.1172544124228456, 2694.4001545869505, 6.4109118386892652, 3200.8361679268355, 1.353937536642148
2100-Oct-01 17:00:00, 5882.0112155283641, 2.1125046594718544, 2681.1838738490897, 6.3794657260910492, 3200.8273416792749, 1.3539338031839974
2100-Oct-01 18:00:00, 5872.3967314060337, 2.1090516496487481, 2671.5781091386616, 6.3566102825160069, 3200.8186222673726, 1.3539301149167906
2100-Oct-01 19:00:00, 5867.7267805749361, 2.1073744524233922, 2666.9167724636532, 6.345519346960999, 3200.8100081112825, 1.3539264711722612
2100-Oct-01 20:00:00, 5868.2756678334863, 2.1075715834469015, 2667.4741698171988, 6.3468455884573167, 3200.8014980162875, 1.3539228714450493
2100-Oct-01 21:00:00, 5873.4967370610229, 2.1094467130014793, 2672.7036458823131, 6.3592883245367773, 3200.7930911787093, 1.3539193153952036
2100-Oct-01 22:00:00, 5882.3358032571741, 2.1126212340692825, 2681.551016088189, 6.3803392847282536, 3200.7847871689851, 1.3539158028410208
2100-Oct-01 23:00:00, 5893.5411763506418, 2.116645606346673, 2692.7645904665183, 6.4070202647651904, 3200.7765858841231, 1.3539123337389358
2100-Oct-02 00:00:00, 5906.1251536476957, 2.1211650997139304, 2705.3566661419977, 6.4369811771724184, 3200.768487505698, 1.3539089081657543
2100-Oct-02 01:00:00, 5919.4416224963352, 2.1259476649725952, 2718.6811300789527, 6.4686846950972487, 3200.7604924173829, 1.3539055262837676
2100-Oct-02 02:00:00, 5933.5307292078669, 2.1310077205361297, 2732.7781280513996, 6.5022263392504698, 3200.7526011564678, 1.3539021883202469
2100-Oct-02 03:00:00, 5948.246089986892, 2.1362926931539028, 2747.5012756806273, 6.5372578104587449, 3200.7448143062647, 1.3538988945219301
2100-Oct-02 04:00:00, 5963.4592222006977, 2.1417564387180019, 2762.7220897461293, 6.5734734026085953, 3200.7371324545684, 1.3538956451374515
2100-Oct-02 05:00:00, 5978.8917167467807, 2.1472989675302232, 2778.1621606397248, 6.6102106827462324, 3200.7295561070555, 1.3538924403807098
2100-Oct-02 06:00:00, 5994.4034434261548, 2.1528699522981753, 2793.6813577741414, 6.6471362316356979, 3200.7220856520134, 1.3538892804159484
2100-Oct-02 07:00:00, 6009.0877713936916, 2.1581437795854712, 2808.3730500806287, 6.6820928597288543, 3200.7147213130629, 1.3538861653377581
2100-Oct-02 08:00:00, 6019.9972667047996, 2.1620618883466989, 2819.2898035589469, 6.7080675999674408, 3200.7074631458527, 1.3538830951696776
2100-Oct-02 09:00:00, 6027.5998221095815, 2.1647923206984934, 2826.8995110757446, 6.7261737316514632, 3200.7003110338374, 1.3538800698624094
2100-Oct-02 10:00:00, 6032.9056862426205, 2.1666979040598404, 2832.2124215351319, 6.738814987073007, 3200.6932647074891, 1.3538770893019438
2100-Oct-02 11:00:00, 6035.9856594035209, 2.1678040661215983, 2835.2993356131219, 6.7461598255796087, 3200.6863237903995, 1.3538741533290626
2100-Oct-02 12:00:00, 6036.9220360232503, 2.1681403626534674, 2836.2425481632117, 6.7484040551508828, 3200.6794878600381, 1.3538712617650372
2100-Oct-02 13:00:00, 6036.1415137210479, 2.1678600406785837, 2835.4687572461457, 6.7465629383655967, 3200.6727564749017, 1.3538684144231143
2100-Oct-02 14:00:00, 6033.6595027817712, 2.1669686347492241, 2832.9933734910123, 6.7406731424516275, 3200.6661292907593, 1.3538656111576854
2100-Oct-02 15:00:00, 6029.4341830318108, 2.1654511252898772, 2828.7745769421667, 6.7306351632398274, 3200.6596060896441, 1.3538628518765523
2100-Oct-02 16:00:00, 6023.9114493284424, 2.1634676539475262, 2823.258262455699, 6.7175099391386395, 3200.6531868727434, 1.3538601365802165
2100-Oct-02 17:00:00, 6018.1324377390938, 2.1613921412593813, 2817.4855658456386, 6.7037746931041573, 3200.6468718934557, 1.353857465375865
2100-Oct-02 18:00:00, 6013.2825143363898, 2.1596503074867344, 2812.6418526003235, 6.6922498204772234, 3200.6406617360662, 1.353854838510647
2100-Oct-02 19:00:00, 6010.2205339266402, 2.1585506074613874, 2809.585976596622, 6.6849788323070563, 3200.6345573300187, 1.3538522563777127
2100-Oct-02 20:00:00, 6009.4998737168471, 2.1582917847568228, 2808.8713137415707, 6.6832784016749098, 3200.6285599752764, 1.3538497195269399
2100-Oct-02 21:00:00, 6011.2206096002064, 2.1589097812954421, 2810.5979382541254, 6.6873866398331003, 3200.622671346081, 1.3538472286665244
2100-Oct-02 22:00:00, 6014.6039854529772, 2.1601249094194506, 2813.9870919703662, 6.6954506111944427, 3200.6168934826114, 1.3538447846594517
2100-Oct-02 23:00:00, 6018.8863154494411, 2.1616628939181957, 2818.2750867060827, 6.7056532368766906, 3200.611228743358, 1.353842388503351
2100-Oct-03 00:00:00, 6023.5909917135577, 2.1633525626667036, 2822.9853119267186, 6.7168604952263689, 3200.6056797868391, 1.3538400413227627
2100-Oct-03 01:00:00, 6028.6061111634954, 2.1651537260473228, 2828.0058616687129, 6.7288061231698961, 3200.6002494947829, 1.3538377443366427
2100-Oct-03 02:00:00, 6033.8705261266368, 2.1670444230779013, 2833.2755852069295, 6.7413446219375199, 3200.5949409197078, 1.3538354988361914
2100-Oct-03 03:00:00, 6039.1736128682514, 2.168949008948406, 2838.5838556597528, 6.7539748371752362, 3200.5897572084982, 1.3538333061525245
2100-Oct-03 04:00:00, 6044.5282490695854, 2.1708721086349949, 2843.9435475274349, 6.7667274017814085, 3200.5847015421505, 1.3538311676311876
2100-Oct-03 05:00:00, 6050.1162100539259, 2.1728790061371965, 2849.5364329974313, 6.7800348147916818, 3200.5797770564941, 1.3538290845986207
2100-Oct-03 06:00:00, 6056.4132666875603, 2.1751405729707303, 2855.8382799009896, 6.7950290927762831, 3200.5749867865707, 1.3538270583386312
2100-Oct-03 07:00:00, 6063.1083204227943, 2.1775450791324591, 2862.5379868011114, 6.8109700175897769, 3200.5703336216834, 1.3538250900733797
2100-Oct-03 08:00:00, 6069.6963189506696, 2.1799111367744417, 2869.1304987085086, 6.8266558883621205, 3200.5658202421614, 1.3538231809366319
2100-Oct-03 09:00:00, 6075.5022438693886, 2.1819963152948363, 2874.9407947511418, 6.8404805964785425, 3200.5614491182464, 1.3538213319732875
2100-Oct-03 10:00:00, 6080.0060389969458, 2.1836138382548662, 2879.4488165287103, 6.8512067427540622, 3200.5572224682355, 1.3538195441216752
2100-Oct-03 11:00:00, 6082.7148251645958, 2.1845866897491928, 2882.1616829001732, 6.8576615921230344, 3200.5531422644221, 1.3538178182160647
2100-Oct-03 12:00:00, 6083.7267083118622, 2.1849501041979442, 2883.1774980733289, 6.860078568498432, 3200.5492102385338, 1.3538161549889685
2100-Oct-03 13:00:00, 6083.295761854285, 2.1847953312187274, 2882.7503339478653, 6.8590621969901626, 3200.5454279064197, 1.3538145550815828
2100-Oct-03 14:00:00, 6082.0241907529607, 2.1843386507096345, 2881.4823941790469, 6.8560453288160632, 3200.5417965739139, 1.3538130190462689
2100-Oct-03 15:00:00, 6080.1460713303186, 2.1836641303991495, 2879.6077539483704, 6.8515849099626616, 3200.5383173819487, 1.3538115473656356
2100-Oct-03 16:00:00, 6077.8340792974359, 2.1828337861915026, 2877.2990879697268, 6.846091793422838, 3200.5349913277091, 1.3538101404614871
2100-Oct-03 17:00:00, 6075.2525095662822, 2.1819066240549505, 2874.720690243139, 6.8399568915664481, 3200.5318193231433, 1.3538087987195724
2100-Oct-03 18:00:00, 6073.0300847160051, 2.1811084476014369, 2872.5012825138529, 6.8346761513384848, 3200.5288022021523, 1.353807522492628
2100-Oct-03 19:00:00, 6071.4747027590402, 2.1805498373725629, 2870.9487619888914, 6.8309821669106929, 3200.5259407701483, 1.3538063121213388
2100-Oct-03 20:00:00, 6070.8533827830879, 2.1803266923808029, 2870.3301469558428, 6.8295102673369747, 3200.5232358272451, 1.3538051679441492
2100-Oct-03 21:00:00, 6071.1463663336162, 2.1804319164432808, 2870.6256781352272, 6.8302134384429412, 3200.5206881983886, 1.353804090310007
2100-Oct-03 22:00:00, 6072.494317546998, 2.1809160286142153, 2871.9760188100136, 6.833426366932243, 3200.5182987369849, 1.3538030795798988
2100-Oct-03 23:00:00, 6074.9470847626708, 2.1817969317580292, 2874.4310164209601, 6.8392676571434157, 3200.5160683417112, 1.3538021361339601
2100-Oct-04 00:00:00, 6078.3431928380996, 2.1830166326172309, 2877.8291948767469, 6.8473531014880855, 3200.5139979613523, 1.3538012603735226
2100-Oct-04 01:00:00, 6082.4312322439355, 2.184484838300031, 2881.9191436620536, 6.8570845072121829, 3200.5120885818819, 1.3538004527156478
2100-Oct-04 02:00:00, 6087.1325702710583, 2.1861733081318855, 2886.6222290447026, 6.868274777412644, 3200.5103412263552, 1.3537997135930833
2100-Oct-04 03:00:00, 6092.0622029310525, 2.1879437692177519, 2891.5534459910546, 6.880007851672862, 3200.5087569399984, 1.3537990434479541
2100-Oct-04 04:00:00, 6097.0700789478724, 2.1897423311435875, 2896.5627421840331, 6.8919267035228353, 3200.5073367638397, 1.35379844272061
2100-Oct-04 05:00:00, 6102.1132253700798, 2.1915535603175798, 2901.6071436303369, 6.9039290829378439, 3200.5060817397425, 1.353797911851754
2100-Oct-04 06:00:00, 6107.3322717654537, 2.1934279633787503, 2906.8272788942022, 6.9163495940136404, 3200.5049928712519, 1.3537974512658806
2100-Oct-04 07:00:00, 6112.460556670896, 2.1952697697543053, 2911.9564855441427, 6.9285537544013263, 3200.5040711267538, 1.3537970613726122
2100-Oct-04 08:00:00, 6115.8173440542023, 2.1964753487184137, 2915.3140266311812, 6.9365425083609553, 3200.5033174230211, 1.353796742559739
2100-Oct-04 09:00:00, 6117.5240056711209, 2.1970882905313034, 2917.0212730486546, 6.9406046393145582, 3200.5027326224658, 1.3537964951920571
2100-Oct-04 10:00:00, 6117.4244970483123, 2.1970525523421638, 2916.9221795190001, 6.9403688614619936, 3200.5023175293122, 1.3537963196097491
2100-Oct-04 11:00:00, 6115.172763888404, 2.196243849907249, 2914.6706909930831, 6.9350117898997379, 3200.5020728953205, 1.3537962161308059
2100-Oct-04 12:00:00, 6111.0558623826955, 2.1947652784977905, 2910.5538629496532, 6.9252164291042959, 3200.5019994330423, 1.3537961850566331
2100-Oct-04 13:00:00, 6105.7771530813598, 2.1928694477034472, 2905.2750552601456, 6.9126563159922121, 3200.5020978212142, 1.3537962266743331
2100-Oct-04 14:00:00, 6099.8597561619981, 2.1907442343867682, 2899.3573874327121, 6.8985761331850153, 3200.502368729286, 1.3537963412670795
2100-Oct-04 15:00:00, 6094.0559160022294, 2.1886598046005799, 2893.553103173188, 6.8847657291842763, 3200.5028128290419, 1.3537965291190337
2100-Oct-04 16:00:00, 6088.310820355181, 2.1865964727097023, 2887.8073895389052, 6.8710946850013865, 3200.5034308162758, 1.3537967905245132
2100-Oct-04 17:00:00, 6082.8097808884195, 2.184620792779886, 2882.3055574662558, 6.8580039195822335, 3200.5042234221632, 1.3537971257928014
2100-Oct-04 18:00:00, 6078.3399828074489, 2.1830154797454564, 2877.8347913745847, 6.847366417496171, 3200.5051914328637, 1.3537975352564398
2100-Oct-04 19:00:00, 6075.0238729807461, 2.1818245099897826, 2874.5175372770373, 6.83947352024789, 3200.5063357037084, 1.3537980192772292
2100-Oct-04 20:00:00, 6072.2861661041643, 2.1808412717195496, 2871.7785089651461, 6.8329564225549904, 3200.5076571390177, 1.3537985782376925
2100-Oct-04 21:00:00, 6069.7879031117873, 2.1799440289196634, 2869.2787463867089, 6.827008620970755, 3200.5091567250784, 1.3537992125550242
2100-Oct-04 22:00:00, 6067.4130606387016, 2.1790911121865806, 2866.9022251449519, 6.8213540532415555, 3200.5108354937497, 1.3537999226656954
2100-Oct-04 23:00:00, 6065.5820369881512, 2.1784335061651605, 2865.0693424646611, 6.8169929900735626, 3200.5126945234897, 1.3538007090258883
2100-Oct-05 00:00:00, 6064.6455352386756, 2.1780971646933613, 2864.130800318786, 6.8147598730126626, 3200.5147349198896, 1.3538015721032626
2100-Oct-05 01:00:00, 6064.8311370707124, 2.1781638229707116, 2864.3141792896813, 6.8151961951430184, 3200.5169577810311, 1.3538025123623012
2100-Oct-05 02:00:00, 6065.859662083587, 2.1785332142898484, 2865.3402978983768, 6.817637686962704, 3200.5193641852102, 1.353803530259118
2100-Oct-05 03:00:00, 6067.5218284353077, 2.1791301757770278, 2866.9998732884819, 6.8215863920195643, 3200.5219551468258, 1.3538046262227985
2100-Oct-05 04:00:00, 6069.9294593416125, 2.1799948683662618, 2869.4047277280574, 6.8273083742465746, 3200.5247316135551, 1.3538058006542055
2100-Oct-05 05:00:00, 6072.9602599935106, 2.1810833702858368, 2872.432565574547, 6.8345126499227931, 3200.5276944189636, 1.3538070539059328
2100-Oct-05 06:00:00, 6076.5676143189412, 2.1823789395293498, 2876.0367700352722, 6.8430883015411998, 3200.5308442836686, 1.3538083862827981
2100-Oct-05 07:00:00, 6080.6156548694771, 2.1838327797570196, 2880.0814730920283, 6.8527120519950433, 3200.5341817774488, 1.3538097980258146
2100-Oct-05 08:00:00, 6083.6048171832963, 2.184906327406706, 2883.0671098463927, 6.8598159166463253, 3200.5377073369036, 1.3538112893196619
2100-Oct-05 09:00:00, 6085.1818867702596, 2.185472726675374, 2884.640465540348, 6.8635594751625604, 3200.5414212299115, 1.3538128602776514
2100-Oct-05 10:00:00, 6085.4552892164029, 2.1855709182496885, 2884.9099656303779, 6.8642007092846553, 3200.5453235860255, 1.3538145109545827
2100-Oct-05 11:00:00, 6084.7820997822964, 2.1853291445154763, 2884.2326853824593, 6.8625892248315763, 3200.5494143998367, 1.3538162413481687
2100-Oct-05 12:00:00, 6082.9130273579158, 2.1846578734041646, 2882.3593338251767, 6.8581318721788289, 3200.5536935327386, 1.3538180513997791
2100-Oct-05 13:00:00, 6079.9206591156617, 2.1835831743560008, 2879.3624983637724, 6.8510013619220604, 3200.5581607518893, 1.3538199410109228
2100-Oct-05 14:00:00, 6075.9629377804995, 2.1821617719725186, 2875.4001220385639, 6.8415734952967657, 3200.5628157419351, 1.3538219100482072
2100-Oct-05 15:00:00, 6071.1409667936614, 2.1804299772165612, 2870.5733086496161, 6.8300888332855676, 3200.5676581440453, 1.3538239583598484
2100-Oct-05 16:00:00, 6065.7135207510319, 2.1784807281189367, 2865.1408331711305, 6.8171630912427155, 3200.5726875799014, 1.3538260857858198
2100-Oct-05 17:00:00, 6060.3149751163492, 2.1765418585061873, 2859.7370714443196, 6.8043056691671966, 3200.5779036720296, 1.3538282921664517
2100-Oct-05 18:00:00, 6055.5891607615067, 2.1748445980830775, 2855.0058546711248, 6.7930484646383729, 3200.5833060903824, 1.353830577362136
2100-Oct-05 19:00:00, 6052.037108719268, 2.17356889046965, 2851.4482141526955, 6.7845836047776089, 3200.5888945665724, 1.3538329412593457
2100-Oct-05 20:00:00, 6049.8413187423121, 2.172780279841827, 2849.2466498220188, 6.7793453201794049, 3200.5946689202929, 1.3538353837818122
2100-Oct-05 21:00:00, 6048.8337816665189, 2.1724184262701125, 2848.2331526022181, 6.7769338590184347, 3200.6006290643004, 1.3538379048926321
2100-Oct-05 22:00:00, 6049.1630216137437, 2.172536671696228, 2848.5562465944731, 6.7777026116094072, 3200.6067750192706, 1.3538405046005508
2100-Oct-05 23:00:00, 6050.5164995674113, 2.1730227687774555, 2849.9033926519614, 6.7809079389969122, 3200.6131069154494, 1.3538431829606621
2100-Oct-06 00:00:00, 6052.5005145596033, 2.1737353211276451, 2851.8808895597836, 6.7856130895350564, 3200.6196249998197, 1.3538459400774381
2100-Oct-06 01:00:00, 6054.9674203704817, 2.17462130210065, 2854.3410907788652, 6.7914667609335373, 3200.6263295916165, 1.3538487760859139
2100-Oct-06 02:00:00, 6057.8229989420834, 2.1756468735960035, 2857.1897778334242, 6.7982447747826313, 3200.6332211086587, 1.3538516911628244
2100-Oct-06 03:00:00, 6060.963949718187, 2.1767749355643611, 2860.3236497023636, 6.8057013421493293, 3200.640300015823, 1.3538546855048106
2100-Oct-06 04:00:00, 6064.4475060792038, 2.1780260431829173, 2863.7999392522311, 6.8139726398598857, 3200.6475668269727, 1.3538577593292336
2100-Oct-06 05:00:00, 6068.2650244824417, 2.1793970921522172, 2867.610002423296, 6.8230381007001961, 3200.6550220591457, 1.3538609128547983
2100-Oct-06 06:00:00, 6072.3333559116363, 2.1808582197811073, 2871.6706896773376, 6.8326998830994556, 3200.6626662342983, 1.3538641463022889
2100-Oct-06 07:00:00, 6076.51731201045, 2.182360873623459, 2875.846812158657, 6.8426363259139089, 3200.6704998517935, 1.3538674598829341
2100-Oct-06 08:00:00, 6080.5093011031986, 2.1837945831574919, 2879.8307777185978, 6.8521155608113951, 3200.6785233846012, 1.3538708537967976
2100-Oct-06 09:00:00, 6083.9170497199548, 2.1850184646781869, 2883.2303124617492, 6.8602042322337908, 3200.6867372582055, 1.3538743282238568
2100-Oct-06 10:00:00, 6086.545696618582, 2.1859625344220182, 2885.8505547602713, 6.8664386968300137, 3200.6951418583108, 1.3538778833272629
2100-Oct-06 11:00:00, 6088.0682079697344, 2.1865093392827295, 2887.3644704379199, 6.8700408269457247, 3200.7037375318141, 1.3538815192537517
2100-Oct-06 12:00:00, 6088.2344285059426, 2.1865690368324913, 2887.5219039029494, 6.8704154157249917, 3200.7125246029932, 1.3538852361404907
2100-Oct-06 13:00:00, 6086.8130262041077, 2.1860585449487488, 2886.0915228367498, 6.8670120434027613, 3200.7215033673579, 1.3538890341124794
2100-Oct-06 14:00:00, 6083.9380964122556, 2.18502602352735, 2883.2074222888564, 6.8601497685788138, 3200.7306741233997, 1.3538929132959781
2100-Oct-06 15:00:00, 6079.0930060924766, 2.1832859255402743, 2878.3529688991143, 6.8485993414257864, 3200.7400371933618, 1.3538968738272938
2100-Oct-06 16:00:00, 6073.8016186271598, 2.1813855414257315, 2873.0520256960053, 6.8359865602547432, 3200.7495929311544, 1.353900915856129
2100-Oct-06 17:00:00, 6069.2879047328515, 2.1797644561737899, 2868.5285629979085, 6.8252236746775097, 3200.7593417349435, 1.353905039550906
2100-Oct-06 18:00:00, 6065.9473233660083, 2.1785646975463036, 2865.1780392736246, 6.8172516174560709, 3200.7692840923833, 1.3539092451178998
2100-Oct-06 19:00:00, 6063.8034707901643, 2.1777947400624189, 2863.0240502290931, 6.8121265309530568, 3200.7794205610717, 1.3539135327929717
2100-Oct-06 20:00:00, 6062.6420420882469, 2.1773776168277728, 2861.8522902883064, 6.8093385079254816, 3200.7897517999404, 1.3539179028548463
2100-Oct-06 21:00:00, 6062.1744248523391, 2.1772096736611402, 2861.3741462917696, 6.8082008376344607, 3200.8002785605695, 1.3539223556214381
2100-Oct-06 22:00:00, 6061.9920146583472, 2.1771441616499208, 2861.1810129643541, 6.8077413065091124, 3200.8110016939931, 1.3539268914527307
2100-Oct-06 23:00:00, 6061.9828280850597, 2.1771408623228434, 2861.1609059514276, 6.8076934649563308, 3200.8219221336326, 1.3539315107435563
2100-Oct-07 00:00:00, 6062.2509276425126, 2.177237149382417, 2861.4178867605406, 6.8083049113699801, 3200.833040881972, 1.3539362139179605
2100-Oct-07 01:00:00, 6062.9917282949, 2.1775032054595926, 2862.1473692850022, 6.8100406031321068, 3200.8443590098977, 1.353941001428923
2100-Oct-07 02:00:00, 6064.2358983404902, 2.1779500449711438, 2863.3800207319382, 6.8129735081576221, 3200.8558776085515, 1.3539458737379912
2100-Oct-07 03:00:00, 6066.0192257648077, 2.1785905210524015, 2865.1516279782923, 6.8171887758304006, 3200.8675977865155, 1.3539508313140898
2100-Oct-07 04:00:00, 6068.2832557640231, 2.1794036398560346, 2867.403735137801, 6.8225473193363877, 3200.8795206262225, 1.3539558746150824
2100-Oct-07 05:00:00, 6070.9041514732344, 2.1803449257861058, 2870.0125043012999, 6.8287544853678366, 3200.8916471719349, 1.3539610040826866
2100-Oct-07 06:00:00, 6073.7530786091702, 2.1813681084405814, 2872.8491002081901, 6.8355037301858719, 3200.9039784009806, 1.3539662201303073
2100-Oct-07 07:00:00, 6076.8450310622702, 2.1824785728250755, 2875.9285158567636, 6.8428307273299582, 3200.916515205507, 1.3539715231353182
2100-Oct-07 08:00:00, 6080.024100796114, 2.1836203250896413, 2879.0948424290441, 6.850364515684606, 3200.9292583670695, 1.3539769134283135
2100-Oct-07 09:00:00, 6082.90118633169, 2.1846536207391902, 2881.9589777727579, 6.8571792863679306, 3200.9422085589322, 1.3539823912940803
2100-Oct-07 10:00:00, 6085.0092657002733, 2.1854107303953079, 2884.0538993695045, 6.8621638309400668, 3200.9553663307693, 1.3539879569651283
2100-Oct-07 11:00:00, 6085.8282838275536, 2.1857048780170438, 2884.8595517240469, 6.8640807571281872, 3200.9687321035067, 1.3539936106195067
2100-Oct-07 12:00:00, 6084.8521349601015, 2.1853542974153974, 2883.8698287846046, 6.8617258632202827, 3200.9823061754964, 1.3539993523834171
2100-Oct-07 13:00:00, 6081.9142715558319, 2.1842991735975397, 2880.9181828216747, 6.8547028744429284, 3200.9960887341567, 1.3540051823361363
2100-Oct-07 14:00:00, 6077.3178618831098, 2.1826483884333032, 2876.3077820275494, 6.8437331330027629, 3201.0100798555609, 1.3540111005098432
2100-Oct-07 15:00:00, 6071.0581347370053, 2.1804002283603916, 2870.0338552070152, 6.8288052865726918, 3201.0242795299901, 1.3540171069004263
2100-Oct-07 16:00:00, 6064.1852949207332, 2.1779318709221487, 2863.1466072543803, 6.8124181365941086, 3201.0386876663533, 1.3540232014693552
2100-Oct-07 17:00:00, 6058.213559305439, 2.1757871420445261, 2857.1602551951169, 6.7981745301936414, 3201.0533041103226, 1.3540293841513495
2100-Oct-07 18:00:00, 6054.1450939432088, 2.1743259663140342, 2853.0769652709291, 6.7884589682080874, 3201.0681286722802, 1.354035654866202
2100-Oct-07 19:00:00, 6053.1502076356956, 2.1739686562234448, 2852.0670465087292, 6.7860560214380321, 3201.0831611269668, 1.3540420135186293
2100-Oct-07 20:00:00, 6055.6829162095328, 2.1748782700387315, 2854.5845149758561, 6.7920459514682676, 3201.0984012336767, 1.3540484600068137
2100-Oct-07 21:00:00, 6061.4933039688003, 2.1769650513733856, 2860.379455225916, 6.8058341228318859, 3201.1138487428839, 1.3540549942252071
2100-Oct-07 22:00:00, 6069.6039381646151, 2.1798779585240382, 2868.4744347674232, 6.8250948848565054, 3201.1295033971915, 1.3540616160649324
2100-Oct-07 23:00:00, 6079.685326010198, 2.1834986552580928, 2878.5399610762738, 6.8490442606261706, 3201.1453649339237, 1.3540683254148784
2100-Oct-08 00:00:00, 6091.3091443719568, 2.1876733107543704, 2890.1477112912985, 6.8766631215987566, 3201.1614330806578, 1.354075122159812
2100-Oct-08 01:00:00, 6104.551238271476, 2.1924291644987575, 2903.3735307223433, 6.9081319300541395, 3201.1777075491327, 1.3540820061778001
2100-Oct-08 02:00:00, 6119.1214276790361, 2.1976619993039006, 2917.9272396694919, 6.9427602479108153, 3201.1941880095446, 1.3540889773293374
2100-Oct-08 03:00:00, 6134.8499773386384, 2.203310855320177, 2933.6391032275737, 6.9801442169997783, 3201.2108741110646, 1.3540960354660252
2100-Oct-08 04:00:00, 6151.3558269640343, 2.2092388760199912, 2950.1280615354081, 7.0193771638370883, 3201.2277654286258, 1.3541031804080621
2100-Oct-08 05:00:00, 6167.8203482010049, 2.2151520537672984, 2966.5754867148635, 7.0585112889667281, 3201.244861486141, 1.3541104119540657
2100-Oct-08 06:00:00, 6183.6271134781055, 2.220829000661058, 2982.3649517252156, 7.096079898807071, 3201.2621617528898, 1.3541177298795439
2100-Oct-08 07:00:00, 6198.7404558495718, 2.226256907036964, 2997.4607902161038, 7.1319981307487597, 3201.2796656334681, 1.3541251339326439
2100-Oct-08 08:00:00, 6212.6198530951642, 2.2312416461470441, 3011.3224805939581, 7.1649798965775453, 3201.2973725012066, 1.3541326238482878
2100-Oct-08 09:00:00, 6223.2792359665918, 2.2350699278619, 3021.9639542671657, 7.1902996507486279, 3201.3152816994261, 1.3541401993487034
2100-Oct-08 10:00:00, 6230.012730450956, 2.2374882398901388, 3028.6793378685329, 7.2062778758678823, 3201.3333925824231, 1.3541478601607615
2100-Oct-08 11:00:00, 6231.7847645514403, 2.2381246600119047, 3030.4330600038852, 7.2104505886626615, 3201.3517045475551, 1.3541556060295474
2100-Oct-08 12:00:00, 6220.1384644063864, 2.2339419302583328, 3018.7682473183854, 7.1826959562951371, 3201.370217088001, 1.3541634367406783
2100-Oct-08 13:00:00, 6199.9595237261201, 2.2266947311884415, 2998.5705939025843, 7.1346387383734911, 3201.3889298235363, 1.3541713521333212
2100-Oct-08 14:00:00, 6176.7705032038557, 2.218366472008563, 2975.3626606490734, 7.0794190213640658, 3201.4078425547827, 1.35417935212314
2100-Oct-08 15:00:00, 6155.4392643035317, 2.2107054288860546, 2954.0123089866916, 7.028619134792085, 3201.4269553168401, 1.3541874367249818
2100-Oct-08 16:00:00, 6138.4876838820746, 2.2046173254612937, 2937.0414154843261, 6.9882394970897082, 3201.446268397749, 1.3541956060606861
2100-Oct-08 17:00:00, 6126.589607799162, 2.2003441712215417, 2925.1238253979814, 6.9598834196736927, 3201.4657824011806, 1.3542038603856033
2100-Oct-08 18:00:00, 6119.4790896781378, 2.1977904524149086, 2917.9935914435373, 6.9429181217785931, 3201.485498234601, 1.3542122000835863
2100-Oct-08 19:00:00, 6117.0392569340502, 2.1969141946433131, 2915.5338397974892, 6.9370655200701794, 3201.5054171365609, 1.3542206256785363
2100-Oct-08 20:00:00, 6118.9790258720423, 2.1976108561710892, 2917.453485214905, 6.9416330218614943, 3201.5255406571368, 1.3542291378261277
2100-Oct-08 21:00:00, 6124.8309171004857, 2.1997125433379163, 2923.2850464814146, 6.9555083273159806, 3201.5458706190711, 1.3542377372973713
2100-Oct-08 22:00:00, 6133.8342793225875, 2.202946070774058, 2932.2678702433, 6.9768815784649956, 3201.566409079288, 1.3542464249623354
2100-Oct-08 23:00:00, 6145.036516942896, 2.2069693169567479, 2943.4493586924509, 7.0034862149555313, 3201.5871582504451, 1.3542552017569636
2100-Oct-09 00:00:00, 6157.443334453912, 2.2114251839792463, 2955.8352140157053, 7.0329564576694672, 3201.6081204382062, 1.3542640686565395
2100-Oct-09 01:00:00, 6170.2898241779058, 2.2160389578068358, 2968.6605262504381, 7.0634723206902432, 3201.6292979274676, 1.3542730266275627
2100-Oct-09 02:00:00, 6183.7330617201596, 2.2208670516179163, 2982.0823688171977, 7.0954075361265172, 3201.650692902962, 1.3542820765941646
2100-Oct-09 03:00:00, 6197.9042957231068, 2.2259566029235409, 2996.2319883653167, 7.1290743852467404, 3201.67230735779, 1.3542912193994161
2100-Oct-09 04:00:00, 6212.7764012974276, 2.2312978699104127, 3011.0822582903661, 7.1644083244569776, 3201.6941430070619, 1.3543004557688005
2100-Oct-09 05:00:00, 6227.9151642942197, 2.2367349060189015, 3026.198963080215, 7.2003762045560897, 3201.7162012140043, 1.3543097862789559
2100-Oct-09 06:00:00, 6243.2473391747753, 2.2422414053587025, 3041.5088562295286, 7.2368037467208692, 3201.7384829452467, 1.3543192113387614
2100-Oct-09 07:00:00, 6258.9717110733427, 2.2478887609460734, 3057.2107223354483, 7.2741639284060522, 3201.7609887378944, 1.35432873117541
2100-Oct-09 08:00:00, 6274.460538835614, 2.2534515216445188, 3072.6768201392306, 7.3109631355838713, 3201.7837186963834, 1.3543383458330776
2100-Oct-09 09:00:00, 6287.8648954592363, 2.258265651503685, 3086.0582229618612, 7.3428021308525695, 3201.8066724973751, 1.3543480551749936
2100-Oct-09 10:00:00, 6296.5965506879647, 2.2614015962817047, 3094.7667012690777, 7.3635226190776235, 3201.8298494188871, 1.354357858895763
2100-Oct-09 11:00:00, 6300.6091715161492, 2.2628427156345299, 3098.755923106311, 7.3730143604805987, 3201.8532484098382, 1.3543677565507837
2100-Oct-09 12:00:00, 6300.7787024550626, 2.262903602104354, 3098.9018343033567, 7.3733615337907494, 3201.8768681517058, 1.3543777475823275
2100-Oct-09 13:00:00, 6298.5195882072112, 2.2620922487763857, 3096.6188810766366, 7.3679295967997138, 3201.900707130575, 1.3543878313500159
2100-Oct-09 14:00:00, 6295.1248788603743, 2.2608730502658809, 3093.200115137231, 7.359795167695955, 3201.9247637231433, 1.3543980071672004
2100-Oct-09 15:00:00, 6292.0404594889387, 2.2597652913624771, 3090.0914231978927, 7.3523985121090654, 3201.9490362910465, 1.3544082743408608
2100-Oct-09 16:00:00, 6289.8357993783011, 2.2589734950558022, 3087.8622761202159, 7.3470945985956515, 3201.9735232580852, 1.3544186322042731
2100-Oct-09 17:00:00, 6288.4983598936215, 2.2584931581370817, 3086.5001367108121, 7.3438535968272891, 3201.9982231828089, 1.3544290801477108
2100-Oct-09 18:00:00, 6288.0615711590499, 2.2583362869236181, 3086.0384363166659, 7.3427550515656588, 3202.023134842384, 1.3544396176539213
2100-Oct-09 19:00:00, 6288.5500153713492, 2.2585117100291794, 3086.5017580997255, 7.3438574546734827, 3202.0482572716237, 1.3544502443146358
2100-Oct-09 20:00:00, 6289.9910647423294, 2.2590292580921085, 3087.9174749427793, 7.347225935726275, 3202.0735897995501, 1.354460959846034
2100-Oct-09 21:00:00, 6292.3808791461252, 2.259887551944042, 3090.2817470723771, 7.352851358572142, 3202.0991320737476, 1.3544717640990456
2100-Oct-09 22:00:00, 6295.7166898996093, 2.2610855972216926, 3093.5918058373422, 7.360727135630329, 3202.1248840622675, 1.3544826570601567
2100-Oct-09 23:00:00, 6299.9809004584204, 2.2626170741849934, 3097.830054426151, 7.3708113979872198, 3202.1508460322698, 1.3544936388423745
2100-Oct-10 00:00:00, 6305.0128398836505, 2.2644242784034949, 3102.8358213576848, 7.3827218525009854, 3202.1770185259657, 1.3545047096750518
2100-Oct-10 01:00:00, 6310.5804544409038, 2.266423868554444, 3108.3770521276078, 7.3959063610764213, 3202.2034023132965, 1.3545158698838697
2100-Oct-10 02:00:00, 6316.338024692388, 2.2684916806577915, 3114.1080263519889, 7.4095423350945193, 3202.2299983403996, 1.3545271198690396
2100-Oct-10 03:00:00, 6322.0559953437269, 2.2705452706971627, 3119.7991876780707, 7.4230835804285338, 3202.2568076656562, 1.3545384600782515
2100-Oct-10 04:00:00, 6327.6395617039452, 2.2725505898848057, 3125.3557302962477, 7.4363045211980072, 3202.2838314076976, 1.3545498909846805
2100-Oct-10 05:00:00, 6333.0620687124765, 2.2744980651448494, 3130.7509980318482, 7.4491417331244447, 3202.3110706806283, 1.3545614130595875
2100-Oct-10 06:00:00, 6338.3152984476492, 2.2763847450382051, 3135.9767719121255, 7.4615756604230121, 3202.3385265355241, 1.354573026747572
2100-Oct-10 07:00:00, 6343.4011659186963, 2.2782113173340344, 3141.0349660023767, 7.4736108573184605, 3202.3661999163191, 1.3545847324479137
2100-Oct-10 08:00:00, 6348.2673082500514, 2.2799589760806724, 3145.8732166352611, 7.4851227324970973, 3202.3940916147903, 1.3545965304955299
2100-Oct-10 09:00:00, 6352.8174390406848, 2.2815931403391567, 3150.3952367936117, 7.4958821857722935, 3202.4222022470731, 1.3546084211510427
2100-Oct-10 10:00:00, 6356.8156168663591, 2.2830290725359257, 3154.3650846247388, 7.5053278296997705, 3202.4505322416207, 1.3546204045956862
2100-Oct-10 11:00:00, 6359.7398333531273, 2.2840792951089965, 3157.2607515582122, 7.5122176249638866, 3202.4790817949147, 1.3546324809125707
2100-Oct-10 12:00:00, 6361.5614084869048, 2.284733507727212, 3159.053557573814, 7.5164833318561346, 3202.5078509130908, 1.3546446501042915
2100-Oct-10 13:00:00, 6362.2391629199719, 2.2849769209655362, 3159.7023235196875, 7.518026970901678, 3202.5368394002844, 1.3546569120879992
2100-Oct-10 14:00:00, 6361.8742381315424, 2.2848458594480268, 3159.3081912656935, 7.5170891936643818, 3202.5660468658484, 1.3546692666984517
2100-Oct-10 15:00:00, 6360.4813603936318, 2.2843456120660357, 3157.8858876303316, 7.5137050403497261, 3202.5954727633002, 1.35468171370449
2100-Oct-10 16:00:00, 6357.2919919015603, 2.2832001610368899, 3154.6668755102874, 7.5060458948162969, 3202.625116391273, 1.354694252809439
2100-Oct-10 17:00:00, 6353.6745025187902, 2.2819009518214233, 3151.0195255857593, 7.4973675851854162, 3202.6549769330309, 1.354706883667824
2100-Oct-10 18:00:00, 6351.2029773806544, 2.2810133118324805, 3148.5179238935993, 7.4914154077122035, 3202.685053487055, 1.3547196058983069
2100-Oct-10 19:00:00, 6350.1881861347556, 2.2806488529498292, 3147.4728410643115, 7.4889287934387863, 3202.7153450704436, 1.3547324190851251
2100-Oct-10 20:00:00, 6350.3177319732586, 2.2806953789045452, 3147.5718813238423, 7.4891644445432641, 3202.7458506494168, 1.3547453227909949
2100-Oct-10 21:00:00, 6351.6088929888811, 2.2811590950658527, 3148.8323238278931, 7.4921634741259524, 3202.7765691609875, 1.3547583165662784
2100-Oct-10 22:00:00, 6354.0676682679523, 2.2820421559855459, 3151.260168747945, 7.4979401586744467, 3202.8074995200072, 1.3547713999519633
2100-Oct-10 23:00:00, 6357.1980355528167, 2.2831664169284149, 3154.3593949270858, 7.5053142919370224, 3202.8386406257309, 1.3547845724824397
2100-Oct-11 00:00:00, 6360.573680866155, 2.2843787686550363, 3157.7036895034908, 7.5132715278566531, 3202.8699913626642, 1.354797833685859
2100-Oct-11 01:00:00, 6364.1213379458659, 2.2856528978323678, 3161.2197873370856, 7.5216375432716278, 3202.9015506087799, 1.3548111830876099
2100-Oct-11 02:00:00, 6368.1201305164604, 2.2870890508127193, 3165.1868132991808, 7.5310764729946262, 3202.9333172172796, 1.354824620202602
2100-Oct-11 03:00:00, 6372.6569973769037, 2.2887184513750287, 3169.6917073558116, 7.5417951773379768, 3202.9652900210917, 1.3548381445371702
2100-Oct-11 04:00:00, 6377.6356714141075, 2.2905065255075323, 3174.6382035914216, 7.5535646063230955, 3202.9974678226858, 1.354851755584765
2100-Oct-11 05:00:00, 6382.9023201383279, 2.2923980247859332, 3179.872470756522, 7.5660187420900042, 3203.0298493818063, 1.3548654528207646
2100-Oct-11 06:00:00, 6388.3222237872424, 2.294344565058076, 3185.2597903819906, 7.5788370427076472, 3203.0624334052518, 1.3548792356981514
2100-Oct-11 07:00:00, 6393.9357415993409, 2.2963606412095086, 3190.840523039627, 7.5921155399651878, 3203.0952185597139, 1.3548931036529426
2100-Oct-11 08:00:00, 6399.6864626862171, 2.2984259934582898, 3196.5582592330829, 7.605720016119454, 3203.1282034531341, 1.3549070560963046
2100-Oct-11 09:00:00, 6405.1787607636616, 2.3003985339473627, 3202.0173741139129, 7.6187091425336195, 3203.1613866497482, 1.3549210924209161
2100-Oct-11 10:00:00, 6409.9114053475259, 2.3020982474243863, 3206.7166386703307, 7.62989032166419, 3203.1947666771957, 1.3549352120039764
2100-Oct-11 11:00:00, 6413.7075288339056, 2.303461612480838, 3210.4791868004663, 7.63884272775356, 3203.2283420334388, 1.3549494142101308
2100-Oct-11 12:00:00, 6416.2178454097348, 2.3043631842849157, 3212.9557342082298, 7.6447352924004548, 3203.2621112015049, 1.3549636983977078
2100-Oct-11 13:00:00, 6417.5220124490115, 2.3048315715161278, 3214.2259397700118, 7.6477575516813321, 3203.2960726789993, 1.3549780639312019
2100-Oct-11 14:00:00, 6417.7679296309325, 2.3049198918497038, 3214.4377046447744, 7.6482614137154554, 3203.3302249861581, 1.3549925101846805
2100-Oct-11 15:00:00, 6417.2166429214667, 2.3047218990714211, 3213.8520762258577, 7.6468680007298175, 3203.3645666956095, 1.3550070365543725
2100-Oct-11 16:00:00, 6416.1365846563567, 2.304333999757064, 3212.737488204777, 7.644216009514837, 3203.3990964515801, 1.3550216424667927
2100-Oct-11 17:00:00, 6415.0077653046155, 2.3039285880614928, 3211.5739523115813, 7.64144755434691, 3203.4338129930343, 1.3550363273885291
2100-Oct-11 18:00:00, 6414.3708191971973, 2.3036998309968681, 3210.9021040312741, 7.6398489944274823, 3203.4687151659232, 1.3550510908314251
2100-Oct-11 19:00:00, 6414.4110151249261, 2.3037142672299025, 3210.9072131731637, 7.6398611508468504, 3203.5038019517624, 1.3550659323646668
2100-Oct-11 20:00:00, 6415.2041888919066, 2.3039991329360565, 3211.6651164191594, 7.6416644653560422, 3203.5390724727467, 1.3550808516169472
2100-Oct-11 21:00:00, 6416.8127338921804, 2.3045768364941659, 3213.2382078954665, 7.6454073952069148, 3203.5745259967139, 1.3550958482785653
2100-Oct-11 22:00:00, 6419.2757303553135, 2.305461413438, 3215.6655684205025, 7.6511829272117762, 3203.6101619348105, 1.3551109221004392
2100-Oct-11 23:00:00, 6422.6321553301004, 2.3066668622443007, 3218.9861754620988, 7.6590838022760694, 3203.6459798680012, 1.3551260729053187
2100-Oct-12 00:00:00, 6426.8998657728362, 2.3081995961792097, 3223.2178862836149, 7.669152509018601, 3203.6819794892212, 1.3551413005633173
2100-Oct-12 01:00:00, 6432.1020646694706, 2.3100679485175437, 3228.3839040305884, 7.6814442557647435, 3203.7181606388826, 1.3551566050069299
2100-Oct-12 02:00:00, 6438.1019011536309, 2.3122227697282542, 3234.3473778944017, 7.6956334270087217, 3203.7545232592292, 1.3551719862117262
2100-Oct-12 03:00:00, 6444.8388204687271, 2.3146423117729982, 3241.0477530888847, 7.7115759419261307, 3203.7910673798424, 1.3551874441902187
2100-Oct-12 04:00:00, 6452.1780621059161, 2.3172781758656442, 3248.3502689953298, 7.7289511582974422, 3203.8277931105863, 1.3552029789888793
2100-Oct-12 05:00:00, 6460.0645358580005, 2.3201105765424908, 3256.1998352663059, 7.7476279970919721, 3203.8647005916951, 1.3552185906670267
2100-Oct-12 06:00:00, 6468.3878136938874, 2.323099853945426, 3264.4860236795525, 7.7673437112948749, 3203.9017900143349, 1.355234279305523
2100-Oct-12 07:00:00, 6477.2656787276619, 2.3262883094860238, 3273.3266171603332, 7.7883785473085565, 3203.9390615673287, 1.3552500449842395
2100-Oct-12 08:00:00, 6486.6689938100108, 2.329665478654539, 3282.6924783710342, 7.8106631773079229, 3203.9765154389765, 1.3552658877828259
2100-Oct-12 09:00:00, 6495.8260411377069, 2.3329542015824543, 3291.8118893259343, 7.8323614167298263, 3204.0141518117721, 1.3552818077784763
2100-Oct-12 10:00:00, 6503.5616107403612, 2.3357324055386344, 3299.5096398932296, 7.8506770333464369, 3204.0519708471315, 1.3552978050394688
2100-Oct-12 11:00:00, 6508.7000404386963, 2.3375778553826341, 3304.6100677321861, 7.8628127189681436, 3204.0899727065107, 1.3553138796340984
2100-Oct-12 12:00:00, 6510.3004139131872, 2.3381526241645827, 3306.1722563859225, 7.8665297072252347, 3204.1281575272646, 1.3553300316204659
2100-Oct-12 13:00:00, 6508.0929661507662, 2.3373598266820914, 3303.9264406924349, 7.8611861332975153, 3204.1665254583313, 1.355346261061571
2100-Oct-12 14:00:00, 6502.9901386488646, 2.3355271632478924, 3298.7850619739738, 7.8489530113400168, 3204.2050766748907, 1.355362568031514
2100-Oct-12 15:00:00, 6497.1102744595482, 2.3334154296857053, 3292.8664630861172, 7.8348706132173698, 3204.2438113734311, 1.3553789526134086
2100-Oct-12 16:00:00, 6492.0728381389345, 2.3316062512756068, 3287.7901083159895, 7.8227922057700594, 3204.2827298229445, 1.3553954149210368
2100-Oct-12 17:00:00, 6488.7608123116624, 2.330416748274672, 3284.438979955692, 7.8148187099099795, 3204.3218323559709, 1.3554119550950616
2100-Oct-12 18:00:00, 6488.0484680846275, 2.3301609122275075, 3283.6873486741056, 7.8130303185779608, 3204.3611194105215, 1.3554285733207594
2100-Oct-12 19:00:00, 6490.1686346909319, 2.3309223629746345, 3285.7680431542963, 7.817981011908735, 3204.4005915366361, 1.3554452698307942
2100-Oct-12 20:00:00, 6495.0089422111541, 2.332660743235242, 3290.5686928170962, 7.8294034213471582, 3204.4402493940584, 1.3554620449042343
2100-Oct-12 21:00:00, 6502.0648792539487, 2.3351948594301404, 3297.5847854743433, 7.8460971375351987, 3204.4800937796049, 1.3554788988781292
2100-Oct-12 22:00:00, 6510.8334483387625, 2.3383440616961386, 3306.3133227285393, 7.866865352947487, 3204.5201256102232, 1.355495832140343
2100-Oct-12 23:00:00, 6520.7828540260116, 2.3419173574793568, 3316.2225081115935, 7.8904427394673924, 3204.5603459144181, 1.3555128451259277
2100-Oct-13 00:00:00, 6531.7079756643107, 2.3458410783837431, 3327.1072198469205, 7.9163412412938312, 3204.6007558173901, 1.3555299383108381
2100-Oct-13 01:00:00, 6543.3271454642218, 2.350014064364577, 3338.6857889447374, 7.9438906702744925, 3204.6413565194839, 1.3555471122028135
2100-Oct-13 02:00:00, 6555.628822620276, 2.3544321705801647, 3350.9466733562781, 7.9730635638749225, 3204.6821492639983, 1.3555643673277631
2100-Oct-13 03:00:00, 6568.1610226352932, 2.3589330683097147, 3363.4378873232731, 8.0027844913193036, 3204.7231353120205, 1.3555817042191203
2100-Oct-13 04:00:00, 6580.8029942710191, 2.3634733901497813, 3376.0386783558893, 8.0327661405818773, 3204.7643159151298, 1.3555991234062972
2100-Oct-13 05:00:00, 6593.677725646633, 2.3680973068721145, 3388.8720333629126, 8.0633011401455335, 3204.8056922837204, 1.355616625401284
2100-Oct-13 06:00:00, 6606.6890054618189, 2.372770264509922, 3401.8417398864804, 8.094160567226071, 3204.8472655753385, 1.3556342106937171
2100-Oct-13 07:00:00, 6619.3845595593612, 2.3773298303119783, 3414.495522679294, 8.1242683022529381, 3204.8890368800667, 1.3556518797446959
2100-Oct-13 08:00:00, 6630.4621155322357, 2.3813082974979092, 3425.5311083151864, 8.1505257853812587, 3204.9310072170492, 1.3556696329853133
2100-Oct-13 09:00:00, 6636.5254454783662, 2.3834859221731737, 3431.5522679486662, 8.1648522110649857, 3204.9731775297, 1.3556874708146287
2100-Oct-13 10:00:00, 6638.4147697850221, 2.3841644666802853, 3433.3992210704946, 8.1692467526901691, 3205.0155487145275, 1.3557053936118604
2100-Oct-13 11:00:00, 6637.2887433376582, 2.383760058046982, 3432.230621712572, 8.1664662497846763, 3205.0581216250862, 1.3557234017380579
2100-Oct-13 12:00:00, 6634.9788506050663, 2.3829304677960153, 3429.8779534903192, 8.160868436656262, 3205.1008971147476, 1.3557414955541929
2100-Oct-13 13:00:00, 6632.5891960228282, 2.3820722313434595, 3427.445319970931, 8.1550803583702329, 3205.1438760518972, 1.3557596754275882
2100-Oct-13 14:00:00, 6630.3510589136304, 2.3812684118846943, 3425.163999542176, 8.149652306371479, 3205.1870593714543, 1.3557779417537099
2100-Oct-13 15:00:00, 6628.3278988374295, 2.3805418007084782, 3423.097450749588, 8.1447352705343636, 3205.2304480878411, 1.3557962949616533
2100-Oct-13 16:00:00, 6626.6467432342761, 2.3799380192951443, 3421.3726998995417, 8.1406314904686869, 3205.2740433347349, 1.3558147355309582
2100-Oct-13 17:00:00, 6625.2240044996106, 2.3794270474360193, 3419.9061581022406, 8.1371420792339659, 3205.31784639737, 1.3558332640052726
2100-Oct-13 18:00:00, 6624.1614830128947, 2.3790454463969817, 3418.7996242850795, 8.1345092517616724, 3205.3618587278147, 1.3558518809988136
2100-Oct-13 19:00:00, 6623.6306228973426, 2.3788547897615997, 3418.2245409555067, 8.1331409291984791, 3205.406081941836, 1.3558705871950427
2100-Oct-13 20:00:00, 6623.6437601996695, 2.3788595079798012, 3418.1932423683106, 8.1330664590115447, 3205.4505178313589, 1.355889383351935
2100-Oct-13 21:00:00, 6624.2551211030896, 2.3790790762039631, 3418.7599527583802, 8.1344148594496239, 3205.4951683447093, 1.3559082702936227
2100-Oct-13 22:00:00, 6625.540143863207, 2.3795405878313312, 3420.0001082883955, 8.1373656192896782, 3205.5400355748116, 1.3559272489054022
2100-Oct-13 23:00:00, 6627.5889413541809, 2.3802764065993354, 3422.0038196330161, 8.1421331430588086, 3205.5851217211648, 1.3559463201176503
2100-Oct-14 00:00:00, 6630.1709127692993, 2.3812037129993402, 3424.5404837172273, 8.1481687461152301, 3205.630429052072, 1.3559654848898479
2100-Oct-14 01:00:00, 6633.0307204715109, 2.3822308033728108, 3427.3547606044835, 8.1548648862498521, 3205.6759598670274, 1.3559847441946695
2100-Oct-14 02:00:00, 6635.8819225787738, 2.3832548030756318, 3430.1602061487306, 8.1615400135585379, 3205.7217164300432, 1.3560040989897808
2100-Oct-14 03:00:00, 6638.4089080157164, 2.3841623614454397, 3432.6412070548886, 8.1674431746216829, 3205.7677009608278, 1.3560235502141071
2100-Oct-14 04:00:00, 6640.0639477200366, 2.3847567634210356, 3434.2500321755429, 8.1712711271976293, 3205.8139155444942, 1.3560430987496408
2100-Oct-14 05:00:00, 6641.2514598698272, 2.3851832544387661, 3435.3910977514111, 8.1739861176924897, 3205.8603621184161, 1.3560627454158811
2100-Oct-14 06:00:00, 6641.9737499263974, 2.385442662497351, 3436.0667075043898, 8.1755936274591186, 3205.9070424220076, 1.3560824909485916
2100-Oct-14 07:00:00, 6642.4918463981357, 2.385628735112737, 3436.5378884240422, 8.176714730176851, 3205.9539579740936, 1.3561023359902271
2100-Oct-14 08:00:00, 6642.9277984774362, 2.3857853058442577, 3436.9266884359718, 8.1776398201621365, 3206.0011100414645, 1.356122281076634
2100-Oct-14 09:00:00, 6642.9641460976527, 2.3857983599705173, 3436.915646453996, 8.1776135474598988, 3206.0484996436571, 1.3561423266390713
2100-Oct-14 10:00:00, 6642.0861375731329, 2.3854830261448683, 3435.9900100443574, 8.1754111376185943, 3206.096127528775, 1.3561624729939825
2100-Oct-14 11:00:00, 6639.7465085260301, 2.3846427561959787, 3433.6025143408851, 8.1697304578412595, 3206.1439941851449, 1.3561827203479278
2100-Oct-14 12:00:00, 6635.4466157090337, 2.3830984640689667, 3429.254515867, 8.1593850624687949, 3206.1920998420333, 1.3562030687978854
2100-Oct-14 13:00:00, 6629.9043228211367, 2.3811079681108955, 3423.6638783190301, 8.1460829980441449, 3206.2404445021066, 1.3562235183449836
2100-Oct-14 14:00:00, 6623.9092333288754, 2.3789548517664523, 3417.6202053898874, 8.1317030054269956, 3206.2890279389876, 1.3562440688934658
2100-Oct-14 15:00:00, 6618.071350590466, 2.3768581957019785, 3411.7335008601681, 8.1176964950368458, 3206.3378497302983, 1.356264720264668
2100-Oct-14 16:00:00, 6612.5895278924791, 2.3748894174104098, 3406.2026186058361, 8.1045366091667645, 3206.386909286643, 1.3562854722092792
2100-Oct-14 17:00:00, 6607.8399736628544, 2.3731836308906544, 3401.40376780822, 8.0931184798520945, 3206.4362058546344, 1.3563063244086202
2100-Oct-14 18:00:00, 6604.0434446387044, 2.3718201201866691, 3397.5577060856449, 8.0839673659807527, 3206.485738553059, 1.3563272764899419
2100-Oct-14 19:00:00, 6601.2821899734881, 2.3708284248068883, 3394.7466835779505, 8.0772789691430678, 3206.5355063955376, 1.3563483280360114
2100-Oct-14 20:00:00, 6599.596976998635, 2.3702231862020753, 3393.0114687022465, 8.0731502915335511, 3206.5855082963881, 1.3563694785875899
2100-Oct-14 21:00:00, 6598.9828473628113, 2.3700026235969291, 3392.3471042747701, 8.0715695382938879, 3206.6357430880416, 1.3563907276508025
2100-Oct-14 22:00:00, 6599.2868874085798, 2.3701118185627013, 3392.6006778816641, 8.0721728777925321, 3206.6862095269162, 1.3564120746996198
2100-Oct-14 23:00:00, 6600.2855524650395, 2.370470485778339, 3393.5486461627497, 8.0744284228961671, 3206.7369063022898, 1.3564335191796131
2100-Oct-15 00:00:00, 6601.7666742918009, 2.3710024257297655, 3394.9788422570136, 8.0778313551060528, 3206.7878320347868, 1.3564550605073136
2100-Oct-15 01:00:00, 6603.5668726539407, 2.3716489609519282, 3396.7278873742689, 8.0819929396537393, 3206.8389852796722, 1.3564766980716054
2100-Oct-15 02:00:00, 6605.4476703009395, 2.3723244431377353, 3398.5573057752863, 8.0863457601006328, 3206.8903645256532, 1.3564984312332198
2100-Oct-15 03:00:00, 6607.4750495965945, 2.37305256963251, 3400.5330814070458, 8.0910468151264343, 3206.9419681895488, 1.3565202593224785
2100-Oct-15 04:00:00, 6609.8599851594145, 2.373909111265021, 3402.86619054313, 8.0965980904097332, 3206.9937946162845, 1.356542181639294
2100-Oct-15 05:00:00, 6612.4844773965324, 2.3748516888760638, 3405.438635313501, 8.1027188281200058, 3207.0458420830309, 1.3565641974549179
2100-Oct-15 06:00:00, 6615.1636291444956, 2.3758138972676535, 3408.0655203354195, 8.1089690980575373, 3207.0981088090762, 1.3565863060161178
2100-Oct-15 07:00:00, 6617.8395177317152, 2.3767749337059731, 3410.6889247830286, 8.1152110865024287, 3207.1505929486866, 1.3566085065421583
2100-Oct-15 08:00:00, 6620.3775823024789, 2.3776864711096461, 3413.1742896862866, 8.1211246310272216, 3207.2032926161924, 1.35663079823541
2100-Oct-15 09:00:00, 6622.3159187476704, 2.3783826181624232, 3415.0597128459772, 8.1256107062060785, 3207.2562059016932, 1.3566531802879951
2100-Oct-15 10:00:00, 6622.862858222863, 2.3785790496460533, 3415.553527340564, 8.1267856620433072, 3207.3093308822986, 1.3566756518865404
2100-Oct-15 11:00:00, 6618.8486093090751, 2.3771373455717275, 3411.4859436566867, 8.1171074706471877, 3207.3626656523884, 1.3566982122249782
2100-Oct-15 12:00:00, 6611.6453954191602, 2.374550335389658, 3404.2291870740351, 8.0998411315672225, 3207.4162083451256, 1.356720860513646
2100-Oct-15 13:00:00, 6602.8115552355612, 2.3713776912267881, 3395.3415980820291, 8.0786944769438342, 3207.4699571535321, 1.3567435959882013
2100-Oct-15 14:00:00, 6593.2209364963492, 2.3679332525762264, 3385.6970261322558, 8.055746697495918, 3207.5239103640929, 1.3567664179238357
2100-Oct-15 15:00:00, 6583.5048268828305, 2.3644437442977804, 3375.9267605007421, 8.0324998492140924, 3207.5780663820883, 1.3567893256459909
2100-Oct-15 16:00:00, 6574.0811719366338, 2.3610592701351778, 3366.4487481883034, 8.0099483728724614, 3207.6324237483309, 1.3568123185374379
2100-Oct-15 17:00:00, 6565.4218213405311, 2.357949293324189, 3357.7348401842082, 7.9892149655166165, 3207.6869811563229, 1.3568353960455348
2100-Oct-15 18:00:00, 6558.1410464588462, 2.3553344273712784, 3350.3993089782921, 7.9717611943048592, 3207.7417374805545, 1.3568585576941967
2100-Oct-15 19:00:00, 6552.8465929033309, 2.3534329420806932, 3345.0499011324091, 7.9590330989509583, 3207.7966917709218, 1.3568818030815344
2100-Oct-15 20:00:00, 6549.9531789355333, 2.3523937821293117, 3342.1013356806302, 7.952017439777328, 3207.8518432549026, 1.3569051318807748
2100-Oct-15 21:00:00, 6548.4351650633544, 2.3518485925231354, 3340.5279737179444, 7.9482738663456107, 3207.90719134541, 1.3569285438435832
2100-Oct-15 22:00:00, 6547.6459887226374, 2.3515651624792571, 3339.6832531138289, 7.9462639832508186, 3207.9627356088081, 1.3569520387865339
2100-Oct-15 23:00:00, 6547.0107074969874, 2.3513370033513521, 3338.9922317347614, 7.9446198038841018, 3208.0184757622264, 1.356975616589974
2100-Oct-16 00:00:00, 6545.9736692517054, 2.3509645545332636, 3337.8992576232163, 7.9420192396512217, 3208.0744116284891, 1.356999277178959
2100-Oct-16 01:00:00, 6544.1604417957697, 2.3503133399556315, 3336.0298986864609, 7.937571386826539, 3208.1305431093083, 1.3570230205119136
2100-Oct-16 02:00:00, 6541.5317115647003, 2.3493692402832322, 3333.3448414045411, 7.9311827049201362, 3208.1868701601593, 1.3570468465700043
2100-Oct-16 03:00:00, 6538.2760631104729, 2.3481999850273088, 3330.032670364345, 7.9233019020270667, 3208.2433927461279, 1.3570707553384622
2100-Oct-16 04:00:00, 6535.2368043162551, 2.3471084453942024, 3326.9366935187427, 7.9159355000551876, 3208.3001107975124, 1.3570947467878043
2100-Oct-16 05:00:00, 6533.3060515933421, 2.3464150220099227, 3324.9490273936453, 7.9112061534245273, 3208.3570241996968, 1.3571188208695482
2100-Oct-16 06:00:00, 6532.7334393626152, 2.3462093702419886, 3324.3193066103049, 7.9097078294216452, 3208.4141327523103, 1.3571429774989381
2100-Oct-16 07:00:00, 6533.3175799198907, 2.3464191623698536, 3324.8461437781493, 7.9109613576441129, 3208.4714361417418, 1.3571672165433184
2100-Oct-16 08:00:00, 6534.6868220230417, 2.3469109210926549, 3326.1578880664238, 7.9140824519525124, 3208.5289339566179, 1.3571915378286799
2100-Oct-16 09:00:00, 6536.3433335011305, 2.3475058516508787, 3327.7567078483203, 7.9178865983597344, 3208.5866256528097, 1.357215941124859
2100-Oct-16 10:00:00, 6537.7247164670462, 2.3480019707239448, 3329.0802058958598, 7.9210356589352422, 3208.6445105711864, 1.3572404261530466
2100-Oct-16 11:00:00, 6538.636311998438, 2.3483293672108019, 3329.9337240699269, 7.9230664744981603, 3208.7025879285106, 1.3572649925819373
2100-Oct-16 12:00:00, 6539.1183794839508, 2.3485025001362607, 3330.3575226299486, 7.9240748381597479, 3208.7608568540022, 1.3572896400431955
2100-Oct-16 13:00:00, 6539.0764938772827, 2.3484874570606853, 3330.2571774972062, 7.9238360823096352, 3208.819316380077, 1.3573143681275379
2100-Oct-16 14:00:00, 6538.7216045588129, 2.3483599997486548, 3329.8436390829652, 7.9228521310909947, 3208.8779654758478, 1.3573391763989047
2100-Oct-16 15:00:00, 6537.968122985947, 2.348089389361292, 3329.0313199244042, 7.92091934226542, 3208.9368030615424, 1.3573640644005573
2100-Oct-16 16:00:00, 6536.9344389170565, 2.3477181451844382, 3327.9386108827098, 7.918319408725587, 3208.9958280343471, 1.3573890316660113
2100-Oct-16 17:00:00, 6535.5738961054194, 2.3472295107830949, 3326.5188568160111, 7.9149413217184543, 3209.0550392894083, 1.3574140777279193
2100-Oct-16 18:00:00, 6533.9122184548778, 2.3466327248113101, 3324.7977827132481, 7.910846289908914, 3209.1144357416292, 1.3574392021272907
2100-Oct-16 19:00:00, 6532.654316193567, 2.3461809534204012, 3323.4802998466698, 7.9077115415337564, 3209.1740163468971, 1.3574644044224711
2100-Oct-16 20:00:00, 6531.5827914261481, 2.3457961188832051, 3322.3490112985783, 7.9050198139766641, 3209.2337801275703, 1.3574896841999229
2100-Oct-16 21:00:00, 6530.5209510301156, 2.3454147624556088, 3321.2272248474578, 7.9023506952016653, 3209.2937261826578, 1.3575150410785317
2100-Oct-16 22:00:00, 6529.2427246799925, 2.344955691736164, 3319.8888709853359, 7.8991662874942845, 3209.3538536946571, 1.3575404747124977
2100-Oct-16 23:00:00, 6528.2831103224762, 2.3446110494484724, 3318.8689483503967, 7.8967395380436711, 3209.4141619720795, 1.3575659848093251
2100-Oct-17 00:00:00, 6527.8718769246361, 2.3444633563487423, 3318.3972265107714, 7.8956171482898423, 3209.4746504138648, 1.3575915711147684
2100-Oct-17 01:00:00, 6527.4336170221704, 2.3443059567702487, 3317.8982984724012, 7.8944300255596138, 3209.5353185497688, 1.3576172334299164
2100-Oct-17 02:00:00, 6527.1612723293065, 2.3442081450844876, 3317.5651063168602, 7.8936372459381907, 3209.5961660124462, 1.3576429715993841
2100-Oct-17 03:00:00, 6526.8144536623104, 2.3440835863199467, 3317.1572611076276, 7.8926668408275127, 3209.6571925546828, 1.3576687855186009
2100-Oct-17 04:00:00, 6525.8805612572824, 2.3437481819854806, 3316.1621632289766, 7.8902991580762931, 3209.7183980283057, 1.3576946751248908
2100-Oct-17 05:00:00, 6523.9855791851805, 2.3430676055108282, 3314.2057968134131, 7.8856442843029981, 3209.7797823717679, 1.3577206403922195
2100-Oct-17 06:00:00, 6521.2769978887172, 2.3420948275953029, 3311.4356522685025, 7.8790531503069525, 3209.8413456202147, 1.3577466813354535
2100-Oct-17 07:00:00, 6518.2246369386694, 2.3409985823667419, 3308.3215490752609, 7.8716436194715032, 3209.9030878634085, 1.3577727979925613
2100-Oct-17 08:00:00, 6514.5098821009688, 2.3396644405883786, 3304.5448728539236, 7.8626575977564102, 3209.9650092470456, 1.3577989904251724
2100-Oct-17 09:00:00, 6509.9455763696315, 2.3380251854473393, 3299.9184664109807, 7.8516497733301982, 3210.0271099586503, 1.3578252587126081
2100-Oct-17 10:00:00, 6504.4516385068891, 2.3360520560348603, 3294.3622483073163, 7.8384296046932267, 3210.0893901995723, 1.3578516029400385
2100-Oct-17 11:00:00, 6498.0201680287773, 2.3337422149185429, 3287.868317835374, 7.8229782933238576, 3210.1518501934033, 1.3578780232020418
2100-Oct-17 12:00:00, 6490.7836470717448, 2.3311432426146923, 3280.5691569257374, 7.8056110596527839, 3210.2144901460078, 1.3579045195856976
2100-Oct-17 13:00:00, 6482.9297261689744, 2.3283225331848247, 3272.6524159106802, 7.7867743888595227, 3210.2773102582942, 1.3579310921759891
2100-Oct-17 14:00:00, 6474.7071516888191, 2.3253694230553634, 3264.3668409913425, 7.7670601343712651, 3210.3403106974761, 1.357957741043647
2100-Oct-17 15:00:00, 6466.3343667253712, 2.3223623653331096, 3255.93087513406, 7.7469880477165924, 3210.4034915913112, 1.3579844662427119
2100-Oct-17 16:00:00, 6458.206203554304, 2.3194431627096095, 3247.7393505430186, 7.7274975715569107, 3210.4668530112849, 1.3580112678034217
2100-Oct-17 17:00:00, 6450.5808672897329, 2.3167045486881976, 3240.050472323539, 7.7092030653308825, 3210.5303949661943, 1.3580381457294979
2100-Oct-17 18:00:00, 6443.5155210957037, 2.3141670532280965, 3232.9214037064608, 7.6922405401772789, 3210.5941173892434, 1.358065099992686
2100-Oct-17 19:00:00, 6436.9526305294185, 2.3118100130265611, 3226.2946104148114, 7.6764731021099752, 3210.6580201146066, 1.3580921305228424
2100-Oct-17 20:00:00, 6430.8052948989398, 2.3096022179906659, 3220.0831920172582, 7.6616939848834065, 3210.7221028816816, 1.3581192372097337
2100-Oct-17 21:00:00, 6425.1251439052285, 2.3075622107548686, 3214.3387786094245, 7.6480260343898943, 3210.7863652958044, 1.3581464198864193
2100-Oct-17 22:00:00, 6419.9168843154239, 2.3056916817388489, 3209.0660774895532, 7.6354804509234935, 3210.8508068258702, 1.3581736783282443
2100-Oct-17 23:00:00, 6415.2795389422126, 2.3040261946546647, 3204.364112157265, 7.6242928457110475, 3210.9154267849476, 1.3582010122446402
2100-Oct-18 00:00:00, 6411.0614839411646, 2.3025112943055972, 3200.08125962965, 7.6141024551241463, 3210.9802243115146, 1.3582284212711877
2100-Oct-18 01:00:00, 6407.2494941835794, 2.3011422309308966, 3196.204295828979, 7.6048778144984475, 3211.0451983546, 1.3582559049633309
2100-Oct-18 02:00:00, 6404.1441318255065, 2.300026950423872, 3193.0337841597648, 7.597334068347652, 3211.1103476657418, 1.3582834627929772
2100-Oct-18 03:00:00, 6401.8911573918913, 2.2992178021896561, 3190.7154866132241, 7.5918180349695294, 3211.1756707786672, 1.3583110941399004
2100-Oct-18 04:00:00, 6400.4444986811413, 2.2986982395511055, 3189.2033326723681, 7.5882200966362605, 3211.2411660087737, 1.358338798291522
2100-Oct-18 05:00:00, 6400.0799718710359, 2.2985673209661805, 3188.7731404244591, 7.5871965201751559, 3211.3068314465768, 1.3583665744401399
2100-Oct-18 06:00:00, 6400.7055637418443, 2.2987920001946938, 3189.3328987817799, 7.588528379317772, 3211.3726649600644, 1.3583944216839234
2100-Oct-18 07:00:00, 6402.2154540859865, 2.2993342722629397, 3190.7767898888774, 7.5919638967098377, 3211.4386641971096, 1.3584223390279353
2100-Oct-18 08:00:00, 6404.4586631224283, 2.3001399132874152, 3192.9538365175194, 7.5971438451971407, 3211.5048266049093, 1.3584503253923523
2100-Oct-18 09:00:00, 6407.1340193511205, 2.30110075853095, 3195.5628699138229, 7.6033516399300138, 3211.5711494372972, 1.35847837961556
2100-Oct-18 10:00:00, 6405.6996081796451, 2.3005855945551756, 3194.0619784021155, 7.5997804988192126, 3211.6376297775296, 1.3585065004637906
2100-Oct-18 11:00:00, 6400.6818565267695, 2.298783485827673, 3188.9775919753743, 7.5876829812770703, 3211.7042645513957, 1.3585346866366685
2100-Oct-18 12:00:00, 6394.5078320507218, 2.2965661055821354, 3182.7367814655872, 7.5728339300282803, 3211.7710505851351, 1.3585629367917089
2100-Oct-18 13:00:00, 6388.6966014664195, 2.2944790215496882, 3176.8586168726201, 7.5588477391075806, 3211.8379845937989, 1.3585912495393953
2100-Oct-18 14:00:00, 6383.3943665453717, 2.2925747416076918, 3171.4893032945747, 7.5460722811175982, 3211.9050632507974, 1.3586196234725969
2100-Oct-18 15:00:00, 6378.4684150077974, 2.2908056025846335, 3166.4961318044848, 7.5341917955245705, 3211.9722832033131, 1.3586480571730888
2100-Oct-18 16:00:00, 6373.9960186369099, 2.2891993563830684, 3161.9563775274296, 7.5233901466343829, 3212.0396411094807, 1.3586765492272788
2100-Oct-18 17:00:00, 6370.4798808905334, 2.2879365472689077, 3158.3727472095084, 7.5148634480326422, 3212.1071336810251, 1.3587050982442432
2100-Oct-18 18:00:00, 6368.7273130030217, 2.2873071183724387, 3156.5525553038519, 7.5105325806160881, 3212.1747576991697, 1.3587337028624558
2100-Oct-18 19:00:00, 6369.1916636663091, 2.2874738883604375, 3156.9491535929305, 7.5114762254055707, 3212.2425100733785, 1.3587623617746354
2100-Oct-18 20:00:00, 6371.6712494142166, 2.2883644232904263, 3159.3608615925932, 7.5172145146274518, 3212.3103878216234, 1.3587910737193991
2100-Oct-18 21:00:00, 6375.7926174116928, 2.2898445988254683, 3163.4142292829979, 7.5268588812478798, 3212.378388128695, 1.3588198375059277
2100-Oct-18 22:00:00, 6381.278851442341, 2.2918149614324115, 3168.8323431054605, 7.5397504519333474, 3212.44650833688, 1.358848652010022
2100-Oct-18 23:00:00, 6387.9385013465217, 2.2942067524266028, 3175.4237553863204, 7.555433706313031, 3212.5147459602008, 1.3588775161801256
2100-Oct-19 00:00:00, 6395.4990284390551, 2.2969220904505891, 3182.9159297606766, 7.5732601859145543, 3212.583098678379, 1.358906429034773
2100-Oct-19 01:00:00, 6403.5343703310064, 2.2998079566220757, 3190.8828059980892, 7.5922161457785151, 3212.6515643329176, 1.3589353896609304
2100-Oct-19 02:00:00, 6411.7293284498537, 2.3027511484277183, 3199.0091875200928, 7.6115516239985661, 3212.7201409297609, 1.3589643972151226
2100-Oct-19 03:00:00, 6420.0456915552986, 2.3057379424283373, 3207.2568649431842, 7.6311757072080972, 3212.7888266121145, 1.3589934509119348
2100-Oct-19 04:00:00, 6428.463288054867, 2.3087610940639456, 3215.6056683901943, 7.6510404042785041, 3212.8576196646723, 1.3590225500258011
2100-Oct-19 05:00:00, 6436.9244133520442, 2.3117998789216614, 3223.9978948609473, 7.6710084197726829, 3212.9265184910964, 1.359051693881479
2100-Oct-19 06:00:00, 6445.3585024139938, 2.3148289538059004, 3232.3629808010442, 7.6909118585376062, 3212.9955216129501, 1.3590808818535969
2100-Oct-19 07:00:00, 6453.7054934843345, 2.3178267477376959, 3240.6408658223686, 7.7106078160931952, 3213.0646276619655, 1.3591101133633843
2100-Oct-19 08:00:00, 6461.8469267851106, 2.3207507162839076, 3248.7130914083186, 7.7298144385710916, 3213.1338353767919, 1.3591393878772966
2100-Oct-19 09:00:00, 6467.993259075055, 2.3229581509734052, 3254.7901154509723, 7.744273785046679, 3213.2031436240827, 1.3591687049159336
2100-Oct-19 10:00:00, 6470.4137082343404, 2.3238274471953346, 3257.1411568556114, 7.7498677274121395, 3213.2725513787286, 1.3591980640456793
2100-Oct-19 11:00:00, 6470.8816633482611, 2.3239955117097257, 3257.5396055920655, 7.7508157750572888, 3213.3420577561956, 1.3592274648923803
2100-Oct-19 12:00:00, 6470.8876241508879, 2.3239976525120571, 3257.4759621341077, 7.7506643452121775, 3213.4116620167797, 1.3592569071431457
2100-Oct-19 13:00:00, 6471.0765101344959, 2.3240654902814626, 3257.5951465575858, 7.7509479262645922, 3213.4813635769101, 1.3592863905511279
2100-Oct-19 14:00:00, 6471.6519726454153, 2.3242721657179968, 3258.1008106084896, 7.7521510763033188, 3213.5511620369261, 1.3593159149472724
2100-Oct-19 15:00:00, 6472.5756093416221, 2.3246038867489336, 3258.9545521704099, 7.7541824233833649, 3213.6210571712122, 1.3593454802361451
2100-Oct-19 16:00:00, 6473.7559975599852, 2.3250278192305132, 3260.0649485977469, 7.7568244413440359, 3213.6910489622383, 1.3593750864103307
2100-Oct-19 17:00:00, 6475.3597140762395, 2.3256037886547323, 3261.598576491484, 7.7604734736540166, 3213.761137584755, 1.3594047335437478
2100-Oct-19 18:00:00, 6477.4816924732404, 2.3263658901004298, 3263.6503690508739, 7.7653553992978868, 3213.831323422366, 1.3594344217986589
2100-Oct-19 19:00:00, 6479.9498088345417, 2.327252305838571, 3266.0482017865907, 7.7710606744577158, 3213.9016070479511, 1.3594641514173893
2100-Oct-19 20:00:00, 6482.697926623734, 2.3282392831532555, 3268.7259374094433, 7.7774319355995329, 3213.9719892142912, 1.3594939227183616
2100-Oct-19 21:00:00, 6485.6662300229509, 2.3293053393935121, 3271.6237591790127, 7.7843268579655804, 3214.0424708439386, 1.3595237360918104
2100-Oct-19 22:00:00, 6488.8004134413668, 2.3304309708879853, 3274.6873604562056, 7.7916162272389391, 3214.1130529851612, 1.3595535919811481
2100-Oct-19 23:00:00, 6492.0427499571842, 2.3315954452057417, 3277.8590131489823, 7.7991626882802647, 3214.183736808202, 1.3595834908813815
2100-Oct-20 00:00:00, 6495.3336409961448, 2.3327773577181263, 3281.0791174546471, 7.8068244325018341, 3214.2545235414982, 1.3596134333121335
2100-Oct-20 01:00:00, 6498.6248654619885, 2.3339593899796607, 3284.2994510107974, 7.8144867221897654, 3214.3254144511907, 1.3596434198089749
2100-Oct-20 02:00:00, 6501.881814774767, 2.3351291124345832, 3287.4854039738434, 7.8220672085304921, 3214.3964108009236, 1.3596734509064208
2100-Oct-20 03:00:00, 6505.0826684616441, 2.3362786883330386, 3290.6151546467895, 7.8295139701435277, 3214.467513814855, 1.3597035271222844
2100-Oct-20 04:00:00, 6508.2285415483102, 2.3374085181327753, 3293.689816904106, 7.8368296573223031, 3214.5387246442042, 1.359733648943525
2100-Oct-20 05:00:00, 6511.3313088536515, 2.3385228666352886, 3296.7212645344598, 7.8440425219254752, 3214.6100443191917, 1.3597638168059212
2100-Oct-20 06:00:00, 6514.3778994460354, 2.3396170394591898, 3299.6964257035988, 7.8511214615287006, 3214.6814737424361, 1.3597940310912759
2100-Oct-20 07:00:00, 6517.3234968742545, 2.3406749409258878, 3302.5704832230163, 7.8579598405070197, 3214.7530136512382, 1.3598242921114636
2100-Oct-20 08:00:00, 6520.2049325014086, 2.3417097988962809, 3305.3802679045857, 7.864645292127328, 3214.8246645968229, 1.3598546000996496
2100-Oct-20 09:00:00, 6522.8957543151992, 2.3426761985529891, 3307.9993273652917, 7.8708769423424183, 3214.8964269499074, 1.3598849552126455
2100-Oct-20 10:00:00, 6524.9609494504857, 2.3434179064801168, 3309.9926485796605, 7.8756197443904927, 3214.9683008708248, 1.3599153575182714
2100-Oct-20 11:00:00, 6525.6498202016737, 2.3436653121069231, 3310.6095338891887, 7.8770875283524386, 3215.040286312485, 1.3599458069966084
2100-Oct-20 12:00:00, 6524.8504282508457, 2.3433782131608329, 3309.7380452220218, 7.8750139547579181, 3215.1123830288238, 1.3599763035435726
2100-Oct-20 13:00:00, 6522.6253764587218, 2.3425790932499395, 3307.4407858858149, 7.8695479785739586, 3215.1845905729069, 1.360006846970113
2100-Oct-20 14:00:00, 6519.5974473375863, 2.3414916226310356, 3304.3405390316912, 7.8621714167718357, 3215.2569083058947, 1.3600374370060038
2100-Oct-20 15:00:00, 6516.2650044301781, 2.3402947869040416, 3300.9356690196441, 7.8540700508955492, 3215.329335410534, 1.3600680733055506
2100-Oct-20 16:00:00, 6513.1435506212565, 2.3391737272062523, 3297.7416797314127, 7.8464704433518406, 3215.4018708898443, 1.3600987554470363
2100-Oct-20 17:00:00, 6510.393289457319, 2.3381859801056954, 3294.9187758616299, 7.8397537766357024, 3215.4745135956896, 1.3601294829448047
2100-Oct-20 18:00:00, 6508.1461696642928, 2.33737893454607, 3292.5989074255235, 7.8342340055668362, 3215.5472622387692, 1.3601602552534884
2100-Oct-20 19:00:00, 6506.5822549633658, 2.3368172598107337, 3290.9621395838653, 7.830339567572759, 3215.6201153795005, 1.360191071764151
2100-Oct-20 20:00:00, 6505.7097764897371, 2.3365039120843707, 3290.016705035222, 7.8280900510967877, 3215.6930714545156, 1.360221931815496
2100-Oct-20 21:00:00, 6505.2769168852283, 2.3363484520048305, 3289.5107880917799, 7.8268862993390593, 3215.7661287934488, 1.360252834700967
2100-Oct-20 22:00:00, 6505.22017661891, 2.3363280739279135, 3289.3808910310736, 7.826577229209712, 3215.8392855878365, 1.3602837796555931
2100-Oct-20 23:00:00, 6505.6581953099912, 2.3364853868761446, 3289.7456553791894, 7.8274451300200969, 3215.9125399308018, 1.3603147658727748
2100-Oct-21 00:00:00, 6506.7153988678238, 2.3368650779988061, 3290.7295090703074, 7.8297860589519734, 3215.9858897975159, 1.3603457924960201
2100-Oct-21 01:00:00, 6508.2325894068254, 2.3374099719076256, 3292.1732563666847, 7.8332212341684926, 3216.0593330401412, 1.3603768586168041
2100-Oct-21 02:00:00, 6510.0963349289468, 2.338079329879803, 3293.963467541213, 7.8374807670344619, 3216.1328673877342, 1.3604079632745296
2100-Oct-21 03:00:00, 6512.1419358392241, 2.338814000606539, 3295.9354453816818, 7.8421727857984802, 3216.2064904575423, 1.3604391054613041
2100-Oct-21 04:00:00, 6514.5667638316963, 2.3396848694717649, 3298.2865641115391, 7.8477669121474358, 3216.2801997201573, 1.3604702841072007
2100-Oct-21 05:00:00, 6517.5966351175666, 2.3407730376126388, 3301.2426425812687, 7.8548004473947604, 3216.3539925362979, 1.3605014980958168
2100-Oct-21 06:00:00, 6520.8032654571289, 2.3419246881765901, 3304.3753993390405, 7.8622543615254967, 3216.4278661180888, 1.3605327462478949
2100-Oct-21 07:00:00, 6524.1229733348973, 2.3431169501602729, 3307.621155772667, 7.8699771410504358, 3216.5018175622299, 1.3605640273353541
2100-Oct-21 08:00:00, 6527.3632277897468, 2.3442806767127951, 3310.7873839444478, 7.8775106952761904, 3216.575843845299, 1.3605953400793021
2100-Oct-21 09:00:00, 6529.3694244484313, 2.3450011955343335, 3312.7194826102714, 7.8821078276617262, 3216.64994183816, 1.3606266831561298
2100-Oct-21 10:00:00, 6530.2373063487194, 2.3453128924167519, 3313.5131980372221, 7.8839963517618026, 3216.7241083114977, 1.3606580551998533
2100-Oct-21 11:00:00, 6530.2422786415991, 2.345314678199113, 3313.4439386806112, 7.8838315597473425, 3216.7983399609884, 1.3606894548127606
2100-Oct-21 12:00:00, 6529.2886718602576, 2.3449721935123158, 3312.4160384262168, 7.8813858287750254, 3216.8726334340408, 1.3607208805767221
2100-Oct-21 13:00:00, 6527.2601347200216, 2.3442436511815314, 3310.3131493812853, 7.8763823268821644, 3216.9469853387363, 1.3607523310569738
2100-Oct-21 14:00:00, 6524.2187707547782, 2.3431513554832906, 3307.1973784752308, 7.8689688279799084, 3217.0213922795479, 1.3607838048172247
2100-Oct-21 15:00:00, 6520.49257849678, 2.3418131059936722, 3303.3967276167259, 7.8599257622934573, 3217.0958508800545, 1.3608153004292656
2100-Oct-21 16:00:00, 6516.6105113814192, 2.340418874570255, 3299.4401535759248, 7.8505117013138213, 3217.1703578054949, 1.3608468164825096
2100-Oct-21 17:00:00, 6513.2680926918692, 2.3392184560744624, 3296.0231829055037, 7.8423815437772122, 3217.244909786366, 1.3608783515939733
2100-Oct-21 18:00:00, 6510.9204296838652, 2.3383753007553794, 3293.6009260308201, 7.836618155125449, 3217.3195036530456, 1.3609099044229223
2100-Oct-21 19:00:00, 6509.6063017194501, 2.3379033360912116, 3292.2121653921558, 7.8333138122258381, 3217.3941363272943, 1.3609414736672774
2100-Oct-21 20:00:00, 6509.314816249369, 2.3377986500593169, 3291.8460113861352, 7.8324426049376461, 3217.4688048632343, 1.3609730580809465
2100-Oct-21 21:00:00, 6510.0912182110933, 2.3380774922276952, 3292.5477117653886, 7.8341121933471154, 3217.5435064457051, 1.3610046564731315
2100-Oct-21 22:00:00, 6511.6169087275939, 2.3386254388750105, 3293.9986703365548, 7.8375645266857621, 3217.6182383910391, 1.361036267708654
2100-Oct-21 23:00:00, 6513.7713393073473, 2.3393991954136282, 3296.0783411565303, 7.8425127843740867, 3217.6929981508169, 1.3610678907095461
2100-Oct-22 00:00:00, 6516.5303078938568, 2.3403900697558857, 3298.7625245999302, 7.8488993871157806, 3217.7677832939266, 1.3610995244474593
2100-Oct-22 01:00:00, 6519.925638796788, 2.3416094914961838, 3302.0830472735852, 7.8568000614395004, 3217.8425915232028, 1.3611311679507045
2100-Oct-22 02:00:00, 6523.8601084669135, 2.343022543121918, 3305.9426878384929, 7.8659834840831371, 3217.9174206284201, 1.3611628202843673
2100-Oct-22 03:00:00, 6528.2904147431027, 2.3446136728067155, 3310.2981462485395, 7.8763466292293218, 3217.9922684945632, 1.3611944805538068
2100-Oct-22 04:00:00, 6533.4505643254124, 2.3464669232744164, 3315.3834312466784, 7.8884462847842611, 3218.0671330787345, 1.3612261478948879
2100-Oct-22 05:00:00, 6539.3724433409188, 2.3485937463209381, 3321.2304309514416, 7.9023583236342683, 3218.1420123894773, 1.3612578214652344
2100-Oct-22 06:00:00, 6545.7301599003458, 2.3508770989639824, 3327.5132554276165, 7.9173073406710088, 3218.2169044727298, 1.3612895004382881
2100-Oct-22 07:00:00, 6552.3736492780281, 2.3532630859591199, 3334.0818418516947, 7.9329362844260363, 3218.2918074263334, 1.3613211840094455
2100-Oct-22 08:00:00, 6559.135495284685, 2.3556915803417868, 3340.7687759315777, 7.9488468182731618, 3218.3667193531069, 1.3613528713762082
2100-Oct-22 09:00:00, 6565.6428214989337, 2.3580286647920872, 3347.2011830987949, 7.9641517443767995, 3218.4416384001393, 1.3613845617548046
2100-Oct-22 10:00:00, 6571.4407320266655, 2.3601109649707572, 3352.9241692932314, 7.9777687121030327, 3218.5165627334336, 1.3614162543694632
2100-Oct-22 11:00:00, 6576.0815763283044, 2.3617777086833867, 3357.490085769191, 7.9886326099321519, 3218.591490559113, 1.3614479484613828
2100-Oct-22 12:00:00, 6579.3546613315075, 2.3629532262175692, 3360.6882411973866, 7.9962421301668067, 3218.6664201341209, 1.3614796432932599
2100-Oct-22 13:00:00, 6581.5300217226122, 2.3637344996279475, 3362.7886719391631, 8.0012397829044222, 3218.7413497834491, 1.3615113381565738
2100-Oct-22 14:00:00, 6582.7737093533742, 2.3641811658818264, 3363.9574314529127, 8.0040206668761371, 3218.816277900462, 1.3615430323717261
2100-Oct-22 15:00:00, 6583.6686491352448, 2.3645025805119375, 3364.7774461355807, 8.0059717660208083, 3218.8912029996636, 1.3615747253103596
2100-Oct-22 16:00:00, 6584.6558369028107, 2.3648571256976472, 3365.68971320124, 8.0081423655590118, 3218.9661237015707, 1.3616064163889596
2100-Oct-22 17:00:00, 6586.2531428341517, 2.3654307927817309, 3367.2121040546685, 8.0117646610553734, 3219.0410387794836, 1.3616381050886384
2100-Oct-22 18:00:00, 6588.7671184958544, 2.3663336787342644, 3369.6511713299742, 8.0175680474766509, 3219.1159471658802, 1.3616697909578397
2100-Oct-22 19:00:00, 6592.1503279114459, 2.3675487470829166, 3372.9594799547644, 8.0254396603447677, 3219.1908479566814, 1.3617014736141424
2100-Oct-22 20:00:00, 6596.0612822393223, 2.3689533532521145, 3376.795541799017, 8.0345669810396529, 3219.2657404403053, 1.3617331527565513
2100-Oct-22 21:00:00, 6600.2075643881135, 2.3704424766212915, 3380.8669402904361, 8.0442542491851157, 3219.3406240976774, 1.3617648281654999
2100-Oct-22 22:00:00, 6604.5414071075375, 2.3719989617422366, 3385.1259085091206, 8.0543878107228419, 3219.4154985984164, 1.3617964997012393
2100-Oct-22 23:00:00, 6608.9332008047832, 2.3735762597630865, 3389.4428370075148, 8.0646592798548546, 3219.4903637972684, 1.3618281673023271
2100-Oct-23 00:00:00, 6613.4047416061567, 2.3751821986897217, 3393.8395218749642, 8.0751205170321665, 3219.5652197311929, 1.3618598309843977
2100-Oct-23 01:00:00, 6618.0456585078082, 2.3768489684764025, 3398.4055919079378, 8.085984780226644, 3219.6400665998699, 1.3618914908319142
2100-Oct-23 02:00:00, 6622.8736739731512, 2.3785829340866029, 3403.1587692166854, 8.0972942364810034, 3219.7149047564658, 1.3619231469942643
2100-Oct-23 03:00:00, 6627.8508171915419, 2.3803704584306491, 3408.0610825204326, 8.10895853895755, 3219.7897346711088, 1.3619547996703101
2100-Oct-23 04:00:00, 6632.9245736997618, 2.3821926811146765, 3413.0600167678408, 8.120852736147592, 3219.864556931921, 1.361986449108824
2100-Oct-23 05:00:00, 6637.9777278622505, 2.3840075045351257, 3418.0383556516149, 8.1326979298292592, 3219.9393722106356, 1.362018095593946
2100-Oct-23 06:00:00, 6643.2178324445449, 2.3858894705737135, 3423.2036512043383, 8.14498795822497, 3220.0141812402067, 1.3620497394357118
2100-Oct-23 07:00:00, 6648.8790677515863, 2.3879226843038945, 3428.7900829431155, 8.1582800155718296, 3220.0889848084712, 1.3620813809673724
2100-Oct-23 08:00:00, 6654.2503785902554, 2.3898517726307249, 3434.0865948635083, 8.1708822531854217, 3220.1637837267472, 1.3621130205321115
2100-Oct-23 09:00:00, 6659.2585955998438, 2.3916504570229735, 3439.0200167699459, 8.1826205738099169, 3220.2385788298975, 1.3621446584830716
2100-Oct-23 10:00:00, 6656.9886246520937, 2.3908352045475398, 3436.6752537014186, 8.1770415697821175, 3220.3133709506751, 1.3621762951725032
2100-Oct-23 11:00:00, 6650.9733023149765, 2.3886748216445222, 3430.5851413879454, 8.1625510817738967, 3220.3881609270306, 1.3622079309548549
2100-Oct-23 12:00:00, 6644.7292728829807, 2.3864322993531419, 3424.2663232925506, 8.1475164234417523, 3220.4629495904301, 1.362239566181833
2100-Oct-23 13:00:00, 6639.6584217668169, 2.3846111201309563, 3419.1206840072332, 8.1352731641190026, 3220.5377377595833, 1.3622712011997473
2100-Oct-23 14:00:00, 6636.3498457418846, 2.3834228561149962, 3415.7373194976731, 8.1272229672868743, 3220.6125262442119, 1.3623028363511061
2100-Oct-23 15:00:00, 6634.8980373790182, 2.3829014439961074, 3414.2107215315673, 8.1235906616112814, 3220.6873158474509, 1.3623344719756316
2100-Oct-23 16:00:00, 6635.0778919842624, 2.3829660381761735, 3414.315784618524, 8.1238406431096983, 3220.7621073657383, 1.3623661084102128
2100-Oct-23 17:00:00, 6636.593132653501, 2.3835102317957872, 3415.756231070005, 8.1272679644721464, 3220.836901583496, 1.3623977459866563
2100-Oct-23 18:00:00, 6639.2286466460846, 2.3844567678334503, 3418.3169473586427, 8.1333607960593195, 3220.9116992874424, 1.36242938503774
2100-Oct-23 19:00:00, 6643.1513996063804, 2.3858656114420285, 3422.1648983608907, 8.1425164051818211, 3220.9865012454893, 1.3624610258882868
2100-Oct-23 20:00:00, 6648.4037403750135, 2.3877519720660239, 3427.3424321608431, 8.1548355526094305, 3221.0613082141708, 1.3624926688583066
2100-Oct-23 21:00:00, 6654.8051437329987, 2.3900510146766876, 3433.6690228135108, 8.1698887045492707, 3221.1361209194879, 1.3625243142548944
2100-Oct-23 22:00:00, 6662.0007084439276, 2.3926352776817019, 3440.7897683892843, 8.1868314263028701, 3221.2109400546433, 1.3625559623712713
2100-Oct-23 23:00:00, 6669.7139068667293, 2.3954054471034438, 3448.4281406055775, 8.2050057612420897, 3221.2857662611523, 1.3625876134787951
2100-Oct-24 00:00:00, 6677.7359128667395, 2.3982865237339328, 3456.3753127503142, 8.2239148382401961, 3221.3606001164253, 1.3626192678217075
2100-Oct-24 01:00:00, 6685.9079795703919, 2.4012214941643539, 3464.4725374524683, 8.2431809422801603, 3221.4354421179237, 1.362650925610432
2100-Oct-24 02:00:00, 6694.1071921910152, 2.404166213960083, 3472.5968995118556, 8.2625116154987079, 3221.5102926791601, 1.3626825870198824
2100-Oct-24 03:00:00, 6702.2433059102041, 2.4070882719963556, 3480.6581538090654, 8.2816921334780762, 3221.5851521011386, 1.3627142521773821
2100-Oct-24 04:00:00, 6710.2542832346844, 2.4099653877149061, 3488.5942626369138, 8.3005748870107929, 3221.6600205977702, 1.3627459211734143
2100-Oct-24 05:00:00, 6718.1051415930569, 2.4127849972421935, 3496.370243318243, 8.3190766401830096, 3221.734898274814, 1.3627775940527143
2100-Oct-24 06:00:00, 6725.7782810939007, 2.4155407796360655, 3503.9684959514093, 8.3371555167286449, 3221.8097851424918, 1.3628092708196062
2100-Oct-24 07:00:00, 6733.263486109754, 2.4182290659880783, 3511.3788049865038, 8.3547872103137859, 3221.8846811232506, 1.3628409514412854
2100-Oct-24 08:00:00, 6740.3448621819944, 2.4207723185253376, 3518.3852761031731, 8.3714580335219946, 3221.9595860788213, 1.3628726358592647
2100-Oct-24 09:00:00, 6746.6372292801634, 2.42303220112789, 3524.6027294568294, 8.3862515100008306, 3222.034499823334, 1.3629043239949219
2100-Oct-24 10:00:00, 6751.9517527215066, 2.4249408944508595, 3529.8423305641436, 8.3987183370649934, 3222.1094221573626, 1.3629360157639012
2100-Oct-24 11:00:00, 6756.1289410378467, 2.4264411176667662, 3533.9445881465331, 8.4084790296835425, 3222.1843528913141, 1.3629677110860052
2100-Oct-24 12:00:00, 6759.6369362533733, 2.4277010024181997, 3537.3776443891152, 8.416647460371534, 3222.2592918642586, 1.3629994098931619
2100-Oct-24 13:00:00, 6762.8693479269486, 2.4288619122620525, 3540.535108936715, 8.4241601628979161, 3222.3342389902336, 1.3630311121490093
2100-Oct-24 14:00:00, 6765.6938751667421, 2.4298763317754184, 3543.284680882371, 8.4307023475499339, 3222.4091942843716, 1.3630628178599482
2100-Oct-24 15:00:00, 6767.8893290606647, 2.4306648217001436, 3545.4051712009677, 8.4357477289733929, 3222.484157859697, 1.3630945270737878
2100-Oct-24 16:00:00, 6769.823668813151, 2.4313595333541, 3547.2645388292317, 8.4401718090122166, 3222.5591299839189, 1.3631262399037674
2100-Oct-24 17:00:00, 6771.9473711890132, 2.4321222539610408, 3549.3132601148491, 8.4450464270312882, 3222.6341110741646, 1.3631579565263297
2100-Oct-24 18:00:00, 6774.5937437199873, 2.4330726898064574, 3551.8846420160849, 8.4511646358075012, 3222.7091017039024, 1.363189677184049
2100-Oct-24 19:00:00, 6777.8049369956352, 2.4342259791336458, 3555.0208343751656, 8.458626724424521, 3222.7841026204701, 1.3632214021930453
2100-Oct-24 20:00:00, 6781.4638178478017, 2.435540053956939, 3558.6047031072321, 8.467153990296147, 3222.8591147405696, 1.3632531319410792
2100-Oct-24 21:00:00, 6785.4181179107318, 2.4369602276019395, 3562.4839787768829, 8.4763841316594348, 3222.9341391338489, 1.3632848668806061
2100-Oct-24 22:00:00, 6789.5329052656743, 2.4384380397212198, 3566.5237282448925, 8.4859960958087512, 3223.0091770207819, 1.3633166075278804
2100-Oct-24 23:00:00, 6793.7192160598497, 2.4399415392445372, 3570.6349863127571, 8.4957782037017857, 3223.0842297470931, 1.3633483544521368
2100-Oct-25 00:00:00, 6797.9308352047801, 2.4414541281774005, 3574.7715364345418, 8.5056204901572467, 3223.1592987702384, 1.3633801082698715
2100-Oct-25 01:00:00, 6802.1502486868121, 2.4429695164203706, 3578.9158630583452, 8.5154812796063215, 3223.2343856284665, 1.3634118696317563
2100-Oct-25 02:00:00, 6806.3607058662674, 2.4444816880372189, 3583.0512139434195, 8.5253207126619959, 3223.3094919228474, 1.3634436392150358
2100-Oct-25 03:00:00, 6810.5436871215898, 2.4459839917677906, 3587.1590678317798, 8.5350947208321113, 3223.3846192898104, 1.3634754177119108
2100-Oct-25 04:00:00, 6814.6746385928163, 2.447467609175384, 3591.2148692294863, 8.5447448780857265, 3223.45976936333, 1.3635072058135447
2100-Oct-25 05:00:00, 6818.7315184780382, 2.4489246240205484, 3595.1965747090185, 8.5542187354685844, 3223.5349437690202, 1.3635390042075639
2100-Oct-25 06:00:00, 6822.7036665468586, 2.4503512077171834, 3599.0935224554851, 8.5634909248277058, 3223.6101440913731, 1.3635708135642006
2100-Oct-25 07:00:00, 6826.588913582681, 2.4517465811984009, 3602.9035417183391, 8.5725562811951637, 3223.685371864342, 1.3636026345323093
2100-Oct-25 08:00:00, 6830.3511717123529, 2.4530977836252319, 3606.5905431678602, 8.5813289355471021, 3223.7606285444931, 1.3636344677280101
2100-Oct-25 09:00:00, 6833.8152436975033, 2.4543418934953487, 3609.9793281873926, 8.5893920296511865, 3223.8359155101107, 1.3636663137343101
2100-Oct-25 10:00:00, 6836.7331221507739, 2.4553898397848819, 3612.821888096877, 8.5961554648984979, 3223.9112340538964, 1.363698173098016
2100-Oct-25 11:00:00, 6838.9032137024096, 2.4561692209091834, 3614.9166283272971, 8.6011395779372819, 3223.9865853751121, 1.3637300463264093
2100-Oct-25 12:00:00, 6840.3801394748134, 2.4566996538617185, 3616.3181688867217, 8.6044743286978633, 3224.0619705880922, 1.3637619338908475
2100-Oct-25 13:00:00, 6841.0993629082222, 2.4569579605528493, 3616.9619721954136, 8.6060061599095175, 3224.1373907128086, 1.3637938362227742
2100-Oct-25 14:00:00, 6841.038458467383, 2.4569360869265773, 3616.8256117740452, 8.6056817112049728, 3224.2128466933382, 1.3638257537215286
2100-Oct-25 15:00:00, 6840.4621354307492, 2.4567291024351103, 3616.1737960332521, 8.6041308156402661, 3224.2883393974971, 1.3638576867541929
2100-Oct-25 16:00:00, 6839.9444841391924, 2.4565431897046976, 3615.5806145103902, 8.6027194312024591, 3224.3638696288017, 1.3638896356606502
2100-Oct-25 17:00:00, 6840.1147071695668, 2.4566043247368556, 3615.6752690387934, 8.6029446471325031, 3224.4394381307739, 1.3639216007554069
2100-Oct-25 18:00:00, 6841.4669174513201, 2.457089966537954, 3616.9518718546897, 8.6059821276981872, 3224.5150455966309, 1.36395358233169
2100-Oct-25 19:00:00, 6844.3322428272386, 2.4581190385654863, 3619.741550146673, 8.6126197392488564, 3224.590692680566, 1.36398558066622
2100-Oct-25 20:00:00, 6848.9027296047416, 2.4597605136085874, 3624.2363496049984, 8.6233144250440805, 3224.6663799997432, 1.3640175960200542
2100-Oct-25 21:00:00, 6855.3003458142684, 2.4620581960775461, 3630.5582376763828, 8.6383563879131486, 3224.7421081378852, 1.3640496286401047
2100-Oct-25 22:00:00, 6863.6367753398335, 2.4650521968658516, 3638.8188976901001, 8.6580113612055047, 3224.8178776497334, 1.3640816787610237
2100-Oct-25 23:00:00, 6873.8101390751563, 2.4687059264331523, 3648.9164500156116, 8.6820369379689275, 3224.8936890595446, 1.3641137466045696
2100-Oct-26 00:00:00, 6885.6099705339511, 2.4729437964446683, 3660.6404276703643, 8.7099323443047041, 3224.9695428635873, 1.3641458323806614
2100-Oct-26 01:00:00, 6898.7948634583336, 2.4776791066501067, 3673.7494239269377, 8.7411231899374613, 3225.0454395313964, 1.3641779362879098
2100-Oct-26 02:00:00, 6913.1679765786466, 2.4828411621656792, 3688.0465970869059, 8.7751411202419085, 3225.1213794917408, 1.3642100585076822
2100-Oct-26 03:00:00, 6928.4360520902974, 2.4883246404314772, 3703.2386889561117, 8.8112883723317434, 3225.1973631341862, 1.3642421992047626
2100-Oct-26 04:00:00, 6944.5436129336849, 2.4941096170470525, 3719.2702221102945, 8.8494329461863455, 3225.2733908233899, 1.3642743585333996
2100-Oct-26 05:00:00, 6961.3615611254609, 2.5001497269033699, 3736.0120982365543, 8.8892676721742383, 3225.3494628889071, 1.3643065366329929
2100-Oct-26 06:00:00, 6978.6553908726928, 2.5063607480290511, 3753.2298112336121, 8.9302345790013771, 3225.4255796390808, 1.3643387336339703
2100-Oct-26 07:00:00, 6996.3010718053429, 2.5126981353314366, 3770.7993304390911, 8.9720385547333148, 3225.5017413662513, 1.3643709496599903
2100-Oct-26 08:00:00, 7014.1335578397557, 2.5191026130614707, 3788.5556094661756, 9.0142868968112406, 3225.5779483735805, 1.3644031848392888
2100-Oct-26 09:00:00, 7031.8733200529423, 2.5254737893411665, 3806.2191190556264, 9.05631450824343, 3225.6542009973164, 1.3644354393140969
2100-Oct-26 10:00:00, 7049.1706539067818, 2.5316860689550187, 3823.4401542778419, 9.0972893197956921, 3225.7304996289395, 1.3644677132500092
2100-Oct-26 11:00:00, 7065.7345081557505, 2.53763492182143, 3839.9276634068042, 9.136518818534185, 3225.8068447489468, 1.3645000068502731
2100-Oct-26 12:00:00, 7081.3825830153601, 2.5432548755823854, 3855.4993460403143, 9.1735692486173086, 3225.8832369750462, 1.3645323203761761
2100-Oct-26 13:00:00, 7096.0248609256969, 2.5485136007322473, 3870.0651838412409, 9.2082264252209463, 3225.959677084456, 1.3645646541564775
2100-Oct-26 14:00:00, 7109.7444743514316, 2.5534409540177192, 3883.7083082825156, 9.2406881469323174, 3226.0361660689155, 1.3645970086106785
2100-Oct-26 15:00:00, 7122.8160510624093, 2.5581355670840265, 3896.7033458984979, 9.2716078454613893, 3226.1127051639119, 1.3646293842613832
2100-Oct-26 16:00:00, 7135.6096986545217, 2.5627303628366471, 3909.4204027618975, 9.3018661314327815, 3226.1892958926242, 1.3646617817528892
2100-Oct-26 17:00:00, 7148.4537108329932, 2.567343246862047, 3922.1877707331969, 9.3322441249675432, 3226.2659400997968, 1.3646942018655139
2100-Oct-26 18:00:00, 7161.4668192090921, 2.5720168612213921, 3935.1241792280921, 9.3630243244968732, 3226.342639981, 1.3647266455279723
2100-Oct-26 19:00:00, 7174.440342335547, 2.5766762586706946, 3948.0209442388527, 9.3937101984371356, 3226.4193980966943, 1.3647591138233264
2100-Oct-26 20:00:00, 7187.1710690406962, 2.581248456597161, 3960.6748516420957, 9.423818229955403, 3226.4962173986005, 1.3647916080001392
2100-Oct-26 21:00:00, 7199.5626901228152, 2.5856988658730353, 3972.9895888890769, 9.4531192581165762, 3226.5731012337378, 1.364824129474183
2100-Oct-26 22:00:00, 7211.5940058310043, 2.5900198726786718, 3984.9439524955383, 9.4815628324825401, 3226.6500533354656, 1.3648566798246498
2100-Oct-26 23:00:00, 7223.2738737137624, 2.5942146581729943, 3996.5467958910767, 9.5091700184308792, 3226.7270778226857, 1.3648892607938143
2100-Oct-27 00:00:00, 7234.6122122858269, 2.5982867845574056, 4007.8080331092387, 9.5359644048835737, 3226.8041791765881, 1.3649218742771974
2100-Oct-27 01:00:00, 7245.7821896872229, 2.6022984445903465, 4018.9008274793705, 9.5623580074190233, 3226.8813622078519, 1.3649545223096917
2100-Oct-27 02:00:00, 7256.8818333142308, 2.6062848444834015, 4029.9232012747175, 9.5885840549995027, 3226.9586320395133, 1.364987207058316
2100-Oct-27 03:00:00, 7267.7305820428201, 2.6101811363126455, 4040.6945879954187, 9.6142129173380404, 3227.0359940474013, 1.3650199307970188
2100-Oct-27 04:00:00, 7278.9099071250967, 2.6141961535339173, 4051.7964532780875, 9.6406281027183667, 3227.1134538470096, 1.3650526959011255
2100-Oct-27 05:00:00, 7290.1704576405918, 2.6182403425979235, 4062.9794404314148, 9.6672363051455843, 3227.1910172091775, 1.3650855048116719
2100-Oct-27 06:00:00, 7301.5466705983181, 2.6223260714412988, 4074.2779805503392, 9.6941194481282658, 3227.2686900479794, 1.3651183600302816
2100-Oct-27 07:00:00, 7312.4314920101006, 2.6262353186540897, 4085.0850136591548, 9.7198331255790578, 3227.3464783509453, 1.3651512640896499
2100-Oct-27 08:00:00, 7322.1674368980575, 2.6297319507050236, 4094.7430487614997, 9.7428129385332287, 3227.4243881365578, 1.3651842195355641
2100-Oct-27 09:00:00, 7331.0539640864572, 2.6329235172294903, 4103.5515386548068, 9.7637713889853046, 3227.5024254316504, 1.3652172289173445
2100-Oct-27 10:00:00, 7339.3545331655878, 2.6359046388583711, 4111.773936974857, 9.7833353244470409, 3227.5805961907313, 1.3652502947537182
2100-Oct-27 11:00:00, 7347.0808478207509, 2.6386795189311067, 4119.4219415340303, 9.8015325780685139, 3227.658906286721, 1.3652834195289008
2100-Oct-27 12:00:00, 7353.5537709906139, 2.6410042476430551, 4125.8164095217489, 9.8167472337145192, 3227.7373614688649, 1.3653166056747938
2100-Oct-27 13:00:00, 7358.833000099331, 2.6429002651244806, 4131.0170327713276, 9.8291213189455213, 3227.8159673280034, 1.3653498555562948
2100-Oct-27 14:00:00, 7363.6946115030369, 2.6446462966036042, 4135.7998822320078, 9.8405013755336057, 3227.8947292710295, 1.365383171460492
2100-Oct-27 15:00:00, 7368.624044674345, 2.6464166860437759, 4140.6503921641443, 9.8520424198342003, 3227.9736525102012, 1.3654165555921445
2100-Oct-27 16:00:00, 7373.6408235888375, 2.6482184454155413, 4145.5880815512737, 9.8637908942743557, 3228.0527420375633, 1.3654500100628619
2100-Oct-27 17:00:00, 7379.1808271428454, 2.6502081191670013, 4151.0488245433889, 9.8767838945295683, 3228.1320025994569, 1.3654835368803224
2100-Oct-27 18:00:00, 7385.468113987974, 2.652466177213662, 4157.2566752636949, 9.8915545230154205, 3228.2114387242796, 1.3655171379600153
2100-Oct-27 19:00:00, 7392.2606219793215, 2.6549056837456013, 4163.9695673048873, 9.9075268198494513, 3228.2910546744347, 1.365550815104916
2100-Oct-27 20:00:00, 7399.5476791105557, 2.6575228059474307, 4171.1768246467973, 9.9246753830794052, 3228.3708544637584, 1.3655845700128566
2100-Oct-27 21:00:00, 7407.3092697892462, 2.6603103552860583, 4178.8584279302622, 9.942952579711184, 3228.4508418589844, 1.3656184042771466
2100-Oct-27 22:00:00, 7415.2100574462438, 2.663147896753991, 4186.6790370833351, 9.9615605194857721, 3228.5310203629087, 1.3656523193794512
2100-Oct-27 23:00:00, 7423.3454454556895, 2.6660696941540358, 4194.7340522341992, 9.9807261923735151, 3228.6113932214903, 1.3656863166927942
2100-Oct-28 00:00:00, 7432.2453909322594, 2.66926607981183, 4203.5534274997653, 10.001710542899032, 3228.6919634324936, 1.365720397485215
2100-Oct-28 01:00:00, 7441.2356269093971, 2.6724948930009846, 4212.4628931710313, 10.022909249724771, 3228.7727337383658, 1.3657545629167551
2100-Oct-28 02:00:00, 7449.5604470878752, 2.675484724331104, 4220.7067404592099, 10.042524219715832, 3228.8537066286649, 1.365788814040485
2100-Oct-28 03:00:00, 7457.3748746915171, 2.6782912498746492, 4228.439990330512, 10.060924301480625, 3228.9348843610055, 1.3658231518113639
2100-Oct-28 04:00:00, 7465.0020166142276, 2.6810305123921436, 4235.9857476675697, 10.078878273522108, 3229.0162689466574, 1.3658575770801491
2100-Oct-28 05:00:00, 7472.6056834476967, 2.6837613439098345, 4243.5078212715152, 10.096775893753804, 3229.0978621761815, 1.3658920906042387
2100-Oct-28 06:00:00, 7480.2059216157013, 2.6864909440337885, 4251.0262559865805, 10.11466485580763, 3229.1796656291203, 1.3659266930517713
2100-Oct-28 07:00:00, 7487.9328263595007, 2.6892660360348848, 4258.6711456718249, 10.132854698064419, 3229.2616806876758, 1.365961385007411
2100-Oct-28 08:00:00, 7495.6771363317903, 2.6920473790655928, 4266.3332277802274, 10.151085447054744, 3229.3439085515629, 1.3659961669786316
2100-Oct-28 09:00:00, 7502.7407984710899, 2.6945842697030691, 4273.3144482014623, 10.1676961901067, 3229.4263502696281, 1.3660310394090898
2100-Oct-28 10:00:00, 7508.365692976804, 2.6966044317559721, 4278.8566862301886, 10.180883095299942, 3229.5090067466153, 1.3660660026814875
2100-Oct-28 11:00:00, 7512.1917397299567, 2.6979785436536261, 4282.5998609506778, 10.189789405332998, 3229.5918787792793, 1.366101057132848
2100-Oct-28 12:00:00, 7514.4389344698502, 2.6987856161301682, 4284.7639673937083, 10.194938564633702, 3229.6749670761415, 1.3661362030628723
2100-Oct-28 13:00:00, 7515.6233329245379, 2.699210988874714, 4285.8650606449028, 10.197558447113877, 3229.7582722796351, 1.3661714407433065
2100-Oct-28 14:00:00, 7515.8148622603967, 2.6992797759952416, 4285.9730672562191, 10.197815432276963, 3229.841795004178, 1.3662067704340461
2100-Oct-28 15:00:00, 7514.9159555400347, 2.6989569366524364, 4284.9904197094493, 10.195477373180536, 3229.925535830585, 1.366242192380773
2100-Oct-28 16:00:00, 7513.6092443468588, 2.6984876356968583, 4283.5997489921137, 10.192168485541739, 3230.0094953547446, 1.3662777068355449
2100-Oct-28 17:00:00, 7512.5497795058027, 2.6981071324418884, 4282.4561053142879, 10.18944736084876, 3230.0936741915148, 1.3663133140584438
2100-Oct-28 18:00:00, 7511.5029289446411, 2.6977311595633626, 4281.3248559521435, 10.186755726528618, 3230.1780729924976, 1.366349014325094
2100-Oct-28 19:00:00, 7510.2260494655256, 2.6972725725681364, 4279.9633570155238, 10.183516248666994, 3230.2626924500023, 1.3663848079283387
2100-Oct-28 20:00:00, 7508.5162367331905, 2.6966584990426816, 4278.1687034067363, 10.179246145710188, 3230.3475333264537, 1.3664206951906797
2100-Oct-28 21:00:00, 7506.4898800234978, 2.695930739806236, 4276.0572836060064, 10.174222346192549, 3230.4325964174914, 1.3664566764486688
2100-Oct-28 22:00:00, 7504.6371615688131, 2.6952653421684558, 4274.1192789802199, 10.169611161481273, 3230.5178825885928, 1.3664927520683983
2100-Oct-28 23:00:00, 7503.0901845951903, 2.6947097505612438, 4272.48679185521, 10.165726908795785, 3230.6033927399803, 1.3665289224306578
2100-Oct-29 00:00:00, 7502.0793534176009, 2.6943467139238844, 4271.3902256077363, 10.163117797626507, 3230.6891278098647, 1.366565187932306
2100-Oct-29 01:00:00, 7501.6998513623839, 2.6942104170297525, 4270.9247626074748, 10.162010299820819, 3230.7750887549087, 1.3666015489780059
2100-Oct-29 02:00:00, 7501.5895963800849, 2.6941708193215361, 4270.7283198496007, 10.161542894413373, 3230.8612765304842, 1.3666380059718755
2100-Oct-29 03:00:00, 7501.300243397649, 2.6940668991654482, 4270.3525513185859, 10.160648810837856, 3230.9476920790626, 1.3666745593125751
2100-Oct-29 04:00:00, 7500.8144503982548, 2.6938924282341365, 4269.7801140948068, 10.159286784277478, 3231.0343363034485, 1.3667112093819864
2100-Oct-29 05:00:00, 7500.2549515669489, 2.6936914860997554, 4269.1337415272119, 10.157748839908397, 3231.1212100397374, 1.3667479565337741
2100-Oct-29 06:00:00, 7499.9955995175342, 2.6935983406784434, 4268.7872854519965, 10.156924500824834, 3231.2083140655377, 1.3667848010968622
2100-Oct-29 07:00:00, 7500.5340862302428, 2.693791736380692, 4269.2384371724274, 10.157997947135557, 3231.2956490578154, 1.3668217433576038
2100-Oct-29 08:00:00, 7502.4071391660927, 2.6944644370793873, 4271.0239235736371, 10.16224623812821, 3231.3832155924561, 1.366858783559596
2100-Oct-29 09:00:00, 7504.7974962767375, 2.695322925842671, 4273.326482145776, 10.167724823031151, 3231.4710141309615, 1.3668959218980514
2100-Oct-29 10:00:00, 7505.9545391743932, 2.6957384739303816, 4274.3954941500333, 10.1702683731056, 3231.5590450243599, 1.3669331585214533
2100-Oct-29 11:00:00, 7504.9869585073739, 2.69539097056927, 4273.3396500026538, 10.167756153926602, 3231.6473085047201, 1.3669704935279656
2100-Oct-29 12:00:00, 7501.4627620278297, 2.6941252671880394, 4269.726957339667, 10.15916030593303, 3231.7358046881623, 1.3670079269667066
2100-Oct-29 13:00:00, 7495.2436495087495, 2.6918916937226141, 4263.4191159152742, 10.144151764905681, 3231.8245335934748, 1.3670454588456236
2100-Oct-29 14:00:00, 7487.1663604559571, 2.6889907623685771, 4255.2528653211111, 10.124721424344463, 3231.913495134846, 1.3670830891284187
2100-Oct-29 15:00:00, 7478.6942064914274, 2.6859480166018597, 4246.6915173385496, 10.104351010156687, 3232.0026891528773, 1.3671208177476672
2100-Oct-29 16:00:00, 7471.238063405086, 2.6832701677446522, 4239.1459479728674, 10.086397485364257, 3232.0921154322182, 1.3671586446122768
2100-Oct-29 17:00:00, 7466.0697804596675, 2.6814139962067873, 4233.8880067539985, 10.073887020818079, 3232.1817737056685, 1.3671965696092234
2100-Oct-29 18:00:00, 7463.7064080433383, 2.6805651989062342, 4231.4347443461502, 10.068049859256492, 3232.2716636971882, 1.3672345926217431
2100-Oct-29 19:00:00, 7464.4425251856192, 2.6808295729164167, 4232.0807400642334, 10.06958690696997, 3232.3617851213853, 1.3672727135291169
2100-Oct-29 20:00:00, 7467.9083691308078, 2.6820743191800558, 4235.4562314197074, 10.077618370839716, 3232.4521377111, 1.3673109322183374
2100-Oct-29 21:00:00, 7473.6396186742768, 2.6841326782891324, 4241.0968974402012, 10.091039470340217, 3232.5427212340755, 1.3673492485911611
2100-Oct-29 22:00:00, 7481.5695100842004, 2.6869806722726097, 4248.9359745843076, 10.109691351866424, 3232.6335354998928, 1.3673876625670416
2100-Oct-29 23:00:00, 7490.617930716242, 2.6902303822860123, 4257.8933503427006, 10.131004053394928, 3232.7245803735414, 1.3674261740888705
2100-Oct-30 00:00:00, 7500.0668753329664, 2.6936239391492198, 4267.2510195589839, 10.153269191800254, 3232.8158557739821, 1.3674647831223683
2100-Oct-30 01:00:00, 7509.9254412498121, 2.6971646101326527, 4277.0180795677888, 10.176508412794597, 3232.9073616820228, 1.3675034896594171
2100-Oct-30 02:00:00, 7520.1119654337999, 2.7008230662310848, 4287.1128672933282, 10.200527411616484, 3232.9990981404721, 1.3675422937181245
2100-Oct-30 03:00:00, 7530.1710929625424, 2.7044357682467819, 4297.0800277111857, 10.224242740838157, 3233.0910652513562, 1.3675811953416472
2100-Oct-30 04:00:00, 7539.6383466826783, 2.7078359007632566, 4306.4550835095097, 10.246549247948295, 3233.1832631731686, 1.3676201945970272
2100-Oct-30 05:00:00, 7548.3584913133, 2.7109677115484563, 4315.0827991785391, 10.267077573865015, 3233.2756921347614, 1.3676592915810675
2100-Oct-30 06:00:00, 7556.2611038766063, 2.7138059084253876, 4322.8927514348798, 10.28566015718863, 3233.3683524417265, 1.3676984864230324
2100-Oct-30 07:00:00, 7563.0937684351493, 2.7162598370541571, 4329.632523944184, 10.301696411972989, 3233.4612444909653, 1.3677377792908085
2100-Oct-30 08:00:00, 7569.1048187344441, 2.718418685669076, 4335.5504499581339, 10.315777209095394, 3233.5543687763102, 1.3677771703932851
2100-Oct-30 09:00:00, 7574.2928532076303, 2.7202819509020926, 4340.6451272646009, 10.327899212207193, 3233.6477259430294, 1.3678166600034072
2100-Oct-30 10:00:00, 7578.5305278879678, 2.7218038975933712, 4344.7892111118881, 10.337759424006789, 3233.7413167760792, 1.3678562484532071
2100-Oct-30 11:00:00, 7581.7379465825616, 2.7229558312923956, 4347.9028043193221, 10.345167741409243, 3233.835142263239, 1.3678959361605105
2100-Oct-30 12:00:00, 7583.8692631752083, 2.7237212865198339, 4349.9400595640827, 10.350015077743022, 3233.9292036111256, 1.3679357236357106
2100-Oct-30 13:00:00, 7584.9934817335106, 2.7241250458558257, 4350.9699794490571, 10.352465614116486, 3234.0235022844531, 1.3679756114983739
2100-Oct-30 14:00:00, 7585.3409915630546, 2.7242498528490842, 4351.2229515416329, 10.353067522404084, 3234.1180400214216, 1.36801560048375
2100-Oct-30 15:00:00, 7584.9998922301365, 2.7241273481642532, 4350.787073364676, 10.352030417147049, 3234.2128188654606, 1.3680556914561997
2100-Oct-30 16:00:00, 7583.9667625289176, 2.7237563030866947, 4349.6589213424641, 10.349346152472135, 3234.3078411864535, 1.3680958854181713
2100-Oct-30 17:00:00, 7582.5273355790368, 2.7232393377108783, 4348.1242258926532, 10.345694580076245, 3234.4031096863837, 1.3681361835125903
2100-Oct-30 18:00:00, 7580.9303480005092, 2.722665784962143, 4346.4317206175601, 10.341667523409599, 3234.4986273829495, 1.3681765870159279
2100-Oct-30 19:00:00, 7579.4664774133707, 2.7221400407357415, 4344.8720797822934, 10.337956597295713, 3234.5943976310773, 1.3682170973473011
2100-Oct-30 20:00:00, 7578.2821851179315, 2.7217147061179348, 4343.5917610313363, 10.334910275232588, 3234.6904240865952, 1.3682577160531064
2100-Oct-30 21:00:00, 7577.3648825810469, 2.7213852599791379, 4342.5781719007309, 10.332498595383957, 3234.7867106803155, 1.368298444796058
2100-Oct-30 22:00:00, 7576.6578746621863, 2.7211313404492103, 4341.7746130680762, 10.330586650410016, 3234.8832615941101, 1.3683392853450662
2100-Oct-30 23:00:00, 7575.9847383201113, 2.7208895857828237, 4341.0046571100684, 10.328754658321515, 3234.980081210043, 1.3683802395537221
2100-Oct-31 00:00:00, 7575.237636890949, 2.7206212668027376, 4340.1604628228706, 10.326746027517089, 3235.0771740680784, 1.3684213093424078
2100-Oct-31 01:00:00, 7574.0976922365044, 2.720211859491902, 4338.9231474070084, 10.323802025292981, 3235.1745448294964, 1.3684624966828209
2100-Oct-31 02:00:00, 7572.443497212178, 2.7196177608803018, 4337.1712990158167, 10.319633770784993, 3235.2721981963614, 1.3685038035639112
2100-Oct-31 03:00:00, 7570.6343674966183, 2.7189680179924234, 4335.2642286093296, 10.315096189303137, 3235.3701388872887, 1.3685452319816291
2100-Oct-31 04:00:00, 7568.8270711112173, 2.7183189335389417, 4333.3586995378046, 10.310562275191378, 3235.4683715734127, 1.3685867839118406
2100-Oct-31 05:00:00, 7567.0506084804338, 2.7176809229253269, 4331.4837076498879, 10.306101019623519, 3235.5669008305458, 1.3686284612900916
2100-Oct-31 06:00:00, 7565.3173549339817, 2.7170584307098649, 4329.6516238383829, 10.301741857241254, 3235.6657310955989, 1.3686702659931729
2100-Oct-31 07:00:00, 7563.9275314616789, 2.7165592802571537, 4328.1626648440479, 10.298199107725056, 3235.7648666176306, 1.3687121998184146
2100-Oct-31 08:00:00, 7563.2561333937701, 2.7163181498861211, 4327.3918219498419, 10.296365005307928, 3235.8643114439287, 1.3687542644777992
2100-Oct-31 09:00:00, 7563.1125172987058, 2.7162665706458102, 4327.1484479234587, 10.295785934146464, 3235.9640693752472, 1.3687964615790265
2100-Oct-31 10:00:00, 7563.0696486309953, 2.7162511745071485, 4327.0055046885136, 10.295445822646837, 3236.0641439424821, 1.3688387926156476
2100-Oct-31 11:00:00, 7562.782634540551, 2.7161480943562983, 4326.6180961342116, 10.294524043421521, 3236.1645384063395, 1.3688812589669246
2100-Oct-31 12:00:00, 7561.9403478712802, 2.7158455899155132, 4325.6750921503444, 10.29228031010158, 3236.2652557209358, 1.368923861882434
2100-Oct-31 13:00:00, 7560.2061988963242, 2.7152227761098984, 4323.839900338854, 10.287913752710125, 3236.3662985574701, 1.3689666024920797
2100-Oct-31 14:00:00, 7556.5147068115548, 2.713896989071463, 4320.0470375208351, 10.278889217471301, 3236.4676692907192, 1.3690094818003797
2100-Oct-31 15:00:00, 7550.4504266880995, 2.7117190231431896, 4313.8810566788225, 10.264218211937882, 3236.569370009277, 1.3690525006907992
2100-Oct-31 16:00:00, 7542.5464687303593, 2.7088803430723467, 4305.8750662195444, 10.245169185783231, 3236.6714025108145, 1.3690956599237438
2100-Oct-31 17:00:00, 7533.6882864469317, 2.7056989565257195, 4296.9145181137674, 10.223848936140774, 3236.7737683331648, 1.3691389601497093
2100-Oct-31 18:00:00, 7524.4993873919238, 2.7023987941564478, 4287.6229186277387, 10.201741000523292, 3236.8764687641851, 1.3691824019134524
2100-Oct-31 19:00:00, 7515.6240438448513, 2.6992112441993674, 4278.6445389903793, 10.180378323486845, 3236.979504854472, 1.3692259856593705
2100-Oct-31 20:00:00, 7507.5117682064665, 2.6962977475301049, 4270.4288907619521, 10.160830448832643, 3237.0828774445145, 1.369269711742986
2100-Oct-31 21:00:00, 7500.4153402093698, 2.6937490891443647, 4263.2287530359936, 10.143698825636674, 3237.1865871733762, 1.3693135804346197
2100-Oct-31 22:00:00, 7494.5796388978888, 2.6916532165320781, 4257.2890043918724, 10.129566104913433, 3237.2906345060164, 1.3693575919309471
2100-Oct-31 23:00:00, 7490.2713096307216, 2.6901058944821976, 4252.8762898892255, 10.119066727678165, 3237.3950197414961, 1.3694017463584693
2100-Nov-01 00:00:00, 7487.7165379628796, 2.6891883567804751, 4250.2167949409159, 10.112738867423248, 3237.4997430219637, 1.3694460437773144
2100-Nov-01 01:00:00, 7487.0682343959761, 2.6889555207222537, 4249.463430028326, 10.110946351182202, 3237.6048043676506, 1.3694904841960402
2100-Nov-01 02:00:00, 7488.417199205177, 2.6894399969227374, 4250.7069955649486, 10.113905224609873, 3237.7102036402284, 1.3695350675561349
2100-Nov-01 03:00:00, 7491.8107030218198, 2.6906587624711045, 4253.9947624419301, 10.121727961540246, 3237.8159405798901, 1.3695797937477006
2100-Nov-01 04:00:00, 7497.2893057179226, 2.6926263843097638, 4259.367290927763, 10.134511068910133, 3237.9220147901601, 1.3696246626030308
2100-Nov-01 05:00:00, 7504.1474234692214, 2.6950894543675998, 4266.1189977440499, 10.150575719547197, 3238.0284257251719, 1.3696696738912264
2100-Nov-01 06:00:00, 7512.0041538802052, 2.6979111728229475, 4273.8689811738177, 10.16901561624738, 3238.1351727063875, 1.3697148273252695
2100-Nov-01 07:00:00, 7520.7077988767269, 2.7010370578197325, 4282.4655439742946, 10.189469818692325, 3238.2422549024318, 1.3697601225534923
2100-Nov-01 08:00:00, 7529.3369857201387, 2.7041362014198049, 4290.9873143704126, 10.209746064084481, 3238.3496713497261, 1.3698055591683063
2100-Nov-01 09:00:00, 7536.5712070972604, 2.7067343478372203, 4298.1137861692914, 10.226702410507539, 3238.457420927969, 1.3698511366958293
2100-Nov-01 10:00:00, 7540.7380200628795, 2.7082308447806094, 4302.1725176735008, 10.236359539500091, 3238.5655023893787, 1.3698968546082562
2100-Nov-01 11:00:00, 7540.6938770733523, 2.708214990973528, 4302.0199626895164, 10.235996558318096, 3238.6739143838354, 1.3699427123344927
2100-Nov-01 12:00:00, 7534.9702075216437, 2.7061593541931459, 4296.1875520674639, 10.222119231952389, 3238.7826554541798, 1.3699887092581682
2100-Nov-01 13:00:00, 7523.0432411267484, 2.7018758240944503, 4284.1515170365201, 10.193481332960515, 3238.8917240902288, 1.3700348447404829
2100-Nov-01 14:00:00, 7508.1143253547643, 2.6965141539150528, 4269.1132065998345, 10.157699980198823, 3239.0011187549298, 1.3700811181312709
2100-Nov-01 15:00:00, 7493.8150044980721, 2.6913786006442093, 4254.7041665718398, 10.123415879842623, 3239.1108379262328, 1.370127528786713
2100-Nov-01 16:00:00, 7482.3527866310906, 2.6872619834252629, 4243.1319064942763, 10.095881462207831, 3239.2208801368142, 1.3701740760861387
2100-Nov-01 17:00:00, 7474.123271723035, 2.6843063806643288, 4234.7920277009098, 10.0760379999817, 3239.3312440221252, 1.3702207594523508
2100-Nov-01 18:00:00, 7468.7311381151849, 2.6823698139095757, 4229.2892097552603, 10.06294488882898, 3239.4419283599241, 1.3702675783683471
2100-Nov-01 19:00:00, 7465.4998117960695, 2.6812092938671479, 4225.9468796913734, 10.054992327165523, 3239.5529321046965, 1.3703145323918806
2100-Nov-01 20:00:00, 7463.6100400164778, 2.680530588651628, 4223.9457856094996, 10.050231030771602, 3239.6642544069778, 1.3703616211636316
2100-Nov-01 21:00:00, 7463.0509809601772, 2.6803298044609694, 4223.275086318984, 10.048635204697124, 3239.7758946411932, 1.3704088444189855
2100-Nov-01 22:00:00, 7463.7896461025939, 2.6805950935768803, 4223.9017937053404, 10.050126358784146, 3239.8878523972539, 1.3704562019844766
2100-Nov-01 23:00:00, 7465.6031901263832, 2.6812464218487979, 4225.6030626629845, 10.054174267289046, 3240.0001274633983, 1.3705036937705308
2100-Nov-02 00:00:00, 7468.178188711252, 2.6821712239801352, 4228.065468885231, 10.060033185154303, 3240.1127198260215, 1.3705513197713934
2100-Nov-02 01:00:00, 7471.3962968882861, 2.6833269967710338, 4231.1706672712644, 10.067421528367026, 3240.2256296170222, 1.3705990800428569
2100-Nov-02 02:00:00, 7474.812596073567, 2.6845539491998225, 4234.473738983419, 10.075280680804886, 3240.3388570901479, 1.3706469746922552
2100-Nov-02 03:00:00, 7478.308779215864, 2.6858095916846536, 4237.8563766618136, 10.083329148253753, 3240.4524025540504, 1.3706950038501462
2100-Nov-02 04:00:00, 7481.6655595049197, 2.6870151681008858, 4241.0992931540013, 10.091045170573695, 3240.5662663509179, 1.3707431676612742
2100-Nov-02 05:00:00, 7485.1224179394694, 2.6882566872484253, 4244.4419691414896, 10.098998555309295, 3240.6804487979798, 1.3707914662598253
2100-Nov-02 06:00:00, 7488.8821952114886, 2.6896069986835256, 4248.0872450487332, 10.107671930134208, 3240.7949501627554, 1.370839899758959
2100-Nov-02 07:00:00, 7492.8308384015181, 2.6910251406815395, 4251.9210677805086, 10.11679392320444, 3240.9097706210091, 1.3708884682330227
2100-Nov-02 08:00:00, 7496.8013148806895, 2.6924511240323414, 4255.7764046431821, 10.125967105848812, 3241.0249102375069, 1.3709371717094121
2100-Nov-02 09:00:00, 7500.7726379342639, 2.693877411427509, 4259.632268966081, 10.135141543503876, 3241.1403689681829, 1.3709860101694875
2100-Nov-02 10:00:00, 7504.683256257088, 2.6952818969216157, 4263.4271096227749, 10.14417078470642, 3241.2561466343132, 1.3710349835376496
2100-Nov-02 11:00:00, 7508.5524930594765, 2.6966715203810314, 4267.1802501126876, 10.15310080675904, 3241.3722429467894, 1.3710840916916072
2100-Nov-02 12:00:00, 7512.0958276775455, 2.6979440971607183, 4270.6071701656438, 10.161254637325126, 3241.4886575119012, 1.3711333344648227
2100-Nov-02 13:00:00, 7515.1000997244901, 2.6990230714205321, 4273.4947098677294, 10.168125095088897, 3241.6053898567607, 1.3711827116572666
2100-Nov-02 14:00:00, 7517.4874717036473, 2.6998804880838239, 4275.7650322615073, 10.173526978950555, 3241.7224394421396, 1.3712322230408485
2100-Nov-02 15:00:00, 7519.2563686353178, 2.7005157815019007, 4277.4165629387671, 10.177456542847283, 3241.8398056965507, 1.3712818683738319
2100-Nov-02 16:00:00, 7521.0118900355001, 2.7011462711425693, 4279.0544019766385, 10.181353529588424, 3241.9574880588616, 1.3713316474188608
2100-Nov-02 17:00:00, 7523.2357536468562, 2.7019449643223132, 4281.1602676791408, 10.186364113981348, 3242.0754859677154, 1.3713815599384842
2100-Nov-02 18:00:00, 7526.1875168751367, 2.7030050802154859, 4283.9937179468043, 10.193105874233394, 3242.1937989283324, 1.3714316057234124
2100-Nov-02 19:00:00, 7529.8422180868511, 2.7043176539348868, 4287.5297915770971, 10.201519418992262, 3242.3124265097545, 1.3714817845913525
2100-Nov-02 20:00:00, 7533.8632182116289, 2.7057617826840645, 4291.4318498518169, 10.210803768069391, 3242.431368359812, 1.3715320963933386
2100-Nov-02 21:00:00, 7537.9665303196234, 2.707235473506775, 4295.4159060842885, 10.220283218708257, 3242.5506242353354, 1.371582541026511
2100-Nov-02 22:00:00, 7542.0052992404599, 2.7086859838596409, 4299.3351052399694, 10.22960835188217, 3242.6701940004905, 1.3716331184334127
2100-Nov-02 23:00:00, 7546.0759006107855, 2.7101479267302979, 4303.2858229776448, 10.239008478686893, 3242.7900776331403, 1.37168382860468
2100-Nov-03 00:00:00, 7550.5331744855848, 2.71174874173796, 4307.6228992699907, 10.249327886403881, 3242.9102752155936, 1.3717346715751286
2100-Nov-03 01:00:00, 7555.6464109351782, 2.7135851435109166, 4312.6156239966476, 10.261207308991855, 3243.0307869385306, 1.3717856474254158
2100-Nov-03 02:00:00, 7561.2862741381305, 2.7156106815213796, 4318.1346610507826, 10.274339011025157, 3243.1516130873483, 1.3718367562762628
2100-Nov-03 03:00:00, 7567.5039905183021, 2.7178437535681841, 4324.2312364902218, 10.288844877050153, 3243.2727540280798, 1.3718879982824996
2100-Nov-03 04:00:00, 7574.4028468555462, 2.7203214547529386, 4331.0086366643218, 10.304970661090694, 3243.3942101912239, 1.3719393736262255
2100-Nov-03 05:00:00, 7582.5143835465369, 2.7232346860317156, 4338.9984014804222, 10.323981080816466, 3243.5159820661142, 1.3719908825144258
2100-Nov-03 06:00:00, 7592.4934260674872, 2.7268186257846567, 4348.8553558970407, 10.347434191764126, 3243.6380701704461, 1.3720425251660833
2100-Nov-03 07:00:00, 7604.1373659318651, 2.731000507851316, 4360.37689088564, 10.374847916831108, 3243.7604750462251, 1.3720943018104632
2100-Nov-03 08:00:00, 7617.1184362344584, 2.7356626158436921, 4373.2352389982343, 10.405442383655453, 3243.8831972362241, 1.372146212677156
2100-Nov-03 09:00:00, 7629.8840306455004, 2.7402473363901372, 4385.8777933588253, 10.435523402350322, 3244.0062372866751, 1.3721982579972147
2100-Nov-03 10:00:00, 7641.6590628661952, 2.7444762998382144, 4397.5294671582978, 10.46324677275409, 3244.1295957078974, 1.3722504379865024
2100-Nov-03 11:00:00, 7648.7378117592825, 2.7470186088328656, 4404.4845387538062, 10.479795298686538, 3244.2532730054763, 1.3723027528588787
2100-Nov-03 12:00:00, 7652.5898381168754, 2.7484020512185827, 4408.212568476767, 10.488665573521263, 3244.3772696401079, 1.3723552028092159
2100-Nov-03 13:00:00, 7655.312794369238, 2.749379991851451, 4410.8112083233646, 10.494848638397015, 3244.5015860458739, 1.3724077880211281
2100-Nov-03 14:00:00, 7658.1984956616307, 2.750416381821251, 4413.5722730360167, 10.501418168325074, 3244.6262226256135, 1.3724605086650146
2100-Nov-03 15:00:00, 7661.6586411878234, 2.7516590815167623, 4416.9074614329902, 10.509353737487663, 3244.7511797548327, 1.3725133648997123
2100-Nov-03 16:00:00, 7665.6057422432805, 2.7530766696623012, 4420.7292844501662, 10.5184471790778, 3244.8764577931147, 1.3725663568773232
2100-Nov-03 17:00:00, 7669.6858708222808, 2.7545420341980962, 4424.6838137267678, 10.527856374854695, 3245.0020570955135, 1.3726194847480333
2100-Nov-03 18:00:00, 7673.8057242589311, 2.7560216657836816, 4428.6777462394411, 10.537359324587248, 3245.12797801949, 1.3726727486630468
2100-Nov-03 19:00:00, 7677.9584230965265, 2.7575130936851866, 4432.7042021596326, 10.546939658778802, 3245.2542209368935, 1.372726148779654
2100-Nov-03 20:00:00, 7682.124446509556, 2.7590093070634034, 4436.743660264031, 10.556550929673101, 3245.3807862455251, 1.3727796852661227
2100-Nov-03 21:00:00, 7686.2652208631998, 2.7604964523263709, 4440.757546484404, 10.566101356192167, 3245.5076743787959, 1.3728333583057839
2100-Nov-03 22:00:00, 7690.3451997113734, 2.7619617630868398, 4444.7103139102965, 10.575506359915574, 3245.6348858010765, 1.3728871680950636
2100-Nov-03 23:00:00, 7694.4780319294587, 2.7634460559583784, 4448.7156109096122, 10.585036349700745, 3245.7624210198469, 1.3729411148486237
2100-Nov-04 00:00:00, 7698.5918502616878, 2.7649235200563917, 4452.7015696984445, 10.594520327180613, 3245.8902805632429, 1.3729951987898625
2100-Nov-04 01:00:00, 7702.593381025561, 2.7663606564497032, 4456.5749160403302, 10.603736360618061, 3246.0184649852308, 1.3730494201531056
2100-Nov-04 02:00:00, 7706.2667722554779, 2.767679942626645, 4460.1197974044544, 10.612170862028449, 3246.1469748510235, 1.3731037791774345
2100-Nov-04 03:00:00, 7709.6509603952545, 2.7688953624808157, 4463.3751496918576, 10.619916473415417, 3246.2758107033965, 1.373158276092441
2100-Nov-04 04:00:00, 7712.8936297364953, 2.7700599563317105, 4466.488656670168, 10.6273245856489, 3246.4049730663273, 1.3732129111197648
2100-Nov-04 05:00:00, 7716.2136775422678, 2.7712523403993994, 4469.6792151385034, 10.634916030082964, 3246.5344624037648, 1.3732676844556537
2100-Nov-04 06:00:00, 7719.5759610477362, 2.7724598932774041, 4472.9116819444444, 10.642607188977495, 3246.6642791032914, 1.3733225962640534
2100-Nov-04 07:00:00, 7722.4373267092051, 2.7734875431867323, 4475.6429032438436, 10.649105711081789, 3246.794423465361, 1.3733776466720544
2100-Nov-04 08:00:00, 7724.3404448386609, 2.7741710416991778, 4477.4155491656093, 10.653323450123374, 3246.9248956730517, 1.3734328357570975
2100-Nov-04 09:00:00, 7725.317917263952, 2.7745220976521963, 4478.2622214977282, 10.655337977055549, 3247.0556957662238, 1.3734881635360436
2100-Nov-04 10:00:00, 7725.3136972637722, 2.7745205820532428, 4478.1268736209722, 10.655015937545583, 3247.1868236427999, 1.3735436299657147
2100-Nov-04 11:00:00, 7724.2363161695357, 2.7741336442358526, 4476.9180371317289, 10.65213969655861, 3247.3182790378073, 1.3735992349340282
2100-Nov-04 12:00:00, 7722.1346959079074, 2.7733788543463995, 4474.6846343929701, 10.646825657352482, 3247.4500615149373, 1.3736549782564282
2100-Nov-04 13:00:00, 7719.2964691973411, 2.7723595147139144, 4471.7142987456291, 10.639758199338125, 3247.5821704517125, 1.3737108596696095
2100-Nov-04 14:00:00, 7716.228466485024, 2.771257651798738, 4468.5138614428697, 10.632143249732993, 3247.7146050421543, 1.3737668788326476
2100-Nov-04 15:00:00, 7713.3893234432135, 2.770237983068951, 4465.5419591418849, 10.62507206410662, 3247.8473643013285, 1.37382303532892
2100-Nov-04 16:00:00, 7711.110285234884, 2.7694194741171998, 4463.1298381880142, 10.619332792323551, 3247.9804470468698, 1.3738793286582922
2100-Nov-04 17:00:00, 7709.666468337, 2.7689009321062374, 4461.5526164138, 10.615580035062408, 3248.1138519231995, 1.3739357582473615
2100-Nov-04 18:00:00, 7708.9088770555945, 2.7686288457307948, 4460.6612996758276, 10.613459283615091, 3248.2475773797669, 1.3739923234402525
2100-Nov-04 19:00:00, 7708.7516201791868, 2.7685723674494773, 4460.3699984871655, 10.612766177123156, 3248.3816216920213, 1.3740490235074889
2100-Nov-04 20:00:00, 7709.3967093449373, 2.7688040490662726, 4460.8807263893932, 10.613981375819298, 3248.5159829555441, 1.3741058576435117
2100-Nov-04 21:00:00, 7710.9057177792483, 2.7693460043995519, 4462.2550586925827, 10.617251388707997, 3248.6506590866657, 1.3741628249669386
2100-Nov-04 22:00:00, 7713.2746347230477, 2.7701967929986058, 4464.488986897657, 10.622566678180613, 3248.7856478253902, 1.3742199245218032
2100-Nov-04 23:00:00, 7716.5302630058777, 2.7713660410100394, 4467.6093162738662, 10.629991023263319, 3248.920946732012, 1.3742771552761222
2100-Nov-05 00:00:00, 7720.5725980364696, 2.7728178321192991, 4471.5160448361867, 10.639286484573358, 3249.0565532002825, 1.3743345161274656
2100-Nov-05 01:00:00, 7725.2075357989761, 2.7744824545181497, 4476.0150713581752, 10.649991228018125, 3249.1924644408004, 1.3743920058959307
2100-Nov-05 02:00:00, 7730.2326790349825, 2.7762872179080174, 4480.9040015343398, 10.661623687395601, 3249.3286775006427, 1.3744496233324459
2100-Nov-05 03:00:00, 7735.6279603968214, 2.77822491516809, 4486.1627711348629, 10.67413612294885, 3249.4651892619586, 1.3745073671181762
2100-Nov-05 04:00:00, 7741.359041888436, 2.7802832139219054, 4491.7570454482529, 10.687446840498925, 3249.601996440183, 1.3745652358637672
2100-Nov-05 05:00:00, 7747.3452659239447, 2.7824331462672007, 4497.6061703146133, 10.701363935844947, 3249.7390956093318, 1.3746232281200448
2100-Nov-05 06:00:00, 7753.483068031167, 2.784637517370097, 4503.6065848240232, 10.715641001688315, 3249.8764832071438, 1.3746813423801905
2100-Nov-05 07:00:00, 7759.8311414785549, 2.7869174067216971, 4509.8169859123491, 10.730417698383636, 3250.0141555662058, 1.3747395770929072
2100-Nov-05 08:00:00, 7766.3825103526206, 2.7892703089459987, 4516.2304014430647, 10.745677436801593, 3250.1521089095559, 1.3747979306605589
2100-Nov-05 09:00:00, 7772.9278047054231, 2.7916210295263006, 4522.6374652975383, 10.760922062380297, 3250.2903394078849, 1.3748564014633671
2100-Nov-05 10:00:00, 7778.8654837919476, 2.7937535271154954, 4528.4366406047748, 10.774720310412798, 3250.4288431871723, 1.3749149878626408
2100-Nov-05 11:00:00, 7783.7752219112481, 2.7955168431435964, 4533.2076055495418, 10.786072089618386, 3250.5676163617068, 1.3749736882147439
2100-Nov-05 12:00:00, 7787.6396733234869, 2.7969047479461415, 4536.9330182395406, 10.79493613762464, 3250.7066550839459, 1.3750325008921849
2100-Nov-05 13:00:00, 7790.3807049622792, 2.797889180293605, 4539.5347494182506, 10.801126557850933, 3250.845955544029, 1.3750914242834125
2100-Nov-05 14:00:00, 7791.4612689671667, 2.7982772612427125, 4540.4757549265332, 10.803365536104794, 3250.9855140406339, 1.3751504568227859
2100-Nov-05 15:00:00, 7791.532370609154, 2.7983027971596783, 4540.407043611699, 10.80320204807167, 3251.125326997455, 1.3752095969975457
2100-Nov-05 16:00:00, 7791.7491035171006, 2.7983806360588446, 4540.4837125484419, 10.803384470045403, 3251.2653909686592, 1.3752688433501221
2100-Nov-05 17:00:00, 7792.7339289745105, 2.7987343328287611, 4541.3282262638349, 10.805393860880217, 3251.4057027106751, 1.375328194508501
2100-Nov-05 18:00:00, 7794.6914923154418, 2.799437385156851, 4543.1452331448127, 10.809717150019141, 3251.5462591706296, 1.3753876491813319
2100-Nov-05 19:00:00, 7797.813690427326, 2.8005587121685602, 4546.1266329121354, 10.816810933409725, 3251.6870575151906, 1.3754472061701302
2100-Nov-05 20:00:00, 7802.1705928467873, 2.8021234791036655, 4550.3424976987617, 10.826841936943065, 3251.8280951480256, 1.3755068643766601
2100-Nov-05 21:00:00, 7807.7491567670222, 2.8041270016817159, 4555.7797870626464, 10.83977913288776, 3251.9693697043754, 1.3755666228006405
2100-Nov-05 22:00:00, 7814.4985057052609, 2.8065510077840488, 4562.3876266481348, 10.855501473518808, 3252.1108790571261, 1.3756264805423126
2100-Nov-05 23:00:00, 7822.33227859014, 2.8093644811206624, 4570.0796572761092, 10.87380348041726, 3252.2526213140309, 1.3756864368012662
2100-Nov-06 00:00:00, 7831.1863475925729, 2.8125443903961744, 4578.7917527917916, 10.894532575234969, 3252.3945948007818, 1.3757464908692769
2100-Nov-06 01:00:00, 7840.9657574693483, 2.8160566327525021, 4588.4289594175034, 10.917462830024144, 3252.5367980518449, 1.3758066421264317
2100-Nov-06 02:00:00, 7851.3399784699895, 2.8197824995350049, 4598.6607486886614, 10.941807803007379, 3252.6792297813281, 1.3758668900288042
2100-Nov-06 03:00:00, 7862.0129507463826, 2.823615661839213, 4609.1910618780339, 10.96686306785953, 3252.8218888683491, 1.3759272341022675
2100-Nov-06 04:00:00, 7873.1660307192087, 2.8276212532171856, 4620.201256384029, 10.993060136689335, 3252.9647743351802, 1.3759876739332471
2100-Nov-06 05:00:00, 7884.7548530179411, 2.8317833399944488, 4631.6469676938314, 11.020293450944203, 3253.1078853241092, 1.3760482091589354
2100-Nov-06 06:00:00, 7897.1292788670153, 2.8362275736598734, 4643.878057791726, 11.04939545354585, 3253.2512210752893, 1.3761088394579211
2100-Nov-06 07:00:00, 7910.3332948949756, 2.8409697518640171, 4656.938513988729, 11.080470805553054, 3253.3947809062465, 1.3761695645415211
2100-Nov-06 08:00:00, 7923.7766760856875, 2.8457978972659612, 4670.2381118660478, 11.112115158503508, 3253.5385642196397, 1.3762303841570629
2100-Nov-06 09:00:00, 7935.952458864982, 2.850170788937108, 4682.2698883892708, 11.14074292502953, 3253.6825704757107, 1.3762912980762319
2100-Nov-06 10:00:00, 7937.4525448830482, 2.8507095398144284, 4683.6257456848552, 11.143968979471754, 3253.8267991981925, 1.3763523060975691
2100-Nov-06 11:00:00, 7932.2048474264229, 2.8488248468204138, 4678.2335974535299, 11.131139189927199, 3253.9712499728926, 1.3764134080458734
2100-Nov-06 12:00:00, 7925.7652163172716, 2.8465120748407466, 4671.649293856196, 11.115472849569471, 3254.1159224610751, 1.3764746037778615
2100-Nov-06 13:00:00, 7921.0453245263398, 2.8448169414866613, 4666.784508112848, 11.103897838166052, 3254.2608164134922, 1.3765358931881022
2100-Nov-06 14:00:00, 7918.5604358865057, 2.8439245020407693, 4664.1545042164962, 11.097640147345253, 3254.40593167001, 1.3765972762088603
2100-Nov-06 15:00:00, 7918.4704358891431, 2.8438921788426632, 4663.9191677001081, 11.097080200205841, 3254.551268189035, 1.3766587528225416
2100-Nov-06 16:00:00, 7920.617820137858, 2.8446634047150505, 4665.9209940991341, 11.101843239036087, 3254.6968260387239, 1.3767203230579761
2100-Nov-06 17:00:00, 7924.7002324973928, 2.8461295894629877, 4669.8576270613185, 11.111209853278176, 3254.8426054360739, 1.3767819870069526
2100-Nov-06 18:00:00, 7930.2579275163498, 2.8481256170449267, 4675.2693207729608, 11.124086148294811, 3254.9886067433895, 1.3768437448227242
2100-Nov-06 19:00:00, 7936.8089690139568, 2.8504784016930675, 4681.6741385615887, 11.139325429704391, 3255.1348304523685, 1.3769055967132762
2100-Nov-06 20:00:00, 7943.950118548817, 2.8530431216695531, 4688.6688413587935, 11.155968252001729, 3255.281277190024, 1.3769675429438322
2100-Nov-06 21:00:00, 7951.2201613333618, 2.8556541332256629, 4695.7922136150401, 11.172917223538573, 3255.4279477183218, 1.3770295838366999
2100-Nov-06 22:00:00, 7958.3333507206953, 2.8582088114086588, 4702.758507849896, 11.189492452019762, 3255.5748428707998, 1.3770917197444617
2100-Nov-06 23:00:00, 7965.1915265458938, 2.8606719023235421, 4709.4695629654443, 11.205460378171013, 3255.7219635804495, 1.3771539510617681
2100-Nov-07 00:00:00, 7971.6237903140845, 2.8629820283473384, 4715.7544795148542, 11.220414372975085, 3255.8693107992299, 1.3772162781912931
2100-Nov-07 01:00:00, 7977.5572182534888, 2.8651129991512603, 4721.5403327648201, 11.234180923215954, 3256.0168854886692, 1.3772787015397583
2100-Nov-07 02:00:00, 7983.0347587301312, 2.8670802394973522, 4726.8700701429407, 11.246862215709324, 3256.164688587191, 1.3773412215041119
2100-Nov-07 03:00:00, 7988.1466080144946, 2.8689161430745549, 4731.8338870444613, 11.258672856561935, 3256.3127209700338, 1.3774038384545755
2100-Nov-07 04:00:00, 7992.971947053511, 2.8706491474551896, 4736.5109636273964, 11.269801242813305, 3256.4609834261141, 1.3774665527248571
2100-Nov-07 05:00:00, 7997.4229709032452, 2.872247717787249, 4740.8134942671777, 11.280038454449423, 3256.6094766360675, 1.3775293646028615
2100-Nov-07 06:00:00, 8001.4697706097577, 2.8737011123699365, 4744.7115694551549, 11.289313326382667, 3256.7582011546033, 1.3775922743232285
2100-Nov-07 07:00:00, 8004.9799177018949, 2.8749617699606596, 4748.0727602938614, 11.297310764366506, 3256.9071574080335, 1.3776552820662857
2100-Nov-07 08:00:00, 8007.938365312506, 2.8760242865273944, 4750.8820196313491, 11.30399496601116, 3257.0563456811574, 1.3777183879525017
2100-Nov-07 09:00:00, 8010.352682048594, 2.8768913803100382, 4753.1469159183534, 11.309383939284132, 3257.2057661302406, 1.3777815920479761
2100-Nov-07 10:00:00, 8012.065130355918, 2.877506400393437, 4754.7097115691568, 11.31310237179763, 3257.3554187867612, 1.377844894366024
2100-Nov-07 11:00:00, 8012.6723319619259, 2.8777244748198414, 4755.1670283980866, 11.31419048703828, 3257.5053035638393, 1.3779082948698957
2100-Nov-07 12:00:00, 8011.7918122216788, 2.8774082390994606, 4754.1363919495761, 11.311738245711805, 3257.6554202721027, 1.3779717934794877
2100-Nov-07 13:00:00, 8009.2483443755773, 2.876494761127518, 4751.4425757455865, 11.305328723293982, 3257.8057686299903, 1.378035390075701
2100-Nov-07 14:00:00, 8005.1123448624039, 2.8750093307325391, 4747.1559965838178, 11.295129465752789, 3257.9563482785857, 1.3780990845067158
2100-Nov-07 15:00:00, 7999.6264858448012, 2.8730391028102771, 4741.5193270417058, 11.281717875259526, 3258.107158803095, 1.3781628765970764
2100-Nov-07 16:00:00, 7993.1432153448131, 2.8707106578893149, 4734.8850156209073, 11.265932548957217, 3258.2581997239063, 1.3782267661439094
2100-Nov-07 17:00:00, 7986.3708568824695, 2.8682783879933402, 4727.9613863631348, 11.249458835244061, 3258.4094705193352, 1.3782907529265447
2100-Nov-07 18:00:00, 7979.798272748576, 2.8659178663794123, 4721.2373021317107, 11.233459908310289, 3258.5609706168657, 1.3783548367028113
2100-Nov-07 19:00:00, 7973.2962136327151, 2.8635826735898857, 4714.5835142231399, 11.217628240693077, 3258.7126994095756, 1.378419017215984
2100-Nov-07 20:00:00, 7966.4277470799907, 2.861115886794622, 4707.5630908340936, 11.200924220193068, 3258.8646562458971, 1.378483294190453
2100-Nov-07 21:00:00, 7959.0491578083511, 2.8584658911306362, 4700.0323173899433, 11.183005900026185, 3259.0168404184083, 1.3785476673269823
2100-Nov-07 22:00:00, 7951.340232758188, 2.8556972564763878, 4692.1709815994973, 11.164301057465556, 3259.1692511586903, 1.3786121363005346
2100-Nov-07 23:00:00, 7943.6414897336172, 2.8529322786625837, 4684.3196021117465, 11.145619904399863, 3259.3218876218707, 1.3786767007537331
2100-Nov-08 00:00:00, 7936.1691963522489, 2.8502486294809213, 4676.6944474718075, 11.127477018655963, 3259.4747488804414, 1.3787413602942467
2100-Nov-08 01:00:00, 7928.9687350492986, 2.8476626078812561, 4669.3409011603326, 11.1099803832641, 3259.6278338889665, 1.3788061144798611
2100-Nov-08 02:00:00, 7922.0530814006788, 2.8451788739982886, 4662.2719399324515, 11.093160874422436, 3259.7811414682274, 1.3788709628117728
2100-Nov-08 03:00:00, 7915.7144164361516, 2.8429023636718473, 4655.7797461396867, 11.077713695214758, 3259.9346702964649, 1.3789359047308847
2100-Nov-08 04:00:00, 7909.6482025541509, 2.8407237032406587, 4649.559783684218, 11.062914248713062, 3260.0884188699329, 1.3790009396011191
2100-Nov-08 05:00:00, 7903.4514897200388, 2.8384981745471887, 4643.209104226351, 11.047803781156546, 3260.2423854936883, 1.3790660667055243
2100-Nov-08 06:00:00, 7897.1192289474366, 2.8362239642648621, 4636.7226606788718, 11.032370283775419, 3260.3965682685648, 1.3791312852407625
2100-Nov-08 07:00:00, 7890.9292955705741, 2.8340008703907942, 4630.3783305052666, 11.017274923366804, 3260.5509650653075, 1.379196594306169
2100-Nov-08 08:00:00, 7884.7766655031628, 2.8317911738755783, 4624.0710919697949, 11.002267816821158, 3260.7055735333684, 1.3792619929074745
2100-Nov-08 09:00:00, 7878.5705574092681, 2.8295622709059738, 4617.7101663421809, 10.987132970075521, 3260.8603910670868, 1.3793274799424975
2100-Nov-08 10:00:00, 7871.8380493773393, 2.8271443131588287, 4610.8226345463318, 10.970745144735551, 3261.0154148310075, 1.3793930542118547
2100-Nov-08 11:00:00, 7860.8204839213868, 2.8231873913664507, 4599.6498421667065, 10.944161199208448, 3261.1706417546802, 1.3794587144167612
2100-Nov-08 12:00:00, 7846.6908640195079, 2.8181127856260733, 4585.3647954735989, 10.910172121971659, 3261.326068545909, 1.3795244591646345
2100-Nov-08 13:00:00, 7831.6882455706364, 2.8127246453767225, 4570.2065538742845, 10.874105411406296, 3261.4816916963518, 1.379590286971464
2100-Nov-08 14:00:00, 7817.0943471456831, 2.8074832955572622, 4555.4568396364675, 10.839010729028281, 3261.637507509216, 1.3796561962735248
2100-Nov-08 15:00:00, 7803.3771713142123, 2.8025568177256193, 4541.5836592007208, 10.806001624369349, 3261.7935121134919, 1.3797221854333996
2100-Nov-08 16:00:00, 7791.2239340887609, 2.7981920232147459, 4529.2742325909649, 10.776713232054787, 3261.949701497796, 1.3797882527542933
2100-Nov-08 17:00:00, 7781.0378872749498, 2.7945337385622162, 4518.9318157426387, 10.752105037722288, 3262.1060715323106, 1.3798543964893137
2100-Nov-08 18:00:00, 7772.8383358793126, 2.7915888970965739, 4510.5757178934255, 10.732222984740822, 3262.2626179858867, 1.3799206148487064
2100-Nov-08 19:00:00, 7766.4477176657037, 2.7892937279344485, 4504.0283810964174, 10.71664460121365, 3262.4193365692863, 1.3799869060181453
2100-Nov-08 20:00:00, 7761.8065171195167, 2.7876268562777815, 4499.2302941781691, 10.705228289432755, 3262.5762229413476, 1.3800532681613409
2100-Nov-08 21:00:00, 7758.6818566885795, 2.7865046449324176, 4495.9485839552017, 10.697419963381499, 3262.7332727333774, 1.3801196994303577
2100-Nov-08 22:00:00, 7756.4271495599605, 2.7856948744065853, 4493.5366679923591, 10.691681179343133, 3262.890481567601, 1.3801861979734198
2100-Nov-08 23:00:00, 7754.7288382599954, 2.7850849315821073, 4491.6809931827529, 10.687265885799816, 3263.0478450772425, 1.3802527619434024
2100-Nov-09 00:00:00, 7753.2784516560241, 2.7845640300831715, 4490.0730927533486, 10.683440133384849, 3263.205358902675, 1.3803193894962058
2100-Nov-09 01:00:00, 7751.8942648648308, 2.7840669040256327, 4488.5312461639842, 10.679771545949396, 3263.3630187008466, 1.3803860787947406
2100-Nov-09 02:00:00, 7750.5090905964362, 2.783569423318959, 4486.9882704345846, 10.676100271898443, 3263.5208201618516, 1.3804528280159385
2100-Nov-09 03:00:00, 7748.9914946468589, 2.7830243838082871, 4485.3127356308132, 10.672113593864987, 3263.6787590160457, 1.3805196353537619
2100-Nov-09 04:00:00, 7747.286600280755, 2.7824120766976184, 4483.4497692585692, 10.66768095116692, 3263.8368310221863, 1.3805864990141861
2100-Nov-09 05:00:00, 7745.4160585955424, 2.7817402779061919, 4481.4210265839483, 10.662853869187934, 3263.995032011594, 1.3806534172338811
2100-Nov-09 06:00:00, 7743.72465211485, 2.781132814924467, 4479.5712942545679, 10.658452714864721, 3264.1533578602821, 1.3807203882684214
2100-Nov-09 07:00:00, 7742.541981504759, 2.7807080627295306, 4478.2301769522146, 10.65526173197523, 3264.3118045525443, 1.3807874104191831
2100-Nov-09 08:00:00, 7742.2255128886718, 2.7805944040842876, 4477.7551447218557, 10.654131465654475, 3264.4703681668161, 1.3808544820273645
2100-Nov-09 09:00:00, 7741.4550100783181, 2.7803176805763976, 4476.8259651762346, 10.651920625464628, 3264.6290449020835, 1.380921601485156
2100-Nov-09 10:00:00, 7740.1203372133568, 2.7798383372798976, 4475.3325060845582, 10.648367168657135, 3264.7878311287982, 1.3809887672572767
2100-Nov-09 11:00:00, 7738.302952095336, 2.7791856294918307, 4473.3562287099676, 10.643664919811236, 3264.9467233853684, 1.3810559778794909
2100-Nov-09 12:00:00, 7735.6208418371489, 2.7782223585611869, 4470.5151234226123, 10.636904945614136, 3265.1057184145366, 1.3811232319739952
2100-Nov-09 13:00:00, 7731.8691872351546, 2.7768749643558652, 4466.6043740403384, 10.627599917379824, 3265.2648131948163, 1.3811905282627159
2100-Nov-09 14:00:00, 7727.1519003487065, 2.7751807665445147, 4461.7278953964742, 10.615997084513355, 3265.4240049522318, 1.3812578655722754
2100-Nov-09 15:00:00, 7721.8756802288262, 2.7732858297313681, 4456.2923890431721, 10.603064130968821, 3265.5832911856537, 1.3813252428447085
2100-Nov-09 16:00:00, 7716.2060754615213, 2.7712496101375192, 4450.4634057796466, 10.589194959476963, 3265.7426696818752, 1.3813926591438399
2100-Nov-09 17:00:00, 7710.2172013990439, 2.7690987260438997, 4444.3150628830226, 10.574565920728881, 3265.9021385160213, 1.3814601136554574
2100-Nov-09 18:00:00, 7703.9925735023262, 2.7668631717490384, 4437.9308774233632, 10.559375730781021, 3266.0616960789625, 1.3815276056989072
2100-Nov-09 19:00:00, 7697.3376816413002, 2.7644730895901359, 4431.1163405970929, 10.543161585773515, 3266.2213410442073, 1.3815951347130899
2100-Nov-09 20:00:00, 7690.1695365525484, 2.7618986742507396, 4423.7884641607297, 10.525726027911645, 3266.3810723918191, 1.381662700266578
2100-Nov-09 21:00:00, 7682.6114052290104, 2.7591841966591764, 4416.0705158445617, 10.507362353849988, 3266.5408893844492, 1.381730302047476
2100-Nov-09 22:00:00, 7674.8602762789442, 2.7564004046154018, 4408.1594847311535, 10.488539268891785, 3266.7007915477907, 1.3817979398551552
2100-Nov-09 23:00:00, 7667.0448972808945, 2.7535935373817364, 4400.1841186175589, 10.469563108669821, 3266.8607786633356, 1.3818656135971872
2100-Nov-10 00:00:00, 7659.3837716727276, 2.7508420697372467, 4392.3629209436713, 10.450953768600234, 3267.0208507290563, 1.3819333232727147
2100-Nov-10 01:00:00, 7651.8823294612212, 2.7481479518507097, 4384.7013215341021, 10.432724168117735, 3267.1810079271195, 1.3820010689587934
2100-Nov-10 02:00:00, 7644.6447790699967, 2.7455486098290116, 4377.3035284618454, 10.415122254346182, 3267.3412506081509, 1.3820688508037358
2100-Nov-10 03:00:00, 7637.3943182471075, 2.7429446310689514, 4369.8927390168337, 10.397489417699338, 3267.5015792302738, 1.3821366690013259
2100-Nov-10 04:00:00, 7630.0924837171215, 2.7403222016137736, 4362.4304893793624, 10.379734139418687, 3267.6619943377591, 1.3822045237817877
2100-Nov-10 05:00:00, 7622.6430865162201, 2.7376467755187641, 4354.8205899936829, 10.361627551212095, 3267.8224965225368, 1.3822724153955046
2100-Nov-10 06:00:00, 7615.0250427639367, 2.7349107805787556, 4347.0419563883161, 10.343119485814096, 3267.9830863756206, 1.3823403440924722
2100-Nov-10 07:00:00, 7606.9885582043225, 2.7320245040219993, 4338.8447937510418, 10.323615594788295, 3268.1437644532807, 1.38240831010799
2100-Nov-10 08:00:00, 7598.1536858089567, 2.7288514891437248, 4329.849154563879, 10.302211851300759, 3268.3045312450772, 1.3824763136491396
2100-Nov-10 09:00:00, 7588.141014398715, 2.7252554716876451, 4319.6756272718521, 10.278005503759303, 3268.4653871268629, 1.3825443548749048
2100-Nov-10 10:00:00, 7576.6346394081174, 2.7211229955854068, 4308.0083070515657, 10.250244905097418, 3268.6263323565522, 1.3826124338943822
2100-Nov-10 11:00:00, 7563.2490267241519, 2.7163155975494915, 4294.4616597024042, 10.21801273582685, 3268.7873670217477, 1.3826805507446269
2100-Nov-10 12:00:00, 7547.6456784516795, 2.7107117071927473, 4278.6971874272367, 10.180503592365918, 3268.9484910244428, 1.3827487053841829
2100-Nov-10 13:00:00, 7530.5670285546985, 2.7045779671907537, 4261.4573244723606, 10.13948398311202, 3269.1097040823374, 1.3828168976936386
2100-Nov-10 14:00:00, 7513.0958510741893, 2.698303252219691, 4243.824845381816, 10.097530203991806, 3269.2710056923729, 1.3828851274602028
2100-Nov-10 15:00:00, 7496.110969542302, 2.6922031888124733, 4226.678574414278, 10.056733282514486, 3269.4323951280244, 1.3829533943765591
2100-Nov-10 16:00:00, 7480.4678305312673, 2.6865850077450291, 4210.8739590913829, 10.019128624829552, 3269.5938714398844, 1.383021698041113
2100-Nov-10 17:00:00, 7467.0869139981305, 2.6817792963159803, 4197.3314805608279, 9.9869063746233486, 3269.7554334373026, 1.3830900379502251
2100-Nov-10 18:00:00, 7455.9652761413627, 2.6777849972688528, 4186.048196444739, 9.9600595309590982, 3269.9170796966237, 1.383158413501697
2100-Nov-10 19:00:00, 7446.6490935937381, 2.6744391214588252, 4176.5702850418447, 9.937508294716249, 3270.0788085518939, 1.3832268239908381
2100-Nov-10 20:00:00, 7438.8171525338885, 2.6716263060160452, 4168.5765344419005, 9.9184883914292516, 3270.2406180919879, 1.3832952686092523
2100-Nov-10 21:00:00, 7432.1730332705802, 2.669240092799591, 4161.7705271104232, 9.9022945410461549, 3270.4025061601569, 1.3833637464446455
2100-Nov-10 22:00:00, 7426.5905955220032, 2.6672351789490452, 4156.0261251798638, 9.8886266178610569, 3270.5644703421394, 1.3834322564757977
2100-Nov-10 23:00:00, 7422.1998810822752, 2.6656582685399237, 4151.4733731166752, 9.8777940427326651, 3270.7265079655999, 1.3835007975723244
2100-Nov-11 00:00:00, 7418.9500452697566, 2.6644911008748333, 4148.0614291678403, 9.8696758455089562, 3270.8886161019163, 1.3835693684954329
2100-Nov-11 01:00:00, 7416.6314797078212, 2.6636583958062081, 4145.5806881639837, 9.8637733028434678, 3271.0507915438379, 1.3836379678884725
2100-Nov-11 02:00:00, 7414.8734589259257, 2.6630270085209546, 4143.6604280995261, 9.8592043385938055, 3271.2130308263991, 1.3837065942857802
2100-Nov-11 03:00:00, 7413.5407108306772, 2.6625483564990611, 4142.1653806119075, 9.8556471024418322, 3271.3753302187697, 1.3837752461092341
2100-Nov-11 04:00:00, 7412.7181275890171, 2.6622529284784169, 4141.1804418558431, 9.8533035917643677, 3271.5376857331739, 1.3838439216720246
2100-Nov-11 05:00:00, 7412.4129050338361, 2.6621433088183433, 4140.7128118899309, 9.8521909379963333, 3271.7000931439052, 1.3839126191866995
2100-Nov-11 06:00:00, 7412.4313680402247, 2.6621499397453499, 4140.5688200340501, 9.851848331464053, 3271.8625480061746, 1.3839813367731353
2100-Nov-11 07:00:00, 7412.3283231344922, 2.6621129315120231, 4140.303277441717, 9.8512165136006349, 3272.0250456927747, 1.3840500724740468
2100-Nov-11 08:00:00, 7412.028989301094, 2.6620054267666871, 4139.8414078826172, 9.8501175658369462, 3272.1875814184764, 1.3841188242653062
2100-Nov-11 09:00:00, 7411.4533047823134, 2.6617986715967716, 4139.103154495554, 9.8483610051527375, 3272.3501502867593, 1.3841875900757101
2100-Nov-11 10:00:00, 7409.1407952656809, 2.6609681415365665, 4136.6280479299094, 9.8424718687686354, 3272.5127473357711, 1.3842563678064201
2100-Nov-11 11:00:00, 7404.6557591451037, 2.6593573558111663, 4131.9803915510756, 9.8314134833797748, 3272.6753675940286, 1.3843251553545237
2100-Nov-11 12:00:00, 7399.5326911275279, 2.6575174230634437, 4126.6946850106197, 9.8188369555101644, 3272.8380061169082, 1.3843939506284704
2100-Nov-11 13:00:00, 7394.8129546146674, 2.6558223454769587, 4121.812296559332, 9.8072200611635125, 3273.0006580553354, 1.3844627515771259
2100-Nov-11 14:00:00, 7390.1635697193906, 2.6541525344386829, 4117.0002510230006, 9.7957705369921833, 3273.1633186963895, 1.3845315562069487
2100-Nov-11 15:00:00, 7385.58501953829, 2.6525081634511429, 4112.2590360369159, 9.7844895432495438, 3273.3259835013746, 1.3846003625980932
2100-Nov-11 16:00:00, 7381.117326937283, 2.6509036065928018, 4107.6286787719828, 9.7734723184484746, 3273.4886481653002, 1.3846691689295703
2100-Nov-11 17:00:00, 7377.0893091364196, 2.6494569574687241, 4103.4380004868381, 9.7635012423317225, 3273.6513086495811, 1.3847379734930787
2100-Nov-11 18:00:00, 7373.6326172269137, 2.648215498128097, 4099.8186560318063, 9.7548895674193847, 3273.8139611951074, 1.384806774698534
2100-Nov-11 19:00:00, 7370.3911663248609, 2.6470513418755623, 4096.4145639788712, 9.7467900525774649, 3273.9766023459897, 1.3848755710841125
2100-Nov-11 20:00:00, 7366.7479337991808, 2.645742887096401, 4092.6087048206218, 9.7377345945407399, 3274.1392289785585, 1.3849443613285177
2100-Nov-11 21:00:00, 7362.7496685814185, 2.6443069235130561, 4088.4478302988741, 9.727834431907004, 3274.3018382825444, 1.3850131442430198
2100-Nov-11 22:00:00, 7359.0297345100171, 2.6429709216302277, 4084.5653067568064, 9.7185965627295339, 3274.4644277532111, 1.385081918768128
2100-Nov-11 23:00:00, 7355.8171135101447, 2.6418171195406579, 4081.1901183145965, 9.7105658195954323, 3274.6269951955483, 1.385150683975364
2100-Nov-12 00:00:00, 7352.9220507026757, 2.6407773674140222, 4078.1325120232418, 9.7032907144712262, 3274.7895386794339, 1.3852194390482961
2100-Nov-12 01:00:00, 7350.0237554584546, 2.6397364543685353, 4075.0716989288699, 9.6960079792511742, 3274.9520565295848, 1.3852881832782877
2100-Nov-12 02:00:00, 7347.0816273289893, 2.6386797988888842, 4071.9670800504832, 9.6886210148879996, 3275.1145472785056, 1.385356916044596
2100-Nov-12 03:00:00, 7344.1329488201782, 2.6376207908623943, 4068.8559391776857, 9.6812185324396172, 3275.2770096424924, 1.3854256368042206
2100-Nov-12 04:00:00, 7341.6856952720118, 2.6367418679338281, 4066.2462527955654, 9.6750091840271626, 3275.4394424764469, 1.3854943450727903
2100-Nov-12 05:00:00, 7340.1110373355077, 2.6361763348013585, 4064.509192584741, 9.6708761157258074, 3275.6018447507672, 1.3855630404147894
2100-Nov-12 06:00:00, 7339.129373541562, 2.6358237735323033, 4063.365158049101, 9.6681540610466179, 3275.7642154924606, 1.3856317224186463
2100-Nov-12 07:00:00, 7338.6968075767581, 2.635668418912481, 4062.7702538078765, 9.6667385776647379, 3275.9265537688821, 1.3857003906898573
2100-Nov-12 08:00:00, 7338.7734082019897, 2.635695929770892, 4062.6845495503612, 9.6665346575312725, 3276.0888586516285, 1.3857690448357121
2100-Nov-12 09:00:00, 7339.2855874612669, 2.6358798772392089, 4063.0344582717007, 9.6673672116566411, 3276.2511291895662, 1.3858376844538864
2100-Nov-12 10:00:00, 7335.9461651905085, 2.6346805348972056, 4059.5328008135079, 9.6590355548997398, 3276.4133643770006, 1.3859063091189763
2100-Nov-12 11:00:00, 7330.6068979876436, 2.6327629549350249, 4054.0313348497489, 9.6459456605805283, 3276.5755631378943, 1.3859749183758234
2100-Nov-12 12:00:00, 7325.2810496802149, 2.6308501943242697, 4048.5433253726355, 9.6328877839070248, 3276.7377243075794, 1.3860435117317791
2100-Nov-12 13:00:00, 7321.0930556155872, 2.6293460902599985, 4044.1932089915595, 9.6225373492992929, 3276.8998466240282, 1.3861120886530121
2100-Nov-12 14:00:00, 7317.8666684818945, 2.6281873441094992, 4040.8047397777405, 9.6144750066064582, 3277.0619287041536, 1.3861806485544834
2100-Nov-12 15:00:00, 7315.887726739038, 2.627476613799844, 4038.6637576738876, 9.609380868123484, 3277.2239690651504, 1.386249190808974
2100-Nov-12 16:00:00, 7315.4943350391804, 2.6273353284862844, 4038.108368942927, 9.6080594058364781, 3277.3859660962535, 1.3863177147351382
2100-Nov-12 17:00:00, 7316.7552432567281, 2.6277881794563243, 4039.2073251860934, 9.6106742036338737, 3277.5479180706343, 1.3863862196025365
2100-Nov-12 18:00:00, 7319.6764470313919, 2.6288373200239166, 4041.9666238859359, 9.6172395316053656, 3277.7098231454565, 1.3864547046316584
2100-Nov-12 19:00:00, 7323.8705280932099, 2.6303436102128748, 4045.9988487260034, 9.6268335920567942, 3277.8716793672065, 1.3865231689961772
2100-Nov-12 20:00:00, 7328.8804989037244, 2.6321429244768617, 4050.8470142242045, 9.6383690581364814, 3278.0334846795199, 1.3865916118262616
2100-Nov-12 21:00:00, 7334.3538238033216, 2.634108650812554, 4056.1585868786115, 9.6510071304562981, 3278.1952369247101, 1.3866600322092208
2100-Nov-12 22:00:00, 7340.0608826212792, 2.6361583219034537, 4061.7039487798302, 9.664201468424924, 3278.3569338414495, 1.3867284291885247
2100-Nov-12 23:00:00, 7345.9852315603821, 2.6382860320147761, 4067.4666584786055, 9.6779129521360261, 3278.5185730817761, 1.3867968017709973
2100-Nov-13 00:00:00, 7351.959113556577, 2.6404315317579217, 4073.2789613311679, 9.6917424351488233, 3278.6801522254095, 1.3868651489328718
2100-Nov-13 01:00:00, 7358.0024124061274, 2.6426019623318302, 4079.1607436522304, 9.7057372338985566, 3278.841668753897, 1.386933469608856
2100-Nov-13 02:00:00, 7363.9936348821202, 2.6447536898503117, 4084.9905147811451, 9.7196082799952475, 3279.0031201009751, 1.3870017627134332
2100-Nov-13 03:00:00, 7369.8240003291594, 2.6468476461047263, 4090.659496698047, 9.7330967528275067, 3279.164503631112, 1.3870700271317866
2100-Nov-13 04:00:00, 7375.4500332291054, 2.6488682170081108, 4096.1242165548701, 9.7460992154222286, 3279.3258166742353, 1.3871382617344892
2100-Nov-13 05:00:00, 7381.0072801306487, 2.6508640836501796, 4101.5202236026917, 9.7589381864286828, 3279.4870565279566, 1.3872064653784444
2100-Nov-13 06:00:00, 7386.7522685665208, 2.652927377036522, 4107.1040480946685, 9.7722240402317411, 3279.6482204718527, 1.3872746369129267
2100-Nov-13 07:00:00, 7392.8950060331426, 2.6551335206572433, 4113.085700222935, 9.7864564638673848, 3279.8093058102077, 1.3873427751976621
2100-Nov-13 08:00:00, 7399.5820111658541, 2.6575351361902899, 4119.611701305279, 9.8019840823344762, 3279.9703098605751, 1.3874108790979891
2100-Nov-13 09:00:00, 7406.3667897113319, 2.6599718667175911, 4126.2355597154638, 9.8177445373015537, 3280.1312299958681, 1.3874789475026637
2100-Nov-13 10:00:00, 7412.5836222701973, 2.6622046213429287, 4132.2915586170493, 9.8321538576792893, 3280.292063653148, 1.387546979327575
2100-Nov-13 11:00:00, 7418.1394272072739, 2.6641999701082808, 4137.686618844994, 9.8449905758730925, 3280.4528083622795, 1.3876149735278689
2100-Nov-13 12:00:00, 7422.6336261124397, 2.6658140466171272, 4142.0201643679411, 9.8553015826659269, 3280.6134617444991, 1.38768292909734
2100-Nov-13 13:00:00, 7425.9092624982059, 2.6669904804718261, 4145.1352409341825, 9.8627134294931107, 3280.7740215640229, 1.3877508450902634
2100-Nov-13 14:00:00, 7428.0600139753769, 2.667762915673054, 4147.1255282822403, 9.8674490129217034, 3280.9344856931361, 1.3878187206066264
2100-Nov-13 15:00:00, 7429.5227981376702, 2.6682882697136052, 4148.4279459892896, 9.8705479160608025, 3281.0948521483806, 1.3878865548074359
2100-Nov-13 16:00:00, 7430.9564904308681, 2.6688031755066501, 4149.7013713349861, 9.8735778363235802, 3281.2551190958816, 1.3879543469169724
2100-Nov-13 17:00:00, 7432.7075048101224, 2.6694320464658232, 4151.2922199698642, 9.8773630166092694, 3281.4152848402582, 1.3880220962180985
2100-Nov-13 18:00:00, 7434.9515102769637, 2.6702379735256132, 4153.3761624482577, 9.8823214380535145, 3281.5753478287065, 1.3880898020539856
2100-Nov-13 19:00:00, 7437.6682336670965, 2.6712136756468539, 4155.9329270232674, 9.888404867144315, 3281.7353066438295, 1.3881574638250822
2100-Nov-13 20:00:00, 7440.7452296140509, 2.6723187684521781, 4158.8500696211959, 9.8953457604575696, 3281.8951599928555, 1.3882250809845522
2100-Nov-13 21:00:00, 7443.9185583211729, 2.6734584588461936, 4161.8636516264032, 9.9025161165463462, 3282.0549066947692, 1.3882926530328323
2100-Nov-13 22:00:00, 7447.2945214335086, 2.6746709247092624, 4165.0799757699988, 9.9101688664521603, 3282.2145456635099, 1.388360179510524
2100-Nov-13 23:00:00, 7450.9665809970238, 2.6759897326226687, 4168.5925051163249, 9.9185263911990944, 3282.3740758806989, 1.3884276599868588
2100-Nov-14 00:00:00, 7454.9062915988216, 2.6774046665114883, 4172.3727952078652, 9.9275210115639574, 3282.5334963909568, 1.3884950940577154
2100-Nov-14 01:00:00, 7459.0185063609078, 2.678881554692647, 4176.3257001033053, 9.9369263423750649, 3282.6928062576026, 1.3885624813268831
2100-Nov-14 02:00:00, 7463.3404194885661, 2.6804337553406001, 4180.4884149438749, 9.9468308837651254, 3282.8520045446908, 1.3886298213984611
2100-Nov-14 03:00:00, 7468.0268875922266, 2.6821168846891661, 4185.0157972913066, 9.9576030955466663, 3283.0110903009195, 1.3886971138700539
2100-Nov-14 04:00:00, 7473.0976419040126, 2.6839380291443833, 4189.9275793861088, 9.9692899275589859, 3283.1700625179042, 1.3887643583151197
2100-Nov-14 05:00:00, 7478.7323158440704, 2.6859617034484295, 4195.4033957305592, 9.9823187925437811, 3283.3289201135112, 1.3888315542759215
2100-Nov-14 06:00:00, 7485.0904253895769, 2.6882451972311099, 4201.6027634678921, 9.9970692370729637, 3283.4876619216843, 1.3888987012592233
2100-Nov-14 07:00:00, 7492.2663161242981, 2.690822394393356, 4208.6200294615992, 10.013765745035117, 3283.6462866626994, 1.3889657987237085
2100-Nov-14 08:00:00, 7500.1443478354613, 2.6936517631394343, 4216.3395549040333, 10.032133171626789, 3283.804792931428, 1.3890328460750148
2100-Nov-14 09:00:00, 7504.2520725127288, 2.6951270387216444, 4220.2888933172571, 10.041530016540573, 3283.9631791954712, 1.389099842664945
2100-Nov-14 10:00:00, 7503.5637300049093, 2.6948798228116777, 4219.4422862195588, 10.039515644823695, 3284.12144378535, 1.3891667877873182
2100-Nov-14 11:00:00, 7499.3663751043305, 2.6933723568344758, 4215.0867902172413, 10.029152410232468, 3284.2795848870892, 1.3892336806748318
2100-Nov-14 12:00:00, 7493.6895584675458, 2.6913335471218192, 4209.2519579067639, 10.015269321830649, 3284.4376005607819, 1.3893005205069151
2100-Nov-14 13:00:00, 7487.5862878500411, 2.6891415778879866, 4202.9907991119517, 10.000371854959129, 3284.595488738089, 1.3893673064086711
2100-Nov-14 14:00:00, 7481.8026793001309, 2.6870644142168274, 4197.0494320631051, 9.986235283490112, 3284.7532472370258, 1.3894340374571312
2100-Nov-14 15:00:00, 7477.0568085897557, 2.6853599506206933, 4192.1459348193293, 9.974568164009888, 3284.9108737704264, 1.389500712684836
2100-Nov-14 16:00:00, 7474.5031942693568, 2.6844428285764348, 4189.4348283047502, 9.9681175019504025, 3285.0683659646065, 1.3895673310877286
2100-Nov-14 17:00:00, 7474.6329758906759, 2.6844894392117609, 4189.4072545122772, 9.9680518943411176, 3285.2257213783992, 1.3896338916332081
2100-Nov-14 18:00:00, 7477.4024552801102, 2.6854840884737423, 4192.0195177832193, 9.9742673740652208, 3285.3829374968909, 1.3897003932574787
2100-Nov-14 19:00:00, 7483.1015442463004, 2.6875308972190295, 4197.5615324787195, 9.9874537478713101, 3285.5400117675808, 1.3897668348808454
2100-Nov-14 20:00:00, 7491.4253175672075, 2.6905203525737527, 4205.7283759712855, 10.006885499143326, 3285.6969415959215, 1.3898332154058277
2100-Nov-14 21:00:00, 7501.4429263356851, 2.6941181432655332, 4215.5892019985004, 10.030347821994484, 3285.8537243371852, 1.389899533713719
2100-Nov-14 22:00:00, 7512.6508173234843, 2.6981434198362533, 4226.6404600072556, 10.056642595129842, 3286.0103573162287, 1.3899657886729475
2100-Nov-14 23:00:00, 7524.8218353244674, 2.7025146002532021, 4238.6549975147664, 10.085229344062494, 3286.1668378097011, 1.3900319791315494
2100-Nov-15 00:00:00, 7537.7981811172231, 2.7071750114536681, 4251.4750180770607, 10.115732616360463, 3286.3231630401619, 1.3900981039146814
2100-Nov-15 01:00:00, 7551.6030251198099, 2.7121329750158178, 4265.1236949508229, 10.148207549233177, 3286.4793301689874, 1.3901641618216201
2100-Nov-15 02:00:00, 7565.8347698327243, 2.7172442585405885, 4279.1994335290028, 10.181698609918996, 3286.6353363037215, 1.3902301516288709
2100-Nov-15 03:00:00, 7579.5623571552323, 2.7221744756244233, 4292.771178697245, 10.213990495599983, 3286.7911784579874, 1.3902960720732116
2100-Nov-15 04:00:00, 7593.0451550551943, 2.7270167774056904, 4306.0983014578278, 10.245700339787765, 3286.9468535973665, 1.3903619218710985
2100-Nov-15 05:00:00, 7607.3055137733354, 2.732138337554757, 4320.2031551585105, 10.279260675441231, 3287.1023586148244, 1.3904276997082718
2100-Nov-15 06:00:00, 7622.1934258052543, 2.7374852813780204, 4334.9357354490421, 10.31431459022008, 3287.2576903562122, 1.3904934042505426
2100-Nov-15 07:00:00, 7636.7594626398059, 2.7427166248004533, 4349.3466169930216, 10.348603072181071, 3287.4128456467843, 1.3905590341550091
2100-Nov-15 08:00:00, 7651.3491060674751, 2.7479564464518669, 4363.7812847592213, 10.382948149808957, 3287.5678213082538, 1.3906245880772723
2100-Nov-15 09:00:00, 7661.8136099632029, 2.7517147380342473, 4374.0909957626345, 10.407478525600661, 3287.7226142005684, 1.3906900646891058
2100-Nov-15 10:00:00, 7662.9827646992817, 2.7521346360482273, 4375.1055434277941, 10.409892486135222, 3287.8772212714875, 1.3907554626994274
2100-Nov-15 11:00:00, 7652.6329257836369, 2.7484175260100212, 4364.601286198571, 10.384899217443182, 3288.0316395850664, 1.3908207808663471
2100-Nov-15 12:00:00, 7636.7672113986437, 2.7427194077412791, 4348.5813450201904, 10.346782224916758, 3288.1858663784533, 1.3908860180211928
2100-Nov-15 13:00:00, 7619.3915875026723, 2.7364790105205858, 4331.0516884038298, 10.305073096100585, 3288.3398990988426, 1.3909511730841404
2100-Nov-15 14:00:00, 7602.6850378572763, 2.7304789090797001, 4314.19130240291, 10.264956394045713, 3288.4937354543667, 1.3910162450857415
2100-Nov-15 15:00:00, 7588.5163708368109, 2.7253902796972502, 4299.8689973955834, 10.230878666365779, 3288.647373441227, 1.3910812331783995
2100-Nov-15 16:00:00, 7578.9921596907097, 2.7219696911116968, 4290.1913482984237, 10.207852184919791, 3288.8008113922861, 1.3911461366569235
2100-Nov-15 17:00:00, 7575.244882076584, 2.720623868886932, 4286.2908341023694, 10.198571509740979, 3288.954047974215, 1.3912109549573226
2100-Nov-15 18:00:00, 7577.2050180464521, 2.721327845166102, 4288.0979358432051, 10.202871231118413, 3289.107082203247, 1.3912756876634678
2100-Nov-15 19:00:00, 7583.9347478635464, 2.723744805126679, 4294.6748344103071, 10.218519952342659, 3289.2599134532397, 1.3913403345105044
2100-Nov-15 20:00:00, 7593.6944040021017, 2.7272499529939789, 4304.2818625977507, 10.241378402167438, 3289.412541404351, 1.3914048953631406
2100-Nov-15 21:00:00, 7605.807498308146, 2.731600330309579, 4316.2425322738782, 10.269836980858802, 3289.5649660342679, 1.3914693702119383
2100-Nov-15 22:00:00, 7619.6445605109166, 2.7365698649305918, 4329.9273729671777, 10.302397959992469, 3289.7171875437393, 1.3915337591418133
2100-Nov-15 23:00:00, 7634.2291395454922, 2.7418078677221609, 4344.359933243386, 10.336738023171215, 3289.8692063021058, 1.3915980623089945
2100-Nov-16 00:00:00, 7648.9815954762644, 2.7471061629396427, 4358.9605726958562, 10.371478004966022, 3290.0210227804082, 1.3916622799127301
2100-Nov-16 01:00:00, 7663.9819208151803, 2.7524934796262204, 4373.8092833478049, 10.406808234125114, 3290.1726374673758, 1.3917264121597499
2100-Nov-16 02:00:00, 7678.8968827761473, 2.7578501383410505, 4388.5728319696973, 10.4419358332978, 3290.3240508064505, 1.3917904592376278
2100-Nov-16 03:00:00, 7693.221473976173, 2.7629947673712021, 4402.7462108509217, 10.475659214106393, 3290.4752631252513, 1.3918544212849449
2100-Nov-16 04:00:00, 7707.3373431230584, 2.7680644345739043, 4416.7110685348707, 10.508886450713854, 3290.6262745881877, 1.3919182983712455
2100-Nov-16 05:00:00, 7720.8736022669382, 2.7729259367821579, 4430.0965171177722, 10.540735072248484, 3290.7770851491655, 1.3919820904770321
2100-Nov-16 06:00:00, 7734.3663641542062, 2.7777718170961481, 4443.4386696129386, 10.5724806773841, 3290.9276945412671, 1.3920457974893998
2100-Nov-16 07:00:00, 7747.9672604457155, 2.7826565335198357, 4456.8891581733669, 10.604484051567926, 3291.0781022723481, 1.3921094192001742
2100-Nov-16 08:00:00, 7762.108080881455, 2.7877351618944965, 4470.8797732444809, 10.637772573926885, 3291.2283076369745, 1.3921729553109601
2100-Nov-16 09:00:00, 7772.7793562061452, 2.7915677147441751, 4481.4010464527482, 10.662806329530756, 3291.3783097533974, 1.3922364054487821
2100-Nov-16 10:00:00, 7775.2187344757403, 2.7924438092927759, 4483.6906268647572, 10.668254034892557, 3291.5281076109832, 1.3922997691861474
2100-Nov-16 11:00:00, 7771.8515041588998, 2.7912344797840083, 4480.1738040362825, 10.659886294463483, 3291.6777001226178, 1.3923630460632122
2100-Nov-16 12:00:00, 7765.5728522946547, 2.7889795229618581, 4473.7457661032568, 10.644591764282351, 3291.8270861913979, 1.392426235615992
2100-Nov-16 13:00:00, 7760.1593485470694, 2.7870352811928778, 4468.1830837745129, 10.631356215013435, 3291.976264772557, 1.392489337402556
2100-Nov-16 14:00:00, 7757.1784626855169, 2.7859647060033477, 4465.0532277334069, 10.623909202693026, 3292.1252349521105, 1.3925523510362929
2100-Nov-16 15:00:00, 7756.2647962036372, 2.7856365657415476, 4463.9908002163656, 10.621381319395827, 3292.2739959872711, 1.3926152762030077
2100-Nov-16 16:00:00, 7756.866796149252, 2.7858527720090152, 4464.4442487763681, 10.62246023068397, 3292.4225473728834, 1.3926781126890222
2100-Nov-16 17:00:00, 7759.5312889102388, 2.7868097156744498, 4466.9604000270037, 10.628447026599629, 3292.5708888832355, 1.3927408603988614
2100-Nov-16 18:00:00, 7764.6782129354369, 2.7886582162275384, 4471.9591923409344, 10.640340886080734, 3292.7190205945026, 1.392803519364747
2100-Nov-16 19:00:00, 7772.419099047509, 2.791438329590298, 4479.5521561352507, 10.65840717864565, 3292.8669429122588, 1.3928660897582348
2100-Nov-16 20:00:00, 7782.342970818745, 2.7950024549529617, 4489.328314259029, 10.681668047208893, 3293.0146565597165, 1.39292857188524
2100-Nov-16 21:00:00, 7794.1685394879514, 2.7992495683975354, 4501.0063769249655, 10.70945420587228, 3293.1621625629864, 1.3929909661798023
2100-Nov-16 22:00:00, 7806.63964134458, 2.8037285229278033, 4513.3301791100421, 10.738776802663061, 3293.3094622345384, 1.3930532731970897
2100-Nov-16 23:00:00, 7819.4633453789902, 2.808334113351171, 4526.0067882403528, 10.768938849458372, 3293.4565571386374, 1.3931154935987786
2100-Nov-17 00:00:00, 7833.1355895660927, 2.8132444541329842, 4539.5321405431787, 10.801120350432909, 3293.603449022914, 1.3931776281241077
2100-Nov-17 01:00:00, 7847.7423194120165, 2.8184904123143797, 4553.9921796200479, 10.835525795202496, 3293.7501397919682, 1.393239677578713
2100-Nov-17 02:00:00, 7862.2645940039401, 2.823706038673707, 4568.367962567615, 10.869730765437556, 3293.8966314363247, 1.393301642804577
2100-Nov-17 03:00:00, 7875.7197672618477, 2.828538419157153, 4581.6768412606025, 10.901397200665189, 3294.0429260012456, 1.3933635246668348
2100-Nov-17 04:00:00, 7887.8740766944675, 2.8329035987476452, 4593.6850511509756, 10.929968894003538, 3294.1890255434919, 1.3934253240354857
2100-Nov-17 05:00:00, 7899.6455182178588, 2.8371312726087927, 4605.3105861354325, 10.957630071106749, 3294.3349320824263, 1.3934870417647105
2100-Nov-17 06:00:00, 7911.009926852812, 2.8412127619691159, 4616.5292792655591, 10.984323230428357, 3294.4806475872524, 1.393548678687472
2100-Nov-17 07:00:00, 7921.9478042252649, 2.8451410640527701, 4627.3216302536266, 11.01000197402511, 3294.6261739716379, 1.393610235613242
2100-Nov-17 08:00:00, 7932.6551605388831, 2.8489865752689729, 4637.8836474705331, 11.035132673747285, 3294.7715130683505, 1.3936717133172722
2100-Nov-17 09:00:00, 7942.7975305089731, 2.8526291735291291, 4647.8808638477103, 11.058919516513484, 3294.9166666612628, 1.3937331125541317
2100-Nov-17 10:00:00, 7950.4647985649262, 2.8553828472132015, 4655.4031620768656, 11.076817671206411, 3295.0616364880607, 1.3937944340588524
2100-Nov-17 11:00:00, 7954.6509497725519, 2.856886289421543, 4659.4445255023402, 11.086433475519929, 3295.2064242702118, 1.393855678559607
2100-Nov-17 12:00:00, 7954.65178465399, 2.8568865892664199, 4659.300752918175, 11.086091390711058, 3295.3510317358146, 1.3939168467873719
2100-Nov-17 13:00:00, 7951.1273977809378, 2.8556208175059972, 4655.6319371154141, 11.077362006315852, 3295.4954606655233, 1.3939779394953553
2100-Nov-17 14:00:00, 7946.2074442037911, 2.8538538326303704, 4650.5677313136866, 11.065312505475161, 3295.6397128901044, 1.3940389574579619
2100-Nov-17 15:00:00, 7941.8532221654159, 2.8522900283451693, 4646.0694317978741, 11.054609491830066, 3295.7837903675418, 1.3940999015034092
2100-Nov-17 16:00:00, 7939.3158474446864, 2.8513787386988292, 4643.3881522813808, 11.048229798536974, 3295.9276951633055, 1.3941607725053804
2100-Nov-17 17:00:00, 7939.5801285655261, 2.8514736543796615, 4643.5086990609598, 11.048516621106742, 3296.0714295045664, 1.3942215714059576
2100-Nov-17 18:00:00, 7943.0431982832151, 2.8527174042887711, 4646.8282025263461, 11.056414870380735, 3296.214995756869, 1.3942822992057542
2100-Nov-17 19:00:00, 7949.2936930989999, 2.8549622486011197, 4652.9352966333809, 11.070945763961678, 3296.3583964656191, 1.3943429569814638
2100-Nov-17 20:00:00, 7957.5140664579121, 2.8579145682052469, 4661.0124321361873, 11.090164068833538, 3296.5016343217244, 1.3944035458713273
2100-Nov-17 21:00:00, 7967.1083423152641, 2.8613603202975595, 4670.4636301581295, 11.112651744684326, 3296.6447121571346, 1.3944640670732444
2100-Nov-17 22:00:00, 7977.6328296797601, 2.8651401547421722, 4680.8451967646497, 11.137353089860758, 3296.78763291511, 1.3945245218322
2100-Nov-17 23:00:00, 7988.9260544103035, 2.8691960786412549, 4691.9956547792463, 11.163883894192434, 3296.9303996310568, 1.3945849114321553
2100-Nov-18 00:00:00, 8000.9546133334006, 2.8735160953567438, 4703.8815979444416, 11.192164672614309, 3297.073015388959, 1.3946452371776201
2100-Nov-18 01:00:00, 8013.6521858830201, 2.8780763860791141, 4716.4367026141117, 11.222037618184679, 3297.215483268908, 1.3947055003714572
2100-Nov-18 02:00:00, 8025.9077570809059, 2.8824779334939974, 4728.5499507525183, 11.250859233921037, 3297.3578063283881, 1.3947657023069673
2100-Nov-18 03:00:00, 8036.6600336441343, 2.8863395776676408, 4739.1600460920827, 11.276104328160747, 3297.4999875520516, 1.3948258442466432
2100-Nov-18 04:00:00, 8046.5078615128641, 2.889876392116999, 4748.8658316907868, 11.299197756095934, 3297.6420298220778, 1.3948859274096321
2100-Nov-18 05:00:00, 8055.9333310995025, 2.8932615180016485, 4758.1493952096844, 11.32128657136237, 3297.7839358898182, 1.3949459529597419
2100-Nov-18 06:00:00, 8065.9990649416268, 2.8968765926527058, 4768.0733565778519, 11.34489911507217, 3297.9257083637744, 1.3950059220003554
2100-Nov-18 07:00:00, 8076.8843559375873, 2.9007860085150843, 4778.8170062340569, 11.370461981320689, 3298.06734970353, 1.3950658355718644
2100-Nov-18 08:00:00, 8088.2752075976668, 2.9048769947994599, 4790.0663453760808, 11.397228058126414, 3298.2088622215861, 1.3951256946524448
2100-Nov-18 09:00:00, 8099.5667666540085, 2.9089323204772231, 4801.2165185505573, 11.42375818472472, 3298.3502481034516, 1.3951855001665561
2100-Nov-18 10:00:00, 8109.2978819038472, 2.9124272179797766, 4810.8063724805324, 11.446575771038436, 3298.4915094233147, 1.3952452529915693
2100-Nov-18 11:00:00, 8109.8116314612889, 2.9126117294154286, 4811.178983287853, 11.447462341294829, 3298.6326481734354, 1.3953049539702005
2100-Nov-18 12:00:00, 8103.143536608236, 2.9102169054460885, 4804.3698703010296, 11.431261101481253, 3298.7736663072064, 1.3953646039287249
2100-Nov-18 13:00:00, 8093.2024702782983, 2.9066466047151631, 4794.2879045147138, 11.407272610496824, 3298.914565763585, 1.3954242036873112
2100-Nov-18 14:00:00, 8082.5264761971075, 2.9028123571398661, 4783.4711276804155, 11.381535749345963, 3299.055348516692, 1.3954837540810032
2100-Nov-18 15:00:00, 8073.0224157204202, 2.899399005599852, 4773.8263991209233, 11.358587597269246, 3299.1960165994969, 1.3955432559697365
2100-Nov-18 16:00:00, 8066.8534417555738, 2.8971834392285238, 4767.5168696080373, 11.343575039694285, 3299.3365721475366, 1.395602710256832
2100-Nov-18 17:00:00, 8064.769365111797, 2.8964349500707587, 4765.2923476874503, 11.338282131032653, 3299.4770174243467, 1.3956621178997546
2100-Nov-18 18:00:00, 8066.9369654654893, 2.8972134364896487, 4767.3196106325759, 11.343105692222299, 3299.6173548329139, 1.3957214799149549
2100-Nov-18 19:00:00, 8072.9736163076532, 2.8993814794539348, 4773.216029363929, 11.357135316065047, 3299.7575869437242, 1.3957807973897356
2100-Nov-18 20:00:00, 8081.6667339952764, 2.9025035836029303, 4781.7690175209564, 11.377485839330387, 3299.8977164743201, 1.3958400714736039
2100-Nov-18 21:00:00, 8092.2964298440147, 2.9063212033228565, 4792.2586835435404, 11.402444390484565, 3300.0377463004743, 1.3958993033829965
2100-Nov-18 22:00:00, 8104.021499951974, 2.9105322230452106, 4803.8438205342263, 11.430009446758772, 3300.1776794177476, 1.395958494385021
2100-Nov-18 23:00:00, 8115.5315877388766, 2.9146660325858269, 4815.2140688114268, 11.457063208303822, 3300.3175189274498, 1.3960176457915154
2100-Nov-19 00:00:00, 8126.4080821303824, 2.91857228917713, 4825.9508141361139, 11.482609646754639, 3300.4572679942685, 1.3960767589411269
2100-Nov-19 01:00:00, 8136.6714705250906, 2.9222583507998197, 4836.074540723097, 11.506697501158023, 3300.5969298019936, 1.3961358351805826
2100-Nov-19 02:00:00, 8146.4350384592553, 2.9257649035754318, 4845.6985309460288, 11.529596309544219, 3300.7365075132266, 1.3961948758476466
2100-Nov-19 03:00:00, 8155.3461572176793, 2.9289653020800421, 4854.4701529799322, 11.550467038580486, 3300.8760042377471, 1.3962538822577402
2100-Nov-19 04:00:00, 8164.3644317814378, 2.9322041852338248, 4863.3490087880109, 11.571592913932417, 3301.0154229934265, 1.3963128556874076
2100-Nov-19 05:00:00, 8173.6226755119469, 2.9355292525114245, 4872.4679088375724, 11.593289937733442, 3301.1547666743745, 1.3963717973608427
2100-Nov-19 06:00:00, 8183.0169523876611, 2.9389031756382495, 4881.7229143302638, 11.615310803557406, 3301.2940380573968, 1.3964307084526204
2100-Nov-19 07:00:00, 8192.5566365574377, 2.9423293213085162, 4891.1233967912149, 11.637677809510736, 3301.4332397662233, 1.3964895900725649
2100-Nov-19 08:00:00, 8202.5247145043613, 2.9459093231713589, 4900.9523401806009, 11.661064272516073, 3301.5723743237604, 1.3965484432878532
2100-Nov-19 09:00:00, 8212.2378630384756, 2.9493977679880383, 4910.5264189169011, 11.683844324176404, 3301.711444121574, 1.3966072691101055
2100-Nov-19 10:00:00, 8214.74238828737, 2.9502972598564123, 4912.8919368023935, 11.689472711107319, 3301.8504514849769, 1.3966660685229173
2100-Nov-19 11:00:00, 8207.116896431382, 2.947558589954864, 4905.1274977429894, 11.670998419453952, 3301.9893986883931, 1.3967248424883585
2100-Nov-19 12:00:00, 8189.8847266614512, 2.9413697138038484, 4887.7564386728181, 11.629666649169593, 3302.128287988633, 1.3967835919610485
2100-Nov-19 13:00:00, 8168.565535160491, 2.9337129974645366, 4866.298413487264, 11.578610569966669, 3302.2671216732269, 1.3968423179086011
2100-Nov-19 14:00:00, 8148.4676243647455, 2.9264949000067189, 4846.0617222620258, 11.530460467565986, 3302.4059021027197, 1.3969010213295148
2100-Nov-19 15:00:00, 8132.9036207122335, 2.9209051401386708, 4830.3589889905943, 11.493098222593492, 3302.5446317216397, 1.3969597032578127
2100-Nov-19 16:00:00, 8123.2931461539156, 2.9174535703370719, 4820.6098330287414, 11.469901601532337, 3302.6833131251742, 1.3970183647912462
2100-Nov-19 17:00:00, 8119.9911202073099, 2.9162676587598404, 4817.1691711640788, 11.46171507443333, 3302.8219490432311, 1.3970770070845522
2100-Nov-19 18:00:00, 8122.4241991612053, 2.917141490930272, 4819.4636567818261, 11.467174450979712, 3302.9605423793796, 1.397135631365926
2100-Nov-19 19:00:00, 8129.3194078289935, 2.9196178820667384, 4826.2203116282999, 11.483250874695564, 3303.0990962006936, 1.3971942389327243
2100-Nov-19 20:00:00, 8138.3707883555508, 2.9228686551163592, 4835.1331746326241, 11.504457664954154, 3303.2376137229262, 1.3972528311451944
2100-Nov-19 21:00:00, 8147.7675142605294, 2.9262434578038552, 4844.391415965174, 11.526486229962675, 3303.3760982953554, 1.397311409420064
2100-Nov-19 22:00:00, 8157.4304436088423, 2.9297138665678797, 4853.9158902474737, 11.549148255434183, 3303.5145533613686, 1.3973699752138689
2100-Nov-19 23:00:00, 8167.603955545379, 2.9333676493611507, 4863.950973139592, 11.573025195763847, 3303.6529824057875, 1.3974285300006706
2100-Nov-20 00:00:00, 8178.5301724959008, 2.9372917636432594, 4874.7387835825066, 11.598693135829944, 3303.7913889133938, 1.3974870752545143
2100-Nov-20 01:00:00, 8189.5515957410626, 2.9412500709477318, 4885.6218194292605, 11.624587650136609, 3303.929776311802, 1.3975456124252639
2100-Nov-20 02:00:00, 8200.5483345391913, 2.9451995129155937, 4896.4801866239886, 11.650423469170025, 3304.0681479152036, 1.3976041429148054
2100-Nov-20 03:00:00, 8211.3782808844135, 2.9490890519317237, 4907.1717739979413, 11.675862461204437, 3304.2065068864727, 1.3976626680610185
2100-Nov-20 04:00:00, 8222.2528532995984, 2.9529946182516578, 4917.9079970977218, 11.7014076571012, 3304.3448562018766, 1.3977211891228496
2100-Nov-20 05:00:00, 8232.6641977551844, 2.9567338177988685, 4928.1809991215696, 11.725850689507297, 3304.4831986336153, 1.397779707272925
2100-Nov-20 06:00:00, 8243.5570129846656, 2.9606459359645561, 4938.9354762523326, 11.75143931807056, 3304.6215367323325, 1.3978382235901541
2100-Nov-20 07:00:00, 8255.0333237925734, 2.964767614616111, 4950.2734509421243, 11.778416289565236, 3304.7598728504481, 1.3978967390695987
2100-Nov-20 08:00:00, 8266.9084580915514, 2.9690325293908773, 4962.0102489402025, 11.806342199941277, 3304.8982091513481, 1.3979552546263603
2100-Nov-20 09:00:00, 8277.8886021589842, 2.9729760114166996, 4972.8520545064976, 11.83213861312044, 3305.0365476524871, 1.3980137711138119
2100-Nov-20 10:00:00, 8287.1017104446146, 2.9762848684501977, 4981.9268201717214, 11.853730625924282, 3305.1748902728928, 1.3980722893436923
2100-Nov-20 11:00:00, 8293.2373476014218, 2.9784884620183916, 4987.9241087186401, 11.868000254019435, 3305.3132388827821, 1.3981308101070942
2100-Nov-20 12:00:00, 8295.6852137693095, 2.9793676049672819, 4990.2336184111055, 11.873495378046869, 3305.4515953582036, 1.3981893341975764
2100-Nov-20 13:00:00, 8294.8126439713305, 2.9790542244420837, 4989.2226823255123, 11.87109001071186, 3305.5899616458187, 1.398247862438567
2100-Nov-20 14:00:00, 8291.4415758031046, 2.977843516581824, 4985.7132359868092, 11.862739821508621, 3305.7283398162949, 1.3983063957059481
2100-Nov-20 15:00:00, 8287.7120324153802, 2.9765040635451707, 4981.8453002955148, 11.853536661884245, 3305.8667321198664, 1.3983649349515568
2100-Nov-20 16:00:00, 8285.3901533182943, 2.9756701684314764, 4979.3850122892345, 11.847682783988938, 3306.0051410290589, 1.3984234812212595
2100-Nov-20 17:00:00, 8285.2886025927346, 2.9756336968279622, 4979.1450333184821, 11.847111790841534, 3306.1435692742521, 1.3984820356699927
2100-Nov-20 18:00:00, 8287.5823556620162, 2.9764574905728201, 4981.3003357752323, 11.852240002407441, 3306.2820198867839, 1.3985405995799973
2100-Nov-20 19:00:00, 8291.7815782551934, 2.9779656273255735, 4985.3610820591084, 11.861901925259136, 3306.4204961960845, 1.3985991743596053
2100-Nov-20 20:00:00, 8297.0125396388285, 2.9798443096149363, 4990.4535377865514, 11.874018642464444, 3306.5590018522762, 1.3986577615528002
2100-Nov-20 21:00:00, 8303.2503523139821, 2.9820845991788842, 4996.5528114967074, 11.888530928610686, 3306.6975408172739, 1.3987163628354518
2100-Nov-20 22:00:00, 8310.2638994847748, 2.9846034911929986, 5003.4277821513069, 11.904888866641969, 3306.8361173334674, 1.3987749800020695
2100-Nov-20 23:00:00, 8317.9114795731402, 2.9873500940093458, 5010.9367436552966, 11.922755288643259, 3306.9747359178427, 1.3988336149633156
2100-Nov-21 00:00:00, 8326.135738089175, 2.9903038089546623, 5019.0223367894732, 11.941993717151538, 3307.1134012997018, 1.3988922697196613
2100-Nov-21 01:00:00, 8334.7058286294796, 2.9933817283150836, 5027.4537102427084, 11.962054876885269, 3307.2521183867707, 1.3989509463470495
2100-Nov-21 02:00:00, 8343.6979345433392, 2.9966112130857594, 5036.3070423156578, 11.983120022424876, 3307.390892227681, 1.399009646981026
2100-Nov-21 03:00:00, 8353.4808502264641, 3.0001247145407146, 5045.9511222861092, 12.006066631283467, 3307.5297279403549, 1.3990683737864462
2100-Nov-21 04:00:00, 8364.3921468644294, 3.0040434702424594, 5056.7235161843582, 12.031697890046477, 3307.6686306800707, 1.3991271289439666
2100-Nov-21 05:00:00, 8376.1470058579271, 3.008265188543445, 5068.3394002798605, 12.059336104339895, 3307.8076055780671, 1.3991859146240755
2100-Nov-21 06:00:00, 8388.3967537209101, 3.0126646445270704, 5080.450096002467, 12.088151646994406, 3307.9466577184421, 1.3992447329773203
2100-Nov-21 07:00:00, 8401.0799152654527, 3.017219759585156, 5092.9941231773719, 12.117998235365304, 3308.0857920880812, 1.3993035861131287
2100-Nov-21 08:00:00, 8413.3701762159508, 3.0216337657086925, 5105.1451626442658, 12.146909769770494, 3308.2250135716845, 1.3993624760977041
2100-Nov-21 09:00:00, 8425.2965498032027, 3.0259170829025051, 5116.9322228800293, 12.174955271430727, 3308.3643269231729, 1.3994214049419309
2100-Nov-21 10:00:00, 8435.3287347911755, 3.0295201085947761, 5126.8249980332967, 12.198493612326233, 3308.5037367578784, 1.3994803745980715
2100-Nov-21 11:00:00, 8442.4240420380356, 3.0320683644668165, 5133.7807944714295, 12.215043862910514, 3308.6432475666056, 1.3995393869657133
2100-Nov-21 12:00:00, 8445.8363093046082, 3.0332938688454831, 5137.0534455949564, 12.222830634224344, 3308.7828637096518, 1.3995984438892404
2100-Nov-21 13:00:00, 8446.3490712868024, 3.0334780255967875, 5137.4264818326028, 12.223718216726935, 3308.9225894541992, 1.3996575471736488
2100-Nov-21 14:00:00, 8443.8213407309122, 3.0325701996200007, 5134.7589117694151, 12.217371142974912, 3309.0624289614971, 1.3997166985791263
2100-Nov-21 15:00:00, 8440.1654153562522, 3.0312571862465711, 5130.9630290187761, 12.208339422269686, 3309.2023863374761, 1.3997758998424608
2100-Nov-21 16:00:00, 8437.2689922260161, 3.030216945564562, 5127.9265265617141, 12.201114530481787, 3309.3424656643024, 1.3998351526903878
2100-Nov-21 17:00:00, 8435.9271926177717, 3.0297350427220429, 5126.4445216223185, 12.197588327072545, 3309.4826709954523, 1.3998944588375075
2100-Nov-21 18:00:00, 8435.7133631380439, 3.0296582465794129, 5126.0903567354853, 12.196745646054293, 3309.623006402559, 1.3999538200061001
2100-Nov-21 19:00:00, 8436.5727970620155, 3.029966909399386, 5126.8093210853649, 12.198456311433521, 3309.7634759766502, 1.4000132379266499
2100-Nov-21 20:00:00, 8438.1776298619716, 3.0305432797331644, 5128.2735459978921, 12.201940209996341, 3309.904083864079, 1.4000727143530429
2100-Nov-21 21:00:00, 8439.9849227523082, 3.0311923629314057, 5129.9400885006544, 12.205905492228991, 3310.0448342516529, 1.4001322510562777
2100-Nov-21 22:00:00, 8441.8243972406635, 3.0318530040429645, 5131.6386658593619, 12.209946996487121, 3310.185731381302, 1.4001918498306694
2100-Nov-21 23:00:00, 8443.6534769711106, 3.0325099119119798, 5133.3266974598228, 12.213963408731253, 3310.3267795112884, 1.4002515124774413
2100-Nov-22 00:00:00, 8445.1690974840185, 3.0330542419511772, 5134.7011145417209, 12.217233623337885, 3310.467982942298, 1.4003112408157619
2100-Nov-22 01:00:00, 8445.722743831162, 3.0332530821854413, 5135.1133978787584, 12.218214588292851, 3310.6093459524031, 1.400371036655234
2100-Nov-22 02:00:00, 8445.4539546312444, 3.0331565474430828, 5134.7030818467356, 12.217238304238377, 3310.7508727845084, 1.4004309017905849
2100-Nov-22 03:00:00, 8444.2769880129617, 3.0327338438177307, 5133.3844203977596, 12.214100751607202, 3310.8925676152016, 1.4004908379884904
2100-Nov-22 04:00:00, 8442.8198390763664, 3.0322105136496456, 5131.7854045557606, 12.21029613870504, 3311.0344345206063, 1.40055084697313
2100-Nov-22 05:00:00, 8441.3716957745673, 3.0316904178251836, 5130.1952183375615, 12.206512534538222, 3311.1764774370054, 1.4006109304095313
2100-Nov-22 06:00:00, 8440.0266889119393, 3.0312073631079772, 5128.7079887848213, 12.202973899962997, 3311.3187001271181, 1.4006710898893058
2100-Nov-22 07:00:00, 8438.2894814982319, 3.0305834508743117, 5126.8283753324231, 12.198501648091417, 3311.4611061658093, 1.4007313269246031
2100-Nov-22 08:00:00, 8435.9942914559324, 3.0297591410453997, 5124.3905925397876, 12.19270131789961, 3311.6036989161448, 1.4007916429379834
2100-Nov-22 09:00:00, 8433.3829522828928, 3.0288212873133387, 5121.6364707836055, 12.186148307671399, 3311.7464814992873, 1.4008520392496822
2100-Nov-22 10:00:00, 8430.6882988214293, 3.0278535115331811, 5118.7988420228721, 12.179396605336088, 3311.8894567985576, 1.4009125170793302
2100-Nov-22 11:00:00, 8427.7455822348056, 3.026796644711109, 5115.7129547900495, 12.172054210050041, 3312.0326274447552, 1.400973077539742
2100-Nov-22 12:00:00, 8424.1996768491153, 3.0255231446488273, 5112.0236810301594, 12.163276149084158, 3312.1759958189559, 1.4010337216381006
2100-Nov-22 13:00:00, 8418.6738131107322, 3.0235385491648672, 5106.3542490523341, 12.149786605400973, 3312.3195640583981, 1.4010944502784473
2100-Nov-22 14:00:00, 8412.2003713174545, 3.0212136341910538, 5099.7370372666073, 12.134041965057181, 3312.4633340508476, 1.401155264259297
2100-Nov-22 15:00:00, 8406.1762450984406, 3.0190500894032919, 5093.5689376396303, 12.119365918199968, 3312.6073074588103, 1.4012161642838821
2100-Nov-22 16:00:00, 8401.3716186335168, 3.0173245238743829, 5088.6201329140986, 12.107590996517208, 3312.7514857194183, 1.4012771509601014
2100-Nov-22 17:00:00, 8397.9851838233517, 3.0161082971360544, 5085.089313763252, 12.099189953986128, 3312.8958700601006, 1.4013382248071518
2100-Nov-22 18:00:00, 8395.8574959210309, 3.0153441451406131, 5082.8170344102, 12.093783413840082, 3313.04046151083, 1.4013993862607064
2100-Nov-22 19:00:00, 8394.6837677497933, 3.0149226045926887, 5081.498506833429, 12.090646179737282, 3313.1852609163648, 1.4014606356780934
2100-Nov-22 20:00:00, 8393.7329466053598, 3.0145811203580721, 5080.4026776657165, 12.088038822336225, 3313.3302689396423, 1.4015219733397322
2100-Nov-22 21:00:00, 8392.6643265993571, 3.0141973290562252, 5079.1888405111886, 12.085150683033325, 3313.4754860881685, 1.4015833994602953
2100-Nov-22 22:00:00, 8391.6564457139575, 3.0138353520064403, 5078.0355329946124, 12.0824065647185, 3313.6209127193451, 1.4016449141909617
2100-Nov-22 23:00:00, 8391.0430592392477, 3.0136150563051229, 5077.2765102034009, 12.080600586423209, 3313.7665490358463, 1.4017065176174617
2100-Nov-23 00:00:00, 8390.9113673493412, 3.0135677596032213, 5076.998972234509, 12.079940227401398, 3313.9123951148317, 1.4017682097724333
2100-Nov-23 01:00:00, 8391.1841852185335, 3.0136657412286785, 5077.125734311473, 12.080241838317846, 3314.0584509070609, 1.401829990635048
2100-Nov-23 02:00:00, 8391.6070119693686, 3.0138175980423703, 5077.4022957193602, 12.080899873762556, 3314.204716250008, 1.4018918601365584
2100-Nov-23 03:00:00, 8392.1175980513053, 3.0140009733263726, 5077.7664071788804, 12.081766221124683, 3314.3511908724245, 1.4019538181622275
2100-Nov-23 04:00:00, 8392.5957024279669, 3.0141726829145394, 5078.0978280102072, 12.082554786151864, 3314.4978744177592, 1.4020158645612362
2100-Nov-23 05:00:00, 8392.9482967267668, 3.0142993159779299, 5078.3035302903609, 12.083044223172136, 3314.6447664364055, 1.4020779991434029
2100-Nov-23 06:00:00, 8392.903960026164, 3.0142833926001638, 5078.1120935903382, 12.082588728911404, 3314.7918664358249, 1.4021402217003864
2100-Nov-23 07:00:00, 8392.449943663969, 3.0141203341418459, 5077.5107698060228, 12.081157971211516, 3314.9391738579466, 1.4022025319961258
2100-Nov-23 08:00:00, 8391.8651382116586, 3.0139103032191525, 5076.7784500834468, 12.079415528771712, 3315.0866881282109, 1.4022649297875849
2100-Nov-23 09:00:00, 8390.4574160657758, 3.0134047245176756, 5075.2230074084719, 12.075714591536229, 3315.2344086573048, 1.4023274148254876
2100-Nov-23 10:00:00, 8388.720505740408, 3.0127809189822936, 5073.3381708697152, 12.071229912131896, 3315.3823348706924, 1.4023899868668077
2100-Nov-23 11:00:00, 8380.218514332937, 3.0097274571977164, 5064.6880481106418, 12.05064827198173, 3315.5304662222948, 1.4024526456805571
2100-Nov-23 12:00:00, 8365.7054522260823, 3.0045151394715961, 5050.0266500070156, 12.015763724297059, 3315.6788022190672, 1.4025153910581798
2100-Nov-23 13:00:00, 8348.8061191130746, 2.9984458004929575, 5032.9787766735317, 11.975200924895475, 3315.8273424395425, 1.4025782228213979
2100-Nov-23 14:00:00, 8328.0486315557282, 2.9909908182467388, 5012.0725450125101, 11.925457753737378, 3315.9760865432181, 1.4026411408261801
2100-Nov-23 15:00:00, 8307.2584374573198, 2.9835240895556638, 4991.1334031672977, 11.875636277844519, 3316.125034290023, 1.4027041449709776
2100-Nov-23 16:00:00, 8292.4613100812821, 2.9782097507379892, 4976.1871245289358, 11.840073900628981, 3316.2741855523468, 1.4027672352018121
2100-Nov-23 17:00:00, 8285.1543272893141, 2.9755854723017356, 4968.7307869664783, 11.822332689223897, 3316.4235403228349, 1.4028304115155723
2100-Nov-23 18:00:00, 8284.0828987947734, 2.9752006723406215, 4967.509800085636, 11.819427538244021, 3316.5730987091379, 1.4028936739577942
2100-Nov-23 19:00:00, 8287.2103372914589, 2.9763238814190092, 4970.4874763657526, 11.826512462167992, 3316.7228609257058, 1.402957022619189
2100-Nov-23 20:00:00, 8292.4874011392167, 2.978219121254202, 4975.6145738388268, 11.838711604092879, 3316.8728273003894, 1.4030204576384357
2100-Nov-23 21:00:00, 8298.8415573568491, 2.9805011952123954, 4981.8185591204419, 11.853473035360336, 3317.0229982364062, 1.4030839791860936
2100-Nov-23 22:00:00, 8305.8076546387801, 2.9830030457575907, 4988.6342804416245, 11.869689998691781, 3317.1733741971557, 1.403147587458178
2100-Nov-23 23:00:00, 8312.9675862678014, 2.9855745112603898, 4995.6436305937859, 11.88636767212329, 3317.3239556740145, 1.4032112826625391
2100-Nov-24 00:00:00, 8319.916980500413, 2.9880703629612744, 5002.4422373397974, 11.902543913948543, 3317.4747431606165, 1.4032750650079813
2100-Nov-24 01:00:00, 8326.467416516487, 2.9904229301527474, 5008.8416794199975, 11.917770404684568, 3317.6257370964886, 1.4033389346804221
2100-Nov-24 02:00:00, 8332.5935954235465, 2.9926231268221715, 5014.8166575475207, 11.931986948559254, 3317.7769378760249, 1.4034028918466885
2100-Nov-24 03:00:00, 8338.3387169487123, 2.9946864680070888, 5020.4103711660127, 11.945296332021833, 3317.9283457826996, 1.4034669366266888
2100-Nov-24 04:00:00, 8343.7744381935518, 2.9966386891159162, 5025.6944771911622, 11.957869051710796, 3318.0799610023892, 1.4035310690990472
2100-Nov-24 05:00:00, 8348.7861785227215, 2.9984386388966109, 5030.5543949330267, 11.96943248045145, 3318.2317835896952, 1.4035952892868606
2100-Nov-24 06:00:00, 8353.1693359042056, 3.0000128352135338, 5034.78552240105, 11.979499799193833, 3318.3838135031556, 1.4036595971725903
2100-Nov-24 07:00:00, 8356.8904873957727, 3.0013492743287435, 5038.354436802003, 11.987991483528615, 3318.5360505937692, 1.4037239926932097
2100-Nov-24 08:00:00, 8360.0504714136659, 3.0024841720222457, 5041.3619767753307, 11.995147463529401, 3318.6884946383357, 1.403788475754306
2100-Nov-24 09:00:00, 8362.4444099153643, 3.0033439470301504, 5043.6032645336018, 12.000480263929871, 3318.8411453817625, 1.4038530462479768
2100-Nov-24 10:00:00, 8363.7378496779274, 3.0038084815958017, 5044.7438471060459, 12.003194105192179, 3318.9940025718815, 1.4039177040675557
2100-Nov-24 11:00:00, 8363.4411075728676, 3.0037019076610316, 5044.2940415819912, 12.002123861949221, 3319.1470659908769, 1.4039824491209081
2100-Nov-24 12:00:00, 8360.2268534305767, 3.0025475190338233, 5040.9265179113745, 11.994111355963327, 3319.3003355192013, 1.404047281357466
2100-Nov-24 13:00:00, 8353.5292375854369, 3.0001420926988893, 5034.0754264199149, 11.977810234737598, 3319.4538111655229, 1.4041122007808957
2100-Nov-24 14:00:00, 8343.9853911534265, 2.9967144521660591, 5024.3778980433563, 11.954736453595823, 3319.6074931100707, 1.4041772074674337
2100-Nov-24 15:00:00, 8332.5365227361071, 2.9926026293573202, 5012.7751410040792, 11.927129473118962, 3319.761381732028, 1.4042423015774721
2100-Nov-24 16:00:00, 8320.0330008653036, 2.9881120312873697, 5000.1175232291343, 11.897012613340411, 3319.9154776361697, 1.4043074833668279
2100-Nov-24 17:00:00, 8307.0434951025818, 2.9834468937276952, 4986.9737134438437, 11.865738934256573, 3320.069781658739, 1.4043727531892276
2100-Nov-24 18:00:00, 8293.8846552162995, 2.9787209403837731, 4973.6603603242384, 11.834061852817193, 3320.2242948920612, 1.4044381115067195
2100-Nov-24 19:00:00, 8280.7370892239196, 2.9739990360211475, 4960.358070567785, 11.80241109495328, 3320.379018656135, 1.4045035588776564
2100-Nov-24 20:00:00, 8267.6994368047799, 2.9693166067508159, 4947.1654823203598, 11.771021355001555, 3320.5339544844201, 1.4045690959506836
2100-Nov-24 21:00:00, 8254.8280183569022, 2.9646938798554014, 4934.1389142431317, 11.740026634576816, 3320.6891041137706, 1.4046347234604821
2100-Nov-24 22:00:00, 8241.8681752088869, 2.9600393955246114, 4921.0237057853601, 11.708821007964278, 3320.8444694235263, 1.4047004422020029
2100-Nov-24 23:00:00, 8228.6947912609812, 2.95530821872959, 4907.6947388598073, 11.677106775868852, 3321.0000524011734, 1.4047662530159426
2100-Nov-25 00:00:00, 8215.3505081156727, 2.9505156640592838, 4894.1946530364185, 11.644985392606182, 3321.1558550792552, 1.4048321567620567
2100-Nov-25 01:00:00, 8202.118230023847, 2.9457633356294068, 4880.8063505445089, 11.613129980632865, 3321.3118794793377, 1.4048981542954577
2100-Nov-25 02:00:00, 8189.1936260333596, 2.9411215073242087, 4867.7254984940246, 11.58200609982109, 3321.468127539335, 1.4049642464358734
2100-Nov-25 03:00:00, 8176.4917917634994, 2.9365596860192644, 4854.8671907029893, 11.55141172893571, 3321.6246010605105, 1.4050304339452289
2100-Nov-25 04:00:00, 8163.7985547433882, 2.9320009523878192, 4842.0172531191793, 11.520837273674408, 3321.7813016242089, 1.4050967174924252
2100-Nov-25 05:00:00, 8151.0418316852338, 2.9274194179580992, 4829.1036011510678, 11.490111219809638, 3321.9382305341655, 1.4051630976289355
2100-Nov-25 06:00:00, 8138.716056426284, 2.9229926569894369, 4816.6206676696265, 11.46040999451038, 3322.0953887566575, 1.4052295747634906
2100-Nov-25 07:00:00, 8127.6044017037484, 2.9190019433515864, 4805.3516248302776, 11.433597035779478, 3322.2527768734708, 1.4052961491421827
2100-Nov-25 08:00:00, 8119.0384230210575, 2.915925500751078, 4796.6280279903858, 11.412840575325152, 3322.4103950306717, 1.4053628208267972
2100-Nov-25 09:00:00, 8113.4350431427556, 2.9139130656046683, 4790.866800241216, 11.399132617685801, 3322.5682429015401, 1.4054295896791331
2100-Nov-25 10:00:00, 8109.8560271831902, 2.9126276739904964, 4787.1297075137954, 11.390240778822255, 3322.7263196693943, 1.4054964553537381
2100-Nov-25 11:00:00, 8106.9624383804985, 2.9115884512477472, 4784.0778143652014, 11.382979267244835, 3322.8846240152975, 1.4055634172927089
2100-Nov-25 12:00:00, 8101.5908540202818, 2.9096592646865682, 4778.5476999215634, 11.369821208262515, 3323.0431540987179, 1.4056304747175095
2100-Nov-25 13:00:00, 8092.5756912792076, 2.9064214991334967, 4769.3737837035669, 11.347993281928346, 3323.2019075756411, 1.4056976266366339
2100-Nov-25 14:00:00, 8082.6041329299205, 2.9028402472957828, 4759.2432513198792, 11.323889234175734, 3323.3608816100418, 1.4057648718504574
2100-Nov-25 15:00:00, 8074.3812349444506, 2.8998870209804695, 4750.8611620435649, 11.303945338580645, 3323.5200729008861, 1.4058322089626596
2100-Nov-25 16:00:00, 8068.427759348675, 2.8977488501277984, 4744.7482816369502, 11.289400677387489, 3323.6794777117252, 1.4058996363927416
2100-Nov-25 17:00:00, 8064.2546162933577, 2.8962500797538611, 4740.4155243837804, 11.279091546161666, 3323.8390919095773, 1.4059671523924726
2100-Nov-25 18:00:00, 8060.9789163496935, 2.8950736230725558, 4736.9800053324379, 11.270917255598032, 3323.998911017256, 1.4060347550680257
2100-Nov-25 19:00:00, 8057.8794628063461, 2.8939604646965815, 4733.7205325416326, 11.263161840105317, 3324.158930264713, 1.4061024424016944
2100-Nov-25 20:00:00, 8055.0651869518942, 2.8929497269339821, 4730.7460423061293, 11.256084496885753, 3324.3191446457649, 1.4061702122758883
2100-Nov-25 21:00:00, 8053.0042888918706, 2.8922095622870665, 4728.5247399204382, 11.25079924861352, 3324.4795489714325, 1.4062380624956956
2100-Nov-25 22:00:00, 8051.8494972366989, 2.8917948227255659, 4727.2093592959782, 11.247669502200992, 3324.6401379407203, 1.406305990818822
2100-Nov-25 23:00:00, 8051.18416324184, 2.891555870246092, 4726.3832570598443, 11.2457039186567, 3324.8009061819957, 1.406373994973094
2100-Nov-26 00:00:00, 8051.5576546263255, 2.8916900084279291, 4726.5958062936425, 11.246209646952826, 3324.9618483326831, 1.406442072690169
2100-Nov-26 01:00:00, 8052.9609017151615, 2.8921939799276317, 4727.8379426553947, 11.249165119878132, 3325.1229590597663, 1.4065102217142083
2100-Nov-26 02:00:00, 8055.1178584492955, 2.8929686437261481, 4729.8336253089456, 11.253913540608488, 3325.2842331403504, 1.4065784398359533
2100-Nov-26 03:00:00, 8058.0670161890066, 2.8940278238668129, 4732.6213507063403, 11.260546505546063, 3325.4456654826668, 1.4066467249016124
2100-Nov-26 04:00:00, 8061.7902077580156, 2.8953649956690146, 4736.182956575195, 11.269020800349868, 3325.6072511828206, 1.406715074836862
2100-Nov-26 05:00:00, 8065.9643208552325, 2.8968641144302563, 4740.1953353233466, 11.278567640070033, 3325.7689855318858, 1.4067834876498508
2100-Nov-26 06:00:00, 8070.1197338260072, 2.898356517103617, 4744.188869744461, 11.288069642604791, 3325.9308640815461, 1.406851961458963
2100-Nov-26 07:00:00, 8073.8715130294258, 2.899703956059124, 4747.7786303853381, 11.296610927369594, 3326.0928826440881, 1.4069204944928173
2100-Nov-26 08:00:00, 8076.6729362119841, 2.9007100778275903, 4750.4178988959675, 11.302890661918848, 3326.2550373160166, 1.4069890851002547
2100-Nov-26 09:00:00, 8078.498975294272, 2.9013658936579865, 4752.0816507994896, 11.306849304348694, 3326.4173244947824, 1.4070577317574153
2100-Nov-26 10:00:00, 8078.7586906076385, 2.9014591695443319, 4752.1789497095951, 11.307080812179343, 3326.5797408980434, 1.4071264330758848
2100-Nov-26 11:00:00, 8076.3610655781249, 2.9005980705322898, 4749.6187820143641, 11.300989285886025, 3326.7422835637612, 1.407195187802736
2100-Nov-26 12:00:00, 8071.5152027151489, 2.8988576950889082, 4744.6102528407773, 11.289072259041031, 3326.9049498743711, 1.4072639948307522
2100-Nov-26 13:00:00, 8065.8036292205079, 2.8968064025669746, 4738.7358916800067, 11.275095117803785, 3327.0677375405012, 1.4073328531915406
2100-Nov-26 14:00:00, 8059.681254119454, 2.8946075720217577, 4732.4506095107827, 11.260140253063451, 3327.2306446086709, 1.4074017620587889
2100-Nov-26 15:00:00, 8053.6104882671461, 2.8924272767656545, 4726.2168188005353, 11.245307904350806, 3327.3936694666104, 1.407470720750515
2100-Nov-26 16:00:00, 8047.3318645129393, 2.8901723300391304, 4719.7750536889025, 11.229980712453969, 3327.5568108240368, 1.4075397287209359
2100-Nov-26 17:00:00, 8041.0944866745513, 2.8879321966453526, 4713.3744189572953, 11.214751383986878, 3327.7200677172559, 1.4076087855624138
2100-Nov-26 18:00:00, 8034.380494776171, 2.8855208889056563, 4706.4970552995355, 11.198387752171669, 3327.8834394766354, 1.4076778909916974
2100-Nov-26 19:00:00, 8028.0975343861382, 2.8832643846908765, 4700.0506086714677, 11.183049421324633, 3328.0469257146706, 1.4077470448448743
2100-Nov-26 20:00:00, 8022.9107460550658, 2.8814015670056334, 4694.7002197558304, 11.17031899166575, 3328.2105262992359, 1.4078162470660562
2100-Nov-26 21:00:00, 8019.0329855799591, 2.8800088822976626, 4690.6587442612699, 11.160702920701034, 3328.3742413186892, 1.4078854976926178
2100-Nov-26 22:00:00, 8016.1652454539844, 2.8789789430207224, 4687.6271744182641, 11.153489765311605, 3328.5380710357203, 1.4079547968356756
2100-Nov-26 23:00:00, 8013.9607196985144, 2.8781871949672571, 4685.2587038441225, 11.147854352911001, 3328.7020158543924, 1.4080241446661463
2100-Nov-27 00:00:00, 8012.027172814589, 2.8774927680693931, 4683.1610965462687, 11.142863418125074, 3328.8660762683198, 1.4080935413928264
2100-Nov-27 01:00:00, 8010.3037627668564, 2.876873811113581, 4681.2735099631154, 11.138372195411964, 3329.0302528037405, 1.4081629872383119
2100-Nov-27 02:00:00, 8008.9302800262813, 2.8763805293800289, 4679.7357340521003, 11.13471329353119, 3329.194545974181, 1.4082324824198218
2100-Nov-27 03:00:00, 8007.8216009264643, 2.8759823509885902, 4678.4626447014953, 11.13168417271719, 3329.358956224969, 1.4083020271257274
2100-Nov-27 04:00:00, 8006.8501075785152, 2.875633442401206, 4677.3266236916907, 11.128981184993426, 3329.523483886825, 1.4083716214959219
2100-Nov-27 05:00:00, 8005.9558794864188, 2.8753122833720979, 4676.2677503573914, 11.126461758328839, 3329.6881291290269, 1.4084412656020091
2100-Nov-27 06:00:00, 8005.1156558464709, 2.8750105198613953, 4675.2627639280718, 11.124070547288238, 3329.8528919183991, 1.4085109594299556
2100-Nov-27 07:00:00, 8004.3250881101303, 2.8747265901024317, 4674.3073161234579, 11.121797205805748, 3330.017771986672, 1.4085807028662851
2100-Nov-27 08:00:00, 8003.4010985684017, 2.8743947423482057, 4673.2183297505062, 11.11920612978512, 3330.182768817896, 1.4086504956927532
2100-Nov-27 09:00:00, 8002.3899013700138, 2.8740315742556999, 4672.0420197597632, 11.116407280611664, 3330.3478816102506, 1.4087203375701942
2100-Nov-27 10:00:00, 8001.101401336181, 2.8735688137771045, 4670.5882920621007, 11.112948358561312, 3330.5131092740803, 1.4087902280376889
2100-Nov-27 11:00:00, 7999.2256260976492, 2.8728951353725041, 4668.5471756578036, 11.108091835190731, 3330.6784504398456, 1.4088601665159295
2100-Nov-27 12:00:00, 7996.7694541774217, 2.8720130094404341, 4665.9255507181824, 11.101854080812114, 3330.8439034592393, 1.40893015230769
2100-Nov-27 13:00:00, 7993.7653961541591, 2.8709341120465099, 4662.7559297405342, 11.094312453925264, 3331.009466413625, 1.4090001846013969
2100-Nov-27 14:00:00, 7990.4050242111589, 2.8697272456997736, 4659.2298870800778, 11.08592277632034, 3331.1751371310816, 1.4090702624783387
2100-Nov-27 15:00:00, 7986.9639545535138, 2.8684913970386638, 4655.6230413426065, 11.077340840189095, 3331.3409132109073, 1.4091403849230306
2100-Nov-27 16:00:00, 7983.4990387572507, 2.8672469841166075, 4651.9922467115803, 11.06870192133947, 3331.5067920456709, 1.4092105508325425
2100-Nov-27 17:00:00, 7980.0006304453091, 2.8659905424695395, 4648.3278595968632, 11.059983074328091, 3331.6727708484464, 1.4092807590280185
2100-Nov-27 18:00:00, 7976.4847432588213, 2.864727823343125, 4644.6458965891543, 11.051222408175533, 3331.8388466696665, 1.4093510082618068
2100-Nov-27 19:00:00, 7972.994158113408, 2.8634741913601558, 4640.9891416791888, 11.042521720824556, 3332.0050164342188, 1.4094212972331501
2100-Nov-27 20:00:00, 7969.7297974544526, 2.8623018071450366, 4637.5585205033303, 11.034359084004288, 3332.1712769511219, 1.4094916245922797
2100-Nov-27 21:00:00, 7967.2131607571428, 2.8613979654904629, 4634.8755358175831, 11.027975333522535, 3332.3376249395601, 1.409561988951427
2100-Nov-27 22:00:00, 7965.2166955241591, 2.8606809416779244, 4632.7126384803978, 11.022829051103709, 3332.5040570437613, 1.4096323888911173
2100-Nov-27 23:00:00, 7963.2803909953573, 2.8599855243811243, 4630.6098211498329, 11.017825719844183, 3332.6705698455244, 1.4097028229654687
2100-Nov-28 00:00:00, 7961.0096038373476, 2.8591699787665052, 4628.1724439636646, 11.012026354730743, 3332.837159873683, 1.4097732897061954
2100-Nov-28 01:00:00, 7958.2970497417773, 2.8581957740334656, 4625.2932261252072, 11.005175697564876, 3333.0038236165697, 1.40984378762788
2100-Nov-28 02:00:00, 7955.2173013669153, 2.8570896927028619, 4622.0467438552305, 10.997451191023687, 3333.1705575116848, 1.4099143152236029
2100-Nov-28 03:00:00, 7952.0721467187832, 2.8559601209279224, 4618.734788754552, 10.989570901925575, 3333.3373579642307, 1.4099848709727829
2100-Nov-28 04:00:00, 7949.355011741256, 2.8549842709864452, 4615.8507904066173, 10.982708870270752, 3333.5042213346392, 1.4100554533359013
2100-Nov-28 05:00:00, 7947.5392255787901, 2.8543321374579191, 4613.868081637047, 10.977991318907094, 3333.6711439417436, 1.4101260607558428
2100-Nov-28 06:00:00, 7947.0002962163926, 2.8541385827795147, 4613.1621741452827, 10.97631172031879, 3333.8381220711094, 1.4101966916614206
2100-Nov-28 07:00:00, 7947.7231629391281, 2.8543981979458248, 4613.7180109896872, 10.977634248822993, 3334.0051519494414, 1.4102673444565497
2100-Nov-28 08:00:00, 7949.5700041069813, 2.8550614847756925, 4615.3977743379883, 10.981630988029487, 3334.1722297689926, 1.4103380175305724
2100-Nov-28 09:00:00, 7952.3015643044637, 2.8560425154866804, 4617.9622126321474, 10.987732675557831, 3334.3393516723168, 1.4104087092518085
2100-Nov-28 10:00:00, 7955.3470533944082, 2.8571362927096642, 4620.8405396459675, 10.994581213143128, 3334.5065137484407, 1.4104794179659361
2100-Nov-28 11:00:00, 7958.2233401179419, 2.8581693014685392, 4623.5496280606667, 11.001027073443531, 3334.6737120572757, 1.4105501420063176
2100-Nov-28 12:00:00, 7960.5361144277003, 2.8589999266283099, 4625.6951718139544, 11.006132065671565, 3334.8409426137459, 1.4106208796872859
2100-Nov-28 13:00:00, 7961.9763694164621, 2.8595171893915214, 4626.9681680235826, 11.009160964870897, 3335.0082013928795, 1.4106916293062983
2100-Nov-28 14:00:00, 7962.6373669221593, 2.859754584435414, 4627.4618825814941, 11.010335682924138, 3335.1754843406652, 1.4107623891485286
2100-Nov-28 15:00:00, 7963.0617163036586, 2.8599069880968169, 4627.7189289188827, 11.010947285252268, 3335.3427873847759, 1.4108331574914026
2100-Nov-28 16:00:00, 7963.723535295092, 2.8601446781745645, 4628.2134288589032, 11.012123872001757, 3335.5101064361893, 1.410903932605285
2100-Nov-28 17:00:00, 7964.7894913741102, 2.8605275127359424, 4629.1120539669382, 11.014262012594511, 3335.677437407172, 1.4109747127610852
2100-Nov-28 18:00:00, 7966.2113972055768, 2.8610381854606688, 4630.3666209825733, 11.017247062353832, 3335.8447762230035, 1.4110454962352166
2100-Nov-28 19:00:00, 7967.7372176936897, 2.8615861787868537, 4631.7250988616206, 11.0204793520724, 3336.0121188320686, 1.4111162813138667
2100-Nov-28 20:00:00, 7969.5053330670344, 2.8622211915108715, 4633.3258718463885, 11.024288145826228, 3336.1794612206459, 1.4111870662992516
2100-Nov-28 21:00:00, 7971.6128371616705, 2.8629780945592747, 4635.2660377292941, 11.028904472917274, 3336.3467994323764, 1.4112578495178514
2100-Nov-28 22:00:00, 7973.8250386701075, 2.8637725993337515, 4637.3109090923717, 11.033769930636252, 3336.5141295777362, 1.4113286293244172
2100-Nov-28 23:00:00, 7976.0126678955812, 2.8645582790549682, 4639.3312200448818, 11.038576950625927, 3336.6814478506994, 1.411399404109019
2100-Nov-29 00:00:00, 7978.3037110566984, 2.8653810995453703, 4641.454960524582, 11.043630065309147, 3336.8487505321164, 1.4114701722984757
2100-Nov-29 01:00:00, 7980.6419928163505, 2.8662208856204772, 4643.6259588141211, 11.048795622701387, 3337.0160340022298, 1.4115409323616479
2100-Nov-29 02:00:00, 7982.9230358468903, 2.8670401145974211, 4645.7397410945041, 11.05382504337695, 3337.1832947523862, 1.411611682814393
2100-Nov-29 03:00:00, 7985.1294806298447, 2.8678325518631906, 4647.7789512598574, 11.058677031144388, 3337.3505293699877, 1.4116824222131992
2100-Nov-29 04:00:00, 7987.2630493452652, 2.8685988159329923, 4649.7453147759452, 11.063355691484796, 3337.5177345693201, 1.4117531491682263
2100-Nov-29 05:00:00, 7989.4888464564929, 2.8693982035227497, 4651.8039392880628, 11.068253872712139, 3337.6849071684301, 1.4118238623335237
2100-Nov-29 06:00:00, 7991.7529304323471, 2.8702113417119119, 4653.9008863433419, 11.073243236552141, 3337.8520440890056, 1.4118945604069815
2100-Nov-29 07:00:00, 7994.1094065687093, 2.8710576622365749, 4656.0902642051124, 11.078452525317024, 3338.019142363597, 1.411965242133383
2100-Nov-29 08:00:00, 7996.7384547662787, 2.8720018761055792, 4658.5522556533442, 11.084310456291142, 3338.1861991129344, 1.4120359062948118
2100-Nov-29 09:00:00, 8000.252243927438, 2.8732638417332126, 4661.8990323583994, 11.092273598055131, 3338.3532115690391, 1.4121065517204268
2100-Nov-29 10:00:00, 8004.286498113267, 2.8747127306340974, 4665.7663210784167, 11.1014752183106, 3338.5201770348503, 1.4121771772693847
2100-Nov-29 11:00:00, 8008.0086377516527, 2.8760495246389333, 4669.3215448467517, 11.109934327885252, 3338.687092904901, 1.4122477818395867
2100-Nov-29 12:00:00, 8010.8814484360028, 2.8770812849899587, 4672.0274917845927, 11.116372713523383, 3338.8539566514105, 1.4123183643617936
2100-Nov-29 13:00:00, 8013.3568816600227, 2.8779703285548788, 4674.3361158438483, 11.121865730322453, 3339.0207658161744, 1.412388923796198
2100-Nov-29 14:00:00, 8016.3785185410707, 2.8790555393367954, 4677.1910005370555, 11.128658490501975, 3339.1875180040156, 1.4124594591296518
2100-Nov-29 15:00:00, 8020.8940418889106, 2.8806772744479225, 4681.5398310123664, 11.1390058654942, 3339.3542108765446, 1.4125299693730278
2100-Nov-29 16:00:00, 8026.9776010151245, 2.8828621643655703, 4687.4567588649143, 11.153084287644672, 3339.5208421502102, 1.4126004535603958
2100-Nov-29 17:00:00, 8034.2392419366461, 2.8854701584206697, 4694.5518323403121, 11.169965926573605, 3339.6874095963335, 1.4126709107490356
2100-Nov-29 18:00:00, 8042.2247861219348, 2.8883381399123245, 4702.3708750950136, 11.188570139343559, 3339.8539110269212, 1.4127413400134374
2100-Nov-29 19:00:00, 8050.4511033108192, 2.8912925942231107, 4710.4307590183043, 11.207747396728406, 3340.0203442925149, 1.4128117404443907
2100-Nov-29 20:00:00, 8058.596983523581, 2.8942181598628922, 4718.4102762378116, 11.226733433870097, 3340.1867072857699, 1.4128821111504997
2100-Nov-29 21:00:00, 8066.6414370598304, 2.89710729845096, 4726.2884391269008, 11.245478313930619, 3340.3529979329296, 1.4129524512545757
2100-Nov-29 22:00:00, 8074.633876871254, 2.8999777564836835, 4734.1146626813243, 11.264099612311954, 3340.5192141899292, 1.4130227598919896
2100-Nov-29 23:00:00, 8082.4415499324805, 2.9027818561559062, 4741.7561958840406, 11.282281468333464, 3340.6853540484399, 1.4130930362132283
2100-Nov-30 00:00:00, 8089.7759866379783, 2.9054159945734019, 4748.9245711064968, 11.299337517524812, 3340.8514155314811, 1.4131632793820392
2100-Nov-30 01:00:00, 8096.3947879102143, 2.9077931149180225, 4755.3773912094739, 11.314691013077683, 3341.0173967007408, 1.4132334885785263
2100-Nov-30 02:00:00, 8102.2580309416198, 2.9098988790469247, 4761.0747352942972, 11.32824696933767, 3341.1832956473227, 1.4133036629952356
2100-Nov-30 03:00:00, 8107.3034466363524, 2.9117109232225555, 4765.9543361286424, 11.339857230977437, 3341.3491105077101, 1.4133738018439093
2100-Nov-30 04:00:00, 8111.4251153969562, 2.9131912067756689, 4769.9102759189709, 11.349269782855368, 3341.5148394779853, 1.4134439043614992
2100-Nov-30 05:00:00, 8114.6747969286189, 2.9143583190313058, 4772.9943161314459, 11.356607783439836, 3341.680480797173, 1.4135139698031218
2100-Nov-30 06:00:00, 8116.7703520290233, 2.9151109306383867, 4774.924319255324, 11.361199929804775, 3341.8460327736998, 1.4135839974532498
2100-Nov-30 07:00:00, 8117.5116909556109, 2.9153771800349415, 4775.5001971619495, 11.362570142942173, 3342.011493793661, 1.4136539866292099
2100-Nov-30 08:00:00, 8116.9989140377766, 2.9151930179195524, 4774.822051720781, 11.360956599894481, 3342.1768623169951, 1.413723936679564
2100-Nov-30 09:00:00, 8115.0692360396188, 2.914499980519075, 4772.7270991591422, 11.355971981646134, 3342.3421368804761, 1.4137938469853744
2100-Nov-30 10:00:00, 8112.1665174100581, 2.9134574788295349, 4769.6592012823721, 11.348672389273192, 3342.507316127686, 1.4138637169728836
2100-Nov-30 11:00:00, 8108.8740319218778, 2.9122749936760446, 4766.2016331452505, 11.340445636292342, 3342.6723987766277, 1.413933546099813
2100-Nov-30 12:00:00, 8105.1674491901758, 2.9109437868822243, 4762.3300655541771, 11.331233835119587, 3342.8373836359992, 1.414003333862248
2100-Nov-30 13:00:00, 8100.9606720521415, 2.9094329369399468, 4757.9584024580136, 11.320832133408635, 3343.0022695941279, 1.4140730797899568
2100-Nov-30 14:00:00, 8096.4123431784774, 2.9077994198339168, 4753.2452875760164, 11.309617999553032, 3343.1670556024615, 1.4141427834394067
2100-Nov-30 15:00:00, 8091.484934535687, 2.9060297574963925, 4748.1531938590861, 11.297502143696205, 3343.3317406766005, 1.4142124443942021
2100-Nov-30 16:00:00, 8086.0377341070362, 2.904073413677084, 4742.5414102589202, 11.284149765484225, 3343.4963238481164, 1.4142820622447025
2100-Nov-30 17:00:00, 8080.2345866098203, 2.9019892326583352, 4736.5737824335147, 11.269950710525869, 3343.6608041763061, 1.4143516365929953
2100-Nov-30 18:00:00, 8074.2838866200836, 2.8998520586552918, 4730.4587059255837, 11.255400824046518, 3343.8251806945, 1.4144211670301841
2100-Nov-30 19:00:00, 8068.3257417834566, 2.8977122108603819, 4724.3362893869289, 11.240833473090042, 3343.9894523965277, 1.4144906531306636
2100-Nov-30 20:00:00, 8062.2743646921863, 2.8955388790129719, 4718.1207464985609, 11.226044542270289, 3344.1536181936258, 1.4145600944338927
2100-Nov-30 21:00:00, 8056.0819130717864, 2.8933148807201579, 4711.7642361817807, 11.210920201079459, 3344.3176768900057, 1.4146294904340591
2100-Nov-30 22:00:00, 8050.0402487939409, 2.8911450371972114, 4705.5586216414858, 11.196154893240907, 3344.4816271524546, 1.4146988405672198
2100-Nov-30 23:00:00, 8044.6482965758805, 2.8892085355879944, 4700.0028291043591, 11.18293573717423, 3344.645467471521, 1.4147681441948852
2100-Dec-01 00:00:00, 8040.3720546680324, 2.8876727376059184, 4695.5628585292852, 11.172371508295784, 3344.8091961387472, 1.4148374005943858
2100-Dec-01 01:00:00, 8037.549161843318, 2.8866589050872631, 4692.5763506236271, 11.165265570873636, 3344.9728112196908, 1.4149066089474622
2100-Dec-01 02:00:00, 8036.3917437791242, 2.8862432222597443, 4691.2554332449372, 11.162122650603772, 3345.136310534187, 1.4149757683319162
2100-Dec-01 03:00:00, 8037.0437841451148, 2.8864774003768625, 4691.7440925167994, 11.163285340379355, 3345.2996916283159, 1.4150448777097517
2100-Dec-01 04:00:00, 8039.598501353451, 2.8873949185196355, 4694.1355495749203, 11.168975445592393, 3345.4629517785306, 1.4151139359289222
2100-Dec-01 05:00:00, 8043.8497551853734, 2.8889217421177995, 4698.2236672157014, 11.178702494388995, 3345.626087969672, 1.4151829417140307
2100-Dec-01 06:00:00, 8049.4046741274606, 2.8909167726810137, 4703.6155772318416, 11.19153171713706, 3345.789096895619, 1.4152518936666043
2100-Dec-01 07:00:00, 8055.8560731555281, 2.8932337710694096, 4709.9040981788739, 11.206494288052351, 3345.9519749766537, 1.415320790272441
2100-Dec-01 08:00:00, 8063.1649729118035, 2.895858737976984, 4717.050254558495, 11.223497470915611, 3346.1147183533085, 1.415389629899005
2100-Dec-01 09:00:00, 8071.410783993103, 2.8988201934540467, 4725.1334610815484, 11.242730220848836, 3346.2773229115546, 1.4154584108060833
2100-Dec-01 10:00:00, 8080.4096035207422, 2.9020520893966619, 4733.9698192074738, 11.263754979485356, 3346.4397843132679, 1.4155271311586708
2100-Dec-01 11:00:00, 8089.7920762208287, 2.9054217730932814, 4743.1899782107193, 11.285692933433241, 3346.6020980101098, 1.4155957890328437
2100-Dec-01 12:00:00, 8099.2663023239456, 2.9088244097177895, 4752.5020430234945, 11.307849563156273, 3346.7642593004512, 1.4156643824398363
2100-Dec-01 13:00:00, 8108.6490195985716, 2.9121941812525374, 4761.7227562476673, 11.329788835787836, 3346.9262633509047, 1.4157329093351505
2100-Dec-01 14:00:00, 8118.2976675934078, 2.9156594609162152, 4771.2095623214318, 11.352361235535552, 3347.0881052719765, 1.4158013676505548
2100-Dec-01 15:00:00, 8128.578017702549, 2.9193516142819265, 4781.328237559539, 11.376437071029176, 3347.24978014301, 1.4158697553046362
2100-Dec-01 16:00:00, 8139.4294884486226, 2.9232488837146478, 4792.0182053600793, 11.401872209537101, 3347.4112830885438, 1.4159380702350997
2100-Dec-01 17:00:00, 8150.6203877481312, 2.9272680577773356, 4803.0477784176082, 11.428115386657554, 3347.5726093305229, 1.4160063104208516
2100-Dec-01 18:00:00, 8162.0624189480595, 2.9313774250223115, 4814.328664693985, 11.454956525030045, 3347.7337542540745, 1.4160744739098243
2100-Dec-01 19:00:00, 8173.5210901968931, 2.9354927684852092, 4825.6263767443406, 11.481837697750596, 3347.8947134525524, 1.4161425588380285
2100-Dec-01 20:00:00, 8184.812274735189, 2.9395479596560685, 4836.7567919336061, 11.508320813254025, 3348.0554828015829, 1.4162105634608753
2100-Dec-01 21:00:00, 8195.9881241373932, 2.9435617285984645, 4847.7720656316578, 11.534529967242168, 3348.216058505735, 1.4162784861729163
2100-Dec-01 22:00:00, 8206.9467394406565, 2.9474974786406247, 4858.5703023006108, 11.560222714913706, 3348.3764371400453, 1.4163463255254092
2100-Dec-01 23:00:00, 8217.7369220757355, 2.9513727366532212, 4869.2003063728007, 11.585515178928638, 3348.5366157029353, 1.4164140802487015
2100-Dec-02 00:00:00, 8228.2351470224858, 2.9551431390383178, 4879.5385553748083, 11.610113456510184, 3348.6965916476775, 1.4164817492655406
2100-Dec-02 01:00:00, 8238.4896669799964, 2.958826015591443, 4889.6333040775953, 11.634132362483419, 3348.8563629024015, 1.4165493316995355
2100-Dec-02 02:00:00, 8248.4044345325692, 2.962386871204417, 4899.3885066361963, 11.657343370493969, 3349.0159278963724, 1.4166168268862731
2100-Dec-02 03:00:00, 8257.930678625642, 2.9658081899160771, 4908.7553930449185, 11.679630439794757, 3349.1752855807235, 1.4166842343820887
2100-Dec-02 04:00:00, 8267.2251177879334, 2.9691462566619689, 4917.8906823699817, 11.701366459362674, 3349.3344354179512, 1.4167515539596203
2100-Dec-02 05:00:00, 8276.245150701634, 2.9723857713212536, 4926.7517733309705, 11.722450065986136, 3349.4933773706643, 1.4168187856030521
2100-Dec-02 06:00:00, 8284.9232281634486, 2.9755024738234428, 4935.2711162385449, 11.742720535541684, 3349.6521119249041, 1.4168859295179768
2100-Dec-02 07:00:00, 8293.2437498188337, 2.9784907613533669, 4943.4331097817585, 11.762140747103214, 3349.8106400370757, 1.4169529861089492
2100-Dec-02 08:00:00, 8301.0678091231566, 2.9813007460900045, 4951.0988459962655, 11.780380190478462, 3349.968963126892, 1.4170199559765004
2100-Dec-02 09:00:00, 8308.4787028196715, 2.9839623437801635, 4958.3516197759773, 11.797637053089806, 3350.1270830436938, 1.4170868399028924
2100-Dec-02 10:00:00, 8315.539525992277, 2.986498214812245, 4965.254523957783, 11.814061454663989, 3350.2850020344931, 1.4171536388386001
2100-Dec-02 11:00:00, 8322.1516587714013, 2.9888729401898626, 4971.7089360567552, 11.829418738127114, 3350.4427227146457, 1.4172203538899055
2100-Dec-02 12:00:00, 8328.1785285774185, 2.9910374703277225, 4977.5782805694334, 11.843383943019793, 3350.6002480079851, 1.4172869862935755
2100-Dec-02 13:00:00, 8333.5274051435645, 2.9929585014605928, 4982.769824013867, 11.855736424247324, 3350.7575811296979, 1.4173535374096178
2100-Dec-02 14:00:00, 8338.2557102801929, 2.994656656439652, 4987.3409847660532, 11.866612800027236, 3350.9147255141402, 1.4174200086907476
2100-Dec-02 15:00:00, 8342.7189403249358, 2.9962596105858332, 4991.6472555277551, 11.876858910709718, 3351.0716847971798, 1.4174864016749189
2100-Dec-02 16:00:00, 8347.1714872081138, 2.9978587279102609, 4995.943024450713, 11.887080033877924, 3351.2284627574018, 1.4175527179604537
2100-Dec-02 17:00:00, 8351.5560353305264, 2.9994334237071381, 5000.1709720630706, 11.897139786641549, 3351.3850632674548, 1.4176189591854631
2100-Dec-02 18:00:00, 8355.8025602795515, 3.0009585489428221, 5004.2610700076684, 11.906871547267299, 3351.5414902718835, 1.4176851270184696
2100-Dec-02 19:00:00, 8359.8836007854006, 3.0024242409940953, 5008.1858530616209, 11.916209966470563, 3351.6977477237792, 1.4177512231316109
2100-Dec-02 20:00:00, 8363.9417983507101, 3.0038817290796569, 5012.0879587901318, 11.925494428456707, 3351.8538395605783, 1.4178172491904024
2100-Dec-02 21:00:00, 8367.9284742404707, 3.0053135303946035, 5015.9187045738581, 11.934609100401071, 3352.009769666613, 1.4178832068378973
2100-Dec-02 22:00:00, 8371.8885163854538, 3.0067357662891725, 5019.7229745654422, 11.943660777259497, 3352.1655418200121, 1.4179490976722249
2100-Dec-02 23:00:00, 8376.0156086047318, 3.0082179976593335, 5023.6944489152247, 11.953110291238602, 3352.3211596895062, 1.4180149232452397
2100-Dec-03 00:00:00, 8380.2225104387599, 3.0097288923857599, 5027.7458836447004, 11.962750058675022, 3352.4766267940599, 1.4180806850454459
2100-Dec-03 01:00:00, 8383.9227291534007, 3.011057813564133, 5031.2907826752098, 11.971184602119864, 3352.6319464781909, 1.4181463844875579
2100-Dec-03 02:00:00, 8386.813353877551, 3.0120959717679856, 5034.0262319920876, 11.977693184143158, 3352.787121885463, 1.4182120229012869
2100-Dec-03 03:00:00, 8389.3150046936371, 3.0129944312934285, 5036.3728487418903, 11.983276598721192, 3352.9421559517464, 1.4182776015284915
2100-Dec-03 04:00:00, 8391.678114279186, 3.0138431341991856, 5038.5810628887521, 11.988530705536906, 3353.0970513904335, 1.4183431215169229
2100-Dec-03 05:00:00, 8393.8432156200106, 3.0146207231059603, 5040.5914049484045, 11.993314006075284, 3353.2518106716057, 1.4184085839114129
2100-Dec-03 06:00:00, 8395.5675224964416, 3.0152400021548007, 5042.1610864669547, 11.99704882245477, 3353.4064360294865, 1.4184739896570269
2100-Dec-03 07:00:00, 8396.6323890664607, 3.015622445422665, 5043.0714596153166, 11.999214915707299, 3353.5609294511446, 1.4185393395942849
2100-Dec-03 08:00:00, 8397.0666651358806, 3.0157784142208417, 5043.3513724513705, 11.999880925361211, 3353.715292684511, 1.4186046344625529
2100-Dec-03 09:00:00, 8396.8597352762663, 3.015704096053704, 5042.990208040068, 11.999021590048232, 3353.8695272361979, 1.4186698748991202
2100-Dec-03 10:00:00, 8396.2355639166599, 3.0154799269970392, 5042.2119295319553, 11.99716979572846, 3354.023634384705, 1.4187350614447858
2100-Dec-03 11:00:00, 8395.1972853738462, 3.0151070327302394, 5041.0196701942104, 11.994332997530492, 3354.1776151796362, 1.4188001945435269
2100-Dec-03 12:00:00, 8393.5183083559241, 3.0145040337485063, 5039.1868378831414, 11.989972054208335, 3354.3314704727818, 1.4188652745556463
2100-Dec-03 13:00:00, 8391.3927858068237, 3.0137406594324334, 5036.9075849073861, 11.98454892139684, 3354.485200899438, 1.4189303017498711
2100-Dec-03 14:00:00, 8389.4805164942809, 3.0130538743031825, 5034.8417095698951, 11.979633487942818, 3354.6388069243867, 1.418995276322802
2100-Dec-03 15:00:00, 8388.5508035730745, 3.012719971016355, 5033.7585147383079, 11.977056192006428, 3354.7922888347671, 1.419060198395897
2100-Dec-03 16:00:00, 8389.3488103779855, 3.0130065724919208, 5034.4031636171685, 11.978590035122584, 3354.9456467608175, 1.4191250680242466
2100-Dec-03 17:00:00, 8391.820209315978, 3.0138941671565043, 5036.7213286282695, 11.98410575315296, 3355.0988806877094, 1.4191898852015783
2100-Dec-03 18:00:00, 8395.3701402968836, 3.0151691129978468, 5040.1181498247706, 11.992187968107368, 3355.2519904721139, 1.4192546498672645
2100-Dec-03 19:00:00, 8399.7520421270692, 3.0167428583877189, 5044.3470662796981, 12.002250026083265, 3355.4049758473711, 1.4193193619085098
2100-Dec-03 20:00:00, 8404.6737940459789, 3.0185104891317769, 5049.1159576193095, 12.013596871463484, 3355.5578364266698, 1.4193840211616946
2100-Dec-03 21:00:00, 8409.8726645719235, 3.0203776460969074, 5054.1620928420743, 12.025603376133615, 3355.7105717298487, 1.4194486274237135
2100-Dec-03 22:00:00, 8414.7796022453222, 3.0221399563542266, 5058.9164210647559, 12.036915570811127, 3355.8631811805662, 1.4195131804507766
2100-Dec-03 23:00:00, 8419.3436625959148, 3.0237791233675915, 5063.3279984931678, 12.047412242552683, 3356.0156641027465, 1.4195776799569073
2100-Dec-04 00:00:00, 8423.5531346474509, 3.0252909411790418, 5067.3851148914855, 12.057065528648529, 3356.1680197559658, 1.4196421256289102
2100-Dec-04 01:00:00, 8427.5374713895199, 3.026721902396917, 5071.217224064012, 12.066183444567393, 3356.3202473255083, 1.4197065171221646
2100-Dec-04 02:00:00, 8431.1210996292793, 3.0280089504960976, 5074.648753696425, 12.074348242920674, 3356.4723459328552, 1.4197708540650613
2100-Dec-04 03:00:00, 8433.9137853377106, 3.0290119342299482, 5077.2894706660254, 12.08063142385585, 3356.6243146716852, 1.4198351360742314
2100-Dec-04 04:00:00, 8435.6775389668292, 3.029645380448112, 5078.901386368454, 12.084466729997025, 3356.7761525983742, 1.4198993627505261
2100-Dec-04 05:00:00, 8436.4338158434275, 3.0299169947594633, 5079.5059570815547, 12.085905213265868, 3356.9278587618724, 1.4199635336916565
2100-Dec-04 06:00:00, 8436.8206104646652, 3.0300559107542959, 5079.7411782233103, 12.08646488588904, 3357.0794322413549, 1.4200276485081182
2100-Dec-04 07:00:00, 8437.5634619263765, 3.0303227033727831, 5080.3325897932809, 12.087872058995456, 3357.2308721330965, 1.4200917068176402
2100-Dec-04 08:00:00, 8438.6302430701144, 3.0307058342533963, 5081.2480654561878, 12.090050292898603, 3357.3821776139266, 1.4201557082720253
2100-Dec-04 09:00:00, 8440.5044579950045, 3.0313789522765702, 5082.9711100614622, 12.094150013216588, 3357.5333479335432, 1.4202196525538995
2100-Dec-04 10:00:00, 8442.080057643072, 3.0319448236215987, 5084.3956751774585, 12.097539547377496, 3357.6843824656139, 1.4202835393983275
2100-Dec-04 11:00:00, 8442.0345362779153, 3.0319284747755195, 5084.1992555771349, 12.097072197069886, 3357.8352807007805, 1.4203473685898531
2100-Dec-04 12:00:00, 8440.6540787879385, 3.0314326880840423, 5082.6680365073562, 12.093428896186994, 3357.9860422805828, 1.4204111399768498
2100-Dec-04 13:00:00, 8438.5148207587299, 3.0306643807162179, 5080.3781537566883, 12.087980471456735, 3358.1366670020407, 1.4204748534734579
2100-Dec-04 14:00:00, 8435.8522073811619, 3.029708112025054, 5077.5650525418578, 12.081287128654299, 3358.2871548393032, 1.4205385090687426
2100-Dec-04 15:00:00, 8433.008756737061, 3.0286868962343081, 5074.571250805755, 12.074163836681503, 3358.437505931307, 1.4206021068214731
2100-Dec-04 16:00:00, 8430.3903422144122, 3.0277465014140943, 5071.8026216235357, 12.06757630825852, 3358.587720590876, 1.4206656468639727
2100-Dec-04 17:00:00, 8427.8281954022405, 3.0268263149539467, 5069.090396093301, 12.061122983672943, 3358.7377993089394, 1.4207291294039019
2100-Dec-04 18:00:00, 8425.501717560448, 3.0259907682164688, 5066.6139748371752, 12.055230719184518, 3358.8877427232728, 1.4207925547110365
2100-Dec-04 19:00:00, 8423.7144895207202, 3.0253488912422295, 5064.6769378904974, 12.050621836917237, 3359.0375516302233, 1.4208559231222273
2100-Dec-04 20:00:00, 8422.6957392636214, 3.0249830104939446, 5063.5085122988676, 12.047841747461982, 3359.1872269647547, 1.4209192350329594
2100-Dec-04 21:00:00, 8422.4458961119599, 3.0248932801614643, 5063.1091263375938, 12.046891469834147, 3359.3367697743652, 1.4209824908863189
2100-Dec-04 22:00:00, 8422.8072128916374, 3.0250230458746947, 5063.3210316804752, 12.047395666090612, 3359.4861812111621, 1.4210456911696419
2100-Dec-04 23:00:00, 8423.5962324925895, 3.0253064196260104, 5063.9607699872595, 12.04891782525381, 3359.6354625053291, 1.4211088364032893
2100-Dec-05 00:00:00, 8424.8010233453515, 3.0257391162321357, 5065.0164083899626, 12.051429554894911, 3359.7846149553889, 1.4211719271365302
2100-Dec-05 01:00:00, 8426.3990336179631, 3.0263130362780317, 5066.4653937193134, 12.054877193207361, 3359.9336398986502, 1.421234963935039
2100-Dec-05 02:00:00, 8428.1765951720863, 3.0269514415662893, 5068.094056484465, 12.058752346415234, 3360.0825386876213, 1.42129794737092
2100-Dec-05 03:00:00, 8430.2517106770229, 3.0276967123610041, 5070.0203979787948, 12.063335780494368, 3360.2313126982285, 1.4213608780261833
2100-Dec-05 04:00:00, 8432.4244925267922, 3.0284770596968844, 5072.0445292520235, 12.068151890351142, 3360.3799632747691, 1.4214237564694596
2100-Dec-05 05:00:00, 8434.6360839365989, 3.0292713453564781, 5074.107592182494, 12.073060632114091, 3360.5284917541048, 1.4214865832662349
2100-Dec-05 06:00:00, 8436.8995038572357, 3.0300842450524299, 5076.2226044204835, 12.078092979285099, 3360.676899436753, 1.421549358966621
2100-Dec-05 07:00:00, 8439.3784224586743, 3.0309745403789954, 5078.5532348752477, 12.083638356926436, 3360.8251875834258, 1.4216120841038935
2100-Dec-05 08:00:00, 8442.1500224245883, 3.0319699512389282, 5081.1766650033424, 12.089880406474103, 3360.973357421246, 1.4216747591971184
2100-Dec-05 09:00:00, 8444.9967748847357, 3.0329923528658664, 5083.8753647521789, 12.096301548537738, 3361.1214101325568, 1.4217373847464214
2100-Dec-05 10:00:00, 8447.8633718587917, 3.0340218815836177, 5086.594024973142, 12.102770183482802, 3361.2693468856496, 1.4217999612459837
2100-Dec-05 11:00:00, 8450.4253712587379, 3.0349420151011572, 5089.0082024547137, 12.108514348458058, 3361.4171688040242, 1.4218624891710401
2100-Dec-05 12:00:00, 8452.1144769108596, 3.0355486517479942, 5090.5495998867755, 12.112181867192612, 3361.5648770240837, 1.4219249690022833
2100-Dec-05 13:00:00, 8452.7528663692137, 3.0357779271872811, 5091.0403936916082, 12.113349635761955, 3361.7124726776051, 1.4219874012184492
2100-Dec-05 14:00:00, 8452.5785339840368, 3.0357153162940871, 5090.718577072862, 12.112583922485292, 3361.8599569111748, 1.4220497863045383
2100-Dec-05 15:00:00, 8452.0968982222148, 3.0355423384207483, 5090.0895673085206, 12.111087290243047, 3362.0073309136942, 1.4221121247634496
2100-Dec-05 16:00:00, 8451.6428071590963, 3.035379253133843, 5089.4882112404357, 12.109656455728881, 3362.1545959186601, 1.4221744171169461
2100-Dec-05 17:00:00, 8451.4812043239726, 3.0353212140159846, 5089.1794510925793, 12.108921808321799, 3362.3017532313943, 1.4222366639171726
2100-Dec-05 18:00:00, 8451.5401996870642, 3.035342402003367, 5089.0913954541456, 12.108712293438149, 3362.4488042329176, 1.4222988657482936
2100-Dec-05 19:00:00, 8451.8365545781944, 3.0354488368715491, 5089.2408041794342, 12.109067788580221, 3362.5957503987597, 1.4223610232344508
2100-Dec-05 20:00:00, 8452.7817508441476, 3.0357883009498683, 5090.0391575454869, 12.110967347944918, 3362.7425932986616, 1.4224231370396365
2100-Dec-05 21:00:00, 8455.2967396834392, 3.0366915507817449, 5092.4074050626978, 12.116602229615774, 3362.8893346207415, 1.4224852078779167
2100-Dec-05 22:00:00, 8459.9256012315273, 3.0383539909285049, 5096.8896250922653, 12.127266984589992, 3363.0359761392629, 1.4225472364997955
2100-Dec-05 23:00:00, 8466.383112847132, 3.0406731846322752, 5103.2005930872037, 12.142282964812329, 3363.1825197599287, 1.4226092237113757
2100-Dec-06 00:00:00, 8473.8005307191434, 3.0433371254582475, 5110.4715632406542, 12.159583122903605, 3363.3289674784896, 1.4226711703568498
2100-Dec-06 01:00:00, 8482.0067109759821, 3.0462843476572248, 5118.531389579528, 12.178760243275166, 3363.4753213964541, 1.4227330773251452
2100-Dec-06 02:00:00, 8490.8689356131363, 3.0494671860016758, 5127.24735191952, 12.199498538608136, 3363.6215836936171, 1.4227949455383042
2100-Dec-06 03:00:00, 8500.3549906843218, 3.0528740709605113, 5136.5872340475735, 12.221721355365611, 3363.7677566367483, 1.4228567759551591
2100-Dec-06 04:00:00, 8510.6910945883792, 3.0565862481152339, 5146.777252038275, 12.24596693999484, 3363.9138425501037, 1.4229185695588582
2100-Dec-06 05:00:00, 8520.9399315049832, 3.0602670836232204, 5156.880087689322, 12.270005087620897, 3364.0598438156617, 1.4229803273569663
2100-Dec-06 06:00:00, 8530.552605484032, 3.0637194433394201, 5166.3468426198979, 12.292529778749302, 3364.2057628641342, 1.4230420503776624
2100-Dec-06 07:00:00, 8539.6025008926954, 3.066969683013915, 5175.2508987306446, 12.313715614355628, 3364.3516021620503, 1.4231037396642761
2100-Dec-06 08:00:00, 8548.4251083522868, 3.0701382929815186, 5183.9277441450477, 12.334360836964814, 3364.49736420724, 1.4231653962733763
2100-Dec-06 09:00:00, 8557.4446053320571, 3.0733776151619243, 5192.8015538010941, 12.355474705772078, 3364.6430515309635, 1.4232270212756737
2100-Dec-06 10:00:00, 8565.5665890661785, 3.0762945984613084, 5200.7779223521802, 12.374453251140276, 3364.7886667139983, 1.4232886157628242
2100-Dec-06 11:00:00, 8572.4209826791266, 3.0787563310073089, 5207.4867703096243, 12.390415925697404, 3364.9342123695019, 1.4233501808401798
2100-Dec-06 12:00:00, 8577.765491722972, 3.0806757935591498, 5212.6858005487193, 12.402786220604334, 3365.0796911742532, 1.423411717640005
2100-Dec-06 13:00:00, 8581.5387838133647, 3.0820309587960772, 5216.3136779363331, 12.411418198320773, 3365.2251058770316, 1.4234732273250192
2100-Dec-06 14:00:00, 8584.0266577101502, 3.0829244703870216, 5218.6561984027994, 12.41699186642099, 3365.3704593073508, 1.4235347110920926
2100-Dec-06 15:00:00, 8585.9377554322928, 3.0836108347434976, 5220.4220010214085, 12.421193322872497, 3365.5157544108847, 1.4235961701872304
2100-Dec-06 16:00:00, 8587.8473953718676, 3.0842966755422392, 5222.1864011255875, 12.425391442256066, 3365.6609942462801, 1.4236576059042245
2100-Dec-06 17:00:00, 8590.2227120722964, 3.0851497625924869, 5224.4165300572458, 12.430697691940409, 3365.806182015051, 1.4237190195972995
2100-Dec-06 18:00:00, 8593.222749296925, 3.0862272159300264, 5227.2714282422112, 12.437490484221501, 3365.9513210547148, 1.4237804126782081
2100-Dec-06 19:00:00, 8596.1426695971022, 3.0872758955420485, 5230.0462547289007, 12.444092758179785, 3366.0964148682024, 1.4238417866286728
2100-Dec-06 20:00:00, 8598.829669067316, 3.0882409224168428, 5232.5882019492001, 12.450140931648079, 3366.2414671181164, 1.4239031429979554
2100-Dec-06 21:00:00, 8601.3611751467724, 3.0891501043602934, 5234.9746935240901, 12.455819222255489, 3366.3864816226828, 1.4239644834011469
2100-Dec-06 22:00:00, 8603.2376996313924, 3.0898240518541211, 5236.7062372860537, 12.459939165013019, 3366.5314623453387, 1.4240258095147607
2100-Dec-06 23:00:00, 8604.209596337063, 3.0901731053060826, 5237.533182948735, 12.461906755361399, 3366.6764133883271, 1.4240871230740249
2100-Dec-07 00:00:00, 8604.3366121706422, 3.09021872261799, 5237.5152732070628, 12.461864141878499, 3366.8213389635789, 1.4241484258605652
2100-Dec-07 01:00:00, 8603.6522429605775, 3.089972933704626, 5236.6859995825262, 12.459891012502, 3366.9662433780509, 1.4242097196962025
2100-Dec-07 02:00:00, 8602.439916226811, 3.089537530612037, 5235.3287852236008, 12.456661729135734, 3367.1111310032097, 1.424271006430045
2100-Dec-07 03:00:00, 8600.8103838273328, 3.0889522894996824, 5233.5543776020622, 12.452439798399791, 3367.256006225271, 1.42433228791744
2100-Dec-07 04:00:00, 8599.0801553652218, 3.0883308837331462, 5231.6792819131324, 12.447978295853344, 3367.4008734520894, 1.4243935660228875
2100-Dec-07 05:00:00, 8597.5159157141388, 3.0877690922930481, 5229.9701786794394, 12.443911746890388, 3367.5457370346985, 1.4244548425868531
2100-Dec-07 06:00:00, 8596.2250709799537, 3.0873054897231618, 5228.5344697168621, 12.440495697656042, 3367.6906012630911, 1.4245161194239817
2100-Dec-07 07:00:00, 8595.1944612476582, 3.086935349684016, 5227.3589909305792, 12.437698826206089, 3367.8354703170794, 1.4245773983023129
2100-Dec-07 08:00:00, 8594.223336903724, 3.0865865736231894, 5226.2429886515465, 12.435043469981265, 3367.9803482521775, 1.4246386809373086
2100-Dec-07 09:00:00, 8592.8853000977033, 3.0861060221785066, 5224.7600611402004, 12.431515071453591, 3368.1252389575029, 1.4246999689740463
2100-Dec-07 10:00:00, 8591.1080726770306, 3.0854677368931607, 5222.8379265395579, 12.426941647032637, 3368.2701461374727, 1.4247612639794751
2100-Dec-07 11:00:00, 8588.7910195364602, 3.0846355750056116, 5220.3759462495564, 12.421083742607816, 3368.4150732869048, 1.4248225674318857
2100-Dec-07 12:00:00, 8585.8104177586974, 3.0835651018438246, 5217.2503940879424, 12.413646970708431, 3368.5600236707546, 1.4248838807123376
2100-Dec-07 13:00:00, 8581.966769142382, 3.0821846682958736, 5213.2617688367227, 12.404156648790357, 3368.7050003056584, 1.424945205096853
2100-Dec-07 14:00:00, 8577.4674280051113, 3.0805687449715613, 5208.6174220466055, 12.393106138060148, 3368.8500059585049, 1.4250065417558115
2100-Dec-07 15:00:00, 8572.7645414342351, 3.0788797189853963, 5203.7694983070851, 12.381571247208154, 3368.9950431271495, 1.4250678917457935
2100-Dec-07 16:00:00, 8568.3268400693323, 3.0772859333792155, 5199.1867260285399, 12.370667243582513, 3369.1401140407929, 1.4251292560097395
2100-Dec-07 17:00:00, 8564.3583421611474, 3.0758606606255676, 5195.0731215196411, 12.360879552692989, 3369.2852206415073, 1.4251906353691364
2100-Dec-07 18:00:00, 8560.5450326094469, 3.0744911232512235, 5191.1146679987069, 12.351461019778693, 3369.4303646107396, 1.4252520305352276
2100-Dec-07 19:00:00, 8556.4938224150428, 3.0730361446565575, 5186.9182750575528, 12.341476346514614, 3369.5755473574909, 1.4253134421040137
2100-Dec-07 20:00:00, 8551.9484539290024, 3.0714036907638436, 5182.2276838989401, 12.330315804403595, 3369.7207700300623, 1.4253748705612199
2100-Dec-07 21:00:00, 8547.0656806301122, 3.0696500590608271, 5177.1996471143739, 12.318352362190803, 3369.8660335157374, 1.4254363162821631
2100-Dec-07 22:00:00, 8542.0867108529419, 3.0678618787143028, 5172.0753723851831, 12.306159936551968, 3370.0113384677597, 1.4254977795431616
2100-Dec-07 23:00:00, 8537.0063012720711, 3.0660372666014797, 5166.8496159737542, 12.293726050817845, 3370.1566852983169, 1.425559260518569
2100-Dec-08 00:00:00, 8532.1204448319641, 3.0642825275986043, 5161.818370619977, 12.28175497430682, 3370.3020742119875, 1.4256207592949208
2100-Dec-08 01:00:00, 8527.6147976160719, 3.0626643394672421, 5157.1672924277536, 12.270688447237916, 3370.4475051883173, 1.4256822758635652
2100-Dec-08 02:00:00, 8523.1948315593218, 3.0610769234376805, 5152.6018535439816, 12.259825685766144, 3370.5929780153401, 1.4257438101348414
2100-Dec-08 03:00:00, 8518.8090295650109, 3.0595017773169038, 5148.0705372506436, 12.2490441137638, 3370.7384923143677, 1.425805361948566
2100-Dec-08 04:00:00, 8514.6603079047436, 3.0580117778053375, 5143.7762603799338, 12.238826540705034, 3370.8840475248094, 1.4258669310676124
2100-Dec-08 05:00:00, 8510.9964284538328, 3.0566959077520197, 5139.9667855203434, 12.229762479661629, 3371.0296429334894, 1.4259285171903104
2100-Dec-08 06:00:00, 8507.5672518643769, 3.0554643304465814, 5136.3919741667996, 12.221256764432768, 3371.1752776975768, 1.4259901199601472
2100-Dec-08 07:00:00, 8504.4786452424723, 3.0543550677061733, 5133.1576944123826, 12.213561291905449, 3371.3209508300897, 1.4260517389596343
2100-Dec-08 08:00:00, 8501.556944831209, 3.0533057487732069, 5130.0902835771667, 12.206262858373172, 3371.4666612540427, 1.4261133737332121
2100-Dec-08 09:00:00, 8498.9786445610243, 3.0523797608526291, 5127.3662367817324, 12.199781406900472, 3371.6124077792924, 1.4261750237774562
2100-Dec-08 10:00:00, 8496.6720354021945, 3.051551349886199, 5124.9138462606124, 12.193946319859606, 3371.7581891415825, 1.4262366885575926
2100-Dec-08 11:00:00, 8494.259638921083, 3.0506849457567089, 5122.355634919275, 12.187859448410267, 3371.9040040018081, 1.4262983675071863
2100-Dec-08 12:00:00, 8491.5463707637664, 3.0497104845707805, 5119.496519783821, 12.181056622542382, 3372.0498509799454, 1.4263600600424946
2100-Dec-08 13:00:00, 8488.376039568082, 3.0485718707229741, 5116.180310925386, 12.173166212280226, 3372.1957286426955, 1.4264217655572391
2100-Dec-08 14:00:00, 8484.6506492104145, 3.0472339092331784, 5112.3090136600476, 12.163955054306088, 3372.3416355503668, 1.4264834834424378
2100-Dec-08 15:00:00, 8480.664010788114, 3.0458021213745448, 5108.1764405466965, 12.15412223053211, 3372.4875702414165, 1.426545213079865
2100-Dec-08 16:00:00, 8476.8282732426451, 3.0444245290612351, 5104.1947419707849, 12.144648389575359, 3372.6335312718602, 1.4266069538587232
2100-Dec-08 17:00:00, 8473.6248882935051, 3.0432740440684021, 5100.8453710785852, 12.136679075341016, 3372.7795172149204, 1.426668705175492
2100-Dec-08 18:00:00, 8471.386445639504, 3.0424701148742423, 5098.4609189557523, 12.131005637296917, 3372.9255266837522, 1.4267304664435436
2100-Dec-08 19:00:00, 8470.1174137906601, 3.0420143463291871, 5097.045855452282, 12.12763871076544, 3373.0715583383785, 1.4267922370960744
2100-Dec-08 20:00:00, 8469.9182939365637, 3.0419428330994158, 5096.7006830225182, 12.126817425919315, 3373.217610914046, 1.4268540165980999
2100-Dec-08 21:00:00, 8470.6661670008598, 3.0422114292096798, 5097.3024837865696, 12.128249318519314, 3373.3636832142897, 1.4269158044435213
2100-Dec-08 22:00:00, 8472.2829658651463, 3.0427920971154494, 5098.7731917244701, 12.131748642446492, 3373.5097741406771, 1.4269776001677077
2100-Dec-08 23:00:00, 8474.4735580002689, 3.0435788409557589, 5100.8176753102171, 12.136613177508799, 3373.6558826900518, 1.4270394033463285
2100-Dec-09 00:00:00, 8477.5490366352133, 3.0446833888235485, 5103.7470286707021, 12.143583124458388, 3373.8020079645103, 1.4271012135995755
2100-Dec-09 01:00:00, 8480.9227943630285, 3.0458950626301409, 5106.974645186262, 12.151262742831006, 3373.948149176766, 1.4271630305944303
2100-Dec-09 02:00:00, 8484.8144632940257, 3.047292742513537, 5110.7201576363432, 12.160174615133013, 3374.094305657683, 1.4272248540478514
2100-Dec-09 03:00:00, 8489.493015544118, 3.0489730289097632, 5115.2525386773332, 12.170958720539058, 3374.2404768667848, 1.4272866837312206
2100-Dec-09 04:00:00, 8494.6616189449032, 3.0508293155381012, 5120.2749565782042, 12.182908793480053, 3374.3866623666986, 1.427348519459531
2100-Dec-09 05:00:00, 8500.1989674092911, 3.052818035723003, 5125.6661055526665, 12.195736205446194, 3374.532861856625, 1.4274103611055462
2100-Dec-09 06:00:00, 8505.583659972217, 3.0547519300513533, 5130.9045848077722, 12.208200363235122, 3374.6790751644453, 1.4274722085964606
2100-Dec-09 07:00:00, 8510.5629536976394, 3.056540226742809, 5135.7376514592424, 12.219699903925221, 3374.8253022383974, 1.4275340619103793
2100-Dec-09 08:00:00, 8514.6528813048717, 3.058009110566827, 5139.6813381387838, 12.2290833014057, 3374.9715431660879, 1.4275959210843594
2100-Dec-09 09:00:00, 8517.7380354494817, 3.0591171333615592, 5142.6202372774906, 12.236075961070217, 3375.1177981719907, 1.4276577862133522
2100-Dec-09 10:00:00, 8520.0140988792773, 3.0599345739315473, 5144.7500312542215, 12.241143479120998, 3375.2640676250562, 1.4277196574534219
2100-Dec-09 11:00:00, 8521.4915459693711, 3.0604651941135876, 5146.0811939193927, 12.244310776478384, 3375.410352049978, 1.4277815350265111
2100-Dec-09 12:00:00, 8522.0497193494593, 3.0606656602165958, 5146.4930672258779, 12.245290765828553, 3375.556652123581, 1.4278434192189136
2100-Dec-09 13:00:00, 8521.7654334936378, 3.0605635599020879, 5146.0624647881696, 12.244266213383744, 3375.7029687054692, 1.4279053103942372
2100-Dec-09 14:00:00, 8520.970664124914, 3.0602781211409034, 5145.1213613083337, 12.242027002021601, 3375.8493028165813, 1.427967208984334
2100-Dec-09 15:00:00, 8520.2475396905138, 3.060018413418311, 5144.2518840097036, 12.239958214169965, 3375.9956556808093, 1.4280291155069043
2100-Dec-09 16:00:00, 8520.1912647330428, 3.0599982024555104, 5144.0492360377229, 12.23947604440745, 3376.1420286953189, 1.428091030552942
2100-Dec-09 17:00:00, 8520.5540478998773, 3.0601284948167851, 5144.2656244470272, 12.239990907432752, 3376.288423452851, 1.4281529547961682
2100-Dec-09 18:00:00, 8522.3344061950847, 3.0607679045452509, 5145.8995644496126, 12.243878617017554, 3376.4348417454726, 1.4282148889946187
2100-Dec-09 19:00:00, 8525.5753405095329, 3.0619318752670748, 5148.9940549760086, 12.251241482520888, 3376.5812855335239, 1.4282768339775069
2100-Dec-09 20:00:00, 8530.4736679217203, 3.0636910931778716, 5153.7459109599959, 12.262547794885675, 3376.7277569617236, 1.4283387906520386
2100-Dec-09 21:00:00, 8536.6343454814651, 3.0659036799230495, 5159.7600871548675, 12.276857604548514, 3376.874258326598, 1.4284007599896325
2100-Dec-09 22:00:00, 8542.9467835944561, 3.0681707709634605, 5165.9259915262919, 12.291528428131899, 3377.0207920681642, 1.4284627430224033
2100-Dec-09 23:00:00, 8548.7543911262983, 3.0702565537887314, 5171.5870303840647, 12.30499800167345, 3377.1673607422331, 1.4285247408314465
2100-Dec-10 00:00:00, 8553.9274256348799, 3.0721144318346174, 5176.6134586461349, 12.316957616653715, 3377.3139669887446, 1.4285867545334434
2100-Dec-10 01:00:00, 8558.4386978856237, 3.0737346401784378, 5180.9780843727749, 12.32734257402344, 3377.4606135128497, 1.4286487852726588
2100-Dec-10 02:00:00, 8562.6708299680249, 3.0752545962642013, 5185.063526915711, 12.337063257835087, 3377.607303052313, 1.4287108342071535
2100-Dec-10 03:00:00, 8566.7518313333003, 3.0767202742582684, 5188.9977929856177, 12.346424240420092, 3377.754038347683, 1.4287729024961657
2100-Dec-10 04:00:00, 8570.3782534179445, 3.0780226916237434, 5192.4774312975096, 12.354703505996174, 3377.9008221204349, 1.4288349912908658
2100-Dec-10 05:00:00, 8573.3372799632925, 3.0790854161129531, 5195.2896229133121, 12.361394684547259, 3378.0476570499795, 1.4288971017246308
2100-Dec-10 06:00:00, 8575.6335432495089, 3.0799101113938292, 5197.4389974995556, 12.366508791654649, 3378.1945457499537, 1.428959234903016
2100-Dec-10 07:00:00, 8577.3643018372513, 3.0805317075532135, 5199.0228110693652, 12.370277233082209, 3378.3414907678866, 1.4290213919036134
2100-Dec-10 08:00:00, 8578.5369363320569, 3.0809528553109047, 5200.0484417612488, 12.372717563978689, 3378.4884945708077, 1.4290835737699639
2100-Dec-10 09:00:00, 8579.3312726216282, 3.0812381385331595, 5200.6957130881328, 12.374257646807626, 3378.6355595334944, 1.4291457815065864
2100-Dec-10 10:00:00, 8579.4507776082646, 3.0812810583495032, 5200.6680896599573, 12.3741919210978, 3378.7826879483068, 1.4292080160831377
2100-Dec-10 11:00:00, 8578.7415365287306, 3.0810263367873869, 5199.8116545173052, 12.372154165055607, 3378.9298820114254, 1.4292702784285911
2100-Dec-10 12:00:00, 8577.123657705888, 3.0804452810181129, 5198.0465138545187, 12.367954283626434, 3379.0771438513689, 1.4293325694432992
2100-Dec-10 13:00:00, 8574.8730420258144, 3.079636979922344, 5195.648566517807, 12.362248735791118, 3379.2244755080069, 1.4293948899901165
2100-Dec-10 14:00:00, 8572.3577799276718, 3.078733631950465, 5192.9859009742022, 12.355913331591074, 3379.3718789534696, 1.4294572409032442
2100-Dec-10 15:00:00, 8569.8682947626185, 3.0778395416779101, 5190.3489386747178, 12.349639084317461, 3379.5193560878997, 1.4295196229864331
2100-Dec-10 16:00:00, 8567.5350760555393, 3.0770015739812049, 5187.8681673157525, 12.343736469426648, 3379.6669087397868, 1.4295820370131249
2100-Dec-10 17:00:00, 8565.8118695108424, 3.0763826901128275, 5185.9973308432063, 12.33928510103221, 3379.8145386676351, 1.429644483727158
2100-Dec-10 18:00:00, 8564.7535710585762, 3.0760026057624912, 5184.7913234934931, 12.33641559154875, 3379.9622475650822, 1.4297069638449327
2100-Dec-10 19:00:00, 8564.3678741383501, 3.0758640840033062, 5184.2578371061381, 12.335146242528468, 3380.1100370322119, 1.4297694780432764
2100-Dec-10 20:00:00, 8564.5709655553583, 3.0759370236066168, 5184.3130569623308, 12.335277629705386, 3380.257908593027, 1.4298320269668343
2100-Dec-10 21:00:00, 8565.3526076321414, 3.0762177477447965, 5184.9467439718392, 12.336785390735002, 3380.4058636603022, 1.4298946112132034
2100-Dec-10 22:00:00, 8566.797722443549, 3.0767367558970613, 5186.2438188954993, 12.339871581540628, 3380.5539035480488, 1.4299572313382034
2100-Dec-10 23:00:00, 8568.8628931570238, 3.0774784550531766, 5188.1608637277714, 12.34443289563853, 3380.7020294292515, 1.4300198878380013
2100-Dec-11 00:00:00, 8571.2192724463148, 3.0783247407955381, 5190.3690301055958, 12.349686888795148, 3380.850242340719, 1.4300825811511617
2100-Dec-11 01:00:00, 8573.6167812065469, 3.0791857980498567, 5192.6182380507116, 12.355038534065235, 3380.9985431558357, 1.4301453116471219
2100-Dec-11 02:00:00, 8576.0937797089682, 3.0800754037792806, 5194.9468471246882, 12.360579102141074, 3381.1469325842791, 1.4302080796260717
2100-Dec-11 03:00:00, 8578.1319663600334, 3.0808074116996127, 5196.836555205643, 12.365075372632758, 3381.2954111543913, 1.4302708853114974
2100-Dec-11 04:00:00, 8579.5626269468994, 3.0813212286654657, 5198.1186477526635, 12.368125915171509, 3381.443979194235, 1.4303337288421676
2100-Dec-11 05:00:00, 8580.3797995623245, 3.0816147134777898, 5198.7871627174627, 12.369716543978027, 3381.5926368448622, 1.4303966102777468
2100-Dec-11 06:00:00, 8580.1689961697521, 3.0815390041442434, 5198.4276121237426, 12.368861048496422, 3381.7413840460094, 1.4304595295927438
2100-Dec-11 07:00:00, 8578.9217311690427, 3.0810910530899105, 5197.0315106284052, 12.365539239154467, 3381.890220540638, 1.4305224866784327
2100-Dec-11 08:00:00, 8577.0078556117514, 3.0804036910832289, 5194.9687097123624, 12.360631120814656, 3382.0391458993886, 1.4305854813531964
2100-Dec-11 09:00:00, 8574.5982596328013, 3.0795382927447257, 5192.4101001170611, 12.354543301781105, 3382.1881595157406, 1.4306485133604798
2100-Dec-11 10:00:00, 8571.9691441834657, 3.0785940547224744, 5189.6318835575494, 12.347932961664586, 3382.3372606259154, 1.4307115823772083
2100-Dec-11 11:00:00, 8569.2794290233032, 3.0776280525167161, 5186.7929806961702, 12.341178227802239, 3382.4864483271335, 1.4307746880215111
2100-Dec-11 12:00:00, 8566.7762575650177, 3.0767290468577118, 5184.1405359580112, 12.334867142440851, 3382.6357216070069, 1.430837829865153
2100-Dec-11 13:00:00, 8564.8285106425501, 3.0760295200634884, 5182.0434312875368, 12.329877403579671, 3382.7850793550128, 1.4309010074383883
2100-Dec-11 14:00:00, 8563.6972019046425, 3.0756232143131998, 5180.7626815209733, 12.326830055981029, 3382.9345203836697, 1.4309642202389186
2100-Dec-11 15:00:00, 8563.5471473426696, 3.0755693227190282, 5180.4631038914222, 12.326117256967628, 3383.0840434512475, 1.431027467741498
2100-Dec-11 16:00:00, 8564.3529960239339, 3.0758587405782638, 5181.1193487434102, 12.327678690922985, 3383.2336472805232, 1.4310907494058678
2100-Dec-11 17:00:00, 8565.7811571195252, 3.0763716598601838, 5182.3978265410797, 12.330720632720169, 3383.383330578446, 1.4311540646850742
2100-Dec-11 18:00:00, 8567.3563454864325, 3.0769373834949589, 5183.8232534599456, 12.334112217408801, 3383.5330920264864, 1.4312174130213857
2100-Dec-11 19:00:00, 8568.7998281565451, 3.077455805469135, 5185.1168978527767, 12.337190245792572, 3383.6829303037675, 1.4312807938560781
2100-Dec-11 20:00:00, 8570.0268137250605, 3.0778964732332068, 5186.1939696314303, 12.339752972863803, 3383.8328440936307, 1.4313442066322113
2100-Dec-11 21:00:00, 8571.1660360603855, 3.078305621125546, 5187.1832039755736, 12.342106704234146, 3383.9828320848119, 1.4314076507951274
2100-Dec-11 22:00:00, 8572.6361934690267, 3.0788336232428684, 5188.5033005084588, 12.345247671427336, 3384.1328929605684, 1.431471125787851
2100-Dec-11 23:00:00, 8574.1913378175705, 3.0793921481354727, 5189.9083124062663, 12.348590681705085, 3384.2830254113037, 1.431534631056429
2100-Dec-12 00:00:00, 8575.5796275158427, 3.0798907477383692, 5191.1463993945235, 12.351536519767347, 3384.4332281213192, 1.4315981660443278
2100-Dec-12 01:00:00, 8576.2922535360703, 3.0801466849906167, 5191.7087537554626, 12.352874555702337, 3384.5834997806069, 1.4316617301974206
2100-Dec-12 02:00:00, 8576.1466402283077, 3.0800943884580434, 5191.4128011588318, 12.352170381898681, 3384.7338390694758, 1.4317253229574849
2100-Dec-12 03:00:00, 8575.2451136954587, 3.0797706082183436, 5190.3608690266174, 12.349667470759654, 3384.8842446688413, 1.4317889437665543
2100-Dec-12 04:00:00, 8573.7895222643219, 3.0792478374231358, 5188.7548069975383, 12.345846092536243, 3385.0347152667832, 1.4318525920696932
2100-Dec-12 05:00:00, 8571.9646164719452, 3.0785924286100217, 5186.7793669205057, 12.341145835911439, 3385.1852495514404, 1.4319162673119912
2100-Dec-12 06:00:00, 8569.9181755393947, 3.0778574561920955, 5184.5823293213389, 12.335918321976449, 3385.3358462180549, 1.4319799689415422
2100-Dec-12 07:00:00, 8567.8852946582829, 3.0771273538213002, 5182.3987906766888, 12.33072292673295, 3385.4865039815936, 1.4320436964147836
2100-Dec-12 08:00:00, 8566.0061169567962, 3.0764524534335069, 5180.3688953765623, 12.325893102258391, 3385.6372215802344, 1.4321074491979711
2100-Dec-12 09:00:00, 8564.4134994306951, 3.0758804701744875, 5178.6255016416362, 12.321744964308017, 3385.787997789058, 1.4321712267729698
2100-Dec-12 10:00:00, 8562.9104995828457, 3.0753406728049439, 5176.9716681765749, 12.31780992128097, 3385.9388314062717, 1.4322350286314278
2100-Dec-12 11:00:00, 8561.4291343570221, 3.0748086454375581, 5175.3394130811321, 12.313926220674244, 3386.0897212758891, 1.4322988542843684
2100-Dec-12 12:00:00, 8560.0018162612505, 3.0742960289162049, 5173.7611499782179, 12.310170985731203, 3386.2406662830317, 1.4323627032602038
2100-Dec-12 13:00:00, 8558.8353376911782, 3.073877092038297, 5172.4436723392018, 12.307036249794226, 3386.3916653519764, 1.4324265751039085
2100-Dec-12 14:00:00, 8558.3311496891438, 3.0736960146032972, 5171.7884322253003, 12.305477206459017, 3386.5427174638439, 1.4324904693845018
2100-Dec-12 15:00:00, 8558.8661427763709, 3.0738881555816362, 5172.1723211529088, 12.306390611272537, 3386.6938216234616, 1.4325543856810306
2100-Dec-12 16:00:00, 8560.5350897238659, 3.0744875522971147, 5173.6901128486506, 12.310001963778708, 3386.8449768752153, 1.4326183235892749
2100-Dec-12 17:00:00, 8563.2660458011196, 3.0754683660403428, 5176.2698635081324, 12.316140084731375, 3386.9961822929863, 1.4326822827174912
2100-Dec-12 18:00:00, 8566.8361984686017, 3.0767505744328005, 5179.6887614983125, 12.324274828029694, 3387.1474369702896, 1.4327462626822409
2100-Dec-12 19:00:00, 8571.1468871282177, 3.0782987438505893, 5183.848147117249, 12.334171448047593, 3387.2987400109691, 1.4328102631044546
2100-Dec-12 20:00:00, 8576.0804332674779, 3.080070610449448, 5188.630342749906, 12.345549948952195, 3387.450090517571, 1.4328742836045136
2100-Dec-12 21:00:00, 8581.4536369376765, 3.0820003785803927, 5193.852149334929, 12.357974436680299, 3387.6014876027466, 1.4329383238070743
2100-Dec-12 22:00:00, 8587.355851549386, 3.0841201392220459, 5199.602921186146, 12.371657516114437, 3387.7529303632396, 1.4330023833300636
2100-Dec-12 23:00:00, 8594.0995858550468, 3.0865421288478627, 5206.1951679687772, 12.387342756063072, 3387.90441788627, 1.4330664617873801
2100-Dec-13 00:00:00, 8601.7301537838557, 3.0892826218039913, 5213.6742045378269, 12.405137976272247, 3388.0559492460284, 1.4331305587874112
2100-Dec-13 01:00:00, 8609.715548565433, 3.0921505496378026, 5221.5080250627288, 12.423777350479439, 3388.2075235027041, 1.4331946739326218
2100-Dec-13 02:00:00, 8617.8036970909452, 3.0950553811351549, 5229.4445573743715, 12.442661111626879, 3388.3591397165737, 1.4332588068255137
2100-Dec-13 03:00:00, 8626.6910882558914, 3.0982472579539091, 5238.1802913043366, 12.46344645042517, 3388.5107969515539, 1.433322957070128
2100-Dec-13 04:00:00, 8636.3118374574442, 3.1017025178592688, 5247.6493431771187, 12.485976606775196, 3388.6624942803264, 1.433387124274214
2100-Dec-13 05:00:00, 8645.6180695097592, 3.1050448199821785, 5256.8038387121815, 12.507758324573516, 3388.8142307975772, 1.4334513080548286
2100-Dec-13 06:00:00, 8653.935081045689, 3.1080318468644377, 5264.9690753953601, 12.527186252689084, 3388.9660056503285, 1.4335155080511661
2100-Dec-13 07:00:00, 8661.291930054902, 3.1106740345858697, 5272.1741120065872, 12.544329532031044, 3389.1178180483148, 1.4335797239289487
2100-Dec-13 08:00:00, 8668.1750432237859, 3.1131460816643508, 5278.9053759447879, 12.560345541975703, 3389.2696672789971, 1.4336439553867755
2100-Dec-13 09:00:00, 8674.7987971670336, 3.1155249807442038, 5285.3772444333799, 12.575744360240066, 3389.4215527336537, 1.4337082021671608
2100-Dec-13 10:00:00, 8681.0537577424548, 3.1177714289191929, 5291.4802838115966, 12.590265606215793, 3389.5734739308587, 1.4337724640664633
2100-Dec-13 11:00:00, 8685.601037265973, 3.1194045691546268, 5295.8756067373615, 12.600723602861791, 3389.7254305286124, 1.4338367409400192
2100-Dec-13 12:00:00, 8686.8574627238777, 3.1198558101565306, 5296.9800403757563, 12.603351433280885, 3389.8774223481209, 1.4339010327121997
2100-Dec-13 13:00:00, 8686.466514906524, 3.1197154025552001, 5296.4370655173288, 12.602059507899245, 3390.0294493891947, 1.4339653393829244
2100-Dec-13 14:00:00, 8686.7402128413323, 3.1198137002532809, 5296.5587009971923, 12.60234892086433, 3390.1815118441405, 1.4340296610335379
2100-Dec-13 15:00:00, 8688.6118814763922, 3.1204859037849766, 5298.2782713694105, 12.606440374777716, 3390.3336101069822, 1.4340939978307108
2100-Dec-13 16:00:00, 8691.9415538161593, 3.1216817444718665, 5301.4558090309511, 12.614000838199443, 3390.4857447852073, 1.434158350031407
2100-Dec-13 17:00:00, 8696.2714582002845, 3.123236815152858, 5305.6335415155763, 12.623941111769783, 3390.6379166847082, 1.4342227179765148
2100-Dec-13 18:00:00, 8701.1945684556867, 3.1250049337389254, 5310.4044416237366, 12.635292736706614, 3390.7901268319501, 1.4342871021002241
2100-Dec-13 19:00:00, 8706.874059910313, 3.1270447041034655, 5315.9316834763958, 12.648443960799362, 3390.9423764339172, 1.4343515029130827
2100-Dec-13 20:00:00, 8714.3558444428054, 3.1297317620003171, 5323.2611775621981, 12.66588336760992, 3391.0946668806064, 1.4344159210030527
2100-Dec-13 21:00:00, 8723.2616807512277, 3.1329302633306728, 5332.014681015833, 12.686710986263883, 3391.2469997353942, 1.4344803570314342
2100-Dec-13 22:00:00, 8733.9436182657282, 3.136766645470169, 5342.5442415818352, 12.711764460364179, 3391.3993766838926, 1.4345448117112327
2100-Dec-13 23:00:00, 8746.8123246703617, 3.1413883983443212, 5355.2605251455761, 12.74202090638766, 3391.5517995247865, 1.4346092858032826
2100-Dec-14 00:00:00, 8761.755336623688, 3.1467551311201123, 5370.0510664936755, 12.777212730611589, 3391.7042701300124, 1.4346737800994038
2100-Dec-14 01:00:00, 8778.2967583283862, 3.15269592741326, 5386.439967899677, 12.81620760740002, 3391.8567904287083, 1.434738295415612
2100-Dec-14 02:00:00, 8795.7694723991481, 3.1589711942455736, 5403.7601100437287, 12.85741822866949, 3392.0093623554189, 1.4348028325702098
2100-Dec-14 03:00:00, 8812.7474014275031, 3.1650687606843961, 5420.5854135912004, 12.897451457408136, 3392.1619878363035, 1.4348673923779525
2100-Dec-14 04:00:00, 8828.559458383319, 3.1707476080668719, 5436.2447896217327, 12.934710540477042, 3392.3146687615858, 1.4349319756383956
2100-Dec-14 05:00:00, 8843.4444730170053, 3.1760935112992486, 5450.9770660476233, 12.969763732256592, 3392.4674069693815, 1.4349965831290528
2100-Dec-14 06:00:00, 8857.5472265835961, 3.1811584680851444, 5464.927022353646, 13.002955513321194, 3392.6202042299492, 1.4350612155987341
2100-Dec-14 07:00:00, 8871.5248750443825, 3.1861784937906239, 5478.7518128077536, 13.035849481441984, 3392.773062236628, 1.4351258737637138
2100-Dec-14 08:00:00, 8885.2343172394267, 3.1911021941126045, 5492.3083346296435, 13.068105145505635, 3392.9259826097827, 1.4351905583093978
2100-Dec-14 09:00:00, 8898.5267288612504, 3.1958761192987022, 5505.447761937713, 13.099368397157212, 3393.0789669235369, 1.4352552699016325
2100-Dec-14 10:00:00, 8910.0298103964706, 3.2000074125674542, 5516.7977937059204, 13.126374056620387, 3393.2320166905511, 1.4353200091802658
2100-Dec-14 11:00:00, 8919.0395765895682, 3.2032432399683652, 5525.6544431839429, 13.147447095416466, 3393.3851334056258, 1.4353847767775907
2100-Dec-14 12:00:00, 8924.1719756971124, 3.2050865239458477, 5530.6336571308293, 13.159294371176571, 3393.5383185662831, 1.4354495733270514
2100-Dec-14 13:00:00, 8927.1124017045659, 3.2061425681140703, 5533.4208280048251, 13.165926016710785, 3393.6915736997407, 1.4355143994746533
2100-Dec-14 14:00:00, 8929.0445983590616, 3.2068365100815495, 5535.1996979669348, 13.17015856490158, 3393.8449003921273, 1.4355792558913207
2100-Dec-14 15:00:00, 8931.3510741916107, 3.2076648731642914, 5537.3527738773437, 13.175281478742027, 3393.9983003142661, 1.4356441432838036
2100-Dec-14 16:00:00, 8935.2832179405978, 3.2090770894432268, 5541.1314426930458, 13.184272241529742, 3394.1517752475515, 1.4357090624056228
2100-Dec-14 17:00:00, 8941.2764426925787, 3.2112295360724339, 5546.9711155898231, 13.198166847364101, 3394.3053271027552, 1.4357740140650248
2100-Dec-14 18:00:00, 8948.2265864350975, 3.2137256569572954, 5553.7676285014813, 13.214338107231711, 3394.4589579336161, 1.4358389991307312
2100-Dec-14 19:00:00, 8955.6618277006764, 3.2163959989954685, 5561.0491577616567, 13.231663389097639, 3394.6126699390202, 1.4359040185328595
2100-Dec-14 20:00:00, 8962.7873235507759, 3.2189550970034158, 5568.0208580971293, 13.248251480565933, 3394.766465453647, 1.4359690732589674
2100-Dec-14 21:00:00, 8969.7046818969538, 3.2214394431228111, 5574.7843349493096, 13.264344136197847, 3394.9203469476452, 1.4360341643539152
2100-Dec-14 22:00:00, 8977.1559381159841, 3.224115536877965, 5582.0816211259107, 13.281706909229253, 3395.0743169900734, 1.4360992929044016
2100-Dec-14 23:00:00, 8986.1709191131813, 3.2273532371583307, 5590.9425408631287, 13.302790108452019, 3395.2283782500522, 1.4361644600394514
2100-Dec-15 00:00:00, 8996.8621391723991, 3.2311929530927226, 5601.4796057461454, 13.327861437923465, 3395.3825334262533, 1.4362296669005892
2100-Dec-15 01:00:00, 9007.4503930806404, 3.2349956890782949, 5611.9136078437605, 13.352687545307194, 3395.53678523688, 1.4362949146376007
2100-Dec-15 02:00:00, 9018.0386104664594, 3.2387984119469615, 5622.3474741006157, 13.377513329478672, 3395.6911363658442, 1.4363602043857677
2100-Dec-15 03:00:00, 9027.992026012329, 3.2423731478574949, 5632.1464365751654, 13.400828457496319, 3395.8455894371641, 1.4364255372550365
2100-Dec-15 04:00:00, 9037.8590354701464, 3.2459168513104339, 5641.8588885033032, 13.423937746939758, 3396.0001469668437, 1.4364909143096638
2100-Dec-15 05:00:00, 9047.9332501790923, 3.249534971836451, 5651.7784388317077, 13.447539795257111, 3396.154811347385, 1.4365563365616663
2100-Dec-15 06:00:00, 9057.6608324981753, 3.2530286004987374, 5661.3512477000922, 13.470316825461536, 3396.3095847980826, 1.4366218049497941
2100-Dec-15 07:00:00, 9066.6076064352746, 3.2562418044415433, 5670.1431370688706, 13.491235777512067, 3396.4644693664031, 1.4366873203401151
2100-Dec-15 08:00:00, 9074.5974903797851, 3.2591113445432107, 5677.9780234776599, 13.50987768782646, 3396.6194669021256, 1.4367528835150769
2100-Dec-15 09:00:00, 9081.5784666013496, 3.2616185388098224, 5684.803887536933, 13.526118784247263, 3396.7745790644171, 1.4368184951764986
2100-Dec-15 10:00:00, 9087.7676577953498, 3.2638413661313974, 5690.8378504831162, 13.540475673449501, 3396.9298073122336, 1.4368841559415111
2100-Dec-15 11:00:00, 9093.2517883130622, 3.2658109732687035, 5696.1666353885876, 13.553154699680315, 3397.0851529244751, 1.4369498663510829
2100-Dec-15 12:00:00, 9098.2346365604117, 3.2676005465548235, 5700.9940195641402, 13.564640719790679, 3397.240616996271, 1.437015626868448
2100-Dec-15 13:00:00, 9102.7859741570173, 3.2692351442336371, 5705.3897736682593, 13.575099742359427, 3397.3962004887571, 1.437081437900162
2100-Dec-15 14:00:00, 9106.814717821162, 3.2706820540490851, 5709.26281360144, 13.584315046744365, 3397.5519042197216, 1.4371472997921451
2100-Dec-15 15:00:00, 9110.4127896486152, 3.271974289514489, 5712.7050607534502, 13.592505345791427, 3397.7077288951646, 1.4372132128430322
2100-Dec-15 16:00:00, 9113.7430951876668, 3.2731703576127851, 5715.8794200454468, 13.600058246770397, 3397.8636751422191, 1.4372791773180968
2100-Dec-15 17:00:00, 9116.9373588124381, 3.2743175667124711, 5718.9176152812188, 13.607287166265557, 3398.0197435312189, 1.4373451934585877
2100-Dec-15 18:00:00, 9119.9111251486265, 3.2753855849482734, 5721.735190574529, 13.6139911544514, 3398.175934574097, 1.4374112614810497
2100-Dec-15 19:00:00, 9122.44154962422, 3.2762943784373135, 5724.1093008502839, 13.619639985656846, 3398.3322487739356, 1.4374773815982842
2100-Dec-15 20:00:00, 9124.449949607204, 3.2770156885754065, 5725.9612629979129, 13.624046445490523, 3398.4886866092907, 1.4375435540127179
2100-Dec-15 21:00:00, 9126.0023913646928, 3.2775732428414703, 5727.3571428016403, 13.627367727351299, 3398.6452485630525, 1.4376097789286109
2100-Dec-15 22:00:00, 9127.0694445268618, 3.2779564714165939, 5728.2675094165897, 13.629533805058573, 3398.8019351102726, 1.4376760565469076
2100-Dec-15 23:00:00, 9127.5209039287001, 3.2781186115511498, 5728.5621571908496, 13.630234874237564, 3398.9587467378515, 1.4377423870735644
2100-Dec-16 00:00:00, 9127.2370429414223, 3.2780166638267585, 5728.1213590176694, 13.629186062604257, 3399.1156839237537, 1.4378087707107581
2100-Dec-16 01:00:00, 9126.2760702104933, 3.2776715336837978, 5727.0033230645722, 13.626525867563966, 3399.2727471459207, 1.4378752076606554
2100-Dec-16 02:00:00, 9124.6354773060393, 3.2770823202280659, 5725.2055404548528, 13.62224831962944, 3399.4299368511861, 1.4379416981122646
2100-Dec-16 03:00:00, 9122.4053437777111, 3.2762813752286069, 5722.81809030148, 13.61656774823158, 3399.5872534762302, 1.4380082422502993
2100-Dec-16 04:00:00, 9119.6039402465412, 3.275275260517871, 5719.8592428329148, 13.609527624576298, 3399.744697413626, 1.4380748402408159
2100-Dec-16 05:00:00, 9116.3167791084161, 3.2740946875868993, 5716.4145101121912, 13.601331411499777, 3399.9022689962258, 1.4381414922246094
2100-Dec-16 06:00:00, 9112.5149725504125, 3.2727292814742777, 5712.4550040508484, 13.591910374227043, 3400.059968499565, 1.4382081983182295
2100-Dec-16 07:00:00, 9108.2513623658233, 3.271198020133371, 5708.0335662480247, 13.581390241237184, 3400.2177961177995, 1.4382749586038037
2100-Dec-16 08:00:00, 9103.4908709914398, 3.2694883055746482, 5703.1151190399833, 13.569687550610359, 3400.375751951457, 1.4383417731238541
2100-Dec-16 09:00:00, 9098.2925277228132, 3.2676213379722205, 5697.7586917209874, 13.556942753496994, 3400.5338360018268, 1.4384086418789266
2100-Dec-16 10:00:00, 9092.606863508694, 3.2655793506817492, 5691.9148153567266, 13.543038146156583, 3400.6920481519674, 1.4384755648195553
2100-Dec-16 11:00:00, 9086.4616475920648, 3.263372316933995, 5685.6112594252418, 13.528039801802199, 3400.850388166823, 1.4385425418463127
2100-Dec-16 12:00:00, 9079.7585383718342, 3.2609649176717657, 5678.749682699241, 13.511713732569348, 3401.0088556725937, 1.4386095728010835
2100-Dec-16 13:00:00, 9072.4647037081613, 3.2583453613418238, 5671.2972535446042, 13.49398182062111, 3401.1674501635571, 1.4386766574699497
2100-Dec-16 14:00:00, 9064.6543412303854, 3.2555402957746402, 5663.3281702509967, 13.475020609405503, 3401.3261709793892, 1.4387437955735973
2100-Dec-16 15:00:00, 9056.5571900792129, 3.252632231014386, 5655.0721727629771, 13.455376729877798, 3401.4850173162367, 1.4388109867720007
2100-Dec-16 16:00:00, 9048.3957210294957, 3.2497010666959385, 5646.751732828232, 13.435579519433777, 3401.6439882012637, 1.4388782306536552
2100-Dec-16 17:00:00, 9040.314717985937, 3.2467988014745366, 5638.5116354686043, 13.415973471822454, 3401.8030825173323, 1.4389455267460169
2100-Dec-16 18:00:00, 9032.2002804038275, 3.2438845283504145, 5630.2379814258511, 13.396287581231331, 3401.9622989779768, 1.4390128745049175
2100-Dec-16 19:00:00, 9023.6548038181973, 3.2408154490095091, 5621.5331676719507, 13.375575812248737, 3402.1216361462466, 1.4390802733225341
2100-Dec-16 20:00:00, 9014.959849192388, 3.2376926851303063, 5612.6787567828178, 13.354508099831515, 3402.2810924095702, 1.439147722516757
2100-Dec-16 21:00:00, 9006.4467466187434, 3.2346352328075518, 5604.0060806044712, 13.333872797279952, 3402.4406660142718, 1.4392152213457905
2100-Dec-16 22:00:00, 8998.2666953367079, 3.2316973947425036, 5595.6663403037928, 13.314029664575926, 3402.6003550329146, 1.4392827689943384
2100-Dec-16 23:00:00, 8990.3049936462849, 3.2288379762031543, 5587.5448362403085, 13.294705791520204, 3402.7601574059763, 1.4393503645912329
2100-Dec-17 00:00:00, 8982.4876999739809, 3.2260304213206328, 5579.5676290593683, 13.275725250760917, 3402.9200709146126, 1.4394180071979144
2100-Dec-17 01:00:00, 8974.8072885677047, 3.223272027246241, 5571.7271953577183, 13.257070141514136, 3403.0800932099864, 1.4394856958208364
2100-Dec-17 02:00:00, 8967.1106896827368, 3.2205078194930059, 5563.8704678784106, 13.238376263722932, 3403.2402218043267, 1.4395534294076846
2100-Dec-17 03:00:00, 8959.349799718153, 3.2177205218135065, 5555.9493456221635, 13.219529168438354, 3403.4004540959891, 1.4396212068579763
2100-Dec-17 04:00:00, 8951.5744979799165, 3.2149280481936904, 5548.0137106239863, 13.200647542310653, 3403.5607873559311, 1.4396890270173406
2100-Dec-17 05:00:00, 8943.8647782295466, 3.2121591281255202, 5540.1435594543136, 13.181921724907461, 3403.7212187752325, 1.4397568886976182
2100-Dec-17 06:00:00, 8936.286366450835, 3.2094373668762963, 5532.4046210013657, 13.163508108035288, 3403.8817454494692, 1.4398247906702526
2100-Dec-17 07:00:00, 8928.7454722175935, 3.206729079928075, 5524.7031078170521, 13.145183538848679, 3404.0423644005418, 1.4398927316755226
2100-Dec-17 08:00:00, 8921.0425456206758, 3.2039625995982521, 5516.8394730201617, 13.126473226154889, 3404.2030726005146, 1.4399607104326266
2100-Dec-17 09:00:00, 8913.139937780632, 3.2011244044176648, 5508.7760707930838, 13.1072875975059, 3404.3638669875486, 1.4400287256464224
2100-Dec-17 10:00:00, 8905.0473241766158, 3.198217969302299, 5500.5225797023631, 13.087649681566079, 3404.5247444742517, 1.4400967760109584
2100-Dec-17 11:00:00, 8896.7125138581468, 3.1952245500468073, 5492.026811880467, 13.067435305310411, 3404.6857019776808, 1.4401648602221657
2100-Dec-17 12:00:00, 8888.1059491264259, 3.1921335311025034, 5483.2592126839863, 13.046574147998678, 3404.84673644244, 1.440232976987627
2100-Dec-17 13:00:00, 8879.3287833461291, 3.1889812413620682, 5474.3209385037999, 13.025306895745274, 3405.0078448423296, 1.440301125027275
2100-Dec-17 14:00:00, 8871.0220104905129, 3.1859978916676073, 5465.8529862746464, 13.005158702425542, 3405.1690242158675, 1.4403693030884179
2100-Dec-17 15:00:00, 8863.6660884179837, 3.1833560368523859, 5458.3358167326487, 12.987272750656951, 3405.330271685335, 1.4404375099537952
2100-Dec-17 16:00:00, 8857.3670685171346, 3.1810937649179971, 5451.8754840584743, 12.971901380093366, 3405.4915844586608, 1.4405057444423748
2100-Dec-17 17:00:00, 8851.990297261289, 3.1791627155005968, 5446.3373374040557, 12.95872420969766, 3405.6529598572338, 1.4405740054211178
2100-Dec-17 18:00:00, 8847.5992005874541, 3.177585667813374, 5441.784805256998, 12.947892157825965, 3405.8143953304552, 1.4406422918111337
2100-Dec-17 19:00:00, 8843.762177542174, 3.1762076138171054, 5437.7862890780707, 12.938378301962709, 3405.9758884641037, 1.4407106025912191
2100-Dec-17 20:00:00, 8840.8499220692211, 3.1751616870021504, 5434.7124850826376, 12.931064656886425, 3406.137436986583, 1.4407789368005004
2100-Dec-17 21:00:00, 8838.9229108673826, 3.1744696073726537, 5432.623872086403, 12.926095122661451, 3406.2990387809791, 1.4408472935435332
2100-Dec-17 22:00:00, 8837.8064396036007, 3.1740686304515831, 5431.3457477196225, 12.923054021798848, 3406.4606918839786, 1.4409156719898464
2100-Dec-17 23:00:00, 8837.5357592287928, 3.1739714165000867, 5430.9133647281024, 12.922025232799387, 3406.62239450069, 1.4409840713802096
2100-Dec-18 00:00:00, 8838.2395906434976, 3.1742241951991685, 5431.4554456455608, 12.923315031185624, 3406.7841449979369, 1.4410524910237976
2100-Dec-18 01:00:00, 8839.5428130578857, 3.1746922431715108, 5432.5968711507685, 12.926030878077134, 3406.9459419071172, 1.441120930299399
2100-Dec-18 02:00:00, 8841.6595185038223, 3.1754524508544657, 5434.5517345811204, 12.93068217572768, 3407.1077839227014, 1.4411893886547817
2100-Dec-18 03:00:00, 8844.1960709695595, 3.1763634451906748, 5436.926401045821, 12.936332330299402, 3407.2696699237381, 1.4412578656157886
2100-Dec-18 04:00:00, 8846.7263619698551, 3.1772721907425079, 5439.294763023724, 12.941967484311917, 3407.4315989461311, 1.4413263607746118
2100-Dec-18 05:00:00, 8849.3021474116558, 3.1781972754708807, 5441.7085772069886, 12.947710784874582, 3407.5935702046672, 1.4413948737991105
2100-Dec-18 06:00:00, 8852.214833296377, 3.1792433568667828, 5444.4592501982543, 12.954255589295725, 3407.7555830981237, 1.4414634044349701
2100-Dec-18 07:00:00, 8855.7390968207692, 3.1805090843269466, 5447.8214596026201, 12.962255450800299, 3407.9176372181487, 1.4415319525094601
2100-Dec-18 08:00:00, 8859.7682924484452, 3.1819561564635856, 5451.6885601138219, 12.971456623241766, 3408.0797323346228, 1.4416005179252411
2100-Dec-18 09:00:00, 8864.0859315808775, 3.183506822120445, 5455.8440631381873, 12.981344005221484, 3408.2418684426902, 1.4416691006802591
2100-Dec-18 10:00:00, 8868.6096636502589, 3.1851315053664648, 5460.2056179141855, 12.991721655735249, 3408.4040457360743, 1.441737700856458
2100-Dec-18 11:00:00, 8873.0936486350347, 3.1867419135799571, 5464.5273839886486, 13.002004635137419, 3408.5662646463866, 1.4418063186364074
2100-Dec-18 12:00:00, 8877.178726737724, 3.1882090557206344, 5468.4502009087664, 13.011338376226833, 3408.728525828958, 1.4418749542973091
2100-Dec-18 13:00:00, 8880.4371387241808, 3.1893793034899174, 5471.5463085341762, 13.018705089369202, 3408.8908301900037, 1.4419436082224872
2100-Dec-18 14:00:00, 8882.8464800523598, 3.1902446103714479, 5473.7933011675786, 13.024051463644902, 3409.0531788847816, 1.4420122809006104
2100-Dec-18 15:00:00, 8884.5531392414887, 3.1908575513124044, 5475.3375659100575, 13.027725804704739, 3409.2155733314307, 1.4420809729315438
2100-Dec-18 16:00:00, 8885.6194745066132, 3.1912405220572051, 5476.2414593064996, 13.029876480381587, 3409.3780152001136, 1.4421496850217583
2100-Dec-18 17:00:00, 8885.9908757021039, 3.1913739095546543, 5476.4503692687003, 13.030373549589221, 3409.5405064334041, 1.4422184179929525
2100-Dec-18 18:00:00, 8885.7307397887489, 3.1912804826112291, 5476.0276905592345, 13.029367850440243, 3409.7030492295148, 1.4422871727749591
2100-Dec-18 19:00:00, 8884.9761081686647, 3.1910094591882538, 5475.1104621272216, 13.02718544609189, 3409.8656460414436, 1.4423559504053842
2100-Dec-18 20:00:00, 8883.8719734498973, 3.1906129128960732, 5473.843673875057, 13.024171317775021, 3410.0282995748398, 1.4424247520287035
2100-Dec-18 21:00:00, 8882.6797117592887, 3.1901847160966401, 5472.4886990065306, 13.020947362932615, 3410.1910127527581, 1.4424935788813544
2100-Dec-18 22:00:00, 8881.4089100169876, 3.1897283119002675, 5471.0551212886803, 13.017536384668157, 3410.3537887283073, 1.4425624322970863
2100-Dec-18 23:00:00, 8879.8591418753203, 3.1891717178543857, 5469.3425110278467, 13.013461491272109, 3410.5166308474732, 1.4426313136912339
2100-Dec-19 00:00:00, 8877.9523456864881, 3.1884868983792143, 5467.2728030638164, 13.008536938671172, 3410.6795426226727, 1.4427002245495322
2100-Dec-19 01:00:00, 8875.7425093104048, 3.1876932430341136, 5464.8999815913758, 13.002891173975506, 3410.8425277190286, 1.4427691664223092
2100-Dec-19 02:00:00, 8873.3462923989027, 3.1868326497429464, 5462.3407024948128, 12.996801761966406, 3411.0055899040908, 1.4428381409032198
2100-Dec-19 03:00:00, 8870.7036977911121, 3.1858835707260083, 5459.5349647713037, 12.990125939461986, 3411.1687330198092, 1.4429071496173893
2100-Dec-19 04:00:00, 8867.6412986459854, 3.1847837203132507, 5456.3093376832621, 12.982451054626964, 3411.3319609627229, 1.4429761942130341
2100-Dec-19 05:00:00, 8863.993430514287, 3.1834736006716891, 5452.4981528963381, 12.973382925073777, 3411.4952776179484, 1.4430452763335389
2100-Dec-19 06:00:00, 8859.6314961217504, 3.18190702652028, 5447.97280928502, 12.96261556415207, 3411.6586868367308, 1.4431143976079608
2100-Dec-19 07:00:00, 8854.6102947443724, 3.1801036788357577, 5442.7881023396558, 12.950279349325337, 3411.8221924047175, 1.4431835596376095
2100-Dec-19 08:00:00, 8849.118083536925, 3.1781311695457539, 5437.1322855506041, 12.936822200895227, 3411.9857979863214, 1.4432527639725135
2100-Dec-19 09:00:00, 8843.4831983965414, 3.1761074193898167, 5431.3336913049252, 12.923025335409566, 3412.1495070916162, 1.443322012097416
2100-Dec-19 10:00:00, 8837.7336517624062, 3.1740424889418102, 5425.4203286959792, 12.908955396209327, 3412.3133230664266, 1.4433913054275838
2100-Dec-19 11:00:00, 8831.7949618162584, 3.1719096283057615, 5419.3177127907902, 12.894435157822706, 3412.4772490254682, 1.4434606452805261
2100-Dec-19 12:00:00, 8825.4015612083203, 3.1696134598560173, 5412.7602733566773, 12.878832736620319, 3412.6412878516439, 1.4435300328756961
2100-Dec-19 13:00:00, 8817.1579017619842, 3.166652777131457, 5404.3524596000734, 12.858827633570595, 3412.8054421619113, 1.443599469320054
2100-Dec-19 14:00:00, 8806.476635534158, 3.1628166360823253, 5393.5069212546223, 12.833022338816049, 3412.9697142795362, 1.4436689555963291
2100-Dec-19 15:00:00, 8794.496594625045, 3.1585140444493218, 5381.362488384284, 12.80412652379389, 3413.13410624076, 1.4437384925658414
2100-Dec-19 16:00:00, 8781.5170239662002, 3.1538524750489834, 5368.2184042168155, 12.77285219185975, 3413.2986197493856, 1.443808080949291
2100-Dec-19 17:00:00, 8767.7920630797707, 3.1489232012408839, 5354.3288068943775, 12.739804025737337, 3413.4632561853937, 1.4438777213304026
2100-Dec-19 18:00:00, 8753.5310705490429, 3.143801413460146, 5339.9030539544183, 12.705480159570929, 3413.6280165946241, 1.4439474141515614
2100-Dec-19 19:00:00, 8739.0912926767414, 3.1386154155218144, 5325.2983909951827, 12.670730604458992, 3413.7929016815579, 1.4440171597107589
2100-Dec-19 20:00:00, 8724.8844251920254, 3.1335130665703654, 5310.9265133835761, 12.636534926371761, 3413.9579118084498, 1.4440869581612275
2100-Dec-19 21:00:00, 8711.1255616187918, 3.1285716167256656, 5297.0025146384323, 12.603404907341302, 3414.123046980359, 1.4441568095051069
2100-Dec-19 22:00:00, 8697.8592638301834, 3.1238070702354466, 5283.5709569626579, 12.571446576293456, 3414.2883068675251, 1.4442267136029103
2100-Dec-19 23:00:00, 8685.3756168578348, 3.1193236101688169, 5270.9219260819955, 12.541350147712595, 3414.4536907758393, 1.4442966701610331
2100-Dec-20 00:00:00, 8673.8018487726513, 3.1151669300620108, 5259.1826510932297, 12.513418343717191, 3414.6191976794216, 1.4443666787455334
2100-Dec-20 01:00:00, 8662.9447416681796, 3.1112676363500182, 5248.1599154729965, 12.487191435229901, 3414.7848261951831, 1.4444367387713712
2100-Dec-20 02:00:00, 8652.6089881745411, 3.1075555850440257, 5237.6584135914472, 12.462204722464973, 3414.9505745830934, 1.4445068495025228
2100-Dec-20 03:00:00, 8642.5368901163165, 3.1039382247060372, 5227.4204493530897, 12.437845057094545, 3415.1164407632264, 1.4445770100591897
2100-Dec-20 04:00:00, 8632.4589606267818, 3.1003187700289927, 5217.1765383299153, 12.413471242261902, 3415.2824222968661, 1.4446472194098077
2100-Dec-20 05:00:00, 8623.0351643072863, 3.0969342450926423, 5207.586647914517, 12.390653569136719, 3415.4485163927693, 1.4447174763736945
2100-Dec-20 06:00:00, 8614.3725766741918, 3.0938231057106425, 5198.7578567567416, 12.369646814940115, 3415.6147199174507, 1.4447877796254021
2100-Dec-20 07:00:00, 8606.3389555379981, 3.0909378575428326, 5190.5579261542562, 12.35013633796571, 3415.781029383741, 1.4448581276898753
2100-Dec-20 08:00:00, 8598.7689727179131, 3.0882191235259144, 5182.8215317425211, 12.331728774249337, 3415.947440975393, 1.4449285189528607
2100-Dec-20 09:00:00, 8591.8421252591106, 3.0857313694234501, 5175.7281747102961, 12.314851219333626, 3416.1139505488154, 1.4449989516616404
2100-Dec-20 10:00:00, 8585.2282537904794, 3.0833560196013101, 5168.9477001398091, 12.298718120238503, 3416.2805536506703, 1.4450694239324746
2100-Dec-20 11:00:00, 8579.566992776905, 3.0813227966387138, 5163.1197472337853, 12.284851400324261, 3416.4472455431201, 1.4451399337612822
2100-Dec-20 12:00:00, 8573.2801953276175, 3.0790649143569331, 5156.6661741042499, 12.269496113060208, 3416.6140212233668, 1.4452104790319049
2100-Dec-20 13:00:00, 8566.0734558209988, 3.0764766379614139, 5149.2925803625803, 12.251951777883535, 3416.7808754584175, 1.445281057530813
2100-Dec-20 14:00:00, 8558.9642016541802, 3.0739233730997069, 5142.0163988402001, 12.234639220139332, 3416.9478028139811, 1.4453516669593287
2100-Dec-20 15:00:00, 8553.0415879224056, 3.0717962861822943, 5135.9267902302963, 12.220149930616483, 3417.1147976921088, 1.4454223049495483
2100-Dec-20 16:00:00, 8548.9515329694113, 3.0703273566224718, 5131.6696785864824, 12.210020786513859, 3417.2818543829299, 1.4454929690862248
2100-Dec-20 17:00:00, 8546.4265285814927, 3.0694205097397962, 5128.9775614995924, 12.203615306884524, 3417.4489670819003, 1.4455636569140657
2100-Dec-20 18:00:00, 8544.9988536105338, 3.0689077650479124, 5127.3827236653606, 12.199820634910926, 3417.6161299451724, 1.445634365961153
2100-Dec-20 19:00:00, 8544.1726681786458, 3.0686110433126932, 5126.3893310478679, 12.197457009567042, 3417.7833371307779, 1.4457050937563636
2100-Dec-20 20:00:00, 8543.661134353184, 3.0684273276497729, 5125.7105515042358, 12.195841957769808, 3417.9505828489487, 1.4457758378506547
2100-Dec-20 21:00:00, 8543.5244396111539, 3.0683782341902601, 5125.4065782373118, 12.195118700011584, 3418.1178613738421, 1.4458465958220237
2100-Dec-20 22:00:00, 8543.4341647908568, 3.0683458122904161, 5125.1489976899084, 12.194505826612673, 3418.2851671009485, 1.4459173652997916
2100-Dec-20 23:00:00, 8543.180835003026, 3.0682548297442143, 5124.7283404183727, 12.193504937165155, 3418.4524945846538, 1.4459881439804909
2100-Dec-21 00:00:00, 8542.7597948495641, 3.0681036145809952, 5124.1399563030418, 12.192104967422631, 3418.6198385465227, 1.4460589296313702
2100-Dec-21 01:00:00, 8542.0685991659448, 3.0678553739624808, 5123.2814052369886, 12.190062176865293, 3418.7871939289571, 1.4461297201130912
2100-Dec-21 02:00:00, 8541.2364165465788, 3.0675564983574324, 5122.2818606450292, 12.187683913841896, 3418.9545559015492, 1.4462005133824154
2100-Dec-21 03:00:00, 8540.2348689973951, 3.0671967959041715, 5121.1129491010433, 12.184902668137555, 3419.1219198963513, 1.4462713075071243
2100-Dec-21 04:00:00, 8539.4407145992118, 3.0669115780076002, 5120.1514329904039, 12.182614888051775, 3419.2892816088083, 1.4463421006664128
2100-Dec-21 05:00:00, 8539.1992630224067, 3.0668248614811695, 5119.7426259890999, 12.181642194504406, 3419.4566370333073, 1.4464128911659266
2100-Dec-21 06:00:00, 8539.29172230935, 3.0668580679249047, 5119.667739845584, 12.18146401441367, 3419.6239824637655, 1.4464836774380119
2100-Dec-21 07:00:00, 8539.3726122908829, 3.0668871192912879, 5119.5812977798059, 12.181258338778626, 3419.7913145110774, 1.4465544580490937
2100-Dec-21 08:00:00, 8539.4349157034485, 3.0669094953535776, 5119.4762856078914, 12.181008478424742, 3419.9586300955566, 1.4466252316964805
2100-Dec-21 09:00:00, 8539.3942351470141, 3.066894885067764, 5119.2683086803718, 12.180513629229999, 3420.1259264666428, 1.4466959972166988
2100-Dec-21 10:00:00, 8539.1815699316885, 3.066818507066801, 5118.8883687482157, 12.179609620445371, 3420.2932011834723, 1.4467667535772761
2100-Dec-21 11:00:00, 8538.5037107407734, 3.0665750562050458, 5118.0432586156048, 12.177598810527279, 3420.4604521251681, 1.446837499881092
2100-Dec-21 12:00:00, 8537.1046985960165, 3.0660726056713483, 5116.477021127268, 12.17387218868936, 3420.6276774687481, 1.4469082353570339
2100-Dec-21 13:00:00, 8534.8977677195053, 3.0652799938267035, 5114.1028920303761, 12.168223312701905, 3420.7948756891296, 1.4469789593600002
2100-Dec-21 14:00:00, 8532.4403773286358, 3.0643974302849766, 5111.4783318009531, 12.161978574251487, 3420.9620455276818, 1.4470496713575955
2100-Dec-21 15:00:00, 8530.3244084466605, 3.0636374871365057, 5109.1952224598463, 12.156546265810217, 3421.1291859868143, 1.4471203709278451
2100-Dec-21 16:00:00, 8528.9432783677385, 3.0631414588869577, 5107.6469820697757, 12.152862465306812, 3421.2962962979632, 1.4471910577456495
2100-Dec-21 17:00:00, 8528.1598349544547, 3.0628600878047973, 5106.6964590426796, 12.150600841576951, 3421.4633759117751, 1.4472617315786356
2100-Dec-21 18:00:00, 8527.9448717707364, 3.06278288449617, 5106.3144473169223, 12.149691903277267, 3421.6304244538142, 1.4473323922684185
2100-Dec-21 19:00:00, 8528.3411384670744, 3.0629252023551019, 5106.5436967459527, 12.150237367126088, 3421.7974417211212, 1.4474030397291477
2100-Dec-21 20:00:00, 8529.2870231565867, 3.0632649136784402, 5107.322595522789, 12.152090637280137, 3421.9644276337981, 1.4474736739270269
2100-Dec-21 21:00:00, 8530.7893684381324, 3.0638044759626846, 5108.6579862251383, 12.155267994603395, 3422.1313822129941, 1.4475442948710018
2100-Dec-21 22:00:00, 8532.9248785936943, 3.0645714372942212, 5110.6265730311898, 12.159951944921213, 3422.2983055625054, 1.4476149026049776
2100-Dec-21 23:00:00, 8535.6417332377223, 3.0655471865548591, 5113.1765354101617, 12.166019189230019, 3422.4651978275601, 1.4476854971903852
2100-Dec-22 00:00:00, 8538.9021118096534, 3.0667181406167394, 5116.2700526279032, 12.173379738894717, 3422.6320591817503, 1.4477560787006534
2100-Dec-22 01:00:00, 8542.5986642674452, 3.0680457450712244, 5119.799774486225, 12.181778170586561, 3422.7988897812206, 1.4478266472018302
2100-Dec-22 02:00:00, 8546.4384561873212, 3.0694247934995453, 5123.4727664337724, 12.190517491477653, 3422.9656897535488, 1.4478972027478807
2100-Dec-22 03:00:00, 8550.353819442691, 3.0708309831203096, 5127.2213602706397, 12.199436695466822, 3423.1324591720513, 1.4479677453698172
2100-Dec-22 04:00:00, 8555.1705674935365, 3.0725609020762694, 5131.8713694499838, 12.21050067898357, 3423.2991980435536, 1.4480382750705267
2100-Dec-22 05:00:00, 8560.587256495819, 3.0745062878188234, 5137.1213502199907, 12.222992202862839, 3423.4659062758287, 1.4481087918109978
2100-Dec-22 06:00:00, 8566.659692575513, 3.0766871829315074, 5143.0271088921108, 12.237044049661868, 3423.6325836834017, 1.4481792955127757
2100-Dec-22 07:00:00, 8573.135760894118, 3.0790130412131096, 5149.3365309211522, 12.252056351495508, 3423.7992299729663, 1.4482497860517931
2100-Dec-22 08:00:00, 8580.3480120886052, 3.0816032971128964, 5156.3821673571474, 12.268820362572974, 3423.9658447314578, 1.4483202632533259
2100-Dec-22 09:00:00, 8588.8887786996602, 3.0846706848821825, 5164.7563512686393, 12.288745448565175, 3424.1324274310214, 1.4483907268940941
2100-Dec-22 10:00:00, 8598.6636739684745, 3.088181305832157, 5174.3646965259359, 12.311607032155628, 3424.2989774425387, 1.4484611767079836
2100-Dec-22 11:00:00, 8609.0546307702189, 3.091913183221664, 5184.5891367454578, 12.33593451919786, 3424.4654940247615, 1.4485316123814505
2100-Dec-22 12:00:00, 8619.4172634913884, 3.0956348881123441, 5194.7852871464393, 12.36019469495662, 3424.6319763449496, 1.4486020335622496
2100-Dec-22 13:00:00, 8629.539692751423, 3.0992703247331623, 5204.7412692607968, 12.383883427119901, 3424.7984234906266, 1.448672439864408
2100-Dec-22 14:00:00, 8639.400071146405, 3.1028116466620572, 5214.4352366790672, 12.406948735507692, 3424.9648344673374, 1.4487428308672765
2100-Dec-22 15:00:00, 8648.9942943860078, 3.1062573798568813, 5223.8630861473021, 12.429380857056673, 3425.1312082387062, 1.4488132061324732
2100-Dec-22 16:00:00, 8658.1743803639511, 3.1095543770389948, 5232.8768366409386, 12.450827693619633, 3425.2975437230116, 1.4488835652024354
2100-Dec-22 17:00:00, 8666.8597655565427, 3.1126737040882566, 5241.3959257335418, 12.471097559261395, 3425.4638398229999, 1.4489539076130302
2100-Dec-22 18:00:00, 8674.932770975669, 3.1155730969895865, 5249.3026755374167, 12.489910457500331, 3425.6300954382523, 1.4490242328987863
2100-Dec-22 19:00:00, 8682.2153354978127, 3.1181886056858836, 5256.4190260118603, 12.506842721784537, 3425.796309485952, 1.4490945406016775
2100-Dec-22 20:00:00, 8688.5499151813092, 3.1204636487973034, 5262.5874342600819, 12.521519502958659, 3425.9624809212273, 1.4491648302797282
2100-Dec-22 21:00:00, 8693.9816521172288, 3.1224144389549053, 5267.8530433634151, 12.534048212059643, 3426.1286087538138, 1.4492351015140619
2100-Dec-22 22:00:00, 8698.5124013479872, 3.1240416423909694, 5272.2177092896845, 12.544433265078219, 3426.2946920583031, 1.4493053539132352
2100-Dec-22 23:00:00, 8702.0887840355208, 3.1253260882742966, 5275.6280540279213, 12.552547657225634, 3426.4607300076, 1.4493755871273912
2100-Dec-23 00:00:00, 8704.6579960252784, 3.126248812169349, 5278.0312741677544, 12.558265750887113, 3426.6267218575235, 1.449445800841745
2100-Dec-23 01:00:00, 8706.3283173675627, 3.1268487024941201, 5279.5356503895418, 12.561845183330984, 3426.7926669780209, 1.4495159947897875
2100-Dec-23 02:00:00, 8707.1494945950653, 3.1271436255494809, 5280.1909297356196, 12.563404320013138, 3426.9585648594448, 1.4495861687559404
2100-Dec-23 03:00:00, 8706.9057889501473, 3.1270560994820249, 5279.7813738665782, 12.562429844649866, 3427.1244150835696, 1.4496563225632966
2100-Dec-23 04:00:00, 8705.6024654631838, 3.1265880152098049, 5278.3122481100463, 12.558934285280543, 3427.2902173531379, 1.4497264560861174
2100-Dec-23 05:00:00, 8703.4466409502165, 3.1258137580447345, 5275.9906694863539, 12.553410445082664, 3427.4559714638622, 1.4497965692379902
2100-Dec-23 06:00:00, 8700.5591039982246, 3.1247767088039278, 5272.9374266947543, 12.546145722236751, 3427.6216773034707, 1.4498666619714251
2100-Dec-23 07:00:00, 8696.9121550338532, 3.1234669192782376, 5269.1248202136794, 12.537074209980425, 3427.7873348201729, 1.4499367342645144
2100-Dec-23 08:00:00, 8692.4483979187316, 3.1218637758364927, 5264.4954539122809, 12.526059343025068, 3427.9529440064516, 1.4500067861140786
2100-Dec-23 09:00:00, 8686.9933650641105, 3.1199046190275874, 5258.8748601975476, 12.512686002496972, 3428.118504866562, 1.4500768175219179
2100-Dec-23 10:00:00, 8679.9057089059152, 3.1173591110184571, 5251.6216915112609, 12.495428200266014, 3428.2840173946538, 1.450146828485557
2100-Dec-23 11:00:00, 8670.6964893012337, 3.1140516505917191, 5242.2470077614689, 12.473122578388285, 3428.4494815397652, 1.4502168189834399
2100-Dec-23 12:00:00, 8659.0690817218783, 3.109875706039944, 5230.4541845659178, 12.445063364649293, 3428.6148971559614, 1.4502867889538367
2100-Dec-23 13:00:00, 8645.1983449789295, 3.1048940773204285, 5216.4180809855452, 12.41166660936063, 3428.7802639933839, 1.4503567382910585
2100-Dec-23 14:00:00, 8629.8206191658901, 3.0993712185155413, 5200.875037525554, 12.374684321797558, 3428.9455816403351, 1.4504266668209593
2100-Dec-23 15:00:00, 8613.9884900580528, 3.0936851622867856, 5184.8776405725757, 12.336620969797126, 3429.1108494854766, 1.4504965742849463
2100-Dec-23 16:00:00, 8599.2782013445667, 3.0884020112843911, 5170.0021346386293, 12.301226985374997, 3429.2760667059374, 1.4505664603349486
2100-Dec-23 17:00:00, 8586.270704307266, 3.0837304122186118, 5156.8294721049188, 12.269884655602393, 3429.4412322023468, 1.4506363245059386
2100-Dec-23 18:00:00, 8574.8287219534031, 3.0796210625165377, 5145.2223773588685, 12.242267354217681, 3429.6063445945342, 1.4507061662141107
2100-Dec-23 19:00:00, 8564.5808943957272, 3.0759405895164345, 5134.8094922223272, 12.217491491403422, 3429.7714021733996, 1.4507759847365245
2100-Dec-23 20:00:00, 8555.1875541432455, 3.0725670027747118, 5125.251151258075, 12.194748885357459, 3429.9364028851705, 1.4508457792044445
2100-Dec-23 21:00:00, 8546.4120634687024, 3.0694153146429066, 5116.3107191735398, 12.173476498701687, 3430.1013442951635, 1.4509155485880119
2100-Dec-23 22:00:00, 8537.9326475515863, 3.0663699607702011, 5107.6664239776283, 12.152908724344099, 3430.2662235739581, 1.4509852916903958
2100-Dec-23 23:00:00, 8529.571539728262, 3.0633670968537756, 5099.1405022590652, 12.132622601517012, 3430.4310374691977, 1.4510550071358663
2100-Dec-24 00:00:00, 8521.313970318135, 3.060401418412233, 5090.7181880160642, 12.112582996784324, 3430.5957823020713, 1.4511246933683049
2100-Dec-24 01:00:00, 8513.0566833412922, 3.0574358414056597, 5082.2962294024392, 12.092544238217181, 3430.7604539388535, 1.4511943486391661
2100-Dec-24 02:00:00, 8504.7749210551483, 3.0544614741735927, 5073.8498732498656, 12.072447429448767, 3430.9250478052827, 1.4512639710135609
2100-Dec-24 03:00:00, 8496.6794650330521, 3.0515540182132779, 5065.5899061636901, 12.0527941048712, 3431.0895588693629, 1.4513335583629801
2100-Dec-24 04:00:00, 8488.8753483543951, 3.048751195803963, 5057.6213667007551, 12.033834187617252, 3431.2539816536396, 1.4514031083704881
2100-Dec-24 05:00:00, 8480.3053731238979, 3.0456733178566733, 5048.8870628641962, 12.013052251506842, 3431.4183102597017, 1.4514726185410869
2100-Dec-24 06:00:00, 8470.3494387755236, 3.0420976773266433, 5038.7669003922383, 11.988972877368415, 3431.5825383832848, 1.4515420862081045
2100-Dec-24 07:00:00, 8459.359595771075, 3.0381507119600228, 5027.6129364370008, 11.962433731188806, 3431.7466593340737, 1.4516115085415715
2100-Dec-24 08:00:00, 8447.8551543878311, 3.0340189303064, 5015.9444882864118, 11.934670448789792, 3431.9106661014184, 1.4516808825760179
2100-Dec-24 09:00:00, 8435.88991933338, 3.0297216561465898, 5003.8153679657908, 11.905811067630696, 3432.0745513675888, 1.4517502052160811
2100-Dec-24 10:00:00, 8423.6098810893873, 3.0253113214739118, 4991.3715735149472, 11.876202967650698, 3432.2383075744406, 1.4518194732647043
2100-Dec-24 11:00:00, 8410.757364013145, 3.0206953829429164, 4978.3554370459124, 11.845233067637416, 3432.4019269672331, 1.4518886834416713
2100-Dec-24 12:00:00, 8397.3447979004268, 3.0158783046731927, 4964.7793962498718, 11.812930961169045, 3432.5654016505555, 1.4519578324072631
2100-Dec-24 13:00:00, 8383.8503917647286, 3.0110318338328774, 4951.1216681235555, 11.780434492229366, 3432.7287236411739, 1.452026916784612
2100-Dec-24 14:00:00, 8370.420059174292, 3.0062083747920898, 4937.5281742571269, 11.74809085885736, 3432.8918849171646, 1.452095933180485
2100-Dec-24 15:00:00, 8357.3856060952512, 3.0015270945540569, 4924.3307286217942, 11.716689561496247, 3433.0548774734566, 1.4521648782087775
2100-Dec-24 16:00:00, 8345.2558033330297, 2.9971707164522914, 4912.0381099775805, 11.687441161157299, 3433.2176933554488, 1.4522337485047332
2100-Dec-24 17:00:00, 8334.0683017450428, 2.9931527626663348, 4900.6879770402438, 11.660435260977701, 3433.3803247047981, 1.4523025407443126
2100-Dec-24 18:00:00, 8323.6475066677231, 2.9894101689599299, 4890.1047428796119, 11.635254078792675, 3433.5427637881107, 1.4523712516563294
2100-Dec-24 19:00:00, 8313.966001583296, 2.9859330887823945, 4880.2609985570816, 11.611832399237429, 3433.7050030262135, 1.4524398780348315
2100-Dec-24 20:00:00, 8304.6803265450253, 2.9825981696423387, 4870.8132915375836, 11.589353029691427, 3433.8670350074422, 1.4525084167447226
2100-Dec-24 21:00:00, 8295.5261559969204, 2.9793104799001946, 4861.4973034925288, 11.567187065239022, 3434.028852504392, 1.4525768647288466
2100-Dec-24 22:00:00, 8286.5486931538617, 2.9760862541394326, 4852.3582446734372, 11.545442076738317, 3434.1904484804249, 1.4526452190107413
2100-Dec-24 23:00:00, 8277.8404452885152, 2.9729587160377005, 4843.4886291981948, 11.524338187340874, 3434.3518160903213, 1.4527134766949135
2100-Dec-25 00:00:00, 8269.1505812042251, 2.969837780409462, 4834.6376325271649, 11.503278598531875, 3434.5129486770602, 1.4527816349654765
2100-Dec-25 01:00:00, 8260.3059984079409, 2.9666612780731678, 4825.6321586325257, 11.481851454866572, 3434.6738397754148, 1.4528496910876727
2100-Dec-25 02:00:00, 8251.5959943243324, 2.9635331092315194, 4816.7615112170488, 11.460745110125645, 3434.8344831072827, 1.4529176424058958
2100-Dec-25 03:00:00, 8243.1390438343096, 2.9604958237418333, 4808.144171269284, 11.440241471646006, 3434.9948725650256, 1.452985486336646
2100-Dec-25 04:00:00, 8235.2441223493552, 2.9576603890899746, 4800.0891201241284, 11.421075713115368, 3435.1550022252263, 1.4530532203743478
2100-Dec-25 05:00:00, 8228.0347763590871, 2.9550711765845681, 4792.7199100268735, 11.403541808148114, 3435.3148663322127, 1.4531208420843809
2100-Dec-25 06:00:00, 8221.1659106497536, 2.9526042464335434, 4785.6914513382198, 11.386818668885329, 3435.4744593115347, 1.4531883491087809
2100-Dec-25 07:00:00, 8214.4874240326608, 2.9502056902968969, 4778.8536482800373, 11.370549165448098, 3435.633775752623, 1.4532557391589043
2100-Dec-25 08:00:00, 8208.4324310026168, 2.9480310597971675, 4772.6396205674664, 11.355763839756722, 3435.7928104351495, 1.4533230100265788
2100-Dec-25 09:00:00, 8203.2507508811541, 2.9461700767083245, 4767.2991925701472, 11.343057110574943, 3435.951558311006, 1.4533901595764802
2100-Dec-25 10:00:00, 8199.0176526822579, 2.9446497736450525, 4762.9076381569857, 11.332608080526581, 3436.1100145252731, 1.453457185755002
2100-Dec-25 11:00:00, 8194.8586285179517, 2.9431560740236105, 4758.5904540963365, 11.322336003323388, 3436.2681744216161, 1.4535240865925383
2100-Dec-25 12:00:00, 8189.3846634550373, 2.941190117775403, 4752.9586299202265, 11.308935941635232, 3436.4260335348104, 1.4535908602003211
2100-Dec-25 13:00:00, 8182.7688219409356, 2.9388140604180197, 4746.1852343264109, 11.292819685879163, 3436.5835876145243, 1.4536575047804823
2100-Dec-25 14:00:00, 8175.6946015681824, 2.9362733778263035, 4738.9537689445342, 11.275613523331694, 3436.7408326236487, 1.4537240186253446
2100-Dec-25 15:00:00, 8169.9079871604008, 2.9341951346113411, 4733.0102224164557, 11.261471766126183, 3436.8977647439451, 1.4537904001198125
2100-Dec-25 16:00:00, 8166.669465914938, 2.9330320305351747, 4729.6150855332126, 11.253393558736795, 3437.0543803817259, 1.4538566477437744
2100-Dec-25 17:00:00, 8165.8125306145612, 2.9327242650875105, 4728.6018544436574, 11.25098273079192, 3437.2106761709042, 1.4539227600733926
2100-Dec-25 18:00:00, 8166.6785366125669, 2.9330352882458968, 4729.3118876295994, 11.252672145836625, 3437.3666489829675, 1.4539887357853218
2100-Dec-25 19:00:00, 8168.216709883709, 2.9335877180328009, 4730.694413966703, 11.255961655172033, 3437.5222959170055, 1.4540545736524921
2100-Dec-25 20:00:00, 8169.7756910231519, 2.9341476208960273, 4732.0980767111032, 11.259301455346213, 3437.6776143120487, 1.4541202725493263
2100-Dec-25 21:00:00, 8170.9735329325904, 2.9345778218123937, 4733.1409311932211, 11.261782767609375, 3437.8326017393697, 1.4541858314484852
2100-Dec-25 22:00:00, 8172.2602974717702, 2.935039958993888, 4734.2730414748266, 11.264476450355307, 3437.9872559969431, 1.4542512494185234
2100-Dec-25 23:00:00, 8174.5365284700501, 2.9358574597455367, 4736.3949533351788, 11.269525214119303, 3438.1415751348713, 1.4543165256346438
2100-Dec-26 00:00:00, 8177.8840832304268, 2.9370597228439923, 4739.588525828367, 11.277123829963145, 3438.2955574020602, 1.4543816593561423
2100-Dec-26 01:00:00, 8182.6087578388924, 2.938756573931002, 4744.1595565471716, 11.287999896348573, 3438.4492012917212, 1.4544466499456552
2100-Dec-26 02:00:00, 8188.5481344924701, 2.9408896811957277, 4749.9456289850305, 11.301766968113409, 3438.6025055074397, 1.4545114968548054
2100-Dec-26 03:00:00, 8195.0889026668301, 2.943238776214177, 4756.3334336978805, 11.316965769519031, 3438.7554689689487, 1.4545761996266457
2100-Dec-26 04:00:00, 8202.0091629798244, 2.9457241645652505, 4763.1010721625289, 11.333068327069409, 3438.9080908172955, 1.4546407578978435
2100-Dec-26 05:00:00, 8208.8718252219587, 2.9481888667617744, 4769.811454828332, 11.349034653229648, 3439.0603703936276, 1.4547051713897072
2100-Dec-26 06:00:00, 8215.5694170643255, 2.950594284476193, 4776.3571097935128, 11.364609035095985, 3439.2123072708123, 1.454769439921562
2100-Dec-26 07:00:00, 8222.1087383317208, 2.9529428598428442, 4782.7448371120499, 11.379807652353712, 3439.36390121967, 1.4548335633964662
2100-Dec-26 08:00:00, 8228.7234884672325, 2.9553185252352563, 4789.2083362300273, 11.395186556984584, 3439.5151522372062, 1.4548975418131529
2100-Dec-26 09:00:00, 8235.234503863363, 2.9576569346428934, 4795.5684433277893, 11.410319456164002, 3439.6660605355742, 1.4549613752613622
2100-Dec-26 10:00:00, 8241.47304466688, 2.9598974857117084, 4801.6564181157673, 11.424804858258211, 3439.8166265511131, 1.4550250639256628
2100-Dec-26 11:00:00, 8247.2901400710289, 2.9619866760745923, 4807.3232891348543, 11.438288308532938, 3439.966850936175, 1.4550886080819969
2100-Dec-26 12:00:00, 8252.4496906697896, 2.9638397114193546, 4812.3329560912307, 11.45020804255754, 3440.116734578558, 1.4551520081058982
2100-Dec-26 13:00:00, 8257.0151597426047, 2.9654793843705956, 4816.7488811510138, 11.460715058821005, 3440.2662785915904, 1.4552152644682992
2100-Dec-26 14:00:00, 8261.3602479772799, 2.9670399082807397, 4820.9447636668174, 11.470698517606264, 3440.415484310462, 1.4552783777339784
2100-Dec-26 15:00:00, 8266.0894328942759, 2.968738379229976, 4825.52507959168, 11.481596676715128, 3440.5643533025955, 1.4553413485659477
2100-Dec-26 16:00:00, 8271.6062852265513, 2.9707197382975656, 4830.8933978648347, 11.494369766529806, 3440.7128873617162, 1.4554041777229438
2100-Dec-26 17:00:00, 8277.9265907032459, 2.9729896548753434, 4837.0655022008841, 11.509055341977923, 3440.8610885023622, 1.4554668660571062
2100-Dec-26 18:00:00, 8284.8505129825135, 2.9754763584093591, 4843.841554041931, 11.525177917866804, 3441.0089589405825, 1.4555294145058122
2100-Dec-26 19:00:00, 8292.1324522616997, 2.978091642551739, 4850.9759511674138, 11.542153121388747, 3441.1565010942863, 1.4555918240918255
2100-Dec-26 20:00:00, 8299.5754631237232, 2.980764775014495, 4858.2717455630018, 11.559512344956074, 3441.303717560721, 1.4556540959137685
2100-Dec-26 21:00:00, 8307.1755933765053, 2.9834943363810575, 4865.7249822705535, 11.577246178352592, 3441.4506111059509, 1.4557162311416723
2100-Dec-26 22:00:00, 8314.9138200816233, 2.9862734946267024, 4873.3166354530567, 11.59530935251775, 3441.5971846285656, 1.4557782310016258
2100-Dec-26 23:00:00, 8322.9985079892085, 2.989177083254698, 4881.2550668374206, 11.614197632217408, 3441.7434411517879, 1.4558400967724372
2100-Dec-27 00:00:00, 8331.3367445931781, 2.9921717330491702, 4889.4473608053413, 11.633689938991351, 3441.8893837878363, 1.4559018297705588
2100-Dec-27 01:00:00, 8339.6179954638992, 2.9951459166080978, 4897.582979754513, 11.653047396252299, 3442.0350157093862, 1.4559634313380168
2100-Dec-27 02:00:00, 8347.6298647280619, 2.9980233526638029, 4905.4495246052747, 11.671764632972863, 3442.1803401227871, 1.4560249028310801
2100-Dec-27 03:00:00, 8355.4536229428049, 3.0008332292651247, 4913.1282626975353, 11.690035012321699, 3442.3253602452696, 1.4560862456106216
2100-Dec-27 04:00:00, 8363.3099077720435, 3.0036547876912785, 4920.8398284976329, 11.708383500165464, 3442.4700792744102, 1.4561474610291998
2100-Dec-27 05:00:00, 8371.1670143975334, 3.0064766412628079, 4928.5525140357258, 11.726734652254018, 3442.614500361808, 1.4562085504199251
2100-Dec-27 06:00:00, 8379.3302011495252, 3.0094084224882831, 4936.5715745510761, 11.745814776602106, 3442.7586265984492, 1.4562695150902694
2100-Dec-27 07:00:00, 8387.9558152177797, 3.0125062829381051, 4945.0533542385019, 11.765995870237623, 3442.9024609792777, 1.4563303563070786
2100-Dec-27 08:00:00, 8396.9971255847977, 3.0157534393236003, 4953.9511191702968, 11.78716673694872, 3443.0460064145013, 1.4563910753013558
2100-Dec-27 09:00:00, 8406.5626164529458, 3.0191888533832931, 4963.3733507571978, 11.809585491610866, 3443.1892656957489, 1.4564516732539461
2100-Dec-27 10:00:00, 8416.7380817809117, 3.0228433377305644, 4973.4058402961909, 11.833456261454597, 3443.3322414847203, 1.4565121512907351
2100-Dec-27 11:00:00, 8426.7443553767298, 3.0264370574329873, 4983.2694190549546, 11.856925134008197, 3443.4749363217752, 1.4565725104862821
2100-Dec-27 12:00:00, 8435.9568348773337, 3.0297456886404452, 4992.3394822693917, 11.878505958051763, 3443.6173526079424, 1.4566327518562101
2100-Dec-27 13:00:00, 8444.1829042488389, 3.0327000539484485, 5000.4234116466678, 11.897740427905722, 3443.7594926021711, 1.4566928763560432
2100-Dec-27 14:00:00, 8451.4918026916239, 3.0353250203842874, 5007.59044425721, 11.914793282557982, 3443.9013584344139, 1.4567528848867406
2100-Dec-27 15:00:00, 8458.309958777696, 3.0377737383436836, 5014.267006688734, 11.93067913865888, 3444.0429520889629, 1.4568127782876479
2100-Dec-27 16:00:00, 8464.7095700326208, 3.0400721373265256, 5020.5252946179462, 11.945569774746103, 3444.1842754146746, 1.4568725573408221
2100-Dec-27 17:00:00, 8470.7997935732692, 3.0422594207463329, 5026.4744634449062, 11.959724909349324, 3444.3253301283626, 1.4569322227724666
2100-Dec-27 18:00:00, 8476.7867851807587, 3.0444096287625384, 5032.3206673572895, 11.973635054733441, 3444.4661178234696, 1.4569917752565995
2100-Dec-27 19:00:00, 8482.7918745236348, 3.0465663365198918, 5038.1852345550396, 11.987588892738103, 3444.6066399685947, 1.4570512154144311
2100-Dec-27 20:00:00, 8488.9908858080889, 3.0487926906941167, 5044.243987890648, 12.002004766869058, 3444.7468979174414, 1.4571105438185707
2100-Dec-27 21:00:00, 8495.5831074864618, 3.0511602650664793, 5050.696214574541, 12.017356850472252, 3444.8868929119203, 1.4571697609943408
2100-Dec-27 22:00:00, 8502.4294925133981, 3.0536191213555934, 5057.4028664213529, 12.033314299721019, 3445.0266260920462, 1.4572288674239613
2100-Dec-27 23:00:00, 8509.3279419439496, 3.0560966764011699, 5064.1618434516586, 12.049396248717068, 3445.166098492291, 1.4572878635450091
2100-Dec-28 00:00:00, 8516.5751318137809, 3.058699480409377, 5071.2698207511448, 12.066308590315934, 3445.3053110626365, 1.4573467497593215
2100-Dec-28 01:00:00, 8524.3518322952041, 3.0614924563831312, 5078.9075676490247, 12.084481437405916, 3445.4442646461785, 1.4574055264235237
2100-Dec-28 02:00:00, 8532.4663039033185, 3.0644067417275793, 5086.8833439027158, 12.103458573493322, 3445.5829600006027, 1.457464193858113
2100-Dec-28 03:00:00, 8540.8458640750123, 3.0674162327432195, 5095.1244662924601, 12.123067060006566, 3445.7213977825522, 1.4575227523408461
2100-Dec-28 04:00:00, 8549.4305269418837, 3.0704993857059995, 5103.5709483820065, 12.143164168422688, 3445.8595785598768, 1.4575812021119205
2100-Dec-28 05:00:00, 8558.3963098226923, 3.0737194166473754, 5112.3988070245032, 12.164168703842236, 3445.9975027981895, 1.4576395433682883
2100-Dec-28 06:00:00, 8567.7845637194696, 3.077091176641455, 5121.6493928524196, 12.186179053751859, 3446.1351708670504, 1.4576977762662715
2100-Dec-28 07:00:00, 8577.5112997500128, 3.0805845013620421, 5131.2387167186398, 12.208995378860182, 3446.2725830313725, 1.4577559009179268
2100-Dec-28 08:00:00, 8587.5903568383364, 3.084204361012421, 5141.1806173837986, 12.232650606375232, 3446.4097394545379, 1.4578139173923643
2100-Dec-28 09:00:00, 8597.7907267732407, 3.0878677897659967, 5151.2440865704193, 12.256595087538122, 3446.5466402028205, 1.4578718257176175
2100-Dec-28 10:00:00, 8607.8393817103897, 3.0914767305854416, 5161.1560964780247, 12.280179194580905, 3446.6832852323641, 1.4579296258751353
2100-Dec-28 11:00:00, 8617.4413520753697, 3.0949252461344394, 5170.6216776628353, 12.302701092961318, 3446.8196744125344, 1.4579873178096601
2100-Dec-28 12:00:00, 8626.1092442672652, 3.0980382906309951, 5179.1534367455242, 12.323001104900873, 3446.9558075217406, 1.4580449014274599
2100-Dec-28 13:00:00, 8633.4970531785166, 3.1006915974977187, 5186.4053689179173, 12.340255965036707, 3447.0916842605998, 1.4581023766018977
2100-Dec-28 14:00:00, 8640.1525436417869, 3.1030818946426155, 5192.9252393844699, 12.355768996643979, 3447.227304257317, 1.4581597431757056
2100-Dec-28 15:00:00, 8646.5501811313043, 3.1053795847542118, 5199.1875140508673, 12.370669118560757, 3447.3626670804379, 1.4582170009663808
2100-Dec-28 16:00:00, 8653.0166793185563, 3.1077020059551392, 5205.5189070508914, 12.385733696949437, 3447.4977722676645, 1.458274149778374
2100-Dec-28 17:00:00, 8659.0722817045171, 3.1098768553030083, 5211.4396623796456, 12.399821225992394, 3447.6326193248719, 1.4583311894026723
2100-Dec-28 18:00:00, 8665.0667666187692, 3.1120297545152811, 5217.2995588655594, 12.413763950754744, 3447.7672077532088, 1.4583881196282642
2100-Dec-28 19:00:00, 8671.0790537835237, 3.1141890473462941, 5223.177516729038, 12.42774964979434, 3447.9015370544867, 1.4584449402444186
2100-Dec-28 20:00:00, 8676.8743101335549, 3.1162703942859182, 5228.838703379869, 12.4412195749868, 3448.0356067536859, 1.4585016510502047
2100-Dec-28 21:00:00, 8682.1696559901138, 3.1181722000434391, 5234.000239566888, 12.453500658548517, 3448.1694164232267, 1.4585582518647582
2100-Dec-28 22:00:00, 8686.9223218959287, 3.119879104111293, 5238.6193562260387, 12.46449113805247, 3448.30296566989, 1.4586147425217495
2100-Dec-28 23:00:00, 8691.1775191696834, 3.1214073439834049, 5242.7412650100769, 12.474298587690788, 3448.4362541596074, 1.4586711228798692
2100-Dec-29 00:00:00, 8695.0552462992855, 3.1228000167154488, 5246.4859646669511, 12.483208526076043, 3448.5692816323353, 1.4587273928291207
2100-Dec-29 01:00:00, 8698.6523642011471, 3.1240919095816664, 5249.9503163203235, 12.491451419393199, 3448.7020478808236, 1.4587835522818375
2100-Dec-29 02:00:00, 8701.4500562234134, 3.1250966913163905, 5252.6155034499752, 12.49779282332042, 3448.8345527734377, 1.4588396011823395
2100-Dec-29 03:00:00, 8703.6632224786281, 3.1258915425764466, 5254.6964262379752, 12.502744059874603, 3448.9667962406525, 1.4588955395012175
2100-Dec-29 04:00:00, 8705.7861711969599, 3.1266539925098056, 5256.6873929229296, 12.507481259681128, 3449.0987782740308, 1.4589513672349028
2100-Dec-29 05:00:00, 8707.9235669095833, 3.1274216310328558, 5258.6930679912357, 12.512253455829528, 3449.2304989183472, 1.4590070844023346
2100-Dec-29 06:00:00, 8710.1822077865236, 3.1282328143512439, 5260.8202495248297, 12.51731475797262, 3449.3619582616934, 1.4590626910407758
2100-Dec-29 07:00:00, 8712.303800751979, 3.1289947773704907, 5262.810644317814, 12.522050597049933, 3449.493156434165, 1.4591181872052554
2100-Dec-29 08:00:00, 8714.123447398486, 3.1296482973789512, 5264.4993538144336, 12.526068622243983, 3449.6240935840524, 1.4591735729585003
2100-Dec-29 09:00:00, 8715.7549369209883, 3.1302342413854958, 5266.0001670389347, 12.529639577082387, 3449.754769882054, 1.4592288483727143
2100-Dec-29 10:00:00, 8717.296452081071, 3.1307878714006381, 5267.4112665801777, 12.532997071973828, 3449.8851855008925, 1.4592840135209588
2100-Dec-29 11:00:00, 8718.5786098119643, 3.1312483540623406, 5268.5632692012441, 12.535738085489962, 3450.0153406107206, 1.4593390684752072
2100-Dec-29 12:00:00, 8719.3433343146771, 3.1315230023103631, 5269.1980989527001, 12.537248565498743, 3450.1452353619766, 1.4593940132990944
2100-Dec-29 13:00:00, 8719.3464421263561, 3.1315241184705354, 5269.0715722393679, 12.536947514593951, 3450.2748698869882, 1.4594488480485941
2100-Dec-29 14:00:00, 8718.6244073766848, 3.1312648021045697, 5268.2201630982199, 12.534921717151331, 3450.4042442784644, 1.459503572762922
2100-Dec-29 15:00:00, 8717.4589475568337, 3.1308462311073972, 5266.9255889655697, 12.531841476594286, 3450.533358591264, 1.4595581874652828
2100-Dec-29 16:00:00, 8716.1154526639257, 3.1303637194090599, 5265.4532398249703, 12.52833824767705, 3450.6622128389558, 1.4596126921614161
2100-Dec-29 17:00:00, 8714.7186331659905, 3.1298620563571364, 5263.927826177418, 12.524708759905776, 3450.7908069885721, 1.4596670868373769
2100-Dec-29 18:00:00, 8713.1548024047916, 3.1293004117684733, 5262.2356614552091, 12.520682513532478, 3450.919140949582, 1.4597213714548711
2100-Dec-29 19:00:00, 8711.2078927511611, 3.128601185676553, 5260.1606781686141, 12.515745409110751, 3451.0472145825474, 1.4597755459549169
2100-Dec-29 20:00:00, 8709.0026958412291, 3.1278091965802068, 5257.8276681507859, 12.510194369664136, 3451.1750276904427, 1.4598296102541737
2100-Dec-29 21:00:00, 8706.5586567846185, 3.126931428125534, 5255.2560767558271, 12.504075662429747, 3451.3025800287924, 1.4598835642492292
2100-Dec-29 22:00:00, 8703.7690794869213, 3.1259295607670046, 5252.3392081885695, 12.497135421130436, 3451.4298712983514, 1.4599374078135046
2100-Dec-29 23:00:00, 8700.459557686605, 3.1247409570789779, 5248.9026565326694, 12.488958673642662, 3451.5569011539365, 1.4599911408009889
2100-Dec-30 00:00:00, 8696.5283649095363, 3.1233290823384272, 5244.844695699524, 12.479303378343683, 3451.6836692100123, 1.4600447630486029
2100-Dec-30 01:00:00, 8692.060408684918, 3.1217244308005476, 5240.2502336580574, 12.468371560720417, 3451.8101750268606, 1.4600982743703479
2100-Dec-30 02:00:00, 8687.0354591326432, 3.1199197369715446, 5235.0990409989508, 12.45611508799664, 3451.9364181336914, 1.4601516745670817
2100-Dec-30 03:00:00, 8681.5884700120205, 3.1179634690428077, 5229.526071995163, 12.442855063162463, 3452.0623980168571, 1.4602049634215346
2100-Dec-30 04:00:00, 8675.8954008475557, 3.1159188222891809, 5223.7072867119668, 12.429010156200398, 3452.1881141355884, 1.4602581407049635
2100-Dec-30 05:00:00, 8670.0830088080893, 3.1138313211239956, 5217.7694428909272, 12.414881967711473, 3452.3135659171626, 1.4603112061751096
2100-Dec-30 06:00:00, 8664.2495773656738, 3.1117362637275932, 5211.8108246107786, 12.400704349583965, 3452.4387527548943, 1.4603641595753483
2100-Dec-30 07:00:00, 8658.4440018553214, 3.1096512106960459, 5205.8803278274654, 12.386593642244252, 3452.5636740278565, 1.4604170006430304
2100-Dec-30 08:00:00, 8652.8549880366245, 3.1076439350719052, 5200.1666589475444, 12.372998843638605, 3452.6883290890796, 1.460469729104491
2100-Dec-30 09:00:00, 8647.4255076156951, 3.1056939553341172, 5194.6127903374399, 12.359784265261139, 3452.8127172782551, 1.460522344680423
2100-Dec-30 10:00:00, 8642.0603014122516, 3.1037670594666151, 5189.1234634939428, 12.346723254116414, 3452.9368379183088, 1.4605748470844275
2100-Dec-30 11:00:00, 8636.5539736385799, 3.1017894802590553, 5183.4932833195753, 12.33332710407821, 3453.0606903190055, 1.4606272360245385
2100-Dec-30 12:00:00, 8630.7059045274236, 3.0996891657928716, 5177.5216307398241, 12.319118472834298, 3453.1842737875995, 1.460679511207728
2100-Dec-30 13:00:00, 8624.5770557374581, 3.0974880102439291, 5171.269468115599, 12.304242410970652, 3453.3075876218591, 1.4607316723369554
2100-Dec-30 14:00:00, 8618.1231880559317, 3.0951701252468986, 5164.6925569401583, 12.288593659746798, 3453.4306311157734, 1.460783719113582
2100-Dec-30 15:00:00, 8610.69846205063, 3.092503559729292, 5157.1450584829281, 12.270635544976958, 3453.5534035677015, 1.4608356512408169
2100-Dec-30 16:00:00, 8601.7468013798589, 3.0892886007324289, 5148.070897105421, 12.249044969983039, 3453.6759042744379, 1.4608874684212081
2100-Dec-30 17:00:00, 8591.4526882557602, 3.0855915044259175, 5137.6545557126828, 12.22426088353736, 3453.7981325430774, 1.4609391703616597
2100-Dec-30 18:00:00, 8580.3859758744657, 3.0816169316796427, 5126.4658881891855, 12.197639165540709, 3453.920087685281, 1.4609907567710081
2100-Dec-30 19:00:00, 8569.3320267947529, 3.0776469428304529, 5115.2902577599807, 12.171048467309998, 3454.0417690347722, 1.4610422273674217
2100-Dec-30 20:00:00, 8559.0284021533462, 3.0739464304943054, 5104.8652262187243, 12.146243703989015, 3454.1631759346214, 1.4610935818730226
2100-Dec-30 21:00:00, 8550.018208985759, 3.0707104497469344, 5095.7339012282782, 12.124517116947178, 3454.2843077574807, 1.4611448200224457
2100-Dec-30 22:00:00, 8541.9546173486851, 3.0678144377739502, 5087.5494534482359, 12.105043478973665, 3454.4051639004501, 1.4611959415606675
2100-Dec-30 23:00:00, 8534.4165223045438, 3.0651071561451344, 5079.8907785173769, 12.086820836839633, 3454.5257437871669, 1.4612469462438891
2100-Dec-31 00:00:00, 8527.1758014343141, 3.0625066754565027, 5072.5297545579451, 12.069306409531551, 3454.6460468763694, 1.4612978338431601
2100-Dec-31 01:00:00, 8520.4384438797188, 3.060086976019508, 5065.6723712139819, 12.05299031780798, 3454.7660726657364, 1.4613486041460007
2100-Dec-31 02:00:00, 8514.3410825628634, 3.057897129091244, 5059.4552618881025, 12.038197659890464, 3454.8858206747605, 1.461399256949159
2100-Dec-31 03:00:00, 8509.4229395853472, 3.0561307944864198, 5054.4176491215276, 12.026211433097467, 3455.0052904638205, 1.4614497920666774
2100-Dec-31 04:00:00, 8505.8733194501419, 3.0548559602842711, 5050.7488378318894, 12.017482059440544, 3455.1244816182525, 1.4615002093231551
2100-Dec-31 05:00:00, 8503.8277831335436, 3.0541213127561391, 5048.5843893837491, 12.012332086391147, 3455.2433937497949, 1.4615505085543592
2100-Dec-31 06:00:00, 8503.7351881226168, 3.0540880575675891, 5048.3731616256628, 12.01182950234376, 3455.3620264969541, 1.4616006896073801
2100-Dec-31 07:00:00, 8505.2988783834135, 3.0546496516960024, 5049.8184988733037, 12.015268460605407, 3455.4803795101093, 1.4616507523343296
2100-Dec-31 08:00:00, 8508.1285535470724, 3.0556659200690111, 5052.5301010878884, 12.021720302107012, 3455.5984524591845, 1.4617006965955877
2100-Dec-31 09:00:00, 8512.1588193871376, 3.057113376568851, 5056.4425743458669, 12.031029432039116, 3455.7162450412707, 1.4617505222630249
2100-Dec-31 10:00:00, 8516.8503633244527, 3.0587983288861009, 5061.0166063465722, 12.041912639514422, 3455.8337569778801, 1.4618002292188428
2100-Dec-31 11:00:00, 8521.2932429980756, 3.0603939742645427, 5065.3422549857396, 12.052204856883707, 3455.950988012336, 1.4618498173544681
2100-Dec-31 12:00:00, 8524.6644441016124, 3.0616047298680744, 5068.5965061589168, 12.05994784833829, 3456.0679379426952, 1.4618992865844798
2100-Dec-31 13:00:00, 8526.855640542135, 3.0623916907426478, 5070.6710339167812, 12.064883868899281, 3456.1846066253543, 1.4619486368481345
2100-Dec-31 14:00:00, 8529.1391384489762, 3.063211801380207, 5072.8381444627366, 12.070040176002056, 3456.30099398624, 1.4619978681140995
2100-Dec-31 15:00:00, 8532.2565699744082, 3.0643314164883306, 5075.8394699120072, 12.077181369496175, 3456.4171000624001, 1.462046980398046
2100-Dec-31 16:00:00, 8535.5620825356091, 3.0655185802715357, 5079.0291575158217, 12.084770741841705, 3456.5329250197869, 1.4620959737701709
2100-Dec-31 17:00:00, 8538.2370714405533, 3.0664792935919745, 5081.5886022537188, 12.090860547968951, 3456.648469186835, 1.4621448483694002
2100-Dec-31 18:00:00, 8540.1470270032278, 3.067165247745697, 5083.3832939165923, 12.095130741469617, 3456.763733086636, 1.4621936044169994
2100-Dec-31 19:00:00, 8541.589625599112, 3.0676833522075704, 5084.7109081418794, 12.098289595858642, 3456.8787174572326, 1.4622422422251564
2100-Dec-31 20:00:00, 8542.4868429901471, 3.0680055848333967, 5085.4934196813192, 12.100151462027098, 3456.9934233088275, 1.4622907622211823
2100-Dec-31 21:00:00, 8542.8949201651121, 3.068152144386235, 5085.7870682325447, 12.10085015370816, 3457.1078519325674, 1.4623391649512252
2100-Dec-31 22:00:00, 8543.0628929434934, 3.0682124712479144, 5085.8408880060715, 12.10097820960315, 3457.2220049374214, 1.462387451095871
2100-Dec-31 23:00:00, 8543.1727168297821, 3.0682519141294398, 5085.8368325653482, 12.100968560304066, 3457.3358842644343, 1.462435621476172
